1.752921535893155358e+00
1.722871452420701388e+00
1.692821368948246974e+00
1.672787979966610994e+00
1.642737896494157024e+00
1.612687813021702832e+00
1.582637729549248862e+00
1.552587646076794892e+00
1.522537562604340478e+00
1.482470784641068517e+00
1.442404006677796557e+00
1.412353923205342365e+00
1.382303839732888173e+00
1.342237061769615991e+00
1.302170283806344031e+00
1.262103505843071849e+00
1.222036727879799667e+00
1.191986644407345697e+00
1.131886477462437535e+00
1.091819699499165353e+00
1.051752921535893170e+00
9.916527545909850083e-01
9.415692821368949472e-01
8.914858096828046641e-01
8.213689482470785119e-01
7.512520868113522488e-01
6.811352253756260966e-01
6.010016694490818434e-01
5.008347245409014992e-01
3.706176961602671294e-01
1.803005008347245697e-01
-3.005008347245409148e-02
-3.005008347245409148e-02
-3.005008347245409148e-02
-3.005008347245409148e-02
-3.005008347245409148e-02
-3.005008347245409148e-02
-2.003338898163606330e-02
-3.005008347245409148e-02
-3.005008347245409148e-02
-3.005008347245409148e-02
-3.005008347245409148e-02
-3.005008347245409148e-02
-2.003338898163606330e-02
-2.003338898163606330e-02
-3.005008347245409148e-02
-3.005008347245409148e-02
-3.005008347245409148e-02
-3.005008347245409148e-02
-3.005008347245409148e-02
