1.752921535893155358e+00
1.722871452420701388e+00
1.692821368948246974e+00
1.672787979966610994e+00
1.632721202003339034e+00
1.602671118530884842e+00
1.572621035058430872e+00
1.532554257095158468e+00
1.502504173622704498e+00
1.462437395659432537e+00
1.432387312186978345e+00
1.392320534223706163e+00
1.352253756260433981e+00
1.312186978297162021e+00
1.272120200333890061e+00
1.232053422370617879e+00
1.191986644407345697e+00
1.141903171953255525e+00
1.091819699499165353e+00
1.041736227045075180e+00
9.916527545909850083e-01
9.315525876460767352e-01
8.714524207011686840e-01
8.013355592654424209e-01
7.312186978297162687e-01
6.510851419031720155e-01
5.609348914858097723e-01
4.407345575959933370e-01
2.904841402337228762e-01
-2.003338898163606330e-02
-3.005008347245409148e-02
-3.005008347245409148e-02
-3.005008347245409148e-02
-3.005008347245409148e-02
-3.005008347245409148e-02
-2.003338898163606330e-02
-3.005008347245409148e-02
-3.005008347245409148e-02
-3.005008347245409148e-02
-3.005008347245409148e-02
-2.003338898163606330e-02
-2.003338898163606330e-02
-3.005008347245409148e-02
-3.005008347245409148e-02
-3.005008347245409148e-02
-3.005008347245409148e-02
-3.005008347245409148e-02
-3.005008347245409148e-02
-3.005008347245409148e-02
-3.005008347245409148e-02
