1.762938230383973348e+00
1.742904841402337368e+00
1.722871452420701388e+00
1.702838063439064964e+00
1.682804674457428984e+00
1.662771285475793004e+00
1.642737896494157024e+00
1.622704507512520822e+00
1.602671118530884842e+00
1.582637729549248862e+00
1.552587646076794892e+00
1.532554257095158468e+00
1.512520868113522488e+00
1.482470784641068517e+00
1.462437395659432537e+00
1.442404006677796557e+00
1.412353923205342365e+00
1.392320534223706163e+00
1.362270450751252193e+00
1.332220367278798001e+00
1.312186978297162021e+00
1.282136894824708051e+00
1.252086811352253859e+00
1.222036727879799667e+00
1.191986644407345697e+00
1.161936560934891505e+00
1.131886477462437535e+00
1.101836393989983343e+00
1.061769616026711160e+00
1.031719532554257190e+00
9.916527545909850083e-01
9.616026711185309273e-01
9.115191986644407551e-01
8.714524207011686840e-01
8.313856427378965019e-01
7.813021702838064408e-01
7.412353923205342587e-01
6.811352253756260966e-01
6.210350584307179345e-01
5.609348914858097723e-01
4.808013355592654636e-01
4.006677796327212104e-01
2.904841402337228762e-01
8.013355592654425319e-02
-3.005008347245409148e-02
-3.005008347245409148e-02
-3.005008347245409148e-02
-3.005008347245409148e-02
-3.005008347245409148e-02
-2.003338898163606330e-02
