1.762938230383973348e+00
1.742904841402337368e+00
1.722871452420701388e+00
1.702838063439064964e+00
1.682804674457428984e+00
1.652754590984975014e+00
1.632721202003339034e+00
1.612687813021702832e+00
1.592654424040066852e+00
1.572621035058430872e+00
1.542570951585976902e+00
1.522537562604340478e+00
1.492487479131886507e+00
1.472454090150250527e+00
1.442404006677796557e+00
1.422370617696160355e+00
1.392320534223706163e+00
1.372287145242070183e+00
1.342237061769615991e+00
1.312186978297162021e+00
1.292153589315526041e+00
1.252086811352253859e+00
1.232053422370617879e+00
1.191986644407345697e+00
1.161936560934891505e+00
1.131886477462437535e+00
1.101836393989983343e+00
1.061769616026711160e+00
1.031719532554257190e+00
9.816360601001670183e-01
9.415692821368949472e-01
9.115191986644407551e-01
8.614357262103506940e-01
8.113522537562604109e-01
7.612687813021702388e-01
7.212020033388982787e-01
6.611018363939900055e-01
6.010016694490818434e-01
5.208681135225375902e-01
4.507512520868113826e-01
3.505843071786310938e-01
2.003338898163606052e-01
-3.005008347245409148e-02
-3.005008347245409148e-02
-3.005008347245409148e-02
-3.005008347245409148e-02
-3.005008347245409148e-02
-2.003338898163606330e-02
-3.005008347245409148e-02
-3.005008347245409148e-02
