0.000e+00  5.147e-228  4.500e-01
1.000e+00  7.054e-228  4.500e-01
2.000e+00  1.194e-227  4.500e-01
3.000e+00  2.255e-227  4.500e-01
4.000e+00  4.481e-227  4.500e-01
5.000e+00  9.120e-227  4.500e-01
6.000e+00  1.876e-226  4.500e-01
7.000e+00  3.879e-226  4.500e-01
8.000e+00  8.037e-226  4.500e-01
9.000e+00  1.666e-225  4.500e-01
1.000e+01  3.455e-225  4.500e-01
1.100e+01  7.163e-225  4.500e-01
1.200e+01  1.484e-224  4.500e-01
1.300e+01  3.075e-224  4.500e-01
1.400e+01  6.368e-224  4.500e-01
1.500e+01  1.318e-223  4.500e-01
1.600e+01  2.727e-223  4.500e-01
1.700e+01  5.638e-223  4.500e-01
1.800e+01  1.165e-222  4.500e-01
1.900e+01  2.408e-222  4.500e-01
2.000e+01  4.971e-222  4.500e-01
2.100e+01  1.026e-221  4.500e-01
2.200e+01  2.117e-221  4.500e-01
2.300e+01  4.365e-221  4.500e-01
2.400e+01  8.997e-221  4.500e-01
2.500e+01  1.853e-220  4.500e-01
2.600e+01  3.816e-220  4.500e-01
2.700e+01  7.855e-220  4.500e-01
2.800e+01  1.616e-219  4.500e-01
2.900e+01  3.323e-219  4.500e-01
3.000e+01  6.829e-219  4.500e-01
3.100e+01  1.403e-218  4.500e-01
3.200e+01  2.881e-218  4.500e-01
3.300e+01  5.912e-218  4.500e-01
3.400e+01  1.213e-217  4.500e-01
3.500e+01  2.487e-217  4.500e-01
3.600e+01  5.097e-217  4.500e-01
3.700e+01  1.044e-216  4.500e-01
3.800e+01  2.138e-216  4.500e-01
3.900e+01  4.376e-216  4.500e-01
4.000e+01  8.951e-216  4.500e-01
4.100e+01  1.830e-215  4.500e-01
4.200e+01  3.741e-215  4.500e-01
4.300e+01  7.641e-215  4.500e-01
4.400e+01  1.560e-214  4.500e-01
4.500e+01  3.184e-214  4.500e-01
4.600e+01  6.496e-214  4.500e-01
4.700e+01  1.324e-213  4.500e-01
4.800e+01  2.699e-213  4.500e-01
4.900e+01  5.498e-213  4.500e-01
5.000e+01  1.120e-212  4.500e-01
5.100e+01  2.278e-212  4.500e-01
5.200e+01  4.634e-212  4.500e-01
5.300e+01  9.423e-212  4.500e-01
5.400e+01  1.915e-211  4.500e-01
5.500e+01  3.890e-211  4.500e-01
5.600e+01  7.898e-211  4.500e-01
5.700e+01  1.603e-210  4.500e-01
5.800e+01  3.251e-210  4.500e-01
5.900e+01  6.592e-210  4.500e-01
6.000e+01  1.336e-209  4.500e-01
6.100e+01  2.706e-209  4.500e-01
6.200e+01  5.478e-209  4.500e-01
6.300e+01  1.109e-208  4.500e-01
6.400e+01  2.242e-208  4.500e-01
6.500e+01  4.534e-208  4.500e-01
6.600e+01  9.162e-208  4.500e-01
6.700e+01  1.851e-207  4.500e-01
6.800e+01  3.736e-207  4.500e-01
6.900e+01  7.539e-207  4.500e-01
7.000e+01  1.521e-206  4.500e-01
7.100e+01  3.066e-206  4.500e-01
7.200e+01  6.178e-206  4.500e-01
7.300e+01  1.244e-205  4.500e-01
7.400e+01  2.505e-205  4.500e-01
7.500e+01  5.041e-205  4.500e-01
7.600e+01  1.014e-204  4.500e-01
7.700e+01  2.038e-204  4.500e-01
7.800e+01  4.096e-204  4.500e-01
7.900e+01  8.227e-204  4.500e-01
8.000e+01  1.652e-203  4.500e-01
8.100e+01  3.314e-203  4.500e-01
8.200e+01  6.647e-203  4.500e-01
8.300e+01  1.332e-202  4.500e-01
8.400e+01  2.670e-202  4.500e-01
8.500e+01  5.347e-202  4.500e-01
8.600e+01  1.070e-201  4.500e-01
8.700e+01  2.142e-201  4.500e-01
8.800e+01  4.284e-201  4.500e-01
8.900e+01  8.563e-201  4.500e-01
9.000e+01  1.711e-200  4.500e-01
9.100e+01  3.417e-200  4.500e-01
9.200e+01  6.822e-200  4.500e-01
9.300e+01  1.361e-199  4.500e-01
9.400e+01  2.714e-199  4.500e-01
9.500e+01  5.411e-199  4.500e-01
9.600e+01  1.078e-198  4.500e-01
9.700e+01  2.147e-198  4.500e-01
9.800e+01  4.274e-198  4.500e-01
9.900e+01  8.503e-198  4.500e-01
1.000e+02  1.691e-197  4.500e-01
1.010e+02  3.361e-197  4.500e-01
1.020e+02  6.679e-197  4.500e-01
1.030e+02  1.326e-196  4.500e-01
1.040e+02  2.633e-196  4.500e-01
1.050e+02  5.223e-196  4.500e-01
1.060e+02  1.036e-195  4.500e-01
1.070e+02  2.053e-195  4.500e-01
1.080e+02  4.067e-195  4.500e-01
1.090e+02  8.055e-195  4.500e-01
1.100e+02  1.594e-194  4.500e-01
1.110e+02  3.154e-194  4.500e-01
1.120e+02  6.237e-194  4.500e-01
1.130e+02  1.233e-193  4.500e-01
1.140e+02  2.435e-193  4.500e-01
1.150e+02  4.809e-193  4.500e-01
1.160e+02  9.492e-193  4.500e-01
1.170e+02  1.873e-192  4.500e-01
1.180e+02  3.692e-192  4.500e-01
1.190e+02  7.277e-192  4.500e-01
1.200e+02  1.434e-191  4.500e-01
1.210e+02  2.823e-191  4.500e-01
1.220e+02  5.556e-191  4.500e-01
1.230e+02  1.093e-190  4.500e-01
1.240e+02  2.149e-190  4.500e-01
1.250e+02  4.224e-190  4.500e-01
1.260e+02  8.297e-190  4.500e-01
1.270e+02  1.629e-189  4.500e-01
1.280e+02  3.197e-189  4.500e-01
1.290e+02  6.271e-189  4.500e-01
1.300e+02  1.230e-188  4.500e-01
1.310e+02  2.410e-188  4.500e-01
1.320e+02  4.720e-188  4.500e-01
1.330e+02  9.242e-188  4.500e-01
1.340e+02  1.809e-187  4.500e-01
1.350e+02  3.538e-187  4.500e-01
1.360e+02  6.917e-187  4.500e-01
1.370e+02  1.352e-186  4.500e-01
1.380e+02  2.640e-186  4.500e-01
1.390e+02  5.155e-186  4.500e-01
1.400e+02  1.006e-185  4.500e-01
1.410e+02  1.962e-185  4.500e-01
1.420e+02  3.825e-185  4.500e-01
1.430e+02  7.454e-185  4.500e-01
1.440e+02  1.452e-184  4.500e-01
1.450e+02  2.826e-184  4.500e-01
1.460e+02  5.500e-184  4.500e-01
1.470e+02  1.070e-183  4.500e-01
1.480e+02  2.080e-183  4.500e-01
1.490e+02  4.041e-183  4.500e-01
1.500e+02  7.848e-183  4.500e-01
1.510e+02  1.524e-182  4.500e-01
1.520e+02  2.956e-182  4.500e-01
1.530e+02  5.734e-182  4.500e-01
1.540e+02  1.111e-181  4.500e-01
1.550e+02  2.154e-181  4.500e-01
1.560e+02  4.171e-181  4.500e-01
1.570e+02  8.074e-181  4.500e-01
1.580e+02  1.562e-180  4.500e-01
1.590e+02  3.021e-180  4.500e-01
1.600e+02  5.840e-180  4.500e-01
1.610e+02  1.128e-179  4.500e-01
1.620e+02  2.179e-179  4.500e-01
1.630e+02  4.206e-179  4.500e-01
1.640e+02  8.115e-179  4.500e-01
1.650e+02  1.565e-178  4.500e-01
1.660e+02  3.016e-178  4.500e-01
1.670e+02  5.811e-178  4.500e-01
1.680e+02  1.119e-177  4.500e-01
1.690e+02  2.154e-177  4.500e-01
1.700e+02  4.144e-177  4.500e-01
1.710e+02  7.969e-177  4.500e-01
1.720e+02  1.532e-176  4.500e-01
1.730e+02  2.942e-176  4.500e-01
1.740e+02  5.650e-176  4.500e-01
1.750e+02  1.084e-175  4.500e-01
1.760e+02  2.080e-175  4.500e-01
1.770e+02  3.989e-175  4.500e-01
1.780e+02  7.645e-175  4.500e-01
1.790e+02  1.465e-174  4.500e-01
1.800e+02  2.804e-174  4.500e-01
1.810e+02  5.367e-174  4.500e-01
1.820e+02  1.027e-173  4.500e-01
1.830e+02  1.963e-173  4.500e-01
1.840e+02  3.751e-173  4.500e-01
1.850e+02  7.166e-173  4.500e-01
1.860e+02  1.368e-172  4.500e-01
1.870e+02  2.611e-172  4.500e-01
1.880e+02  4.980e-172  4.500e-01
1.890e+02  9.495e-172  4.500e-01
1.900e+02  1.810e-171  4.500e-01
1.910e+02  3.447e-171  4.500e-01
1.920e+02  6.562e-171  4.500e-01
1.930e+02  1.249e-170  4.500e-01
1.940e+02  2.375e-170  4.500e-01
1.950e+02  4.515e-170  4.500e-01
1.960e+02  8.580e-170  4.500e-01
1.970e+02  1.630e-169  4.500e-01
1.980e+02  3.094e-169  4.500e-01
1.990e+02  5.870e-169  4.500e-01
2.000e+02  1.113e-168  4.500e-01
2.010e+02  2.111e-168  4.500e-01
2.020e+02  3.999e-168  4.500e-01
2.030e+02  7.574e-168  4.500e-01
2.040e+02  1.434e-167  4.500e-01
2.050e+02  2.713e-167  4.500e-01
2.060e+02  5.131e-167  4.500e-01
2.070e+02  9.699e-167  4.500e-01
2.080e+02  1.832e-166  4.500e-01
2.090e+02  3.461e-166  4.500e-01
2.100e+02  6.532e-166  4.500e-01
2.110e+02  1.232e-165  4.500e-01
2.120e+02  2.324e-165  4.500e-01
2.130e+02  4.381e-165  4.500e-01
2.140e+02  8.253e-165  4.500e-01
2.150e+02  1.554e-164  4.500e-01
2.160e+02  2.925e-164  4.500e-01
2.170e+02  5.503e-164  4.500e-01
2.180e+02  1.035e-163  4.500e-01
2.190e+02  1.945e-163  4.500e-01
2.200e+02  3.654e-163  4.500e-01
2.210e+02  6.861e-163  4.500e-01
2.220e+02  1.288e-162  4.500e-01
2.230e+02  2.416e-162  4.500e-01
2.240e+02  4.529e-162  4.500e-01
2.250e+02  8.489e-162  4.500e-01
2.260e+02  1.590e-161  4.500e-01
2.270e+02  2.977e-161  4.500e-01
2.280e+02  5.572e-161  4.500e-01
2.290e+02  1.042e-160  4.500e-01
2.300e+02  1.949e-160  4.500e-01
2.310e+02  3.642e-160  4.500e-01
2.320e+02  6.803e-160  4.500e-01
2.330e+02  1.270e-159  4.500e-01
2.340e+02  2.370e-159  4.500e-01
2.350e+02  4.421e-159  4.500e-01
2.360e+02  8.241e-159  4.500e-01
2.370e+02  1.536e-158  4.500e-01
2.380e+02  2.860e-158  4.500e-01
2.390e+02  5.325e-158  4.500e-01
2.400e+02  9.909e-158  4.500e-01
2.410e+02  1.843e-157  4.500e-01
2.420e+02  3.426e-157  4.500e-01
2.430e+02  6.366e-157  4.500e-01
2.440e+02  1.182e-156  4.500e-01
2.450e+02  2.195e-156  4.500e-01
2.460e+02  4.072e-156  4.500e-01
2.470e+02  7.552e-156  4.500e-01
2.480e+02  1.400e-155  4.500e-01
2.490e+02  2.594e-155  4.500e-01
2.500e+02  4.803e-155  4.500e-01
2.510e+02  8.891e-155  4.500e-01
2.520e+02  1.645e-154  4.500e-01
2.530e+02  3.042e-154  4.500e-01
2.540e+02  5.622e-154  4.500e-01
2.550e+02  1.039e-153  4.500e-01
2.560e+02  1.918e-153  4.500e-01
2.570e+02  3.540e-153  4.500e-01
2.580e+02  6.531e-153  4.500e-01
2.590e+02  1.204e-152  4.500e-01
2.600e+02  2.220e-152  4.500e-01
2.610e+02  4.089e-152  4.500e-01
2.620e+02  7.529e-152  4.500e-01
2.630e+02  1.386e-151  4.500e-01
2.640e+02  2.549e-151  4.500e-01
2.650e+02  4.687e-151  4.500e-01
2.660e+02  8.613e-151  4.500e-01
2.670e+02  1.582e-150  4.500e-01
2.680e+02  2.905e-150  4.500e-01
2.690e+02  5.331e-150  4.500e-01
2.700e+02  9.778e-150  4.500e-01
2.710e+02  1.793e-149  4.500e-01
2.720e+02  3.285e-149  4.500e-01
2.730e+02  6.017e-149  4.500e-01
2.740e+02  1.102e-148  4.500e-01
2.750e+02  2.016e-148  4.500e-01
2.760e+02  3.687e-148  4.500e-01
2.770e+02  6.740e-148  4.500e-01
2.780e+02  1.232e-147  4.500e-01
2.790e+02  2.249e-147  4.500e-01
2.800e+02  4.106e-147  4.500e-01
2.810e+02  7.492e-147  4.500e-01
2.820e+02  1.366e-146  4.500e-01
2.830e+02  2.491e-146  4.500e-01
2.840e+02  4.538e-146  4.500e-01
2.850e+02  8.264e-146  4.500e-01
2.860e+02  1.504e-145  4.500e-01
2.870e+02  2.737e-145  4.500e-01
2.880e+02  4.977e-145  4.500e-01
2.890e+02  9.046e-145  4.500e-01
2.900e+02  1.643e-144  4.500e-01
2.910e+02  2.984e-144  4.500e-01
2.920e+02  5.416e-144  4.500e-01
2.930e+02  9.826e-144  4.500e-01
2.940e+02  1.782e-143  4.500e-01
2.950e+02  3.229e-143  4.500e-01
2.960e+02  5.850e-143  4.500e-01
2.970e+02  1.059e-142  4.500e-01
2.980e+02  1.917e-142  4.500e-01
2.990e+02  3.468e-142  4.500e-01
3.000e+02  6.270e-142  4.500e-01
3.010e+02  1.133e-141  4.500e-01
3.020e+02  2.047e-141  4.500e-01
3.030e+02  3.695e-141  4.500e-01
3.040e+02  6.668e-141  4.500e-01
3.050e+02  1.203e-140  4.500e-01
3.060e+02  2.168e-140  4.500e-01
3.070e+02  3.907e-140  4.500e-01
3.080e+02  7.038e-140  4.500e-01
3.090e+02  1.267e-139  4.500e-01
3.100e+02  2.280e-139  4.500e-01
3.110e+02  4.100e-139  4.500e-01
3.120e+02  7.371e-139  4.500e-01
3.130e+02  1.324e-138  4.500e-01
3.140e+02  2.379e-138  4.500e-01
3.150e+02  4.270e-138  4.500e-01
3.160e+02  7.661e-138  4.500e-01
3.170e+02  1.374e-137  4.500e-01
3.180e+02  2.463e-137  4.500e-01
3.190e+02  4.412e-137  4.500e-01
3.200e+02  7.901e-137  4.500e-01
3.210e+02  1.414e-136  4.500e-01
3.220e+02  2.530e-136  4.500e-01
3.230e+02  4.524e-136  4.500e-01
3.240e+02  8.086e-136  4.500e-01
3.250e+02  1.445e-135  4.500e-01
3.260e+02  2.579e-135  4.500e-01
3.270e+02  4.603e-135  4.500e-01
3.280e+02  8.212e-135  4.500e-01
3.290e+02  1.464e-134  4.500e-01
3.300e+02  2.609e-134  4.500e-01
3.310e+02  4.648e-134  4.500e-01
3.320e+02  8.276e-134  4.500e-01
3.330e+02  1.473e-133  4.500e-01
3.340e+02  2.620e-133  4.500e-01
3.350e+02  4.657e-133  4.500e-01
3.360e+02  8.276e-133  4.500e-01
3.370e+02  1.470e-132  4.500e-01
3.380e+02  2.610e-132  4.500e-01
3.390e+02  4.631e-132  4.500e-01
3.400e+02  8.213e-132  4.500e-01
3.410e+02  1.456e-131  4.500e-01
3.420e+02  2.580e-131  4.500e-01
3.430e+02  4.569e-131  4.500e-01
3.440e+02  8.088e-131  4.500e-01
3.450e+02  1.431e-130  4.500e-01
3.460e+02  2.531e-130  4.500e-01
3.470e+02  4.474e-130  4.500e-01
3.480e+02  7.904e-130  4.500e-01
3.490e+02  1.396e-129  4.500e-01
3.500e+02  2.464e-129  4.500e-01
3.510e+02  4.346e-129  4.500e-01
3.520e+02  7.664e-129  4.500e-01
3.530e+02  1.351e-128  4.500e-01
3.540e+02  2.380e-128  4.500e-01
3.550e+02  4.190e-128  4.500e-01
3.560e+02  7.375e-128  4.500e-01
3.570e+02  1.297e-127  4.500e-01
3.580e+02  2.281e-127  4.500e-01
3.590e+02  4.009e-127  4.500e-01
3.600e+02  7.042e-127  4.500e-01
3.610e+02  1.236e-126  4.500e-01
3.620e+02  2.170e-126  4.500e-01
3.630e+02  3.806e-126  4.500e-01
3.640e+02  6.672e-126  4.500e-01
3.650e+02  1.169e-125  4.500e-01
3.660e+02  2.048e-125  4.500e-01
3.670e+02  3.585e-125  4.500e-01
3.680e+02  6.273e-125  4.500e-01
3.690e+02  1.097e-124  4.500e-01
3.700e+02  1.918e-124  4.500e-01
3.710e+02  3.351e-124  4.500e-01
3.720e+02  5.853e-124  4.500e-01
3.730e+02  1.022e-123  4.500e-01
3.740e+02  1.782e-123  4.500e-01
3.750e+02  3.108e-123  4.500e-01
3.760e+02  5.418e-123  4.500e-01
3.770e+02  9.440e-123  4.500e-01
3.780e+02  1.644e-122  4.500e-01
3.790e+02  2.861e-122  4.500e-01
3.800e+02  4.977e-122  4.500e-01
3.810e+02  8.655e-122  4.500e-01
3.820e+02  1.504e-121  4.500e-01
3.830e+02  2.613e-121  4.500e-01
3.840e+02  4.537e-121  4.500e-01
3.850e+02  7.874e-121  4.500e-01
3.860e+02  1.366e-120  4.500e-01
3.870e+02  2.368e-120  4.500e-01
3.880e+02  4.104e-120  4.500e-01
3.890e+02  7.109e-120  4.500e-01
3.900e+02  1.231e-119  4.500e-01
3.910e+02  2.130e-119  4.500e-01
3.920e+02  3.684e-119  4.500e-01
3.930e+02  6.368e-119  4.500e-01
3.940e+02  1.100e-118  4.500e-01
3.950e+02  1.901e-118  4.500e-01
3.960e+02  3.281e-118  4.500e-01
3.970e+02  5.661e-118  4.500e-01
3.980e+02  9.763e-118  4.500e-01
3.990e+02  1.683e-117  4.500e-01
4.000e+02  2.900e-117  4.500e-01
4.010e+02  4.993e-117  4.500e-01
4.020e+02  8.595e-117  4.500e-01
4.030e+02  1.479e-116  4.500e-01
4.040e+02  2.543e-116  4.500e-01
4.050e+02  4.371e-116  4.500e-01
4.060e+02  7.508e-116  4.500e-01
4.070e+02  1.289e-115  4.500e-01
4.080e+02  2.213e-115  4.500e-01
4.090e+02  3.796e-115  4.500e-01
4.100e+02  6.508e-115  4.500e-01
4.110e+02  1.115e-114  4.500e-01
4.120e+02  1.911e-114  4.500e-01
4.130e+02  3.271e-114  4.500e-01
4.140e+02  5.598e-114  4.500e-01
4.150e+02  9.575e-114  4.500e-01
4.160e+02  1.637e-113  4.500e-01
4.170e+02  2.797e-113  4.500e-01
4.180e+02  4.778e-113  4.500e-01
4.190e+02  8.156e-113  4.500e-01
4.200e+02  1.392e-112  4.500e-01
4.210e+02  2.374e-112  4.500e-01
4.220e+02  4.046e-112  4.500e-01
4.230e+02  6.894e-112  4.500e-01
4.240e+02  1.174e-111  4.500e-01
4.250e+02  1.998e-111  4.500e-01
4.260e+02  3.400e-111  4.500e-01
4.270e+02  5.782e-111  4.500e-01
4.280e+02  9.827e-111  4.500e-01
4.290e+02  1.670e-110  4.500e-01
4.300e+02  2.835e-110  4.500e-01
4.310e+02  4.812e-110  4.500e-01
4.320e+02  8.163e-110  4.500e-01
4.330e+02  1.384e-109  4.500e-01
4.340e+02  2.346e-109  4.500e-01
4.350e+02  3.973e-109  4.500e-01
4.360e+02  6.727e-109  4.500e-01
4.370e+02  1.138e-108  4.500e-01
4.380e+02  1.926e-108  4.500e-01
4.390e+02  3.256e-108  4.500e-01
4.400e+02  5.501e-108  4.500e-01
4.410e+02  9.292e-108  4.500e-01
4.420e+02  1.569e-107  4.500e-01
4.430e+02  2.647e-107  4.500e-01
4.440e+02  4.464e-107  4.500e-01
4.450e+02  7.525e-107  4.500e-01
4.460e+02  1.268e-106  4.500e-01
4.470e+02  2.135e-106  4.500e-01
4.480e+02  3.594e-106  4.500e-01
4.490e+02  6.047e-106  4.500e-01
4.500e+02  1.017e-105  4.500e-01
4.510e+02  1.709e-105  4.500e-01
4.520e+02  2.872e-105  4.500e-01
4.530e+02  4.822e-105  4.500e-01
4.540e+02  8.093e-105  4.500e-01
4.550e+02  1.358e-104  4.500e-01
4.560e+02  2.276e-104  4.500e-01
4.570e+02  3.815e-104  4.500e-01
4.580e+02  6.391e-104  4.500e-01
4.590e+02  1.070e-103  4.500e-01
4.600e+02  1.791e-103  4.500e-01
4.610e+02  2.995e-103  4.500e-01
4.620e+02  5.007e-103  4.500e-01
4.630e+02  8.367e-103  4.500e-01
4.640e+02  1.398e-102  4.500e-01
4.650e+02  2.333e-102  4.500e-01
4.660e+02  3.893e-102  4.500e-01
4.670e+02  6.493e-102  4.500e-01
4.680e+02  1.082e-101  4.500e-01
4.690e+02  1.803e-101  4.500e-01
4.700e+02  3.003e-101  4.500e-01
4.710e+02  4.999e-101  4.500e-01
4.720e+02  8.316e-101  4.500e-01
4.730e+02  1.383e-100  4.500e-01
4.740e+02  2.299e-100  4.500e-01
4.750e+02  3.819e-100  4.500e-01
4.760e+02  6.341e-100  4.500e-01
4.770e+02  1.052e-99  4.500e-01
4.780e+02  1.746e-99  4.500e-01
4.790e+02  2.894e-99  4.500e-01
4.800e+02  4.797e-99  4.500e-01
4.810e+02  7.946e-99  4.500e-01
4.820e+02  1.316e-98  4.500e-01
4.830e+02  2.177e-98  4.500e-01
4.840e+02  3.601e-98  4.500e-01
4.850e+02  5.953e-98  4.500e-01
4.860e+02  9.836e-98  4.500e-01
4.870e+02  1.625e-97  4.500e-01
4.880e+02  2.682e-97  4.500e-01
4.890e+02  4.425e-97  4.500e-01
4.900e+02  7.298e-97  4.500e-01
4.910e+02  1.203e-96  4.500e-01
4.920e+02  1.982e-96  4.500e-01
4.930e+02  3.264e-96  4.500e-01
4.940e+02  5.372e-96  4.500e-01
4.950e+02  8.838e-96  4.500e-01
4.960e+02  1.453e-95  4.500e-01
4.970e+02  2.389e-95  4.500e-01
4.980e+02  3.924e-95  4.500e-01
4.990e+02  6.443e-95  4.500e-01
5.000e+02  1.057e-94  4.500e-01
5.010e+02  1.734e-94  4.500e-01
5.020e+02  2.844e-94  4.500e-01
5.030e+02  4.660e-94  4.500e-01
5.040e+02  7.633e-94  4.500e-01
5.050e+02  1.250e-93  4.500e-01
5.060e+02  2.045e-93  4.500e-01
5.070e+02  3.344e-93  4.500e-01
5.080e+02  5.467e-93  4.500e-01
5.090e+02  8.933e-93  4.500e-01
5.100e+02  1.459e-92  4.500e-01
5.110e+02  2.381e-92  4.500e-01
5.120e+02  3.885e-92  4.500e-01
5.130e+02  6.336e-92  4.500e-01
5.140e+02  1.033e-91  4.500e-01
5.150e+02  1.683e-91  4.500e-01
5.160e+02  2.740e-91  4.500e-01
5.170e+02  4.459e-91  4.500e-01
5.180e+02  7.254e-91  4.500e-01
5.190e+02  1.179e-90  4.500e-01
5.200e+02  1.917e-90  4.500e-01
5.210e+02  3.114e-90  4.500e-01
5.220e+02  5.055e-90  4.500e-01
5.230e+02  8.204e-90  4.500e-01
5.240e+02  1.331e-89  4.500e-01
5.250e+02  2.157e-89  4.500e-01
5.260e+02  3.496e-89  4.500e-01
5.270e+02  5.662e-89  4.500e-01
5.280e+02  9.165e-89  4.500e-01
5.290e+02  1.483e-88  4.500e-01
5.300e+02  2.398e-88  4.500e-01
5.310e+02  3.877e-88  4.500e-01
5.320e+02  6.264e-88  4.500e-01
5.330e+02  1.011e-87  4.500e-01
5.340e+02  1.633e-87  4.500e-01
5.350e+02  2.634e-87  4.500e-01
5.360e+02  4.247e-87  4.500e-01
5.370e+02  6.845e-87  4.500e-01
5.380e+02  1.103e-86  4.500e-01
5.390e+02  1.775e-86  4.500e-01
5.400e+02  2.857e-86  4.500e-01
5.410e+02  4.596e-86  4.500e-01
5.420e+02  7.389e-86  4.500e-01
5.430e+02  1.187e-85  4.500e-01
5.440e+02  1.907e-85  4.500e-01
5.450e+02  3.062e-85  4.500e-01
5.460e+02  4.913e-85  4.500e-01
5.470e+02  7.880e-85  4.500e-01
5.480e+02  1.263e-84  4.500e-01
5.490e+02  2.024e-84  4.500e-01
5.500e+02  3.241e-84  4.500e-01
5.510e+02  5.188e-84  4.500e-01
5.520e+02  8.300e-84  4.500e-01
5.530e+02  1.327e-83  4.500e-01
5.540e+02  2.122e-83  4.500e-01
5.550e+02  3.389e-83  4.500e-01
5.560e+02  5.412e-83  4.500e-01
5.570e+02  8.637e-83  4.500e-01
5.580e+02  1.378e-82  4.500e-01
5.590e+02  2.197e-82  4.500e-01
5.600e+02  3.501e-82  4.500e-01
5.610e+02  5.576e-82  4.500e-01
5.620e+02  8.877e-82  4.500e-01
5.630e+02  1.413e-81  4.500e-01
5.640e+02  2.247e-81  4.500e-01
5.650e+02  3.572e-81  4.500e-01
5.660e+02  5.675e-81  4.500e-01
5.670e+02  9.013e-81  4.500e-01
5.680e+02  1.431e-80  4.500e-01
5.690e+02  2.270e-80  4.500e-01
5.700e+02  3.600e-80  4.500e-01
5.710e+02  5.705e-80  4.500e-01
5.720e+02  9.039e-80  4.500e-01
5.730e+02  1.431e-79  4.500e-01
5.740e+02  2.265e-79  4.500e-01
5.750e+02  3.583e-79  4.500e-01
5.760e+02  5.666e-79  4.500e-01
5.770e+02  8.954e-79  4.500e-01
5.780e+02  1.414e-78  4.500e-01
5.790e+02  2.233e-78  4.500e-01
5.800e+02  3.524e-78  4.500e-01
5.810e+02  5.558e-78  4.500e-01
5.820e+02  8.762e-78  4.500e-01
5.830e+02  1.381e-77  4.500e-01
5.840e+02  2.174e-77  4.500e-01
5.850e+02  3.423e-77  4.500e-01
5.860e+02  5.385e-77  4.500e-01
5.870e+02  8.468e-77  4.500e-01
5.880e+02  1.331e-76  4.500e-01
5.890e+02  2.091e-76  4.500e-01
5.900e+02  3.284e-76  4.500e-01
5.910e+02  5.154e-76  4.500e-01
5.920e+02  8.085e-76  4.500e-01
5.930e+02  1.268e-75  4.500e-01
5.940e+02  1.987e-75  4.500e-01
5.950e+02  3.112e-75  4.500e-01
5.960e+02  4.872e-75  4.500e-01
5.970e+02  7.624e-75  4.500e-01
5.980e+02  1.193e-74  4.500e-01
5.990e+02  1.864e-74  4.500e-01
6.000e+02  2.913e-74  4.500e-01
6.010e+02  4.549e-74  4.500e-01
6.020e+02  7.102e-74  4.500e-01
6.030e+02  1.108e-73  4.500e-01
6.040e+02  1.728e-73  4.500e-01
6.050e+02  2.693e-73  4.500e-01
6.060e+02  4.196e-73  4.500e-01
6.070e+02  6.534e-73  4.500e-01
6.080e+02  1.017e-72  4.500e-01
6.090e+02  1.582e-72  4.500e-01
6.100e+02  2.460e-72  4.500e-01
6.110e+02  3.823e-72  4.500e-01
6.120e+02  5.938e-72  4.500e-01
6.130e+02  9.219e-72  4.500e-01
6.140e+02  1.431e-71  4.500e-01
6.150e+02  2.219e-71  4.500e-01
6.160e+02  3.440e-71  4.500e-01
6.170e+02  5.330e-71  4.500e-01
6.180e+02  8.255e-71  4.500e-01
6.190e+02  1.278e-70  4.500e-01
6.200e+02  1.977e-70  4.500e-01
6.210e+02  3.057e-70  4.500e-01
6.220e+02  4.725e-70  4.500e-01
6.230e+02  7.300e-70  4.500e-01
6.240e+02  1.127e-69  4.500e-01
6.250e+02  1.740e-69  4.500e-01
6.260e+02  2.684e-69  4.500e-01
6.270e+02  4.138e-69  4.500e-01
6.280e+02  6.377e-69  4.500e-01
6.290e+02  9.823e-69  4.500e-01
6.300e+02  1.512e-68  4.500e-01
6.310e+02  2.327e-68  4.500e-01
6.320e+02  3.579e-68  4.500e-01
6.330e+02  5.502e-68  4.500e-01
6.340e+02  8.454e-68  4.500e-01
6.350e+02  1.298e-67  4.500e-01
6.360e+02  1.993e-67  4.500e-01
6.370e+02  3.058e-67  4.500e-01
6.380e+02  4.689e-67  4.500e-01
6.390e+02  7.187e-67  4.500e-01
6.400e+02  1.101e-66  4.500e-01
6.410e+02  1.686e-66  4.500e-01
6.420e+02  2.580e-66  4.500e-01
6.430e+02  3.947e-66  4.500e-01
6.440e+02  6.034e-66  4.500e-01
6.450e+02  9.222e-66  4.500e-01
6.460e+02  1.409e-65  4.500e-01
6.470e+02  2.150e-65  4.500e-01
6.480e+02  3.281e-65  4.500e-01
6.490e+02  5.004e-65  4.500e-01
6.500e+02  7.628e-65  4.500e-01
6.510e+02  1.162e-64  4.500e-01
6.520e+02  1.770e-64  4.500e-01
6.530e+02  2.694e-64  4.500e-01
6.540e+02  4.099e-64  4.500e-01
6.550e+02  6.233e-64  4.500e-01
6.560e+02  9.473e-64  4.500e-01
6.570e+02  1.439e-63  4.500e-01
6.580e+02  2.185e-63  4.500e-01
6.590e+02  3.316e-63  4.500e-01
6.600e+02  5.030e-63  4.500e-01
6.610e+02  7.625e-63  4.500e-01
6.620e+02  1.155e-62  4.500e-01
6.630e+02  1.750e-62  4.500e-01
6.640e+02  2.649e-62  4.500e-01
6.650e+02  4.009e-62  4.500e-01
6.660e+02  6.062e-62  4.500e-01
6.670e+02  9.164e-62  4.500e-01
6.680e+02  1.384e-61  4.500e-01
6.690e+02  2.091e-61  4.500e-01
6.700e+02  3.156e-61  4.500e-01
6.710e+02  4.760e-61  4.500e-01
6.720e+02  7.178e-61  4.500e-01
6.730e+02  1.082e-60  4.500e-01
6.740e+02  1.629e-60  4.500e-01
6.750e+02  2.453e-60  4.500e-01
6.760e+02  3.692e-60  4.500e-01
6.770e+02  5.553e-60  4.500e-01
6.780e+02  8.347e-60  4.500e-01
6.790e+02  1.254e-59  4.500e-01
6.800e+02  1.884e-59  4.500e-01
6.810e+02  2.828e-59  4.500e-01
6.820e+02  4.242e-59  4.500e-01
6.830e+02  6.362e-59  4.500e-01
6.840e+02  9.535e-59  4.500e-01
6.850e+02  1.429e-58  4.500e-01
6.860e+02  2.139e-58  4.500e-01
6.870e+02  3.201e-58  4.500e-01
6.880e+02  4.789e-58  4.500e-01
6.890e+02  7.159e-58  4.500e-01
6.900e+02  1.070e-57  4.500e-01
6.910e+02  1.598e-57  4.500e-01
6.920e+02  2.386e-57  4.500e-01
6.930e+02  3.560e-57  4.500e-01
6.940e+02  5.309e-57  4.500e-01
6.950e+02  7.914e-57  4.500e-01
6.960e+02  1.179e-56  4.500e-01
6.970e+02  1.756e-56  4.500e-01
6.980e+02  2.613e-56  4.500e-01
6.990e+02  3.888e-56  4.500e-01
7.000e+02  5.781e-56  4.500e-01
7.010e+02  8.592e-56  4.500e-01
7.020e+02  1.276e-55  4.500e-01
7.030e+02  1.895e-55  4.500e-01
7.040e+02  2.812e-55  4.500e-01
7.050e+02  4.171e-55  4.500e-01
7.060e+02  6.183e-55  4.500e-01
7.070e+02  9.162e-55  4.500e-01
7.080e+02  1.357e-54  4.500e-01
7.090e+02  2.009e-54  4.500e-01
7.100e+02  2.972e-54  4.500e-01
7.110e+02  4.395e-54  4.500e-01
7.120e+02  6.496e-54  4.500e-01
7.130e+02  9.596e-54  4.500e-01
7.140e+02  1.417e-53  4.500e-01
7.150e+02  2.091e-53  4.500e-01
7.160e+02  3.085e-53  4.500e-01
7.170e+02  4.548e-53  4.500e-01
7.180e+02  6.702e-53  4.500e-01
7.190e+02  9.871e-53  4.500e-01
7.200e+02  1.453e-52  4.500e-01
7.210e+02  2.138e-52  4.500e-01
7.220e+02  3.145e-52  4.500e-01
7.230e+02  4.622e-52  4.500e-01
7.240e+02  6.791e-52  4.500e-01
7.250e+02  9.973e-52  4.500e-01
7.260e+02  1.464e-51  4.500e-01
7.270e+02  2.147e-51  4.500e-01
7.280e+02  3.149e-51  4.500e-01
7.290e+02  4.614e-51  4.500e-01
7.300e+02  6.759e-51  4.500e-01
7.310e+02  9.895e-51  4.500e-01
7.320e+02  1.448e-50  4.500e-01
7.330e+02  2.118e-50  4.500e-01
7.340e+02  3.096e-50  4.500e-01
7.350e+02  4.524e-50  4.500e-01
7.360e+02  6.606e-50  4.500e-01
7.370e+02  9.643e-50  4.500e-01
7.380e+02  1.407e-49  4.500e-01
7.390e+02  2.051e-49  4.500e-01
7.400e+02  2.990e-49  4.500e-01
7.410e+02  4.356e-49  4.500e-01
7.420e+02  6.342e-49  4.500e-01
7.430e+02  9.229e-49  4.500e-01
7.440e+02  1.342e-48  4.500e-01
7.450e+02  1.952e-48  4.500e-01
7.460e+02  2.836e-48  4.500e-01
7.470e+02  4.119e-48  4.500e-01
7.480e+02  5.979e-48  4.500e-01
7.490e+02  8.674e-48  4.500e-01
7.500e+02  1.258e-47  4.500e-01
7.510e+02  1.823e-47  4.500e-01
7.520e+02  2.641e-47  4.500e-01
7.530e+02  3.825e-47  4.500e-01
7.540e+02  5.535e-47  4.500e-01
7.550e+02  8.007e-47  4.500e-01
7.560e+02  1.158e-46  4.500e-01
7.570e+02  1.673e-46  4.500e-01
7.580e+02  2.416e-46  4.500e-01
7.590e+02  3.488e-46  4.500e-01
7.600e+02  5.032e-46  4.500e-01
7.610e+02  7.258e-46  4.500e-01
7.620e+02  1.046e-45  4.500e-01
7.630e+02  1.507e-45  4.500e-01
7.640e+02  2.170e-45  4.500e-01
7.650e+02  3.124e-45  4.500e-01
7.660e+02  4.493e-45  4.500e-01
7.670e+02  6.460e-45  4.500e-01
7.680e+02  9.284e-45  4.500e-01
7.690e+02  1.333e-44  4.500e-01
7.700e+02  1.914e-44  4.500e-01
7.710e+02  2.747e-44  4.500e-01
7.720e+02  3.940e-44  4.500e-01
7.730e+02  5.647e-44  4.500e-01
7.740e+02  8.091e-44  4.500e-01
7.750e+02  1.159e-43  4.500e-01
7.760e+02  1.658e-43  4.500e-01
7.770e+02  2.372e-43  4.500e-01
7.780e+02  3.392e-43  4.500e-01
7.790e+02  4.847e-43  4.500e-01
7.800e+02  6.924e-43  4.500e-01
7.810e+02  9.885e-43  4.500e-01
7.820e+02  1.411e-42  4.500e-01
7.830e+02  2.012e-42  4.500e-01
7.840e+02  2.868e-42  4.500e-01
7.850e+02  4.086e-42  4.500e-01
7.860e+02  5.819e-42  4.500e-01
7.870e+02  8.282e-42  4.500e-01
7.880e+02  1.178e-41  4.500e-01
7.890e+02  1.675e-41  4.500e-01
7.900e+02  2.381e-41  4.500e-01
7.910e+02  3.382e-41  4.500e-01
7.920e+02  4.801e-41  4.500e-01
7.930e+02  6.813e-41  4.500e-01
7.940e+02  9.663e-41  4.500e-01
7.950e+02  1.370e-40  4.500e-01
7.960e+02  1.941e-40  4.500e-01
7.970e+02  2.748e-40  4.500e-01
7.980e+02  3.890e-40  4.500e-01
7.990e+02  5.503e-40  4.500e-01
8.000e+02  7.782e-40  4.500e-01
8.010e+02  1.100e-39  4.500e-01
8.020e+02  1.553e-39  4.500e-01
8.030e+02  2.193e-39  4.500e-01
8.040e+02  3.095e-39  4.500e-01
8.050e+02  4.365e-39  4.500e-01
8.060e+02  6.153e-39  4.500e-01
8.070e+02  8.669e-39  4.500e-01
8.080e+02  1.221e-38  4.500e-01
8.090e+02  1.718e-38  4.500e-01
8.100e+02  2.417e-38  4.500e-01
8.110e+02  3.399e-38  4.500e-01
8.120e+02  4.777e-38  4.500e-01
8.130e+02  6.710e-38  4.500e-01
8.140e+02  9.420e-38  4.500e-01
8.150e+02  1.322e-37  4.500e-01
8.160e+02  1.854e-37  4.500e-01
8.170e+02  2.599e-37  4.500e-01
8.180e+02  3.641e-37  4.500e-01
8.190e+02  5.099e-37  4.500e-01
8.200e+02  7.137e-37  4.500e-01
8.210e+02  9.984e-37  4.500e-01
8.220e+02  1.396e-36  4.500e-01
8.230e+02  1.951e-36  4.500e-01
8.240e+02  2.725e-36  4.500e-01
8.250e+02  3.804e-36  4.500e-01
8.260e+02  5.309e-36  4.500e-01
8.270e+02  7.404e-36  4.500e-01
8.280e+02  1.032e-35  4.500e-01
8.290e+02  1.438e-35  4.500e-01
8.300e+02  2.002e-35  4.500e-01
8.310e+02  2.787e-35  4.500e-01
8.320e+02  3.877e-35  4.500e-01
8.330e+02  5.390e-35  4.500e-01
8.340e+02  7.490e-35  4.500e-01
8.350e+02  1.040e-34  4.500e-01
8.360e+02  1.444e-34  4.500e-01
8.370e+02  2.004e-34  4.500e-01
8.380e+02  2.779e-34  4.500e-01
8.390e+02  3.852e-34  4.500e-01
8.400e+02  5.337e-34  4.500e-01
8.410e+02  7.389e-34  4.500e-01
8.420e+02  1.023e-33  4.500e-01
8.430e+02  1.415e-33  4.500e-01
8.440e+02  1.956e-33  4.500e-01
8.450e+02  2.703e-33  4.500e-01
8.460e+02  3.733e-33  4.500e-01
8.470e+02  5.153e-33  4.500e-01
8.480e+02  7.109e-33  4.500e-01
8.490e+02  9.803e-33  4.500e-01
8.500e+02  1.351e-32  4.500e-01
8.510e+02  1.861e-32  4.500e-01
8.520e+02  2.563e-32  4.500e-01
8.530e+02  3.527e-32  4.500e-01
8.540e+02  4.851e-32  4.500e-01
8.550e+02  6.669e-32  4.500e-01
8.560e+02  9.163e-32  4.500e-01
8.570e+02  1.258e-31  4.500e-01
8.580e+02  1.727e-31  4.500e-01
8.590e+02  2.370e-31  4.500e-01
8.600e+02  3.249e-31  4.500e-01
8.610e+02  4.453e-31  4.500e-01
8.620e+02  6.100e-31  4.500e-01
8.630e+02  8.351e-31  4.500e-01
8.640e+02  1.143e-30  4.500e-01
8.650e+02  1.563e-30  4.500e-01
8.660e+02  2.136e-30  4.500e-01
8.670e+02  2.919e-30  4.500e-01
8.680e+02  3.985e-30  4.500e-01
8.690e+02  5.439e-30  4.500e-01
8.700e+02  7.420e-30  4.500e-01
8.710e+02  1.012e-29  4.500e-01
8.720e+02  1.379e-29  4.500e-01
8.730e+02  1.878e-29  4.500e-01
8.740e+02  2.556e-29  4.500e-01
8.750e+02  3.477e-29  4.500e-01
8.760e+02  4.729e-29  4.500e-01
8.770e+02  6.427e-29  4.500e-01
8.780e+02  8.731e-29  4.500e-01
8.790e+02  1.185e-28  4.500e-01
8.800e+02  1.609e-28  4.500e-01
8.810e+02  2.182e-28  4.500e-01
8.820e+02  2.958e-28  4.500e-01
8.830e+02  4.008e-28  4.500e-01
8.840e+02  5.427e-28  4.500e-01
8.850e+02  7.345e-28  4.500e-01
8.860e+02  9.937e-28  4.500e-01
8.870e+02  1.344e-27  4.500e-01
8.880e+02  1.816e-27  4.500e-01
8.890e+02  2.452e-27  4.500e-01
8.900e+02  3.310e-27  4.500e-01
8.910e+02  4.467e-27  4.500e-01
8.920e+02  6.023e-27  4.500e-01
8.930e+02  8.119e-27  4.500e-01
8.940e+02  1.094e-26  4.500e-01
8.950e+02  1.473e-26  4.500e-01
8.960e+02  1.982e-26  4.500e-01
8.970e+02  2.665e-26  4.500e-01
8.980e+02  3.583e-26  4.500e-01
8.990e+02  4.814e-26  4.500e-01
9.000e+02  6.465e-26  4.500e-01
9.010e+02  8.677e-26  4.500e-01
9.020e+02  1.164e-25  4.500e-01
9.030e+02  1.561e-25  4.500e-01
9.040e+02  2.091e-25  4.500e-01
9.050e+02  2.801e-25  4.500e-01
9.060e+02  3.750e-25  4.500e-01
9.070e+02  5.017e-25  4.500e-01
9.080e+02  6.708e-25  4.500e-01
9.090e+02  8.966e-25  4.500e-01
9.100e+02  1.198e-24  4.500e-01
9.110e+02  1.599e-24  4.500e-01
9.120e+02  2.134e-24  4.500e-01
9.130e+02  2.846e-24  4.500e-01
9.140e+02  3.793e-24  4.500e-01
9.150e+02  5.054e-24  4.500e-01
9.160e+02  6.729e-24  4.500e-01
9.170e+02  8.956e-24  4.500e-01
9.180e+02  1.191e-23  4.500e-01
9.190e+02  1.584e-23  4.500e-01
9.200e+02  2.104e-23  4.500e-01
9.210e+02  2.794e-23  4.500e-01
9.220e+02  3.709e-23  4.500e-01
9.230e+02  4.921e-23  4.500e-01
9.240e+02  6.524e-23  4.500e-01
9.250e+02  8.646e-23  4.500e-01
9.260e+02  1.145e-22  4.500e-01
9.270e+02  1.516e-22  4.500e-01
9.280e+02  2.005e-22  4.500e-01
9.290e+02  2.652e-22  4.500e-01
9.300e+02  3.505e-22  4.500e-01
9.310e+02  4.630e-22  4.500e-01
9.320e+02  6.112e-22  4.500e-01
9.330e+02  8.065e-22  4.500e-01
9.340e+02  1.064e-21  4.500e-01
9.350e+02  1.402e-21  4.500e-01
9.360e+02  1.847e-21  4.500e-01
9.370e+02  2.432e-21  4.500e-01
9.380e+02  3.200e-21  4.500e-01
9.390e+02  4.208e-21  4.500e-01
9.400e+02  5.532e-21  4.500e-01
9.410e+02  7.268e-21  4.500e-01
9.420e+02  9.544e-21  4.500e-01
9.430e+02  1.252e-20  4.500e-01
9.440e+02  1.643e-20  4.500e-01
9.450e+02  2.154e-20  4.500e-01
9.460e+02  2.822e-20  4.500e-01
9.470e+02  3.695e-20  4.500e-01
9.480e+02  4.836e-20  4.500e-01
9.490e+02  6.326e-20  4.500e-01
9.500e+02  8.271e-20  4.500e-01
9.510e+02  1.081e-19  4.500e-01
9.520e+02  1.411e-19  4.500e-01
9.530e+02  1.842e-19  4.500e-01
9.540e+02  2.403e-19  4.500e-01
9.550e+02  3.133e-19  4.500e-01
9.560e+02  4.082e-19  4.500e-01
9.570e+02  5.316e-19  4.500e-01
9.580e+02  6.920e-19  4.500e-01
9.590e+02  9.002e-19  4.500e-01
9.600e+02  1.170e-18  4.500e-01
9.610e+02  1.521e-18  4.500e-01
9.620e+02  1.975e-18  4.500e-01
9.630e+02  2.564e-18  4.500e-01
9.640e+02  3.326e-18  4.500e-01
9.650e+02  4.313e-18  4.500e-01
9.660e+02  5.588e-18  4.500e-01
9.670e+02  7.238e-18  4.500e-01
9.680e+02  9.368e-18  4.500e-01
9.690e+02  1.212e-17  4.500e-01
9.700e+02  1.567e-17  4.500e-01
9.710e+02  2.025e-17  4.500e-01
9.720e+02  2.615e-17  4.500e-01
9.730e+02  3.375e-17  4.500e-01
9.740e+02  4.354e-17  4.500e-01
9.750e+02  5.614e-17  4.500e-01
9.760e+02  7.234e-17  4.500e-01
9.770e+02  9.316e-17  4.500e-01
9.780e+02  1.199e-16  4.500e-01
9.790e+02  1.542e-16  4.500e-01
9.800e+02  1.983e-16  4.500e-01
9.810e+02  2.548e-16  4.500e-01
9.820e+02  3.272e-16  4.500e-01
9.830e+02  4.199e-16  4.500e-01
9.840e+02  5.386e-16  4.500e-01
9.850e+02  6.904e-16  4.500e-01
9.860e+02  8.846e-16  4.500e-01
9.870e+02  1.133e-15  4.500e-01
9.880e+02  1.449e-15  4.500e-01
9.890e+02  1.854e-15  4.500e-01
9.900e+02  2.369e-15  4.500e-01
9.910e+02  3.027e-15  4.500e-01
9.920e+02  3.865e-15  4.500e-01
9.930e+02  4.931e-15  4.500e-01
9.940e+02  6.288e-15  4.500e-01
9.950e+02  8.014e-15  4.500e-01
9.960e+02  1.021e-14  4.500e-01
9.970e+02  1.299e-14  4.500e-01
9.980e+02  1.653e-14  4.500e-01
9.990e+02  2.102e-14  4.500e-01
1.000e+03  2.671e-14  4.500e-01
1.001e+03  3.391e-14  4.500e-01
1.002e+03  4.304e-14  4.500e-01
1.003e+03  5.460e-14  4.500e-01
1.004e+03  6.921e-14  4.500e-01
1.005e+03  8.768e-14  4.500e-01
1.006e+03  1.110e-13  4.500e-01
1.007e+03  1.405e-13  4.500e-01
1.008e+03  1.776e-13  4.500e-01
1.009e+03  2.245e-13  4.500e-01
1.010e+03  2.835e-13  4.500e-01
1.011e+03  3.578e-13  4.500e-01
1.012e+03  4.514e-13  4.500e-01
1.013e+03  5.690e-13  4.500e-01
1.014e+03  7.169e-13  4.500e-01
1.015e+03  9.026e-13  4.500e-01
1.016e+03  1.136e-12  4.500e-01
1.017e+03  1.428e-12  4.500e-01
1.018e+03  1.795e-12  4.500e-01
1.019e+03  2.254e-12  4.500e-01
1.020e+03  2.829e-12  4.500e-01
1.021e+03  3.548e-12  4.500e-01
1.022e+03  4.448e-12  4.500e-01
1.023e+03  5.571e-12  4.500e-01
1.024e+03  6.974e-12  4.500e-01
1.025e+03  8.725e-12  4.500e-01
1.026e+03  1.091e-11  4.500e-01
1.027e+03  1.363e-11  4.500e-01
1.028e+03  1.702e-11  4.500e-01
1.029e+03  2.123e-11  4.500e-01
1.030e+03  2.647e-11  4.500e-01
1.031e+03  3.299e-11  4.500e-01
1.032e+03  4.108e-11  4.500e-01
1.033e+03  5.111e-11  4.500e-01
1.034e+03  6.356e-11  4.500e-01
1.035e+03  7.898e-11  4.500e-01
1.036e+03  9.808e-11  4.500e-01
1.037e+03  1.217e-10  4.500e-01
1.038e+03  1.509e-10  4.500e-01
1.039e+03  1.870e-10  4.500e-01
1.040e+03  2.316e-10  4.500e-01
1.041e+03  2.866e-10  4.500e-01
1.042e+03  3.544e-10  4.500e-01
1.043e+03  4.379e-10  4.500e-01
1.044e+03  5.407e-10  4.500e-01
1.045e+03  6.671e-10  4.500e-01
1.046e+03  8.225e-10  4.500e-01
1.047e+03  1.013e-09  4.500e-01
1.048e+03  1.247e-09  4.500e-01
1.049e+03  1.535e-09  4.500e-01
1.050e+03  1.886e-09  4.500e-01
1.051e+03  2.317e-09  4.500e-01
1.052e+03  2.843e-09  4.500e-01
1.053e+03  3.487e-09  4.500e-01
1.054e+03  4.273e-09  4.500e-01
1.055e+03  5.232e-09  4.500e-01
1.056e+03  6.400e-09  4.500e-01
1.057e+03  7.824e-09  4.500e-01
1.058e+03  9.556e-09  4.500e-01
1.059e+03  1.166e-08  4.500e-01
1.060e+03  1.422e-08  4.500e-01
1.061e+03  1.732e-08  4.500e-01
1.062e+03  2.109e-08  4.500e-01
1.063e+03  2.565e-08  4.500e-01
1.064e+03  3.116e-08  4.500e-01
1.065e+03  3.783e-08  4.500e-01
1.066e+03  4.589e-08  4.500e-01
1.067e+03  5.561e-08  4.500e-01
1.068e+03  6.733e-08  4.500e-01
1.069e+03  8.145e-08  4.500e-01
1.070e+03  9.843e-08  4.500e-01
1.071e+03  1.188e-07  4.500e-01
1.072e+03  1.433e-07  4.500e-01
1.073e+03  1.727e-07  4.500e-01
1.074e+03  2.079e-07  4.500e-01
1.075e+03  2.500e-07  4.500e-01
1.076e+03  3.003e-07  4.500e-01
1.077e+03  3.604e-07  4.500e-01
1.078e+03  4.320e-07  4.500e-01
1.079e+03  5.173e-07  4.500e-01
1.080e+03  6.188e-07  4.500e-01
1.081e+03  7.393e-07  4.500e-01
1.082e+03  8.823e-07  4.500e-01
1.083e+03  1.052e-06  4.500e-01
1.084e+03  1.252e-06  4.500e-01
1.085e+03  1.490e-06  4.500e-01
1.086e+03  1.769e-06  4.500e-01
1.087e+03  2.099e-06  4.500e-01
1.088e+03  2.488e-06  4.500e-01
1.089e+03  2.944e-06  4.499e-01
1.090e+03  3.480e-06  4.499e-01
1.091e+03  4.107e-06  4.499e-01
1.092e+03  4.842e-06  4.499e-01
1.093e+03  5.700e-06  4.499e-01
1.094e+03  6.701e-06  4.499e-01
1.095e+03  7.867e-06  4.499e-01
1.096e+03  9.223e-06  4.499e-01
1.097e+03  1.080e-05  4.499e-01
1.098e+03  1.262e-05  4.499e-01
1.099e+03  1.473e-05  4.498e-01
1.100e+03  1.717e-05  4.498e-01
1.101e+03  1.997e-05  4.498e-01
1.102e+03  2.320e-05  4.498e-01
1.103e+03  2.691e-05  4.498e-01
1.104e+03  3.117e-05  4.498e-01
1.105e+03  3.603e-05  4.497e-01
1.106e+03  4.159e-05  4.497e-01
1.107e+03  4.792e-05  4.497e-01
1.108e+03  5.512e-05  4.496e-01
1.109e+03  6.330e-05  4.496e-01
1.110e+03  7.255e-05  4.496e-01
1.111e+03  8.302e-05  4.495e-01
1.112e+03  9.481e-05  4.495e-01
1.113e+03  1.081e-04  4.494e-01
1.114e+03  1.230e-04  4.494e-01
1.115e+03  1.397e-04  4.493e-01
1.116e+03  1.584e-04  4.492e-01
1.117e+03  1.792e-04  4.492e-01
1.118e+03  2.024e-04  4.491e-01
1.119e+03  2.281e-04  4.490e-01
1.120e+03  2.566e-04  4.489e-01
1.121e+03  2.881e-04  4.488e-01
1.122e+03  3.228e-04  4.487e-01
1.123e+03  3.610e-04  4.486e-01
1.124e+03  4.029e-04  4.485e-01
1.125e+03  4.487e-04  4.484e-01
1.126e+03  4.987e-04  4.482e-01
1.127e+03  5.532e-04  4.481e-01
1.128e+03  6.125e-04  4.480e-01
1.129e+03  6.767e-04  4.478e-01
1.130e+03  7.461e-04  4.476e-01
1.131e+03  8.210e-04  4.474e-01
1.132e+03  9.016e-04  4.472e-01
1.133e+03  9.881e-04  4.470e-01
1.134e+03  1.081e-03  4.468e-01
1.135e+03  1.180e-03  4.466e-01
1.136e+03  1.285e-03  4.463e-01
1.137e+03  1.397e-03  4.461e-01
1.138e+03  1.517e-03  4.458e-01
1.139e+03  1.643e-03  4.455e-01
1.140e+03  1.776e-03  4.452e-01
1.141e+03  1.916e-03  4.449e-01
1.142e+03  2.063e-03  4.446e-01
1.143e+03  2.218e-03  4.443e-01
1.144e+03  2.380e-03  4.440e-01
1.145e+03  2.549e-03  4.436e-01
1.146e+03  2.725e-03  4.433e-01
1.147e+03  2.909e-03  4.429e-01
1.148e+03  3.099e-03  4.425e-01
1.149e+03  3.296e-03  4.421e-01
1.150e+03  3.500e-03  4.417e-01
1.151e+03  3.711e-03  4.413e-01
1.152e+03  3.928e-03  4.409e-01
1.153e+03  4.151e-03  4.405e-01
1.154e+03  4.379e-03  4.401e-01
1.155e+03  4.614e-03  4.396e-01
1.156e+03  4.853e-03  4.392e-01
1.157e+03  5.098e-03  4.387e-01
1.158e+03  5.348e-03  4.383e-01
1.159e+03  5.601e-03  4.378e-01
1.160e+03  5.859e-03  4.374e-01
1.161e+03  6.121e-03  4.369e-01
1.162e+03  6.386e-03  4.364e-01
1.163e+03  6.654e-03  4.360e-01
1.164e+03  6.925e-03  4.355e-01
1.165e+03  7.198e-03  4.350e-01
1.166e+03  7.473e-03  4.346e-01
1.167e+03  7.750e-03  4.341e-01
1.168e+03  8.028e-03  4.336e-01
1.169e+03  8.308e-03  4.332e-01
1.170e+03  8.587e-03  4.327e-01
1.171e+03  8.867e-03  4.322e-01
1.172e+03  9.148e-03  4.318e-01
1.173e+03  9.428e-03  4.313e-01
1.174e+03  9.707e-03  4.309e-01
1.175e+03  9.985e-03  4.304e-01
1.176e+03  1.026e-02  4.300e-01
1.177e+03  1.054e-02  4.295e-01
1.178e+03  1.081e-02  4.291e-01
1.179e+03  1.108e-02  4.287e-01
1.180e+03  1.135e-02  4.282e-01
1.181e+03  1.162e-02  4.278e-01
1.182e+03  1.189e-02  4.274e-01
1.183e+03  1.215e-02  4.270e-01
1.184e+03  1.241e-02  4.266e-01
1.185e+03  1.267e-02  4.262e-01
1.186e+03  1.292e-02  4.258e-01
1.187e+03  1.317e-02  4.254e-01
1.188e+03  1.342e-02  4.250e-01
1.189e+03  1.366e-02  4.247e-01
1.190e+03  1.390e-02  4.243e-01
1.191e+03  1.414e-02  4.240e-01
1.192e+03  1.437e-02  4.236e-01
1.193e+03  1.460e-02  4.233e-01
1.194e+03  1.482e-02  4.229e-01
1.195e+03  1.504e-02  4.226e-01
1.196e+03  1.525e-02  4.223e-01
1.197e+03  1.547e-02  4.220e-01
1.198e+03  1.567e-02  4.217e-01
1.199e+03  1.588e-02  4.214e-01
1.200e+03  1.608e-02  4.211e-01
1.201e+03  1.627e-02  4.208e-01
1.202e+03  1.646e-02  4.205e-01
1.203e+03  1.665e-02  4.203e-01
1.204e+03  1.683e-02  4.200e-01
1.205e+03  1.701e-02  4.197e-01
1.206e+03  1.719e-02  4.195e-01
1.207e+03  1.736e-02  4.192e-01
1.208e+03  1.752e-02  4.190e-01
1.209e+03  1.769e-02  4.188e-01
1.210e+03  1.785e-02  4.185e-01
1.211e+03  1.800e-02  4.183e-01
1.212e+03  1.815e-02  4.181e-01
1.213e+03  1.830e-02  4.179e-01
1.214e+03  1.844e-02  4.177e-01
1.215e+03  1.858e-02  4.175e-01
1.216e+03  1.872e-02  4.173e-01
1.217e+03  1.885e-02  4.171e-01
1.218e+03  1.898e-02  4.169e-01
1.219e+03  1.911e-02  4.167e-01
1.220e+03  1.923e-02  4.166e-01
1.221e+03  1.935e-02  4.164e-01
1.222e+03  1.946e-02  4.162e-01
1.223e+03  1.958e-02  4.161e-01
1.224e+03  1.969e-02  4.159e-01
1.225e+03  1.979e-02  4.158e-01
1.226e+03  1.990e-02  4.156e-01
1.227e+03  2.000e-02  4.155e-01
1.228e+03  2.009e-02  4.154e-01
1.229e+03  2.019e-02  4.152e-01
1.230e+03  2.028e-02  4.151e-01
1.231e+03  2.037e-02  4.150e-01
1.232e+03  2.046e-02  4.149e-01
1.233e+03  2.054e-02  4.147e-01
1.234e+03  2.062e-02  4.146e-01
1.235e+03  2.070e-02  4.145e-01
1.236e+03  2.078e-02  4.144e-01
1.237e+03  2.086e-02  4.143e-01
1.238e+03  2.093e-02  4.142e-01
1.239e+03  2.100e-02  4.141e-01
1.240e+03  2.107e-02  4.140e-01
1.241e+03  2.114e-02  4.139e-01
1.242e+03  2.120e-02  4.138e-01
1.243e+03  2.126e-02  4.137e-01
1.244e+03  2.132e-02  4.137e-01
1.245e+03  2.138e-02  4.136e-01
1.246e+03  2.144e-02  4.135e-01
1.247e+03  2.149e-02  4.134e-01
1.248e+03  2.155e-02  4.134e-01
1.249e+03  2.160e-02  4.133e-01
1.250e+03  2.165e-02  4.132e-01
1.251e+03  2.170e-02  4.131e-01
1.252e+03  2.174e-02  4.131e-01
1.253e+03  2.179e-02  4.130e-01
1.254e+03  2.183e-02  4.130e-01
1.255e+03  2.188e-02  4.129e-01
1.256e+03  2.192e-02  4.128e-01
1.257e+03  2.196e-02  4.128e-01
1.258e+03  2.200e-02  4.127e-01
1.259e+03  2.204e-02  4.127e-01
1.260e+03  2.207e-02  4.126e-01
1.261e+03  2.211e-02  4.126e-01
1.262e+03  2.214e-02  4.125e-01
1.263e+03  2.217e-02  4.125e-01
1.264e+03  2.221e-02  4.125e-01
1.265e+03  2.224e-02  4.124e-01
1.266e+03  2.227e-02  4.124e-01
1.267e+03  2.230e-02  4.123e-01
1.268e+03  2.232e-02  4.123e-01
1.269e+03  2.235e-02  4.123e-01
1.270e+03  2.238e-02  4.122e-01
1.271e+03  2.240e-02  4.122e-01
1.272e+03  2.243e-02  4.122e-01
1.273e+03  2.245e-02  4.121e-01
1.274e+03  2.248e-02  4.121e-01
1.275e+03  2.250e-02  4.121e-01
1.276e+03  2.252e-02  4.120e-01
1.277e+03  2.254e-02  4.120e-01
1.278e+03  2.256e-02  4.120e-01
1.279e+03  2.258e-02  4.119e-01
1.280e+03  2.260e-02  4.119e-01
1.281e+03  2.262e-02  4.119e-01
1.282e+03  2.264e-02  4.119e-01
1.283e+03  2.265e-02  4.119e-01
1.284e+03  2.267e-02  4.118e-01
1.285e+03  2.268e-02  4.118e-01
1.286e+03  2.270e-02  4.118e-01
1.287e+03  2.272e-02  4.118e-01
1.288e+03  2.273e-02  4.117e-01
1.289e+03  2.274e-02  4.117e-01
1.290e+03  2.276e-02  4.117e-01
1.291e+03  2.277e-02  4.117e-01
1.292e+03  2.278e-02  4.117e-01
1.293e+03  2.280e-02  4.117e-01
1.294e+03  2.281e-02  4.116e-01
1.295e+03  2.282e-02  4.116e-01
1.296e+03  2.283e-02  4.116e-01
1.297e+03  2.284e-02  4.116e-01
1.298e+03  2.285e-02  4.116e-01
1.299e+03  2.286e-02  4.116e-01
1.300e+03  2.287e-02  4.116e-01
1.301e+03  2.288e-02  4.115e-01
1.302e+03  2.289e-02  4.115e-01
1.303e+03  2.290e-02  4.115e-01
1.304e+03  2.291e-02  4.115e-01
1.305e+03  2.291e-02  4.115e-01
1.306e+03  2.292e-02  4.115e-01
1.307e+03  2.293e-02  4.115e-01
1.308e+03  2.294e-02  4.115e-01
1.309e+03  2.295e-02  4.115e-01
1.310e+03  2.295e-02  4.114e-01
1.311e+03  2.296e-02  4.114e-01
1.312e+03  2.297e-02  4.114e-01
1.313e+03  2.297e-02  4.114e-01
1.314e+03  2.298e-02  4.114e-01
1.315e+03  2.298e-02  4.114e-01
1.316e+03  2.299e-02  4.114e-01
1.317e+03  2.299e-02  4.114e-01
1.318e+03  2.300e-02  4.114e-01
1.319e+03  2.300e-02  4.114e-01
1.320e+03  2.301e-02  4.114e-01
1.321e+03  2.301e-02  4.114e-01
1.322e+03  2.302e-02  4.114e-01
1.323e+03  2.302e-02  4.114e-01
1.324e+03  2.303e-02  4.113e-01
1.325e+03  2.303e-02  4.113e-01
1.326e+03  2.304e-02  4.113e-01
1.327e+03  2.304e-02  4.113e-01
1.328e+03  2.304e-02  4.113e-01
1.329e+03  2.305e-02  4.113e-01
1.330e+03  2.305e-02  4.113e-01
1.331e+03  2.305e-02  4.113e-01
1.332e+03  2.306e-02  4.113e-01
1.333e+03  2.306e-02  4.113e-01
1.334e+03  2.306e-02  4.113e-01
1.335e+03  2.307e-02  4.113e-01
1.336e+03  2.307e-02  4.113e-01
1.337e+03  2.307e-02  4.113e-01
1.338e+03  2.307e-02  4.113e-01
1.339e+03  2.308e-02  4.113e-01
1.340e+03  2.308e-02  4.113e-01
1.341e+03  2.308e-02  4.113e-01
1.342e+03  2.308e-02  4.113e-01
1.343e+03  2.309e-02  4.113e-01
1.344e+03  2.309e-02  4.113e-01
1.345e+03  2.309e-02  4.113e-01
1.346e+03  2.309e-02  4.113e-01
1.347e+03  2.310e-02  4.113e-01
1.348e+03  2.310e-02  4.113e-01
1.349e+03  2.310e-02  4.112e-01
1.350e+03  2.310e-02  4.112e-01
1.351e+03  2.310e-02  4.112e-01
1.352e+03  2.310e-02  4.112e-01
1.353e+03  2.311e-02  4.112e-01
1.354e+03  2.311e-02  4.112e-01
1.355e+03  2.311e-02  4.112e-01
1.356e+03  2.311e-02  4.112e-01
1.357e+03  2.311e-02  4.112e-01
1.358e+03  2.311e-02  4.112e-01
1.359e+03  2.311e-02  4.112e-01
1.360e+03  2.312e-02  4.112e-01
1.361e+03  2.312e-02  4.112e-01
1.362e+03  2.312e-02  4.112e-01
1.363e+03  2.312e-02  4.112e-01
1.364e+03  2.312e-02  4.112e-01
1.365e+03  2.312e-02  4.112e-01
1.366e+03  2.312e-02  4.112e-01
1.367e+03  2.312e-02  4.112e-01
1.368e+03  2.312e-02  4.112e-01
1.369e+03  2.312e-02  4.112e-01
1.370e+03  2.313e-02  4.112e-01
1.371e+03  2.313e-02  4.112e-01
1.372e+03  2.313e-02  4.112e-01
1.373e+03  2.313e-02  4.112e-01
1.374e+03  2.313e-02  4.112e-01
1.375e+03  2.313e-02  4.112e-01
1.376e+03  2.313e-02  4.112e-01
1.377e+03  2.313e-02  4.112e-01
1.378e+03  2.313e-02  4.112e-01
1.379e+03  2.313e-02  4.112e-01
1.380e+03  2.313e-02  4.112e-01
1.381e+03  2.313e-02  4.112e-01
1.382e+03  2.313e-02  4.112e-01
1.383e+03  2.313e-02  4.112e-01
1.384e+03  2.314e-02  4.112e-01
1.385e+03  2.314e-02  4.112e-01
1.386e+03  2.314e-02  4.112e-01
1.387e+03  2.314e-02  4.112e-01
1.388e+03  2.314e-02  4.112e-01
1.389e+03  2.314e-02  4.112e-01
1.390e+03  2.314e-02  4.112e-01
1.391e+03  2.314e-02  4.112e-01
1.392e+03  2.314e-02  4.112e-01
1.393e+03  2.314e-02  4.112e-01
1.394e+03  2.314e-02  4.112e-01
1.395e+03  2.314e-02  4.112e-01
1.396e+03  2.314e-02  4.112e-01
1.397e+03  2.314e-02  4.112e-01
1.398e+03  2.314e-02  4.112e-01
1.399e+03  2.314e-02  4.112e-01
1.400e+03  2.314e-02  4.112e-01
1.401e+03  2.314e-02  4.112e-01
1.402e+03  2.314e-02  4.112e-01
1.403e+03  2.314e-02  4.112e-01
1.404e+03  2.314e-02  4.112e-01
1.405e+03  2.314e-02  4.112e-01
1.406e+03  2.314e-02  4.112e-01
1.407e+03  2.314e-02  4.112e-01
1.408e+03  2.314e-02  4.112e-01
1.409e+03  2.314e-02  4.112e-01
1.410e+03  2.314e-02  4.112e-01
1.411e+03  2.314e-02  4.112e-01
1.412e+03  2.315e-02  4.112e-01
1.413e+03  2.315e-02  4.112e-01
1.414e+03  2.315e-02  4.112e-01
1.415e+03  2.315e-02  4.112e-01
1.416e+03  2.315e-02  4.112e-01
1.417e+03  2.315e-02  4.112e-01
1.418e+03  2.315e-02  4.112e-01
1.419e+03  2.315e-02  4.112e-01
1.420e+03  2.315e-02  4.112e-01
1.421e+03  2.315e-02  4.112e-01
1.422e+03  2.315e-02  4.112e-01
1.423e+03  2.315e-02  4.112e-01
1.424e+03  2.315e-02  4.112e-01
1.425e+03  2.315e-02  4.112e-01
1.426e+03  2.315e-02  4.112e-01
1.427e+03  2.315e-02  4.112e-01
1.428e+03  2.315e-02  4.112e-01
1.429e+03  2.315e-02  4.112e-01
1.430e+03  2.315e-02  4.112e-01
1.431e+03  2.315e-02  4.112e-01
1.432e+03  2.315e-02  4.112e-01
1.433e+03  2.315e-02  4.112e-01
1.434e+03  2.315e-02  4.112e-01
1.435e+03  2.315e-02  4.112e-01
1.436e+03  2.315e-02  4.112e-01
1.437e+03  2.315e-02  4.112e-01
1.438e+03  2.315e-02  4.112e-01
1.439e+03  2.315e-02  4.112e-01
1.440e+03  2.315e-02  4.112e-01
1.441e+03  2.315e-02  4.112e-01
1.442e+03  2.315e-02  4.112e-01
1.443e+03  2.315e-02  4.112e-01
1.444e+03  2.315e-02  4.112e-01
1.445e+03  2.315e-02  4.112e-01
1.446e+03  2.315e-02  4.112e-01
1.447e+03  2.315e-02  4.112e-01
1.448e+03  2.315e-02  4.112e-01
1.449e+03  2.315e-02  4.112e-01
1.450e+03  2.315e-02  4.112e-01
1.451e+03  2.315e-02  4.112e-01
1.452e+03  2.315e-02  4.112e-01
1.453e+03  2.315e-02  4.112e-01
1.454e+03  2.315e-02  4.112e-01
1.455e+03  2.315e-02  4.112e-01
1.456e+03  2.315e-02  4.112e-01
1.457e+03  2.315e-02  4.112e-01
1.458e+03  2.315e-02  4.112e-01
1.459e+03  2.315e-02  4.112e-01
1.460e+03  2.315e-02  4.112e-01
1.461e+03  2.315e-02  4.112e-01
1.462e+03  2.315e-02  4.112e-01
1.463e+03  2.315e-02  4.112e-01
1.464e+03  2.315e-02  4.112e-01
1.465e+03  2.315e-02  4.112e-01
1.466e+03  2.315e-02  4.112e-01
1.467e+03  2.315e-02  4.112e-01
1.468e+03  2.315e-02  4.112e-01
1.469e+03  2.315e-02  4.112e-01
1.470e+03  2.315e-02  4.112e-01
1.471e+03  2.315e-02  4.112e-01
1.472e+03  2.315e-02  4.112e-01
1.473e+03  2.315e-02  4.112e-01
1.474e+03  2.315e-02  4.112e-01
1.475e+03  2.315e-02  4.112e-01
1.476e+03  2.315e-02  4.112e-01
1.477e+03  2.315e-02  4.112e-01
1.478e+03  2.315e-02  4.112e-01
1.479e+03  2.315e-02  4.112e-01
1.480e+03  2.315e-02  4.112e-01
1.481e+03  2.315e-02  4.112e-01
1.482e+03  2.315e-02  4.112e-01
1.483e+03  2.315e-02  4.112e-01
1.484e+03  2.315e-02  4.112e-01
1.485e+03  2.315e-02  4.112e-01
1.486e+03  2.315e-02  4.112e-01
1.487e+03  2.315e-02  4.112e-01
1.488e+03  2.315e-02  4.112e-01
1.489e+03  2.315e-02  4.112e-01
1.490e+03  2.315e-02  4.112e-01
1.491e+03  2.315e-02  4.112e-01
1.492e+03  2.315e-02  4.112e-01
1.493e+03  2.315e-02  4.112e-01
1.494e+03  2.315e-02  4.112e-01
1.495e+03  2.315e-02  4.112e-01
1.496e+03  2.315e-02  4.112e-01
1.497e+03  2.315e-02  4.112e-01
1.498e+03  2.315e-02  4.112e-01
1.499e+03  2.315e-02  4.112e-01
1.500e+03  2.315e-02  4.112e-01
1.501e+03  2.315e-02  4.112e-01
1.502e+03  2.315e-02  4.112e-01
1.503e+03  2.315e-02  4.112e-01
1.504e+03  2.315e-02  4.112e-01
1.505e+03  2.315e-02  4.112e-01
1.506e+03  2.315e-02  4.112e-01
1.507e+03  2.315e-02  4.112e-01
1.508e+03  2.315e-02  4.112e-01
1.509e+03  2.315e-02  4.112e-01
1.510e+03  2.315e-02  4.112e-01
1.511e+03  2.315e-02  4.112e-01
1.512e+03  2.315e-02  4.112e-01
1.513e+03  2.315e-02  4.112e-01
1.514e+03  2.315e-02  4.112e-01
1.515e+03  2.315e-02  4.112e-01
1.516e+03  2.315e-02  4.112e-01
1.517e+03  2.315e-02  4.112e-01
1.518e+03  2.315e-02  4.112e-01
1.519e+03  2.315e-02  4.112e-01
1.520e+03  2.315e-02  4.112e-01
1.521e+03  2.315e-02  4.112e-01
1.522e+03  2.315e-02  4.112e-01
1.523e+03  2.315e-02  4.112e-01
1.524e+03  2.315e-02  4.112e-01
1.525e+03  2.315e-02  4.112e-01
1.526e+03  2.315e-02  4.112e-01
1.527e+03  2.315e-02  4.112e-01
1.528e+03  2.315e-02  4.112e-01
1.529e+03  2.315e-02  4.112e-01
1.530e+03  2.315e-02  4.112e-01
1.531e+03  2.315e-02  4.112e-01
1.532e+03  2.315e-02  4.112e-01
1.533e+03  2.315e-02  4.112e-01
1.534e+03  2.315e-02  4.112e-01
1.535e+03  2.315e-02  4.112e-01
1.536e+03  2.315e-02  4.112e-01
1.537e+03  2.315e-02  4.112e-01
1.538e+03  2.315e-02  4.112e-01
1.539e+03  2.315e-02  4.112e-01
1.540e+03  2.315e-02  4.112e-01
1.541e+03  2.315e-02  4.112e-01
1.542e+03  2.315e-02  4.112e-01
1.543e+03  2.315e-02  4.112e-01
1.544e+03  2.315e-02  4.112e-01
1.545e+03  2.315e-02  4.112e-01
1.546e+03  2.315e-02  4.112e-01
1.547e+03  2.315e-02  4.112e-01
1.548e+03  2.315e-02  4.112e-01
1.549e+03  2.315e-02  4.112e-01
1.550e+03  2.315e-02  4.112e-01
1.551e+03  2.315e-02  4.112e-01
1.552e+03  2.315e-02  4.112e-01
1.553e+03  2.315e-02  4.112e-01
1.554e+03  2.315e-02  4.112e-01
1.555e+03  2.315e-02  4.112e-01
1.556e+03  2.315e-02  4.112e-01
1.557e+03  2.315e-02  4.112e-01
1.558e+03  2.315e-02  4.112e-01
1.559e+03  2.315e-02  4.112e-01
1.560e+03  2.315e-02  4.112e-01
1.561e+03  2.315e-02  4.112e-01
1.562e+03  2.315e-02  4.112e-01
1.563e+03  2.315e-02  4.112e-01
1.564e+03  2.315e-02  4.112e-01
1.565e+03  2.315e-02  4.112e-01
1.566e+03  2.315e-02  4.112e-01
1.567e+03  2.315e-02  4.112e-01
1.568e+03  2.315e-02  4.112e-01
1.569e+03  2.315e-02  4.112e-01
1.570e+03  2.315e-02  4.112e-01
1.571e+03  2.315e-02  4.112e-01
1.572e+03  2.315e-02  4.112e-01
1.573e+03  2.315e-02  4.112e-01
1.574e+03  2.315e-02  4.112e-01
1.575e+03  2.315e-02  4.112e-01
1.576e+03  2.315e-02  4.112e-01
1.577e+03  2.315e-02  4.112e-01
1.578e+03  2.315e-02  4.112e-01
1.579e+03  2.315e-02  4.112e-01
1.580e+03  2.315e-02  4.112e-01
1.581e+03  2.315e-02  4.112e-01
1.582e+03  2.315e-02  4.112e-01
1.583e+03  2.315e-02  4.112e-01
1.584e+03  2.315e-02  4.112e-01
1.585e+03  2.315e-02  4.112e-01
1.586e+03  2.315e-02  4.112e-01
1.587e+03  2.315e-02  4.112e-01
1.588e+03  2.315e-02  4.112e-01
1.589e+03  2.315e-02  4.112e-01
1.590e+03  2.315e-02  4.112e-01
1.591e+03  2.315e-02  4.112e-01
1.592e+03  2.315e-02  4.112e-01
1.593e+03  2.315e-02  4.112e-01
1.594e+03  2.315e-02  4.112e-01
1.595e+03  2.315e-02  4.112e-01
1.596e+03  2.315e-02  4.112e-01
1.597e+03  2.315e-02  4.112e-01
1.598e+03  2.315e-02  4.112e-01
1.599e+03  2.315e-02  4.112e-01
1.600e+03  2.315e-02  4.112e-01
1.601e+03  2.315e-02  4.112e-01
1.602e+03  2.315e-02  4.112e-01
1.603e+03  2.315e-02  4.112e-01
1.604e+03  2.315e-02  4.112e-01
1.605e+03  2.315e-02  4.112e-01
1.606e+03  2.315e-02  4.112e-01
1.607e+03  2.315e-02  4.112e-01
1.608e+03  2.315e-02  4.112e-01
1.609e+03  2.315e-02  4.112e-01
1.610e+03  2.315e-02  4.112e-01
1.611e+03  2.315e-02  4.112e-01
1.612e+03  2.315e-02  4.112e-01
1.613e+03  2.315e-02  4.112e-01
1.614e+03  2.315e-02  4.112e-01
1.615e+03  2.315e-02  4.112e-01
1.616e+03  2.315e-02  4.112e-01
1.617e+03  2.315e-02  4.112e-01
1.618e+03  2.315e-02  4.112e-01
1.619e+03  2.315e-02  4.112e-01
1.620e+03  2.315e-02  4.112e-01
1.621e+03  2.315e-02  4.112e-01
1.622e+03  2.315e-02  4.112e-01
1.623e+03  2.315e-02  4.112e-01
1.624e+03  2.315e-02  4.112e-01
1.625e+03  2.315e-02  4.112e-01
1.626e+03  2.315e-02  4.112e-01
1.627e+03  2.315e-02  4.112e-01
1.628e+03  2.315e-02  4.112e-01
1.629e+03  2.315e-02  4.112e-01
1.630e+03  2.315e-02  4.112e-01
1.631e+03  2.315e-02  4.112e-01
1.632e+03  2.315e-02  4.112e-01
1.633e+03  2.315e-02  4.112e-01
1.634e+03  2.315e-02  4.112e-01
1.635e+03  2.315e-02  4.112e-01
1.636e+03  2.315e-02  4.112e-01
1.637e+03  2.315e-02  4.112e-01
1.638e+03  2.315e-02  4.112e-01
1.639e+03  2.315e-02  4.112e-01
1.640e+03  2.315e-02  4.112e-01
1.641e+03  2.315e-02  4.112e-01
1.642e+03  2.315e-02  4.112e-01
1.643e+03  2.315e-02  4.112e-01
1.644e+03  2.315e-02  4.112e-01
1.645e+03  2.315e-02  4.112e-01
1.646e+03  2.315e-02  4.112e-01
1.647e+03  2.315e-02  4.112e-01
1.648e+03  2.315e-02  4.112e-01
1.649e+03  2.315e-02  4.112e-01
1.650e+03  2.315e-02  4.112e-01
1.651e+03  2.315e-02  4.112e-01
1.652e+03  2.315e-02  4.112e-01
1.653e+03  2.315e-02  4.112e-01
1.654e+03  2.315e-02  4.112e-01
1.655e+03  2.315e-02  4.112e-01
1.656e+03  2.315e-02  4.112e-01
1.657e+03  2.315e-02  4.112e-01
1.658e+03  2.315e-02  4.112e-01
1.659e+03  2.315e-02  4.112e-01
1.660e+03  2.315e-02  4.112e-01
1.661e+03  2.315e-02  4.112e-01
1.662e+03  2.315e-02  4.112e-01
1.663e+03  2.315e-02  4.112e-01
1.664e+03  2.315e-02  4.112e-01
1.665e+03  2.315e-02  4.112e-01
1.666e+03  2.315e-02  4.112e-01
1.667e+03  2.315e-02  4.112e-01
1.668e+03  2.315e-02  4.112e-01
1.669e+03  2.315e-02  4.112e-01
1.670e+03  2.315e-02  4.112e-01
1.671e+03  2.315e-02  4.112e-01
1.672e+03  2.315e-02  4.112e-01
1.673e+03  2.315e-02  4.112e-01
1.674e+03  2.315e-02  4.112e-01
1.675e+03  2.315e-02  4.112e-01
1.676e+03  2.315e-02  4.112e-01
1.677e+03  2.315e-02  4.112e-01
1.678e+03  2.315e-02  4.112e-01
1.679e+03  2.315e-02  4.112e-01
1.680e+03  2.315e-02  4.112e-01
1.681e+03  2.315e-02  4.112e-01
1.682e+03  2.315e-02  4.112e-01
1.683e+03  2.315e-02  4.112e-01
1.684e+03  2.315e-02  4.112e-01
1.685e+03  2.315e-02  4.112e-01
1.686e+03  2.315e-02  4.112e-01
1.687e+03  2.315e-02  4.112e-01
1.688e+03  2.315e-02  4.112e-01
1.689e+03  2.316e-02  4.112e-01
1.690e+03  2.316e-02  4.112e-01
1.691e+03  2.316e-02  4.112e-01
1.692e+03  2.316e-02  4.112e-01
1.693e+03  2.316e-02  4.112e-01
1.694e+03  2.316e-02  4.112e-01
1.695e+03  2.316e-02  4.112e-01
1.696e+03  2.316e-02  4.112e-01
1.697e+03  2.316e-02  4.112e-01
1.698e+03  2.316e-02  4.112e-01
1.699e+03  2.316e-02  4.112e-01
1.700e+03  2.316e-02  4.112e-01
1.701e+03  2.316e-02  4.112e-01
1.702e+03  2.316e-02  4.112e-01
1.703e+03  2.316e-02  4.112e-01
1.704e+03  2.316e-02  4.112e-01
1.705e+03  2.316e-02  4.112e-01
1.706e+03  2.316e-02  4.112e-01
1.707e+03  2.316e-02  4.112e-01
1.708e+03  2.316e-02  4.112e-01
1.709e+03  2.316e-02  4.112e-01
1.710e+03  2.316e-02  4.112e-01
1.711e+03  2.316e-02  4.112e-01
1.712e+03  2.316e-02  4.112e-01
1.713e+03  2.316e-02  4.112e-01
1.714e+03  2.316e-02  4.112e-01
1.715e+03  2.316e-02  4.112e-01
1.716e+03  2.316e-02  4.112e-01
1.717e+03  2.316e-02  4.112e-01
1.718e+03  2.316e-02  4.112e-01
1.719e+03  2.316e-02  4.112e-01
1.720e+03  2.316e-02  4.112e-01
1.721e+03  2.316e-02  4.112e-01
1.722e+03  2.316e-02  4.112e-01
1.723e+03  2.316e-02  4.112e-01
1.724e+03  2.316e-02  4.112e-01
1.725e+03  2.316e-02  4.112e-01
1.726e+03  2.316e-02  4.112e-01
1.727e+03  2.316e-02  4.112e-01
1.728e+03  2.316e-02  4.112e-01
1.729e+03  2.316e-02  4.112e-01
1.730e+03  2.316e-02  4.112e-01
1.731e+03  2.316e-02  4.112e-01
1.732e+03  2.316e-02  4.112e-01
1.733e+03  2.316e-02  4.112e-01
1.734e+03  2.316e-02  4.112e-01
1.735e+03  2.316e-02  4.112e-01
1.736e+03  2.316e-02  4.112e-01
1.737e+03  2.316e-02  4.112e-01
1.738e+03  2.316e-02  4.112e-01
1.739e+03  2.316e-02  4.112e-01
1.740e+03  2.316e-02  4.112e-01
1.741e+03  2.316e-02  4.112e-01
1.742e+03  2.316e-02  4.112e-01
1.743e+03  2.316e-02  4.112e-01
1.744e+03  2.316e-02  4.112e-01
1.745e+03  2.316e-02  4.112e-01
1.746e+03  2.316e-02  4.112e-01
1.747e+03  2.316e-02  4.112e-01
1.748e+03  2.317e-02  4.112e-01
1.749e+03  2.317e-02  4.112e-01
1.750e+03  2.317e-02  4.112e-01
1.751e+03  2.317e-02  4.112e-01
1.752e+03  2.317e-02  4.112e-01
1.753e+03  2.317e-02  4.112e-01
1.754e+03  2.317e-02  4.112e-01
1.755e+03  2.317e-02  4.112e-01
1.756e+03  2.317e-02  4.112e-01
1.757e+03  2.317e-02  4.112e-01
1.758e+03  2.317e-02  4.112e-01
1.759e+03  2.317e-02  4.112e-01
1.760e+03  2.317e-02  4.112e-01
1.761e+03  2.317e-02  4.112e-01
1.762e+03  2.317e-02  4.112e-01
1.763e+03  2.317e-02  4.112e-01
1.764e+03  2.317e-02  4.112e-01
1.765e+03  2.317e-02  4.112e-01
1.766e+03  2.317e-02  4.112e-01
1.767e+03  2.317e-02  4.112e-01
1.768e+03  2.317e-02  4.112e-01
1.769e+03  2.317e-02  4.111e-01
1.770e+03  2.317e-02  4.111e-01
1.771e+03  2.317e-02  4.111e-01
1.772e+03  2.317e-02  4.111e-01
1.773e+03  2.317e-02  4.111e-01
1.774e+03  2.318e-02  4.111e-01
1.775e+03  2.318e-02  4.111e-01
1.776e+03  2.318e-02  4.111e-01
1.777e+03  2.318e-02  4.111e-01
1.778e+03  2.318e-02  4.111e-01
1.779e+03  2.318e-02  4.111e-01
1.780e+03  2.318e-02  4.111e-01
1.781e+03  2.318e-02  4.111e-01
1.782e+03  2.318e-02  4.111e-01
1.783e+03  2.318e-02  4.111e-01
1.784e+03  2.318e-02  4.111e-01
1.785e+03  2.318e-02  4.111e-01
1.786e+03  2.318e-02  4.111e-01
1.787e+03  2.318e-02  4.111e-01
1.788e+03  2.318e-02  4.111e-01
1.789e+03  2.318e-02  4.111e-01
1.790e+03  2.318e-02  4.111e-01
1.791e+03  2.319e-02  4.111e-01
1.792e+03  2.319e-02  4.111e-01
1.793e+03  2.319e-02  4.111e-01
1.794e+03  2.319e-02  4.111e-01
1.795e+03  2.319e-02  4.111e-01
1.796e+03  2.319e-02  4.111e-01
1.797e+03  2.319e-02  4.111e-01
1.798e+03  2.319e-02  4.111e-01
1.799e+03  2.319e-02  4.111e-01
1.800e+03  2.319e-02  4.111e-01
1.801e+03  2.319e-02  4.111e-01
1.802e+03  2.319e-02  4.111e-01
1.803e+03  2.319e-02  4.111e-01
1.804e+03  2.320e-02  4.111e-01
1.805e+03  2.320e-02  4.111e-01
1.806e+03  2.320e-02  4.111e-01
1.807e+03  2.320e-02  4.111e-01
1.808e+03  2.320e-02  4.111e-01
1.809e+03  2.320e-02  4.111e-01
1.810e+03  2.320e-02  4.111e-01
1.811e+03  2.320e-02  4.111e-01
1.812e+03  2.320e-02  4.111e-01
1.813e+03  2.320e-02  4.111e-01
1.814e+03  2.321e-02  4.111e-01
1.815e+03  2.321e-02  4.111e-01
1.816e+03  2.321e-02  4.111e-01
1.817e+03  2.321e-02  4.111e-01
1.818e+03  2.321e-02  4.111e-01
1.819e+03  2.321e-02  4.111e-01
1.820e+03  2.321e-02  4.111e-01
1.821e+03  2.321e-02  4.111e-01
1.822e+03  2.322e-02  4.111e-01
1.823e+03  2.322e-02  4.111e-01
1.824e+03  2.322e-02  4.111e-01
1.825e+03  2.322e-02  4.111e-01
1.826e+03  2.322e-02  4.111e-01
1.827e+03  2.322e-02  4.111e-01
1.828e+03  2.322e-02  4.111e-01
1.829e+03  2.323e-02  4.111e-01
1.830e+03  2.323e-02  4.111e-01
1.831e+03  2.323e-02  4.111e-01
1.832e+03  2.323e-02  4.111e-01
1.833e+03  2.323e-02  4.111e-01
1.834e+03  2.323e-02  4.111e-01
1.835e+03  2.323e-02  4.111e-01
1.836e+03  2.324e-02  4.111e-01
1.837e+03  2.324e-02  4.111e-01
1.838e+03  2.324e-02  4.111e-01
1.839e+03  2.324e-02  4.111e-01
1.840e+03  2.324e-02  4.111e-01
1.841e+03  2.325e-02  4.111e-01
1.842e+03  2.325e-02  4.110e-01
1.843e+03  2.325e-02  4.110e-01
1.844e+03  2.325e-02  4.110e-01
1.845e+03  2.325e-02  4.110e-01
1.846e+03  2.326e-02  4.110e-01
1.847e+03  2.326e-02  4.110e-01
1.848e+03  2.326e-02  4.110e-01
1.849e+03  2.326e-02  4.110e-01
1.850e+03  2.326e-02  4.110e-01
1.851e+03  2.327e-02  4.110e-01
1.852e+03  2.327e-02  4.110e-01
1.853e+03  2.327e-02  4.110e-01
1.854e+03  2.327e-02  4.110e-01
1.855e+03  2.328e-02  4.110e-01
1.856e+03  2.328e-02  4.110e-01
1.857e+03  2.328e-02  4.110e-01
1.858e+03  2.328e-02  4.110e-01
1.859e+03  2.329e-02  4.110e-01
1.860e+03  2.329e-02  4.110e-01
1.861e+03  2.329e-02  4.110e-01
1.862e+03  2.330e-02  4.110e-01
1.863e+03  2.330e-02  4.110e-01
1.864e+03  2.330e-02  4.110e-01
1.865e+03  2.330e-02  4.110e-01
1.866e+03  2.331e-02  4.110e-01
1.867e+03  2.331e-02  4.110e-01
1.868e+03  2.331e-02  4.110e-01
1.869e+03  2.332e-02  4.110e-01
1.870e+03  2.332e-02  4.110e-01
1.871e+03  2.332e-02  4.109e-01
1.872e+03  2.333e-02  4.109e-01
1.873e+03  2.333e-02  4.109e-01
1.874e+03  2.334e-02  4.109e-01
1.875e+03  2.334e-02  4.109e-01
1.876e+03  2.334e-02  4.109e-01
1.877e+03  2.335e-02  4.109e-01
1.878e+03  2.335e-02  4.109e-01
1.879e+03  2.336e-02  4.109e-01
1.880e+03  2.336e-02  4.109e-01
1.881e+03  2.336e-02  4.109e-01
1.882e+03  2.337e-02  4.109e-01
1.883e+03  2.337e-02  4.109e-01
1.884e+03  2.338e-02  4.109e-01
1.885e+03  2.338e-02  4.109e-01
1.886e+03  2.339e-02  4.109e-01
1.887e+03  2.339e-02  4.109e-01
1.888e+03  2.340e-02  4.109e-01
1.889e+03  2.340e-02  4.108e-01
1.890e+03  2.341e-02  4.108e-01
1.891e+03  2.341e-02  4.108e-01
1.892e+03  2.342e-02  4.108e-01
1.893e+03  2.342e-02  4.108e-01
1.894e+03  2.343e-02  4.108e-01
1.895e+03  2.343e-02  4.108e-01
1.896e+03  2.344e-02  4.108e-01
1.897e+03  2.344e-02  4.108e-01
1.898e+03  2.345e-02  4.108e-01
1.899e+03  2.346e-02  4.108e-01
1.900e+03  2.346e-02  4.108e-01
1.901e+03  2.347e-02  4.108e-01
1.902e+03  2.348e-02  4.107e-01
1.903e+03  2.348e-02  4.107e-01
1.904e+03  2.349e-02  4.107e-01
1.905e+03  2.350e-02  4.107e-01
1.906e+03  2.350e-02  4.107e-01
1.907e+03  2.351e-02  4.107e-01
1.908e+03  2.352e-02  4.107e-01
1.909e+03  2.353e-02  4.107e-01
1.910e+03  2.353e-02  4.107e-01
1.911e+03  2.354e-02  4.107e-01
1.912e+03  2.355e-02  4.106e-01
1.913e+03  2.356e-02  4.106e-01
1.914e+03  2.357e-02  4.106e-01
1.915e+03  2.357e-02  4.106e-01
1.916e+03  2.358e-02  4.106e-01
1.917e+03  2.359e-02  4.106e-01
1.918e+03  2.360e-02  4.106e-01
1.919e+03  2.361e-02  4.106e-01
1.920e+03  2.362e-02  4.106e-01
1.921e+03  2.363e-02  4.105e-01
1.922e+03  2.364e-02  4.105e-01
1.923e+03  2.365e-02  4.105e-01
1.924e+03  2.366e-02  4.105e-01
1.925e+03  2.367e-02  4.105e-01
1.926e+03  2.368e-02  4.105e-01
1.927e+03  2.369e-02  4.105e-01
1.928e+03  2.370e-02  4.104e-01
1.929e+03  2.371e-02  4.104e-01
1.930e+03  2.372e-02  4.104e-01
1.931e+03  2.374e-02  4.104e-01
1.932e+03  2.375e-02  4.104e-01
1.933e+03  2.376e-02  4.104e-01
1.934e+03  2.377e-02  4.103e-01
1.935e+03  2.379e-02  4.103e-01
1.936e+03  2.380e-02  4.103e-01
1.937e+03  2.381e-02  4.103e-01
1.938e+03  2.383e-02  4.103e-01
1.939e+03  2.384e-02  4.103e-01
1.940e+03  2.385e-02  4.102e-01
1.941e+03  2.387e-02  4.102e-01
1.942e+03  2.388e-02  4.102e-01
1.943e+03  2.390e-02  4.102e-01
1.944e+03  2.391e-02  4.102e-01
1.945e+03  2.393e-02  4.101e-01
1.946e+03  2.395e-02  4.101e-01
1.947e+03  2.396e-02  4.101e-01
1.948e+03  2.398e-02  4.101e-01
1.949e+03  2.400e-02  4.100e-01
1.950e+03  2.401e-02  4.100e-01
1.951e+03  2.403e-02  4.100e-01
1.952e+03  2.405e-02  4.100e-01
1.953e+03  2.407e-02  4.100e-01
1.954e+03  2.409e-02  4.099e-01
1.955e+03  2.411e-02  4.099e-01
1.956e+03  2.413e-02  4.099e-01
1.957e+03  2.415e-02  4.098e-01
1.958e+03  2.417e-02  4.098e-01
1.959e+03  2.419e-02  4.098e-01
1.960e+03  2.421e-02  4.098e-01
1.961e+03  2.423e-02  4.097e-01
1.962e+03  2.425e-02  4.097e-01
1.963e+03  2.428e-02  4.097e-01
1.964e+03  2.430e-02  4.096e-01
1.965e+03  2.433e-02  4.096e-01
1.966e+03  2.435e-02  4.096e-01
1.967e+03  2.437e-02  4.095e-01
1.968e+03  2.440e-02  4.095e-01
1.969e+03  2.443e-02  4.095e-01
1.970e+03  2.445e-02  4.094e-01
1.971e+03  2.448e-02  4.094e-01
1.972e+03  2.451e-02  4.094e-01
1.973e+03  2.454e-02  4.093e-01
1.974e+03  2.456e-02  4.093e-01
1.975e+03  2.459e-02  4.093e-01
1.976e+03  2.462e-02  4.092e-01
1.977e+03  2.466e-02  4.092e-01
1.978e+03  2.469e-02  4.091e-01
1.979e+03  2.472e-02  4.091e-01
1.980e+03  2.475e-02  4.090e-01
1.981e+03  2.479e-02  4.090e-01
1.982e+03  2.482e-02  4.090e-01
1.983e+03  2.486e-02  4.089e-01
1.984e+03  2.489e-02  4.089e-01
1.985e+03  2.493e-02  4.088e-01
1.986e+03  2.497e-02  4.088e-01
1.987e+03  2.500e-02  4.087e-01
1.988e+03  2.504e-02  4.087e-01
1.989e+03  2.508e-02  4.086e-01
1.990e+03  2.512e-02  4.086e-01
1.991e+03  2.517e-02  4.085e-01
1.992e+03  2.521e-02  4.084e-01
1.993e+03  2.525e-02  4.084e-01
1.994e+03  2.530e-02  4.083e-01
1.995e+03  2.534e-02  4.083e-01
1.996e+03  2.539e-02  4.082e-01
1.997e+03  2.544e-02  4.081e-01
1.998e+03  2.549e-02  4.081e-01
1.999e+03  2.554e-02  4.080e-01
2.000e+03  2.559e-02  4.079e-01
2.001e+03  2.564e-02  4.079e-01
2.002e+03  2.569e-02  4.078e-01
2.003e+03  2.575e-02  4.077e-01
2.004e+03  2.580e-02  4.077e-01
2.005e+03  2.586e-02  4.076e-01
2.006e+03  2.592e-02  4.075e-01
2.007e+03  2.598e-02  4.074e-01
2.008e+03  2.604e-02  4.074e-01
2.009e+03  2.610e-02  4.073e-01
2.010e+03  2.616e-02  4.072e-01
2.011e+03  2.623e-02  4.071e-01
2.012e+03  2.630e-02  4.070e-01
2.013e+03  2.636e-02  4.069e-01
2.014e+03  2.643e-02  4.068e-01
2.015e+03  2.651e-02  4.067e-01
2.016e+03  2.658e-02  4.066e-01
2.017e+03  2.665e-02  4.066e-01
2.018e+03  2.673e-02  4.065e-01
2.019e+03  2.681e-02  4.063e-01
2.020e+03  2.689e-02  4.062e-01
2.021e+03  2.697e-02  4.061e-01
2.022e+03  2.706e-02  4.060e-01
2.023e+03  2.714e-02  4.059e-01
2.024e+03  2.723e-02  4.058e-01
2.025e+03  2.732e-02  4.057e-01
2.026e+03  2.741e-02  4.056e-01
2.027e+03  2.751e-02  4.054e-01
2.028e+03  2.761e-02  4.053e-01
2.029e+03  2.770e-02  4.052e-01
2.030e+03  2.781e-02  4.051e-01
2.031e+03  2.791e-02  4.049e-01
2.032e+03  2.802e-02  4.048e-01
2.033e+03  2.813e-02  4.047e-01
2.034e+03  2.824e-02  4.045e-01
2.035e+03  2.835e-02  4.044e-01
2.036e+03  2.847e-02  4.042e-01
2.037e+03  2.859e-02  4.041e-01
2.038e+03  2.872e-02  4.039e-01
2.039e+03  2.884e-02  4.037e-01
2.040e+03  2.897e-02  4.036e-01
2.041e+03  2.911e-02  4.034e-01
2.042e+03  2.924e-02  4.032e-01
2.043e+03  2.938e-02  4.031e-01
2.044e+03  2.953e-02  4.029e-01
2.045e+03  2.968e-02  4.027e-01
2.046e+03  2.983e-02  4.025e-01
2.047e+03  2.998e-02  4.023e-01
2.048e+03  3.014e-02  4.021e-01
2.049e+03  3.030e-02  4.019e-01
2.050e+03  3.047e-02  4.017e-01
2.051e+03  3.065e-02  4.015e-01
2.052e+03  3.082e-02  4.012e-01
2.053e+03  3.100e-02  4.010e-01
2.054e+03  3.119e-02  4.008e-01
2.055e+03  3.138e-02  4.005e-01
2.056e+03  3.158e-02  4.003e-01
2.057e+03  3.178e-02  4.000e-01
2.058e+03  3.199e-02  3.998e-01
2.059e+03  3.220e-02  3.995e-01
2.060e+03  3.242e-02  3.993e-01
2.061e+03  3.265e-02  3.990e-01
2.062e+03  3.288e-02  3.987e-01
2.063e+03  3.312e-02  3.984e-01
2.064e+03  3.336e-02  3.981e-01
2.065e+03  3.361e-02  3.978e-01
2.066e+03  3.387e-02  3.975e-01
2.067e+03  3.414e-02  3.972e-01
2.068e+03  3.441e-02  3.968e-01
2.069e+03  3.470e-02  3.965e-01
2.070e+03  3.499e-02  3.961e-01
2.071e+03  3.529e-02  3.958e-01
2.072e+03  3.560e-02  3.954e-01
2.073e+03  3.591e-02  3.950e-01
2.074e+03  3.624e-02  3.946e-01
2.075e+03  3.658e-02  3.942e-01
2.076e+03  3.693e-02  3.938e-01
2.077e+03  3.728e-02  3.934e-01
2.078e+03  3.765e-02  3.929e-01
2.079e+03  3.803e-02  3.925e-01
2.080e+03  3.843e-02  3.920e-01
2.081e+03  3.883e-02  3.915e-01
2.082e+03  3.925e-02  3.911e-01
2.083e+03  3.968e-02  3.906e-01
2.084e+03  4.013e-02  3.900e-01
2.085e+03  4.059e-02  3.895e-01
2.086e+03  4.106e-02  3.890e-01
2.087e+03  4.155e-02  3.884e-01
2.088e+03  4.206e-02  3.878e-01
2.089e+03  4.259e-02  3.872e-01
2.090e+03  4.313e-02  3.866e-01
2.091e+03  4.369e-02  3.860e-01
2.092e+03  4.427e-02  3.853e-01
2.093e+03  4.487e-02  3.846e-01
2.094e+03  4.549e-02  3.839e-01
2.095e+03  4.613e-02  3.832e-01
2.096e+03  4.680e-02  3.825e-01
2.097e+03  4.749e-02  3.817e-01
2.098e+03  4.821e-02  3.809e-01
2.099e+03  4.895e-02  3.801e-01
2.100e+03  4.972e-02  3.793e-01
2.101e+03  5.051e-02  3.784e-01
2.102e+03  5.134e-02  3.775e-01
2.103e+03  5.220e-02  3.766e-01
2.104e+03  5.309e-02  3.756e-01
2.105e+03  5.401e-02  3.746e-01
2.106e+03  5.498e-02  3.736e-01
2.107e+03  5.598e-02  3.726e-01
2.108e+03  5.701e-02  3.715e-01
2.109e+03  5.809e-02  3.704e-01
2.110e+03  5.922e-02  3.692e-01
2.111e+03  6.039e-02  3.680e-01
2.112e+03  6.160e-02  3.668e-01
2.113e+03  6.287e-02  3.655e-01
2.114e+03  6.419e-02  3.642e-01
2.115e+03  6.557e-02  3.628e-01
2.116e+03  6.700e-02  3.614e-01
2.117e+03  6.850e-02  3.599e-01
2.118e+03  7.006e-02  3.584e-01
2.119e+03  7.169e-02  3.568e-01
2.120e+03  7.339e-02  3.552e-01
2.121e+03  7.517e-02  3.535e-01
2.122e+03  7.702e-02  3.517e-01
2.123e+03  7.896e-02  3.499e-01
2.124e+03  8.099e-02  3.480e-01
2.125e+03  8.311e-02  3.461e-01
2.126e+03  8.534e-02  3.440e-01
2.127e+03  8.766e-02  3.420e-01
2.128e+03  9.010e-02  3.398e-01
2.129e+03  9.265e-02  3.375e-01
2.130e+03  9.532e-02  3.352e-01
2.131e+03  9.812e-02  3.328e-01
2.132e+03  1.011e-01  3.303e-01
2.133e+03  1.041e-01  3.277e-01
2.134e+03  1.074e-01  3.250e-01
2.135e+03  1.108e-01  3.222e-01
2.136e+03  1.143e-01  3.193e-01
2.137e+03  1.181e-01  3.163e-01
2.138e+03  1.220e-01  3.132e-01
2.139e+03  1.262e-01  3.100e-01
2.140e+03  1.305e-01  3.067e-01
2.141e+03  1.351e-01  3.032e-01
2.142e+03  1.399e-01  2.997e-01
2.143e+03  1.449e-01  2.960e-01
2.144e+03  1.502e-01  2.921e-01
2.145e+03  1.558e-01  2.882e-01
2.146e+03  1.617e-01  2.841e-01
2.147e+03  1.679e-01  2.799e-01
2.148e+03  1.744e-01  2.755e-01
2.149e+03  1.812e-01  2.710e-01
2.150e+03  1.884e-01  2.664e-01
2.151e+03  1.960e-01  2.616e-01
2.152e+03  2.039e-01  2.566e-01
2.153e+03  2.123e-01  2.516e-01
2.154e+03  2.210e-01  2.463e-01
2.155e+03  2.303e-01  2.410e-01
2.156e+03  2.399e-01  2.355e-01
2.157e+03  2.501e-01  2.298e-01
2.158e+03  2.607e-01  2.241e-01
2.159e+03  2.718e-01  2.182e-01
2.160e+03  2.835e-01  2.122e-01
2.161e+03  2.956e-01  2.060e-01
2.162e+03  3.083e-01  1.998e-01
2.163e+03  3.216e-01  1.935e-01
2.164e+03  3.354e-01  1.870e-01
2.165e+03  3.497e-01  1.805e-01
2.166e+03  3.646e-01  1.740e-01
2.167e+03  3.801e-01  1.673e-01
2.168e+03  3.961e-01  1.607e-01
2.169e+03  4.126e-01  1.540e-01
2.170e+03  4.296e-01  1.473e-01
2.171e+03  4.471e-01  1.406e-01
2.172e+03  4.650e-01  1.340e-01
2.173e+03  4.834e-01  1.274e-01
2.174e+03  5.021e-01  1.209e-01
2.175e+03  5.212e-01  1.144e-01
2.176e+03  5.406e-01  1.081e-01
2.177e+03  5.601e-01  1.018e-01
2.178e+03  5.799e-01  9.575e-02
2.179e+03  5.997e-01  8.982e-02
2.180e+03  6.195e-01  8.404e-02
2.181e+03  6.393e-01  7.845e-02
2.182e+03  6.590e-01  7.305e-02
2.183e+03  6.785e-01  6.786e-02
2.184e+03  6.977e-01  6.288e-02
2.185e+03  7.166e-01  5.812e-02
2.186e+03  7.350e-01  5.359e-02
2.187e+03  7.530e-01  4.929e-02
2.188e+03  7.704e-01  4.522e-02
2.189e+03  7.873e-01  4.139e-02
2.190e+03  8.035e-01  3.778e-02
2.191e+03  8.190e-01  3.441e-02
2.192e+03  8.338e-01  3.126e-02
2.193e+03  8.478e-01  2.833e-02
2.194e+03  8.610e-01  2.562e-02
2.195e+03  8.735e-01  2.311e-02
2.196e+03  8.852e-01  2.080e-02
2.197e+03  8.961e-01  1.867e-02
2.198e+03  9.062e-01  1.673e-02
2.199e+03  9.156e-01  1.495e-02
2.200e+03  9.243e-01  1.334e-02
2.201e+03  9.322e-01  1.187e-02
2.202e+03  9.395e-01  1.054e-02
2.203e+03  9.461e-01  9.344e-03
2.204e+03  9.521e-01  8.265e-03
2.205e+03  9.576e-01  7.296e-03
2.206e+03  9.625e-01  6.428e-03
2.207e+03  9.669e-01  5.652e-03
2.208e+03  9.709e-01  4.961e-03
2.209e+03  9.744e-01  4.347e-03
2.210e+03  9.776e-01  3.802e-03
2.211e+03  9.804e-01  3.320e-03
2.212e+03  9.829e-01  2.894e-03
2.213e+03  9.851e-01  2.519e-03
2.214e+03  9.870e-01  2.189e-03
2.215e+03  9.887e-01  1.899e-03
2.216e+03  9.902e-01  1.646e-03
2.217e+03  9.915e-01  1.424e-03
2.218e+03  9.927e-01  1.230e-03
2.219e+03  9.937e-01  1.061e-03
2.220e+03  9.945e-01  9.147e-04
2.221e+03  9.953e-01  7.872e-04
2.222e+03  9.960e-01  6.768e-04
2.223e+03  9.965e-01  5.811e-04
2.224e+03  9.970e-01  4.984e-04
2.225e+03  9.974e-01  4.270e-04
2.226e+03  9.978e-01  3.655e-04
2.227e+03  9.981e-01  3.125e-04
2.228e+03  9.984e-01  2.669e-04
2.229e+03  9.986e-01  2.278e-04
2.230e+03  9.988e-01  1.942e-04
2.231e+03  9.990e-01  1.654e-04
2.232e+03  9.992e-01  1.408e-04
2.233e+03  9.993e-01  1.197e-04
2.234e+03  9.994e-01  1.017e-04
2.235e+03  9.995e-01  8.635e-05
2.236e+03  9.996e-01  7.325e-05
2.237e+03  9.996e-01  6.210e-05
2.238e+03  9.997e-01  5.260e-05
2.239e+03  9.997e-01  4.453e-05
2.240e+03  9.998e-01  3.766e-05
2.241e+03  9.998e-01  3.184e-05
2.242e+03  9.998e-01  2.690e-05
2.243e+03  9.999e-01  2.271e-05
2.244e+03  9.999e-01  1.916e-05
2.245e+03  9.999e-01  1.615e-05
2.246e+03  9.999e-01  1.361e-05
2.247e+03  9.999e-01  1.146e-05
2.248e+03  9.999e-01  9.650e-06
2.249e+03  1.000e+00  8.118e-06
2.250e+03  1.000e+00  6.826e-06
2.251e+03  1.000e+00  5.736e-06
2.252e+03  1.000e+00  4.818e-06
2.253e+03  1.000e+00  4.044e-06
2.254e+03  1.000e+00  3.393e-06
2.255e+03  1.000e+00  2.846e-06
2.256e+03  1.000e+00  2.385e-06
2.257e+03  1.000e+00  1.998e-06
2.258e+03  1.000e+00  1.673e-06
2.259e+03  1.000e+00  1.401e-06
2.260e+03  1.000e+00  1.172e-06
2.261e+03  1.000e+00  9.799e-07
2.262e+03  1.000e+00  8.190e-07
2.263e+03  1.000e+00  6.843e-07
2.264e+03  1.000e+00  5.715e-07
2.265e+03  1.000e+00  4.771e-07
2.266e+03  1.000e+00  3.981e-07
2.267e+03  1.000e+00  3.320e-07
2.268e+03  1.000e+00  2.768e-07
2.269e+03  1.000e+00  2.307e-07
2.270e+03  1.000e+00  1.922e-07
2.271e+03  1.000e+00  1.600e-07
2.272e+03  1.000e+00  1.332e-07
2.273e+03  1.000e+00  1.108e-07
2.274e+03  1.000e+00  9.217e-08
2.275e+03  1.000e+00  7.663e-08
2.276e+03  1.000e+00  6.369e-08
2.277e+03  1.000e+00  5.291e-08
2.278e+03  1.000e+00  4.394e-08
2.279e+03  1.000e+00  3.648e-08
2.280e+03  1.000e+00  3.027e-08
2.281e+03  1.000e+00  2.511e-08
2.282e+03  1.000e+00  2.082e-08
2.283e+03  1.000e+00  1.726e-08
2.284e+03  1.000e+00  1.430e-08
2.285e+03  1.000e+00  1.185e-08
2.286e+03  1.000e+00  9.810e-09
2.287e+03  1.000e+00  8.120e-09
2.288e+03  1.000e+00  6.719e-09
2.289e+03  1.000e+00  5.558e-09
2.290e+03  1.000e+00  4.596e-09
2.291e+03  1.000e+00  3.799e-09
2.292e+03  1.000e+00  3.140e-09
2.293e+03  1.000e+00  2.593e-09
2.294e+03  1.000e+00  2.142e-09
2.295e+03  1.000e+00  1.768e-09
2.296e+03  1.000e+00  1.459e-09
2.297e+03  1.000e+00  1.204e-09
2.298e+03  1.000e+00  9.926e-10
2.299e+03  1.000e+00  8.184e-10
2.300e+03  1.000e+00  6.745e-10
2.301e+03  1.000e+00  5.557e-10
2.302e+03  1.000e+00  4.577e-10
2.303e+03  1.000e+00  3.769e-10
2.304e+03  1.000e+00  3.102e-10
2.305e+03  1.000e+00  2.552e-10
2.306e+03  1.000e+00  2.100e-10
2.307e+03  1.000e+00  1.727e-10
2.308e+03  1.000e+00  1.419e-10
2.309e+03  1.000e+00  1.166e-10
2.310e+03  1.000e+00  9.583e-11
2.311e+03  1.000e+00  7.871e-11
2.312e+03  1.000e+00  6.462e-11
2.313e+03  1.000e+00  5.304e-11
2.314e+03  1.000e+00  4.352e-11
2.315e+03  1.000e+00  3.570e-11
2.316e+03  1.000e+00  2.928e-11
2.317e+03  1.000e+00  2.400e-11
2.318e+03  1.000e+00  1.967e-11
2.319e+03  1.000e+00  1.612e-11
2.320e+03  1.000e+00  1.320e-11
2.321e+03  1.000e+00  1.081e-11
2.322e+03  1.000e+00  8.849e-12
2.323e+03  1.000e+00  7.241e-12
2.324e+03  1.000e+00  5.924e-12
2.325e+03  1.000e+00  4.845e-12
2.326e+03  1.000e+00  3.961e-12
2.327e+03  1.000e+00  3.238e-12
2.328e+03  1.000e+00  2.646e-12
2.329e+03  1.000e+00  2.161e-12
2.330e+03  1.000e+00  1.765e-12
2.331e+03  1.000e+00  1.441e-12
2.332e+03  1.000e+00  1.176e-12
2.333e+03  1.000e+00  9.597e-13
2.334e+03  1.000e+00  7.829e-13
2.335e+03  1.000e+00  6.384e-13
2.336e+03  1.000e+00  5.205e-13
2.337e+03  1.000e+00  4.242e-13
2.338e+03  1.000e+00  3.456e-13
2.339e+03  1.000e+00  2.815e-13
2.340e+03  1.000e+00  2.293e-13
2.341e+03  1.000e+00  1.866e-13
2.342e+03  1.000e+00  1.519e-13
2.343e+03  1.000e+00  1.236e-13
2.344e+03  1.000e+00  1.005e-13
2.345e+03  1.000e+00  8.174e-14
2.346e+03  1.000e+00  6.645e-14
2.347e+03  1.000e+00  5.401e-14
2.348e+03  1.000e+00  4.388e-14
2.349e+03  1.000e+00  3.564e-14
2.350e+03  1.000e+00  2.894e-14
2.351e+03  1.000e+00  2.350e-14
2.352e+03  1.000e+00  1.907e-14
2.353e+03  1.000e+00  1.547e-14
2.354e+03  1.000e+00  1.255e-14
2.355e+03  1.000e+00  1.018e-14
2.356e+03  1.000e+00  8.250e-15
2.357e+03  1.000e+00  6.686e-15
2.358e+03  1.000e+00  5.417e-15
2.359e+03  1.000e+00  4.388e-15
2.360e+03  1.000e+00  3.554e-15
2.361e+03  1.000e+00  2.877e-15
2.362e+03  1.000e+00  2.328e-15
2.363e+03  1.000e+00  1.884e-15
2.364e+03  1.000e+00  1.524e-15
2.365e+03  1.000e+00  1.232e-15
2.366e+03  1.000e+00  9.964e-16
2.367e+03  1.000e+00  8.053e-16
2.368e+03  1.000e+00  6.507e-16
2.369e+03  1.000e+00  5.257e-16
2.370e+03  1.000e+00  4.245e-16
2.371e+03  1.000e+00  3.428e-16
2.372e+03  1.000e+00  2.767e-16
2.373e+03  1.000e+00  2.232e-16
2.374e+03  1.000e+00  1.801e-16
2.375e+03  1.000e+00  1.452e-16
2.376e+03  1.000e+00  1.171e-16
2.377e+03  1.000e+00  9.440e-17
2.378e+03  1.000e+00  7.607e-17
2.379e+03  1.000e+00  6.129e-17
2.380e+03  1.000e+00  4.936e-17
2.381e+03  1.000e+00  3.975e-17
2.382e+03  1.000e+00  3.200e-17
2.383e+03  1.000e+00  2.575e-17
2.384e+03  1.000e+00  2.072e-17
2.385e+03  1.000e+00  1.666e-17
2.386e+03  1.000e+00  1.340e-17
2.387e+03  1.000e+00  1.077e-17
2.388e+03  1.000e+00  8.659e-18
2.389e+03  1.000e+00  6.957e-18
2.390e+03  1.000e+00  5.589e-18
2.391e+03  1.000e+00  4.488e-18
2.392e+03  1.000e+00  3.603e-18
2.393e+03  1.000e+00  2.892e-18
2.394e+03  1.000e+00  2.321e-18
2.395e+03  1.000e+00  1.862e-18
2.396e+03  1.000e+00  1.493e-18
2.397e+03  1.000e+00  1.197e-18
2.398e+03  1.000e+00  9.597e-19
2.399e+03  1.000e+00  7.691e-19
2.400e+03  1.000e+00  6.162e-19
2.401e+03  1.000e+00  4.935e-19
2.402e+03  1.000e+00  3.952e-19
2.403e+03  1.000e+00  3.164e-19
2.404e+03  1.000e+00  2.532e-19
2.405e+03  1.000e+00  2.026e-19
2.406e+03  1.000e+00  1.621e-19
2.407e+03  1.000e+00  1.296e-19
2.408e+03  1.000e+00  1.036e-19
2.409e+03  1.000e+00  8.282e-20
2.410e+03  1.000e+00  6.618e-20
2.411e+03  1.000e+00  5.287e-20
2.412e+03  1.000e+00  4.223e-20
2.413e+03  1.000e+00  3.372e-20
2.414e+03  1.000e+00  2.691e-20
2.415e+03  1.000e+00  2.148e-20
2.416e+03  1.000e+00  1.714e-20
2.417e+03  1.000e+00  1.367e-20
2.418e+03  1.000e+00  1.090e-20
2.419e+03  1.000e+00  8.689e-21
2.420e+03  1.000e+00  6.925e-21
2.421e+03  1.000e+00  5.518e-21
2.422e+03  1.000e+00  4.396e-21
2.423e+03  1.000e+00  3.501e-21
2.424e+03  1.000e+00  2.787e-21
2.425e+03  1.000e+00  2.219e-21
2.426e+03  1.000e+00  1.766e-21
2.427e+03  1.000e+00  1.405e-21
2.428e+03  1.000e+00  1.117e-21
2.429e+03  1.000e+00  8.883e-22
2.430e+03  1.000e+00  7.062e-22
2.431e+03  1.000e+00  5.612e-22
2.432e+03  1.000e+00  4.459e-22
2.433e+03  1.000e+00  3.542e-22
2.434e+03  1.000e+00  2.813e-22
2.435e+03  1.000e+00  2.233e-22
2.436e+03  1.000e+00  1.773e-22
2.437e+03  1.000e+00  1.407e-22
2.438e+03  1.000e+00  1.116e-22
2.439e+03  1.000e+00  8.851e-23
2.440e+03  1.000e+00  7.018e-23
2.441e+03  1.000e+00  5.564e-23
2.442e+03  1.000e+00  4.409e-23
2.443e+03  1.000e+00  3.493e-23
2.444e+03  1.000e+00  2.767e-23
2.445e+03  1.000e+00  2.191e-23
2.446e+03  1.000e+00  1.735e-23
2.447e+03  1.000e+00  1.373e-23
2.448e+03  1.000e+00  1.087e-23
2.449e+03  1.000e+00  8.596e-24
2.450e+03  1.000e+00  6.799e-24
2.451e+03  1.000e+00  5.376e-24
2.452e+03  1.000e+00  4.250e-24
2.453e+03  1.000e+00  3.358e-24
2.454e+03  1.000e+00  2.653e-24
2.455e+03  1.000e+00  2.096e-24
2.456e+03  1.000e+00  1.655e-24
2.457e+03  1.000e+00  1.307e-24
2.458e+03  1.000e+00  1.031e-24
2.459e+03  1.000e+00  8.139e-25
2.460e+03  1.000e+00  6.421e-25
2.461e+03  1.000e+00  5.064e-25
2.462e+03  1.000e+00  3.993e-25
2.463e+03  1.000e+00  3.148e-25
2.464e+03  1.000e+00  2.481e-25
2.465e+03  1.000e+00  1.954e-25
2.466e+03  1.000e+00  1.539e-25
2.467e+03  1.000e+00  1.212e-25
2.468e+03  1.000e+00  9.545e-26
2.469e+03  1.000e+00  7.513e-26
2.470e+03  1.000e+00  5.912e-26
2.471e+03  1.000e+00  4.651e-26
2.472e+03  1.000e+00  3.658e-26
2.473e+03  1.000e+00  2.876e-26
2.474e+03  1.000e+00  2.261e-26
2.475e+03  1.000e+00  1.777e-26
2.476e+03  1.000e+00  1.396e-26
2.477e+03  1.000e+00  1.097e-26
2.478e+03  1.000e+00  8.612e-27
2.479e+03  1.000e+00  6.761e-27
2.480e+03  1.000e+00  5.307e-27
2.481e+03  1.000e+00  4.165e-27
2.482e+03  1.000e+00  3.267e-27
2.483e+03  1.000e+00  2.563e-27
2.484e+03  1.000e+00  2.009e-27
2.485e+03  1.000e+00  1.575e-27
2.486e+03  1.000e+00  1.235e-27
2.487e+03  1.000e+00  9.673e-28
2.488e+03  1.000e+00  7.577e-28
2.489e+03  1.000e+00  5.934e-28
2.490e+03  1.000e+00  4.646e-28
2.491e+03  1.000e+00  3.637e-28
2.492e+03  1.000e+00  2.846e-28
2.493e+03  1.000e+00  2.227e-28
2.494e+03  1.000e+00  1.742e-28
2.495e+03  1.000e+00  1.362e-28
2.496e+03  1.000e+00  1.065e-28
2.497e+03  1.000e+00  8.321e-29
2.498e+03  1.000e+00  6.502e-29
2.499e+03  1.000e+00  5.079e-29
2.500e+03  1.000e+00  3.967e-29
2.501e+03  1.000e+00  3.097e-29
2.502e+03  1.000e+00  2.418e-29
2.503e+03  1.000e+00  1.887e-29
2.504e+03  1.000e+00  1.472e-29
2.505e+03  1.000e+00  1.148e-29
2.506e+03  1.000e+00  8.954e-30
2.507e+03  1.000e+00  6.980e-30
2.508e+03  1.000e+00  5.441e-30
2.509e+03  1.000e+00  4.240e-30
2.510e+03  1.000e+00  3.303e-30
2.511e+03  1.000e+00  2.572e-30
2.512e+03  1.000e+00  2.003e-30
2.513e+03  1.000e+00  1.559e-30
2.514e+03  1.000e+00  1.213e-30
2.515e+03  1.000e+00  9.441e-31
2.516e+03  1.000e+00  7.344e-31
2.517e+03  1.000e+00  5.711e-31
2.518e+03  1.000e+00  4.441e-31
2.519e+03  1.000e+00  3.452e-31
2.520e+03  1.000e+00  2.682e-31
2.521e+03  1.000e+00  2.084e-31
2.522e+03  1.000e+00  1.619e-31
2.523e+03  1.000e+00  1.257e-31
2.524e+03  1.000e+00  9.757e-32
2.525e+03  1.000e+00  7.573e-32
2.526e+03  1.000e+00  5.876e-32
2.527e+03  1.000e+00  4.558e-32
2.528e+03  1.000e+00  3.535e-32
2.529e+03  1.000e+00  2.741e-32
2.530e+03  1.000e+00  2.125e-32
2.531e+03  1.000e+00  1.647e-32
2.532e+03  1.000e+00  1.276e-32
2.533e+03  1.000e+00  9.882e-33
2.534e+03  1.000e+00  7.653e-33
2.535e+03  1.000e+00  5.925e-33
2.536e+03  1.000e+00  4.586e-33
2.537e+03  1.000e+00  3.549e-33
2.538e+03  1.000e+00  2.745e-33
2.539e+03  1.000e+00  2.123e-33
2.540e+03  1.000e+00  1.642e-33
2.541e+03  1.000e+00  1.269e-33
2.542e+03  1.000e+00  9.809e-34
2.543e+03  1.000e+00  7.579e-34
2.544e+03  1.000e+00  5.855e-34
2.545e+03  1.000e+00  4.522e-34
2.546e+03  1.000e+00  3.491e-34
2.547e+03  1.000e+00  2.695e-34
2.548e+03  1.000e+00  2.080e-34
2.549e+03  1.000e+00  1.605e-34
2.550e+03  1.000e+00  1.238e-34
2.551e+03  1.000e+00  9.544e-35
2.552e+03  1.000e+00  7.358e-35
2.553e+03  1.000e+00  5.671e-35
2.554e+03  1.000e+00  4.370e-35
2.555e+03  1.000e+00  3.367e-35
2.556e+03  1.000e+00  2.593e-35
2.557e+03  1.000e+00  1.997e-35
2.558e+03  1.000e+00  1.537e-35
2.559e+03  1.000e+00  1.183e-35
2.560e+03  1.000e+00  9.101e-36
2.561e+03  1.000e+00  7.001e-36
2.562e+03  1.000e+00  5.384e-36
2.563e+03  1.000e+00  4.140e-36
2.564e+03  1.000e+00  3.182e-36
2.565e+03  1.000e+00  2.445e-36
2.566e+03  1.000e+00  1.879e-36
2.567e+03  1.000e+00  1.443e-36
2.568e+03  1.000e+00  1.108e-36
2.569e+03  1.000e+00  8.508e-37
2.570e+03  1.000e+00  6.530e-37
2.571e+03  1.000e+00  5.011e-37
2.572e+03  1.000e+00  3.844e-37
2.573e+03  1.000e+00  2.948e-37
2.574e+03  1.000e+00  2.261e-37
2.575e+03  1.000e+00  1.733e-37
2.576e+03  1.000e+00  1.328e-37
2.577e+03  1.000e+00  1.018e-37
2.578e+03  1.000e+00  7.795e-38
2.579e+03  1.000e+00  5.970e-38
2.580e+03  1.000e+00  4.571e-38
2.581e+03  1.000e+00  3.499e-38
2.582e+03  1.000e+00  2.678e-38
2.583e+03  1.000e+00  2.049e-38
2.584e+03  1.000e+00  1.567e-38
2.585e+03  1.000e+00  1.198e-38
2.586e+03  1.000e+00  9.161e-39
2.587e+03  1.000e+00  7.002e-39
2.588e+03  1.000e+00  5.351e-39
2.589e+03  1.000e+00  4.088e-39
2.590e+03  1.000e+00  3.122e-39
2.591e+03  1.000e+00  2.384e-39
2.592e+03  1.000e+00  1.820e-39
2.593e+03  1.000e+00  1.389e-39
2.594e+03  1.000e+00  1.060e-39
2.595e+03  1.000e+00  8.084e-40
2.596e+03  1.000e+00  6.165e-40
2.597e+03  1.000e+00  4.701e-40
2.598e+03  1.000e+00  3.583e-40
2.599e+03  1.000e+00  2.731e-40
2.600e+03  1.000e+00  2.081e-40
2.601e+03  1.000e+00  1.585e-40
2.602e+03  1.000e+00  1.207e-40
2.603e+03  1.000e+00  9.188e-41
2.604e+03  1.000e+00  6.994e-41
2.605e+03  1.000e+00  5.322e-41
2.606e+03  1.000e+00  4.049e-41
2.607e+03  1.000e+00  3.079e-41
2.608e+03  1.000e+00  2.342e-41
2.609e+03  1.000e+00  1.780e-41
2.610e+03  1.000e+00  1.353e-41
2.611e+03  1.000e+00  1.028e-41
2.612e+03  1.000e+00  7.810e-42
2.613e+03  1.000e+00  5.931e-42
2.614e+03  1.000e+00  4.503e-42
2.615e+03  1.000e+00  3.419e-42
2.616e+03  1.000e+00  2.594e-42
2.617e+03  1.000e+00  1.968e-42
2.618e+03  1.000e+00  1.493e-42
2.619e+03  1.000e+00  1.132e-42
2.620e+03  1.000e+00  8.585e-43
2.621e+03  1.000e+00  6.508e-43
2.622e+03  1.000e+00  4.931e-43
2.623e+03  1.000e+00  3.736e-43
2.624e+03  1.000e+00  2.830e-43
2.625e+03  1.000e+00  2.143e-43
2.626e+03  1.000e+00  1.622e-43
2.627e+03  1.000e+00  1.228e-43
2.628e+03  1.000e+00  9.292e-44
2.629e+03  1.000e+00  7.029e-44
2.630e+03  1.000e+00  5.316e-44
2.631e+03  1.000e+00  4.020e-44
2.632e+03  1.000e+00  3.039e-44
2.633e+03  1.000e+00  2.297e-44
2.634e+03  1.000e+00  1.735e-44
2.635e+03  1.000e+00  1.311e-44
2.636e+03  1.000e+00  9.900e-45
2.637e+03  1.000e+00  7.475e-45
2.638e+03  1.000e+00  5.642e-45
2.639e+03  1.000e+00  4.258e-45
2.640e+03  1.000e+00  3.213e-45
2.641e+03  1.000e+00  2.423e-45
2.642e+03  1.000e+00  1.827e-45
2.643e+03  1.000e+00  1.378e-45
2.644e+03  1.000e+00  1.039e-45
2.645e+03  1.000e+00  7.826e-46
2.646e+03  1.000e+00  5.896e-46
2.647e+03  1.000e+00  4.441e-46
2.648e+03  1.000e+00  3.344e-46
2.649e+03  1.000e+00  2.517e-46
2.650e+03  1.000e+00  1.895e-46
2.651e+03  1.000e+00  1.426e-46
2.652e+03  1.000e+00  1.073e-46
2.653e+03  1.000e+00  8.066e-47
2.654e+03  1.000e+00  6.065e-47
2.655e+03  1.000e+00  4.559e-47
2.656e+03  1.000e+00  3.427e-47
2.657e+03  1.000e+00  2.575e-47
2.658e+03  1.000e+00  1.934e-47
2.659e+03  1.000e+00  1.452e-47
2.660e+03  1.000e+00  1.091e-47
2.661e+03  1.000e+00  8.186e-48
2.662e+03  1.000e+00  6.143e-48
2.663e+03  1.000e+00  4.609e-48
2.664e+03  1.000e+00  3.457e-48
2.665e+03  1.000e+00  2.593e-48
2.666e+03  1.000e+00  1.944e-48
2.667e+03  1.000e+00  1.457e-48
2.668e+03  1.000e+00  1.092e-48
2.669e+03  1.000e+00  8.179e-49
2.670e+03  1.000e+00  6.126e-49
2.671e+03  1.000e+00  4.587e-49
2.672e+03  1.000e+00  3.434e-49
2.673e+03  1.000e+00  2.570e-49
2.674e+03  1.000e+00  1.923e-49
2.675e+03  1.000e+00  1.439e-49
2.676e+03  1.000e+00  1.076e-49
2.677e+03  1.000e+00  8.046e-50
2.678e+03  1.000e+00  6.015e-50
2.679e+03  1.000e+00  4.495e-50
2.680e+03  1.000e+00  3.359e-50
2.681e+03  1.000e+00  2.509e-50
2.682e+03  1.000e+00  1.874e-50
2.683e+03  1.000e+00  1.399e-50
2.684e+03  1.000e+00  1.044e-50
2.685e+03  1.000e+00  7.793e-51
2.686e+03  1.000e+00  5.814e-51
2.687e+03  1.000e+00  4.337e-51
2.688e+03  1.000e+00  3.234e-51
2.689e+03  1.000e+00  2.411e-51
2.690e+03  1.000e+00  1.797e-51
2.691e+03  1.000e+00  1.339e-51
2.692e+03  1.000e+00  9.978e-52
2.693e+03  1.000e+00  7.432e-52
2.694e+03  1.000e+00  5.534e-52
2.695e+03  1.000e+00  4.120e-52
2.696e+03  1.000e+00  3.067e-52
2.697e+03  1.000e+00  2.282e-52
2.698e+03  1.000e+00  1.698e-52
2.699e+03  1.000e+00  1.263e-52
2.700e+03  1.000e+00  9.388e-53
2.701e+03  1.000e+00  6.979e-53
2.702e+03  1.000e+00  5.187e-53
2.703e+03  1.000e+00  3.854e-53
2.704e+03  1.000e+00  2.863e-53
2.705e+03  1.000e+00  2.126e-53
2.706e+03  1.000e+00  1.579e-53
2.707e+03  1.000e+00  1.172e-53
2.708e+03  1.000e+00  8.696e-54
2.709e+03  1.000e+00  6.452e-54
2.710e+03  1.000e+00  4.786e-54
2.711e+03  1.000e+00  3.549e-54
2.712e+03  1.000e+00  2.632e-54
2.713e+03  1.000e+00  1.951e-54
2.714e+03  1.000e+00  1.445e-54
2.715e+03  1.000e+00  1.071e-54
2.716e+03  1.000e+00  7.932e-55
2.717e+03  1.000e+00  5.874e-55
2.718e+03  1.000e+00  4.349e-55
2.719e+03  1.000e+00  3.219e-55
2.720e+03  1.000e+00  2.382e-55
2.721e+03  1.000e+00  1.762e-55
2.722e+03  1.000e+00  1.303e-55
2.723e+03  1.000e+00  9.637e-56
2.724e+03  1.000e+00  7.124e-56
2.725e+03  1.000e+00  5.266e-56
2.726e+03  1.000e+00  3.891e-56
2.727e+03  1.000e+00  2.874e-56
2.728e+03  1.000e+00  2.123e-56
2.729e+03  1.000e+00  1.567e-56
2.730e+03  1.000e+00  1.157e-56
2.731e+03  1.000e+00  8.539e-57
2.732e+03  1.000e+00  6.301e-57
2.733e+03  1.000e+00  4.648e-57
2.734e+03  1.000e+00  3.428e-57
2.735e+03  1.000e+00  2.527e-57
2.736e+03  1.000e+00  1.863e-57
2.737e+03  1.000e+00  1.373e-57
2.738e+03  1.000e+00  1.012e-57
2.739e+03  1.000e+00  7.451e-58
2.740e+03  1.000e+00  5.487e-58
2.741e+03  1.000e+00  4.040e-58
2.742e+03  1.000e+00  2.973e-58
2.743e+03  1.000e+00  2.188e-58
2.744e+03  1.000e+00  1.610e-58
2.745e+03  1.000e+00  1.184e-58
2.746e+03  1.000e+00  8.707e-59
2.747e+03  1.000e+00  6.401e-59
2.748e+03  1.000e+00  4.705e-59
2.749e+03  1.000e+00  3.457e-59
2.750e+03  1.000e+00  2.540e-59
2.751e+03  1.000e+00  1.866e-59
2.752e+03  1.000e+00  1.370e-59
2.753e+03  1.000e+00  1.006e-59
2.754e+03  1.000e+00  7.381e-60
2.755e+03  1.000e+00  5.416e-60
2.756e+03  1.000e+00  3.973e-60
2.757e+03  1.000e+00  2.914e-60
2.758e+03  1.000e+00  2.137e-60
2.759e+03  1.000e+00  1.566e-60
2.760e+03  1.000e+00  1.148e-60
2.761e+03  1.000e+00  8.410e-61
2.762e+03  1.000e+00  6.161e-61
2.763e+03  1.000e+00  4.512e-61
2.764e+03  1.000e+00  3.304e-61
2.765e+03  1.000e+00  2.418e-61
2.766e+03  1.000e+00  1.770e-61
2.767e+03  1.000e+00  1.295e-61
2.768e+03  1.000e+00  9.471e-62
2.769e+03  1.000e+00  6.926e-62
2.770e+03  1.000e+00  5.064e-62
2.771e+03  1.000e+00  3.702e-62
2.772e+03  1.000e+00  2.705e-62
2.773e+03  1.000e+00  1.976e-62
2.774e+03  1.000e+00  1.444e-62
2.775e+03  1.000e+00  1.054e-62
2.776e+03  1.000e+00  7.696e-63
2.777e+03  1.000e+00  5.617e-63
2.778e+03  1.000e+00  4.099e-63
2.779e+03  1.000e+00  2.990e-63
2.780e+03  1.000e+00  2.181e-63
2.781e+03  1.000e+00  1.590e-63
2.782e+03  1.000e+00  1.159e-63
2.783e+03  1.000e+00  8.451e-64
2.784e+03  1.000e+00  6.158e-64
2.785e+03  1.000e+00  4.486e-64
2.786e+03  1.000e+00  3.267e-64
2.787e+03  1.000e+00  2.379e-64
2.788e+03  1.000e+00  1.732e-64
2.789e+03  1.000e+00  1.260e-64
2.790e+03  1.000e+00  9.172e-65
2.791e+03  1.000e+00  6.672e-65
2.792e+03  1.000e+00  4.852e-65
2.793e+03  1.000e+00  3.528e-65
2.794e+03  1.000e+00  2.565e-65
2.795e+03  1.000e+00  1.864e-65
2.796e+03  1.000e+00  1.354e-65
2.797e+03  1.000e+00  9.837e-66
2.798e+03  1.000e+00  7.144e-66
2.799e+03  1.000e+00  5.187e-66
2.800e+03  1.000e+00  3.765e-66
2.801e+03  1.000e+00  2.733e-66
2.802e+03  1.000e+00  1.983e-66
2.803e+03  1.000e+00  1.438e-66
2.804e+03  1.000e+00  1.043e-66
2.805e+03  1.000e+00  7.561e-67
2.806e+03  1.000e+00  5.480e-67
2.807e+03  1.000e+00  3.972e-67
2.808e+03  1.000e+00  2.877e-67
2.809e+03  1.000e+00  2.084e-67
2.810e+03  1.000e+00  1.509e-67
2.811e+03  1.000e+00  1.093e-67
2.812e+03  1.000e+00  7.909e-68
2.813e+03  1.000e+00  5.723e-68
2.814e+03  1.000e+00  4.140e-68
2.815e+03  1.000e+00  2.995e-68
2.816e+03  1.000e+00  2.165e-68
2.817e+03  1.000e+00  1.565e-68
2.818e+03  1.000e+00  1.131e-68
2.819e+03  1.000e+00  8.176e-69
2.820e+03  1.000e+00  5.906e-69
2.821e+03  1.000e+00  4.266e-69
2.822e+03  1.000e+00  3.080e-69
2.823e+03  1.000e+00  2.224e-69
2.824e+03  1.000e+00  1.605e-69
2.825e+03  1.000e+00  1.158e-69
2.826e+03  1.000e+00  8.354e-70
2.827e+03  1.000e+00  6.025e-70
2.828e+03  1.000e+00  4.344e-70
2.829e+03  1.000e+00  3.132e-70
2.830e+03  1.000e+00  2.257e-70
2.831e+03  1.000e+00  1.626e-70
2.832e+03  1.000e+00  1.171e-70
2.833e+03  1.000e+00  8.436e-71
2.834e+03  1.000e+00  6.074e-71
2.835e+03  1.000e+00  4.372e-71
2.836e+03  1.000e+00  3.147e-71
2.837e+03  1.000e+00  2.264e-71
2.838e+03  1.000e+00  1.629e-71
2.839e+03  1.000e+00  1.171e-71
2.840e+03  1.000e+00  8.420e-72
2.841e+03  1.000e+00  6.053e-72
2.842e+03  1.000e+00  4.350e-72
2.843e+03  1.000e+00  3.125e-72
2.844e+03  1.000e+00  2.245e-72
2.845e+03  1.000e+00  1.612e-72
2.846e+03  1.000e+00  1.157e-72
2.847e+03  1.000e+00  8.307e-73
2.848e+03  1.000e+00  5.961e-73
2.849e+03  1.000e+00  4.277e-73
2.850e+03  1.000e+00  3.068e-73
2.851e+03  1.000e+00  2.200e-73
2.852e+03  1.000e+00  1.577e-73
2.853e+03  1.000e+00  1.130e-73
2.854e+03  1.000e+00  8.100e-74
2.855e+03  1.000e+00  5.803e-74
2.856e+03  1.000e+00  4.156e-74
2.857e+03  1.000e+00  2.976e-74
2.858e+03  1.000e+00  2.131e-74
2.859e+03  1.000e+00  1.525e-74
2.860e+03  1.000e+00  1.091e-74
2.861e+03  1.000e+00  7.806e-75
2.862e+03  1.000e+00  5.583e-75
2.863e+03  1.000e+00  3.992e-75
2.864e+03  1.000e+00  2.854e-75
2.865e+03  1.000e+00  2.040e-75
2.866e+03  1.000e+00  1.457e-75
2.867e+03  1.000e+00  1.041e-75
2.868e+03  1.000e+00  7.436e-76
2.869e+03  1.000e+00  5.310e-76
2.870e+03  1.000e+00  3.790e-76
2.871e+03  1.000e+00  2.705e-76
2.872e+03  1.000e+00  1.930e-76
2.873e+03  1.000e+00  1.377e-76
2.874e+03  1.000e+00  9.819e-77
2.875e+03  1.000e+00  7.001e-77
2.876e+03  1.000e+00  4.991e-77
2.877e+03  1.000e+00  3.557e-77
2.878e+03  1.000e+00  2.534e-77
2.879e+03  1.000e+00  1.805e-77
2.880e+03  1.000e+00  1.286e-77
2.881e+03  1.000e+00  9.154e-78
2.882e+03  1.000e+00  6.516e-78
2.883e+03  1.000e+00  4.637e-78
2.884e+03  1.000e+00  3.299e-78
2.885e+03  1.000e+00  2.347e-78
2.886e+03  1.000e+00  1.669e-78
2.887e+03  1.000e+00  1.187e-78
2.888e+03  1.000e+00  8.434e-79
2.889e+03  1.000e+00  5.994e-79
2.890e+03  1.000e+00  4.258e-79
2.891e+03  1.000e+00  3.025e-79
2.892e+03  1.000e+00  2.148e-79
2.893e+03  1.000e+00  1.525e-79
2.894e+03  1.000e+00  1.082e-79
2.895e+03  1.000e+00  7.681e-80
2.896e+03  1.000e+00  5.450e-80
2.897e+03  1.000e+00  3.865e-80
2.898e+03  1.000e+00  2.741e-80
2.899e+03  1.000e+00  1.943e-80
2.900e+03  1.000e+00  1.377e-80
2.901e+03  1.000e+00  9.761e-81
2.902e+03  1.000e+00  6.915e-81
2.903e+03  1.000e+00  4.898e-81
2.904e+03  1.000e+00  3.468e-81
2.905e+03  1.000e+00  2.455e-81
2.906e+03  1.000e+00  1.738e-81
2.907e+03  1.000e+00  1.230e-81
2.908e+03  1.000e+00  8.700e-82
2.909e+03  1.000e+00  6.153e-82
2.910e+03  1.000e+00  4.351e-82
2.911e+03  1.000e+00  3.076e-82
2.912e+03  1.000e+00  2.174e-82
2.913e+03  1.000e+00  1.536e-82
2.914e+03  1.000e+00  1.085e-82
2.915e+03  1.000e+00  7.664e-83
2.916e+03  1.000e+00  5.412e-83
2.917e+03  1.000e+00  3.820e-83
2.918e+03  1.000e+00  2.696e-83
2.919e+03  1.000e+00  1.903e-83
2.920e+03  1.000e+00  1.342e-83
2.921e+03  1.000e+00  9.466e-84
2.922e+03  1.000e+00  6.674e-84
2.923e+03  1.000e+00  4.705e-84
2.924e+03  1.000e+00  3.316e-84
2.925e+03  1.000e+00  2.336e-84
2.926e+03  1.000e+00  1.646e-84
2.927e+03  1.000e+00  1.159e-84
2.928e+03  1.000e+00  8.162e-85
2.929e+03  1.000e+00  5.745e-85
2.930e+03  1.000e+00  4.043e-85
2.931e+03  1.000e+00  2.845e-85
2.932e+03  1.000e+00  2.001e-85
2.933e+03  1.000e+00  1.407e-85
2.934e+03  1.000e+00  9.896e-86
2.935e+03  1.000e+00  6.956e-86
2.936e+03  1.000e+00  4.889e-86
2.937e+03  1.000e+00  3.435e-86
2.938e+03  1.000e+00  2.413e-86
2.939e+03  1.000e+00  1.694e-86
2.940e+03  1.000e+00  1.190e-86
2.941e+03  1.000e+00  8.351e-87
2.942e+03  1.000e+00  5.861e-87
2.943e+03  1.000e+00  4.112e-87
2.944e+03  1.000e+00  2.884e-87
2.945e+03  1.000e+00  2.023e-87
2.946e+03  1.000e+00  1.418e-87
2.947e+03  1.000e+00  9.940e-88
2.948e+03  1.000e+00  6.966e-88
2.949e+03  1.000e+00  4.881e-88
2.950e+03  1.000e+00  3.419e-88
2.951e+03  1.000e+00  2.394e-88
2.952e+03  1.000e+00  1.676e-88
2.953e+03  1.000e+00  1.173e-88
2.954e+03  1.000e+00  8.210e-89
2.955e+03  1.000e+00  5.744e-89
2.956e+03  1.000e+00  4.018e-89
2.957e+03  1.000e+00  2.810e-89
2.958e+03  1.000e+00  1.964e-89
2.959e+03  1.000e+00  1.373e-89
2.960e+03  1.000e+00  9.594e-90
2.961e+03  1.000e+00  6.703e-90
2.962e+03  1.000e+00  4.682e-90
2.963e+03  1.000e+00  3.269e-90
2.964e+03  1.000e+00  2.283e-90
2.965e+03  1.000e+00  1.593e-90
2.966e+03  1.000e+00  1.112e-90
2.967e+03  1.000e+00  7.756e-91
2.968e+03  1.000e+00  5.410e-91
2.969e+03  1.000e+00  3.772e-91
2.970e+03  1.000e+00  2.630e-91
2.971e+03  1.000e+00  1.833e-91
2.972e+03  1.000e+00  1.277e-91
2.973e+03  1.000e+00  8.899e-92
2.974e+03  1.000e+00  6.198e-92
2.975e+03  1.000e+00  4.316e-92
2.976e+03  1.000e+00  3.005e-92
2.977e+03  1.000e+00  2.091e-92
2.978e+03  1.000e+00  1.455e-92
2.979e+03  1.000e+00  1.012e-92
2.980e+03  1.000e+00  7.041e-93
2.981e+03  1.000e+00  4.896e-93
2.982e+03  1.000e+00  3.404e-93
2.983e+03  1.000e+00  2.366e-93
2.984e+03  1.000e+00  1.644e-93
2.985e+03  1.000e+00  1.142e-93
2.986e+03  1.000e+00  7.931e-94
2.987e+03  1.000e+00  5.507e-94
2.988e+03  1.000e+00  3.824e-94
2.989e+03  1.000e+00  2.654e-94
2.990e+03  1.000e+00  1.842e-94
2.991e+03  1.000e+00  1.278e-94
2.992e+03  1.000e+00  8.876e-95
2.993e+03  1.000e+00  6.167e-95
2.994e+03  1.000e+00  4.294e-95
2.995e+03  1.000e+00  3.003e-95
2.996e+03  1.000e+00  2.119e-95
2.997e+03  1.000e+00  1.524e-95
2.998e+03  1.000e+00  1.137e-95
2.999e+03  1.000e+00  9.046e-96
3.000e+03  1.000e+00  7.958e-96
