0.000e+00  0.000e+00  4.500e-01
1.000e+00  0.000e+00  4.500e-01
2.000e+00  0.000e+00  4.500e-01
3.000e+00  0.000e+00  4.500e-01
4.000e+00  0.000e+00  4.500e-01
5.000e+00  0.000e+00  4.500e-01
6.000e+00  0.000e+00  4.500e-01
7.000e+00  0.000e+00  4.500e-01
8.000e+00  0.000e+00  4.500e-01
9.000e+00  0.000e+00  4.500e-01
1.000e+01  0.000e+00  4.500e-01
1.100e+01  0.000e+00  4.500e-01
1.200e+01  0.000e+00  4.500e-01
1.300e+01  0.000e+00  4.500e-01
1.400e+01  0.000e+00  4.500e-01
1.500e+01  0.000e+00  4.500e-01
1.600e+01  0.000e+00  4.500e-01
1.700e+01  0.000e+00  4.500e-01
1.800e+01  0.000e+00  4.500e-01
1.900e+01  0.000e+00  4.500e-01
2.000e+01  0.000e+00  4.500e-01
2.100e+01  0.000e+00  4.500e-01
2.200e+01  0.000e+00  4.500e-01
2.300e+01  0.000e+00  4.500e-01
2.400e+01  0.000e+00  4.500e-01
2.500e+01  0.000e+00  4.500e-01
2.600e+01  0.000e+00  4.500e-01
2.700e+01  0.000e+00  4.500e-01
2.800e+01  0.000e+00  4.500e-01
2.900e+01  0.000e+00  4.500e-01
3.000e+01  0.000e+00  4.500e-01
3.100e+01  0.000e+00  4.500e-01
3.200e+01  0.000e+00  4.500e-01
3.300e+01  0.000e+00  4.500e-01
3.400e+01  0.000e+00  4.500e-01
3.500e+01  0.000e+00  4.500e-01
3.600e+01  0.000e+00  4.500e-01
3.700e+01  0.000e+00  4.500e-01
3.800e+01  0.000e+00  4.500e-01
3.900e+01  0.000e+00  4.500e-01
4.000e+01  0.000e+00  4.500e-01
4.100e+01  0.000e+00  4.500e-01
4.200e+01  0.000e+00  4.500e-01
4.300e+01  0.000e+00  4.500e-01
4.400e+01  0.000e+00  4.500e-01
4.500e+01  0.000e+00  4.500e-01
4.600e+01  0.000e+00  4.500e-01
4.700e+01  0.000e+00  4.500e-01
4.800e+01  0.000e+00  4.500e-01
4.900e+01  0.000e+00  4.500e-01
5.000e+01  0.000e+00  4.500e-01
5.100e+01  0.000e+00  4.500e-01
5.200e+01  0.000e+00  4.500e-01
5.300e+01  0.000e+00  4.500e-01
5.400e+01  0.000e+00  4.500e-01
5.500e+01  0.000e+00  4.500e-01
5.600e+01  0.000e+00  4.500e-01
5.700e+01  0.000e+00  4.500e-01
5.800e+01  0.000e+00  4.500e-01
5.900e+01  0.000e+00  4.500e-01
6.000e+01  0.000e+00  4.500e-01
6.100e+01  0.000e+00  4.500e-01
6.200e+01  0.000e+00  4.500e-01
6.300e+01  0.000e+00  4.500e-01
6.400e+01  0.000e+00  4.500e-01
6.500e+01  0.000e+00  4.500e-01
6.600e+01  0.000e+00  4.500e-01
6.700e+01  0.000e+00  4.500e-01
6.800e+01  0.000e+00  4.500e-01
6.900e+01  0.000e+00  4.500e-01
7.000e+01  0.000e+00  4.500e-01
7.100e+01  0.000e+00  4.500e-01
7.200e+01  0.000e+00  4.500e-01
7.300e+01  0.000e+00  4.500e-01
7.400e+01  0.000e+00  4.500e-01
7.500e+01  0.000e+00  4.500e-01
7.600e+01  0.000e+00  4.500e-01
7.700e+01  0.000e+00  4.500e-01
7.800e+01  0.000e+00  4.500e-01
7.900e+01  0.000e+00  4.500e-01
8.000e+01  0.000e+00  4.500e-01
8.100e+01  0.000e+00  4.500e-01
8.200e+01  0.000e+00  4.500e-01
8.300e+01  0.000e+00  4.500e-01
8.400e+01  0.000e+00  4.500e-01
8.500e+01  0.000e+00  4.500e-01
8.600e+01  0.000e+00  4.500e-01
8.700e+01  0.000e+00  4.500e-01
8.800e+01  0.000e+00  4.500e-01
8.900e+01  0.000e+00  4.500e-01
9.000e+01  0.000e+00  4.500e-01
9.100e+01  0.000e+00  4.500e-01
9.200e+01  0.000e+00  4.500e-01
9.300e+01  0.000e+00  4.500e-01
9.400e+01  0.000e+00  4.500e-01
9.500e+01  0.000e+00  4.500e-01
9.600e+01  0.000e+00  4.500e-01
9.700e+01  0.000e+00  4.500e-01
9.800e+01  0.000e+00  4.500e-01
9.900e+01  0.000e+00  4.500e-01
1.000e+02  0.000e+00  4.500e-01
1.010e+02  0.000e+00  4.500e-01
1.020e+02  0.000e+00  4.500e-01
1.030e+02  0.000e+00  4.500e-01
1.040e+02  0.000e+00  4.500e-01
1.050e+02  0.000e+00  4.500e-01
1.060e+02  0.000e+00  4.500e-01
1.070e+02  0.000e+00  4.500e-01
1.080e+02  0.000e+00  4.500e-01
1.090e+02  0.000e+00  4.500e-01
1.100e+02  0.000e+00  4.500e-01
1.110e+02  0.000e+00  4.500e-01
1.120e+02  0.000e+00  4.500e-01
1.130e+02  0.000e+00  4.500e-01
1.140e+02  0.000e+00  4.500e-01
1.150e+02  0.000e+00  4.500e-01
1.160e+02  0.000e+00  4.500e-01
1.170e+02  0.000e+00  4.500e-01
1.180e+02  0.000e+00  4.500e-01
1.190e+02  0.000e+00  4.500e-01
1.200e+02  0.000e+00  4.500e-01
1.210e+02  0.000e+00  4.500e-01
1.220e+02  0.000e+00  4.500e-01
1.230e+02  0.000e+00  4.500e-01
1.240e+02  0.000e+00  4.500e-01
1.250e+02  0.000e+00  4.500e-01
1.260e+02  0.000e+00  4.500e-01
1.270e+02  0.000e+00  4.500e-01
1.280e+02  0.000e+00  4.500e-01
1.290e+02  0.000e+00  4.500e-01
1.300e+02  0.000e+00  4.500e-01
1.310e+02  0.000e+00  4.500e-01
1.320e+02  0.000e+00  4.500e-01
1.330e+02  0.000e+00  4.500e-01
1.340e+02  0.000e+00  4.500e-01
1.350e+02  0.000e+00  4.500e-01
1.360e+02  0.000e+00  4.500e-01
1.370e+02  0.000e+00  4.500e-01
1.380e+02  0.000e+00  4.500e-01
1.390e+02  0.000e+00  4.500e-01
1.400e+02  0.000e+00  4.500e-01
1.410e+02  0.000e+00  4.500e-01
1.420e+02  0.000e+00  4.500e-01
1.430e+02  0.000e+00  4.500e-01
1.440e+02  0.000e+00  4.500e-01
1.450e+02  0.000e+00  4.500e-01
1.460e+02  0.000e+00  4.500e-01
1.470e+02  0.000e+00  4.500e-01
1.480e+02  0.000e+00  4.500e-01
1.490e+02  0.000e+00  4.500e-01
1.500e+02  0.000e+00  4.500e-01
1.510e+02  0.000e+00  4.500e-01
1.520e+02  0.000e+00  4.500e-01
1.530e+02  0.000e+00  4.500e-01
1.540e+02  0.000e+00  4.500e-01
1.550e+02  0.000e+00  4.500e-01
1.560e+02  0.000e+00  4.500e-01
1.570e+02  0.000e+00  4.500e-01
1.580e+02  0.000e+00  4.500e-01
1.590e+02  0.000e+00  4.500e-01
1.600e+02  0.000e+00  4.500e-01
1.610e+02  0.000e+00  4.500e-01
1.620e+02  0.000e+00  4.500e-01
1.630e+02  0.000e+00  4.500e-01
1.640e+02  0.000e+00  4.500e-01
1.650e+02  0.000e+00  4.500e-01
1.660e+02  0.000e+00  4.500e-01
1.670e+02  0.000e+00  4.500e-01
1.680e+02  0.000e+00  4.500e-01
1.690e+02  0.000e+00  4.500e-01
1.700e+02  0.000e+00  4.500e-01
1.710e+02  0.000e+00  4.500e-01
1.720e+02  0.000e+00  4.500e-01
1.730e+02  0.000e+00  4.500e-01
1.740e+02  0.000e+00  4.500e-01
1.750e+02  0.000e+00  4.500e-01
1.760e+02  0.000e+00  4.500e-01
1.770e+02  0.000e+00  4.500e-01
1.780e+02  0.000e+00  4.500e-01
1.790e+02  0.000e+00  4.500e-01
1.800e+02  0.000e+00  4.500e-01
1.810e+02  0.000e+00  4.500e-01
1.820e+02  0.000e+00  4.500e-01
1.830e+02  0.000e+00  4.500e-01
1.840e+02  0.000e+00  4.500e-01
1.850e+02  1.976e-323  4.500e-01
1.860e+02  8.893e-323  4.500e-01
1.870e+02  3.360e-322  4.500e-01
1.880e+02  1.151e-321  4.500e-01
1.890e+02  3.992e-321  4.500e-01
1.900e+02  1.375e-320  4.500e-01
1.910e+02  4.743e-320  4.500e-01
1.920e+02  1.636e-319  4.500e-01
1.930e+02  5.644e-319  4.500e-01
1.940e+02  1.947e-318  4.500e-01
1.950e+02  6.715e-318  4.500e-01
1.960e+02  2.316e-317  4.500e-01
1.970e+02  7.989e-317  4.500e-01
1.980e+02  2.755e-316  4.500e-01
1.990e+02  9.504e-316  4.500e-01
2.000e+02  3.278e-315  4.500e-01
2.010e+02  1.131e-314  4.500e-01
2.020e+02  3.901e-314  4.500e-01
2.030e+02  1.345e-313  4.500e-01
2.040e+02  4.641e-313  4.500e-01
2.050e+02  1.601e-312  4.500e-01
2.060e+02  5.522e-312  4.500e-01
2.070e+02  1.905e-311  4.500e-01
2.080e+02  6.570e-311  4.500e-01
2.090e+02  2.266e-310  4.500e-01
2.100e+02  7.817e-310  4.500e-01
2.110e+02  2.697e-309  4.500e-01
2.120e+02  9.302e-309  4.500e-01
2.130e+02  3.209e-308  4.500e-01
2.140e+02  1.107e-307  4.500e-01
2.150e+02  3.818e-307  4.500e-01
2.160e+02  1.317e-306  4.500e-01
2.170e+02  4.543e-306  4.500e-01
2.180e+02  1.567e-305  4.500e-01
2.190e+02  5.406e-305  4.500e-01
2.200e+02  1.865e-304  4.500e-01
2.210e+02  6.433e-304  4.500e-01
2.220e+02  2.219e-303  4.500e-01
2.230e+02  7.655e-303  4.500e-01
2.240e+02  2.641e-302  4.500e-01
2.250e+02  9.109e-302  4.500e-01
2.260e+02  3.142e-301  4.500e-01
2.270e+02  1.084e-300  4.500e-01
2.280e+02  3.739e-300  4.500e-01
2.290e+02  1.290e-299  4.500e-01
2.300e+02  4.450e-299  4.500e-01
2.310e+02  1.535e-298  4.500e-01
2.320e+02  5.296e-298  4.500e-01
2.330e+02  1.827e-297  4.500e-01
2.340e+02  6.302e-297  4.500e-01
2.350e+02  2.174e-296  4.500e-01
2.360e+02  7.500e-296  4.500e-01
2.370e+02  2.587e-295  4.500e-01
2.380e+02  8.926e-295  4.500e-01
2.390e+02  3.079e-294  4.500e-01
2.400e+02  1.062e-293  4.500e-01
2.410e+02  3.665e-293  4.500e-01
2.420e+02  1.264e-292  4.500e-01
2.430e+02  4.361e-292  4.500e-01
2.440e+02  1.505e-291  4.500e-01
2.450e+02  5.191e-291  4.500e-01
2.460e+02  1.791e-290  4.500e-01
2.470e+02  6.178e-290  4.500e-01
2.480e+02  2.131e-289  4.500e-01
2.490e+02  7.353e-289  4.500e-01
2.500e+02  2.537e-288  4.500e-01
2.510e+02  8.751e-288  4.500e-01
2.520e+02  3.019e-287  4.500e-01
2.530e+02  1.042e-286  4.500e-01
2.540e+02  3.593e-286  4.500e-01
2.550e+02  1.240e-285  4.500e-01
2.560e+02  4.277e-285  4.500e-01
2.570e+02  1.476e-284  4.500e-01
2.580e+02  5.091e-284  4.500e-01
2.590e+02  1.756e-283  4.500e-01
2.600e+02  6.059e-283  4.500e-01
2.610e+02  2.091e-282  4.500e-01
2.620e+02  7.212e-282  4.500e-01
2.630e+02  2.488e-281  4.500e-01
2.640e+02  8.585e-281  4.500e-01
2.650e+02  2.962e-280  4.500e-01
2.660e+02  1.022e-279  4.500e-01
2.670e+02  3.526e-279  4.500e-01
2.680e+02  1.216e-278  4.500e-01
2.690e+02  4.197e-278  4.500e-01
2.700e+02  1.448e-277  4.500e-01
2.710e+02  4.995e-277  4.500e-01
2.720e+02  1.723e-276  4.500e-01
2.730e+02  5.946e-276  4.500e-01
2.740e+02  2.052e-275  4.500e-01
2.750e+02  7.078e-275  4.500e-01
2.760e+02  2.442e-274  4.500e-01
2.770e+02  8.426e-274  4.500e-01
2.780e+02  2.907e-273  4.500e-01
2.790e+02  1.003e-272  4.500e-01
2.800e+02  3.461e-272  4.500e-01
2.810e+02  1.194e-271  4.500e-01
2.820e+02  4.120e-271  4.500e-01
2.830e+02  1.421e-270  4.500e-01
2.840e+02  4.904e-270  4.500e-01
2.850e+02  1.692e-269  4.500e-01
2.860e+02  5.838e-269  4.500e-01
2.870e+02  2.014e-268  4.500e-01
2.880e+02  6.950e-268  4.500e-01
2.890e+02  2.398e-267  4.500e-01
2.900e+02  8.274e-267  4.500e-01
2.910e+02  2.855e-266  4.500e-01
2.920e+02  9.850e-266  4.500e-01
2.930e+02  3.398e-265  4.500e-01
2.940e+02  1.173e-264  4.500e-01
2.950e+02  4.046e-264  4.500e-01
2.960e+02  1.396e-263  4.500e-01
2.970e+02  4.817e-263  4.500e-01
2.980e+02  1.662e-262  4.500e-01
2.990e+02  5.734e-262  4.500e-01
3.000e+02  1.979e-261  4.500e-01
3.010e+02  6.827e-261  4.500e-01
3.020e+02  2.356e-260  4.500e-01
3.030e+02  8.128e-260  4.500e-01
3.040e+02  2.804e-259  4.500e-01
3.050e+02  9.677e-259  4.500e-01
3.060e+02  3.339e-258  4.500e-01
3.070e+02  1.152e-257  4.500e-01
3.080e+02  3.975e-257  4.500e-01
3.090e+02  1.372e-256  4.500e-01
3.100e+02  4.733e-256  4.500e-01
3.110e+02  1.633e-255  4.500e-01
3.120e+02  5.635e-255  4.500e-01
3.130e+02  1.944e-254  4.500e-01
3.140e+02  6.709e-254  4.500e-01
3.150e+02  2.315e-253  4.500e-01
3.160e+02  7.988e-253  4.500e-01
3.170e+02  2.756e-252  4.500e-01
3.180e+02  9.511e-252  4.500e-01
3.190e+02  3.282e-251  4.500e-01
3.200e+02  1.132e-250  4.500e-01
3.210e+02  3.907e-250  4.500e-01
3.220e+02  1.348e-249  4.500e-01
3.230e+02  4.652e-249  4.500e-01
3.240e+02  1.605e-248  4.500e-01
3.250e+02  5.539e-248  4.500e-01
3.260e+02  1.911e-247  4.500e-01
3.270e+02  6.596e-247  4.500e-01
3.280e+02  2.276e-246  4.500e-01
3.290e+02  7.853e-246  4.500e-01
3.300e+02  2.710e-245  4.500e-01
3.310e+02  9.351e-245  4.500e-01
3.320e+02  3.227e-244  4.500e-01
3.330e+02  1.113e-243  4.500e-01
3.340e+02  3.842e-243  4.500e-01
3.350e+02  1.326e-242  4.500e-01
3.360e+02  4.575e-242  4.500e-01
3.370e+02  1.579e-241  4.500e-01
3.380e+02  5.448e-241  4.500e-01
3.390e+02  1.880e-240  4.500e-01
3.400e+02  6.487e-240  4.500e-01
3.410e+02  2.238e-239  4.500e-01
3.420e+02  7.724e-239  4.500e-01
3.430e+02  2.665e-238  4.500e-01
3.440e+02  9.198e-238  4.500e-01
3.450e+02  3.174e-237  4.500e-01
3.460e+02  1.095e-236  4.500e-01
3.470e+02  3.779e-236  4.500e-01
3.480e+02  1.304e-235  4.500e-01
3.490e+02  4.500e-235  4.500e-01
3.500e+02  1.553e-234  4.500e-01
3.510e+02  5.359e-234  4.500e-01
3.520e+02  1.849e-233  4.500e-01
3.530e+02  6.382e-233  4.500e-01
3.540e+02  2.202e-232  4.500e-01
3.550e+02  7.600e-232  4.500e-01
3.560e+02  2.622e-231  4.500e-01
3.570e+02  9.050e-231  4.500e-01
3.580e+02  3.123e-230  4.500e-01
3.590e+02  1.078e-229  4.500e-01
3.600e+02  3.719e-229  4.500e-01
3.610e+02  1.283e-228  4.500e-01
3.620e+02  4.429e-228  4.500e-01
3.630e+02  1.528e-227  4.500e-01
3.640e+02  5.274e-227  4.500e-01
3.650e+02  1.820e-226  4.500e-01
3.660e+02  6.281e-226  4.500e-01
3.670e+02  2.167e-225  4.500e-01
3.680e+02  7.480e-225  4.500e-01
3.690e+02  2.581e-224  4.500e-01
3.700e+02  8.907e-224  4.500e-01
3.710e+02  3.074e-223  4.500e-01
3.720e+02  1.061e-222  4.500e-01
3.730e+02  3.661e-222  4.500e-01
3.740e+02  1.263e-221  4.500e-01
3.750e+02  4.360e-221  4.500e-01
3.760e+02  1.504e-220  4.500e-01
3.770e+02  5.192e-220  4.500e-01
3.780e+02  1.792e-219  4.500e-01
3.790e+02  6.183e-219  4.500e-01
3.800e+02  2.134e-218  4.500e-01
3.810e+02  7.364e-218  4.500e-01
3.820e+02  2.541e-217  4.500e-01
3.830e+02  8.770e-217  4.500e-01
3.840e+02  3.026e-216  4.500e-01
3.850e+02  1.044e-215  4.500e-01
3.860e+02  3.604e-215  4.500e-01
3.870e+02  1.244e-214  4.500e-01
3.880e+02  4.293e-214  4.500e-01
3.890e+02  1.481e-213  4.500e-01
3.900e+02  5.113e-213  4.500e-01
3.910e+02  1.764e-212  4.500e-01
3.920e+02  6.089e-212  4.500e-01
3.930e+02  2.101e-211  4.500e-01
3.940e+02  7.252e-211  4.500e-01
3.950e+02  2.503e-210  4.500e-01
3.960e+02  8.637e-210  4.500e-01
3.970e+02  2.981e-209  4.500e-01
3.980e+02  1.029e-208  4.500e-01
3.990e+02  3.550e-208  4.500e-01
4.000e+02  1.225e-207  4.500e-01
4.010e+02  4.228e-207  4.500e-01
4.020e+02  1.459e-206  4.500e-01
4.030e+02  5.036e-206  4.500e-01
4.040e+02  1.738e-205  4.500e-01
4.050e+02  5.998e-205  4.500e-01
4.060e+02  2.070e-204  4.500e-01
4.070e+02  7.144e-204  4.500e-01
4.080e+02  2.465e-203  4.500e-01
4.090e+02  8.509e-203  4.500e-01
4.100e+02  2.937e-202  4.500e-01
4.110e+02  1.013e-201  4.500e-01
4.120e+02  3.498e-201  4.500e-01
4.130e+02  1.207e-200  4.500e-01
4.140e+02  4.166e-200  4.500e-01
4.150e+02  1.438e-199  4.500e-01
4.160e+02  4.962e-199  4.500e-01
4.170e+02  1.712e-198  4.500e-01
4.180e+02  5.910e-198  4.500e-01
4.190e+02  2.040e-197  4.500e-01
4.200e+02  7.039e-197  4.500e-01
4.210e+02  2.429e-196  4.500e-01
4.220e+02  8.385e-196  4.500e-01
4.230e+02  2.894e-195  4.500e-01
4.240e+02  9.987e-195  4.500e-01
4.250e+02  3.447e-194  4.500e-01
4.260e+02  1.190e-193  4.500e-01
4.270e+02  4.105e-193  4.500e-01
4.280e+02  1.417e-192  4.500e-01
4.290e+02  4.890e-192  4.500e-01
4.300e+02  1.688e-191  4.500e-01
4.310e+02  5.825e-191  4.500e-01
4.320e+02  2.010e-190  4.500e-01
4.330e+02  6.938e-190  4.500e-01
4.340e+02  2.395e-189  4.500e-01
4.350e+02  8.264e-189  4.500e-01
4.360e+02  2.852e-188  4.500e-01
4.370e+02  9.844e-188  4.500e-01
4.380e+02  3.398e-187  4.500e-01
4.390e+02  1.173e-186  4.500e-01
4.400e+02  4.047e-186  4.500e-01
4.410e+02  1.397e-185  4.500e-01
4.420e+02  4.821e-185  4.500e-01
4.430e+02  1.664e-184  4.500e-01
4.440e+02  5.742e-184  4.500e-01
4.450e+02  1.982e-183  4.500e-01
4.460e+02  6.840e-183  4.500e-01
4.470e+02  2.361e-182  4.500e-01
4.480e+02  8.148e-182  4.500e-01
4.490e+02  2.812e-181  4.500e-01
4.500e+02  9.706e-181  4.500e-01
4.510e+02  3.350e-180  4.500e-01
4.520e+02  1.156e-179  4.500e-01
4.530e+02  3.990e-179  4.500e-01
4.540e+02  1.377e-178  4.500e-01
4.550e+02  4.753e-178  4.500e-01
4.560e+02  1.641e-177  4.500e-01
4.570e+02  5.662e-177  4.500e-01
4.580e+02  1.954e-176  4.500e-01
4.590e+02  6.745e-176  4.500e-01
4.600e+02  2.328e-175  4.500e-01
4.610e+02  8.035e-175  4.500e-01
4.620e+02  2.773e-174  4.500e-01
4.630e+02  9.572e-174  4.500e-01
4.640e+02  3.304e-173  4.500e-01
4.650e+02  1.140e-172  4.500e-01
4.660e+02  3.935e-172  4.500e-01
4.670e+02  1.358e-171  4.500e-01
4.680e+02  4.688e-171  4.500e-01
4.690e+02  1.618e-170  4.500e-01
4.700e+02  5.585e-170  4.500e-01
4.710e+02  1.928e-169  4.500e-01
4.720e+02  6.653e-169  4.500e-01
4.730e+02  2.296e-168  4.500e-01
4.740e+02  7.925e-168  4.500e-01
4.750e+02  2.735e-167  4.500e-01
4.760e+02  9.441e-167  4.500e-01
4.770e+02  3.259e-166  4.500e-01
4.780e+02  1.125e-165  4.500e-01
4.790e+02  3.882e-165  4.500e-01
4.800e+02  1.340e-164  4.500e-01
4.810e+02  4.625e-164  4.500e-01
4.820e+02  1.596e-163  4.500e-01
4.830e+02  5.509e-163  4.500e-01
4.840e+02  1.902e-162  4.500e-01
4.850e+02  6.563e-162  4.500e-01
4.860e+02  2.265e-161  4.500e-01
4.870e+02  7.818e-161  4.500e-01
4.880e+02  2.699e-160  4.500e-01
4.890e+02  9.314e-160  4.500e-01
4.900e+02  3.215e-159  4.500e-01
4.910e+02  1.110e-158  4.500e-01
4.920e+02  3.829e-158  4.500e-01
4.930e+02  1.322e-157  4.500e-01
4.940e+02  4.562e-157  4.500e-01
4.950e+02  1.574e-156  4.500e-01
4.960e+02  5.434e-156  4.500e-01
4.970e+02  1.875e-155  4.500e-01
4.980e+02  6.472e-155  4.500e-01
4.990e+02  2.234e-154  4.500e-01
5.000e+02  7.709e-154  4.500e-01
5.010e+02  2.660e-153  4.500e-01
5.020e+02  9.181e-153  4.500e-01
5.030e+02  3.168e-152  4.500e-01
5.040e+02  1.093e-151  4.500e-01
5.050e+02  3.772e-151  4.500e-01
5.060e+02  1.302e-150  4.500e-01
5.070e+02  4.491e-150  4.500e-01
5.080e+02  1.549e-149  4.500e-01
5.090e+02  5.345e-149  4.500e-01
5.100e+02  1.844e-148  4.500e-01
5.110e+02  6.360e-148  4.500e-01
5.120e+02  2.194e-147  4.500e-01
5.130e+02  7.565e-147  4.500e-01
5.140e+02  2.609e-146  4.500e-01
5.150e+02  8.995e-146  4.500e-01
5.160e+02  3.101e-145  4.500e-01
5.170e+02  1.069e-144  4.500e-01
5.180e+02  3.684e-144  4.500e-01
5.190e+02  1.269e-143  4.500e-01
5.200e+02  4.372e-143  4.500e-01
5.210e+02  1.506e-142  4.500e-01
5.220e+02  5.186e-142  4.500e-01
5.230e+02  1.785e-141  4.500e-01
5.240e+02  6.144e-141  4.500e-01
5.250e+02  2.114e-140  4.500e-01
5.260e+02  7.270e-140  4.500e-01
5.270e+02  2.499e-139  4.500e-01
5.280e+02  8.590e-139  4.500e-01
5.290e+02  2.951e-138  4.500e-01
5.300e+02  1.013e-137  4.500e-01
5.310e+02  3.478e-137  4.500e-01
5.320e+02  1.193e-136  4.500e-01
5.330e+02  4.091e-136  4.500e-01
5.340e+02  1.402e-135  4.500e-01
5.350e+02  4.801e-135  4.500e-01
5.360e+02  1.643e-134  4.500e-01
5.370e+02  5.620e-134  4.500e-01
5.380e+02  1.921e-133  4.500e-01
5.390e+02  6.561e-133  4.500e-01
5.400e+02  2.239e-132  4.500e-01
5.410e+02  7.635e-132  4.500e-01
5.420e+02  2.601e-131  4.500e-01
5.430e+02  8.855e-131  4.500e-01
5.440e+02  3.012e-130  4.500e-01
5.450e+02  1.023e-129  4.500e-01
5.460e+02  3.473e-129  4.500e-01
5.470e+02  1.178e-128  4.500e-01
5.480e+02  3.989e-128  4.500e-01
5.490e+02  1.350e-127  4.500e-01
5.500e+02  4.562e-127  4.500e-01
5.510e+02  1.540e-126  4.500e-01
5.520e+02  5.192e-126  4.500e-01
5.530e+02  1.748e-125  4.500e-01
5.540e+02  5.880e-125  4.500e-01
5.550e+02  1.975e-124  4.500e-01
5.560e+02  6.624e-124  4.500e-01
5.570e+02  2.219e-123  4.500e-01
5.580e+02  7.422e-123  4.500e-01
5.590e+02  2.479e-122  4.500e-01
5.600e+02  8.267e-122  4.500e-01
5.610e+02  2.753e-121  4.500e-01
5.620e+02  9.153e-121  4.500e-01
5.630e+02  3.039e-120  4.500e-01
5.640e+02  1.007e-119  4.500e-01
5.650e+02  3.333e-119  4.500e-01
5.660e+02  1.101e-118  4.500e-01
5.670e+02  3.631e-118  4.500e-01
5.680e+02  1.196e-117  4.500e-01
5.690e+02  3.929e-117  4.500e-01
5.700e+02  1.289e-116  4.500e-01
5.710e+02  4.223e-116  4.500e-01
5.720e+02  1.381e-115  4.500e-01
5.730e+02  4.505e-115  4.500e-01
5.740e+02  1.467e-114  4.500e-01
5.750e+02  4.771e-114  4.500e-01
5.760e+02  1.548e-113  4.500e-01
5.770e+02  5.015e-113  4.500e-01
5.780e+02  1.621e-112  4.500e-01
5.790e+02  5.231e-112  4.500e-01
5.800e+02  1.684e-111  4.500e-01
5.810e+02  5.413e-111  4.500e-01
5.820e+02  1.736e-110  4.500e-01
5.830e+02  5.557e-110  4.500e-01
5.840e+02  1.775e-109  4.500e-01
5.850e+02  5.659e-109  4.500e-01
5.860e+02  1.800e-108  4.500e-01
5.870e+02  5.716e-108  4.500e-01
5.880e+02  1.811e-107  4.500e-01
5.890e+02  5.724e-107  4.500e-01
5.900e+02  1.806e-106  4.500e-01
5.910e+02  5.685e-106  4.500e-01
5.920e+02  1.786e-105  4.500e-01
5.930e+02  5.597e-105  4.500e-01
5.940e+02  1.751e-104  4.500e-01
5.950e+02  5.463e-104  4.500e-01
5.960e+02  1.701e-103  4.500e-01
5.970e+02  5.286e-103  4.500e-01
5.980e+02  1.639e-102  4.500e-01
5.990e+02  5.069e-102  4.500e-01
6.000e+02  1.564e-101  4.500e-01
6.010e+02  4.818e-101  4.500e-01
6.020e+02  1.480e-100  4.500e-01
6.030e+02  4.538e-100  4.500e-01
6.040e+02  1.388e-99  4.500e-01
6.050e+02  4.235e-99  4.500e-01
6.060e+02  1.289e-98  4.500e-01
6.070e+02  3.917e-98  4.500e-01
6.080e+02  1.187e-97  4.500e-01
6.090e+02  3.589e-97  4.500e-01
6.100e+02  1.083e-96  4.500e-01
6.110e+02  3.258e-96  4.500e-01
6.120e+02  9.782e-96  4.500e-01
6.130e+02  2.930e-95  4.500e-01
6.140e+02  8.756e-95  4.500e-01
6.150e+02  2.610e-94  4.500e-01
6.160e+02  7.764e-94  4.500e-01
6.170e+02  2.304e-93  4.500e-01
6.180e+02  6.819e-93  4.500e-01
6.190e+02  2.013e-92  4.500e-01
6.200e+02  5.932e-92  4.500e-01
6.210e+02  1.743e-91  4.500e-01
6.220e+02  5.111e-91  4.500e-01
6.230e+02  1.495e-90  4.500e-01
6.240e+02  4.361e-90  4.500e-01
6.250e+02  1.269e-89  4.500e-01
6.260e+02  3.685e-89  4.500e-01
6.270e+02  1.067e-88  4.500e-01
6.280e+02  3.084e-88  4.500e-01
6.290e+02  8.888e-88  4.500e-01
6.300e+02  2.556e-87  4.500e-01
6.310e+02  7.330e-87  4.500e-01
6.320e+02  2.097e-86  4.500e-01
6.330e+02  5.985e-86  4.500e-01
6.340e+02  1.704e-85  4.500e-01
6.350e+02  4.839e-85  4.500e-01
6.360e+02  1.371e-84  4.500e-01
6.370e+02  3.874e-84  4.500e-01
6.380e+02  1.092e-83  4.500e-01
6.390e+02  3.070e-83  4.500e-01
6.400e+02  8.611e-83  4.500e-01
6.410e+02  2.409e-82  4.500e-01
6.420e+02  6.723e-82  4.500e-01
6.430e+02  1.871e-81  4.500e-01
6.440e+02  5.196e-81  4.500e-01
6.450e+02  1.439e-80  4.500e-01
6.460e+02  3.976e-80  4.500e-01
6.470e+02  1.096e-79  4.500e-01
6.480e+02  3.012e-79  4.500e-01
6.490e+02  8.258e-79  4.500e-01
6.500e+02  2.258e-78  4.500e-01
6.510e+02  6.161e-78  4.500e-01
6.520e+02  1.676e-77  4.500e-01
6.530e+02  4.550e-77  4.500e-01
6.540e+02  1.232e-76  4.500e-01
6.550e+02  3.326e-76  4.500e-01
6.560e+02  8.957e-76  4.500e-01
6.570e+02  2.406e-75  4.500e-01
6.580e+02  6.447e-75  4.500e-01
6.590e+02  1.723e-74  4.500e-01
6.600e+02  4.593e-74  4.500e-01
6.610e+02  1.221e-73  4.500e-01
6.620e+02  3.239e-73  4.500e-01
6.630e+02  8.567e-73  4.500e-01
6.640e+02  2.260e-72  4.500e-01
6.650e+02  5.948e-72  4.500e-01
6.660e+02  1.561e-71  4.500e-01
6.670e+02  4.087e-71  4.500e-01
6.680e+02  1.067e-70  4.500e-01
6.690e+02  2.779e-70  4.500e-01
6.700e+02  7.219e-70  4.500e-01
6.710e+02  1.870e-69  4.500e-01
6.720e+02  4.833e-69  4.500e-01
6.730e+02  1.246e-68  4.500e-01
6.740e+02  3.202e-68  4.500e-01
6.750e+02  8.209e-68  4.500e-01
6.760e+02  2.099e-67  4.500e-01
6.770e+02  5.353e-67  4.500e-01
6.780e+02  1.362e-66  4.500e-01
6.790e+02  3.455e-66  4.500e-01
6.800e+02  8.741e-66  4.500e-01
6.810e+02  2.206e-65  4.500e-01
6.820e+02  5.552e-65  4.500e-01
6.830e+02  1.394e-64  4.500e-01
6.840e+02  3.490e-64  4.500e-01
6.850e+02  8.715e-64  4.500e-01
6.860e+02  2.170e-63  4.500e-01
6.870e+02  5.391e-63  4.500e-01
6.880e+02  1.336e-62  4.500e-01
6.890e+02  3.300e-62  4.500e-01
6.900e+02  8.131e-62  4.500e-01
6.910e+02  1.998e-61  4.500e-01
6.920e+02  4.898e-61  4.500e-01
6.930e+02  1.197e-60  4.500e-01
6.940e+02  2.919e-60  4.500e-01
6.950e+02  7.099e-60  4.500e-01
6.960e+02  1.721e-59  4.500e-01
6.970e+02  4.163e-59  4.500e-01
6.980e+02  1.004e-58  4.500e-01
6.990e+02  2.416e-58  4.500e-01
7.000e+02  5.796e-58  4.500e-01
7.010e+02  1.387e-57  4.500e-01
7.020e+02  3.310e-57  4.500e-01
7.030e+02  7.876e-57  4.500e-01
7.040e+02  1.869e-56  4.500e-01
7.050e+02  4.425e-56  4.500e-01
7.060e+02  1.045e-55  4.500e-01
7.070e+02  2.460e-55  4.500e-01
7.080e+02  5.775e-55  4.500e-01
7.090e+02  1.352e-54  4.500e-01
7.100e+02  3.158e-54  4.500e-01
7.110e+02  7.356e-54  4.500e-01
7.120e+02  1.708e-53  4.500e-01
7.130e+02  3.958e-53  4.500e-01
7.140e+02  9.143e-53  4.500e-01
7.150e+02  2.106e-52  4.500e-01
7.160e+02  4.839e-52  4.500e-01
7.170e+02  1.109e-51  4.500e-01
7.180e+02  2.534e-51  4.500e-01
7.190e+02  5.775e-51  4.500e-01
7.200e+02  1.312e-50  4.500e-01
7.210e+02  2.974e-50  4.500e-01
7.220e+02  6.723e-50  4.500e-01
7.230e+02  1.515e-49  4.500e-01
7.240e+02  3.407e-49  4.500e-01
7.250e+02  7.637e-49  4.500e-01
7.260e+02  1.707e-48  4.500e-01
7.270e+02  3.807e-48  4.500e-01
7.280e+02  8.464e-48  4.500e-01
7.290e+02  1.877e-47  4.500e-01
7.300e+02  4.150e-47  4.500e-01
7.310e+02  9.151e-47  4.500e-01
7.320e+02  2.012e-46  4.500e-01
7.330e+02  4.413e-46  4.500e-01
7.340e+02  9.651e-46  4.500e-01
7.350e+02  2.105e-45  4.500e-01
7.360e+02  4.578e-45  4.500e-01
7.370e+02  9.929e-45  4.500e-01
7.380e+02  2.148e-44  4.500e-01
7.390e+02  4.632e-44  4.500e-01
7.400e+02  9.963e-44  4.500e-01
7.410e+02  2.137e-43  4.500e-01
7.420e+02  4.571e-43  4.500e-01
7.430e+02  9.751e-43  4.500e-01
7.440e+02  2.074e-42  4.500e-01
7.450e+02  4.400e-42  4.500e-01
7.460e+02  9.307e-42  4.500e-01
7.470e+02  1.963e-41  4.500e-01
7.480e+02  4.130e-41  4.500e-01
7.490e+02  8.664e-41  4.500e-01
7.500e+02  1.812e-40  4.500e-01
7.510e+02  3.781e-40  4.500e-01
7.520e+02  7.864e-40  4.500e-01
7.530e+02  1.631e-39  4.500e-01
7.540e+02  3.375e-39  4.500e-01
7.550e+02  6.961e-39  4.500e-01
7.560e+02  1.432e-38  4.500e-01
7.570e+02  2.937e-38  4.500e-01
7.580e+02  6.008e-38  4.500e-01
7.590e+02  1.225e-37  4.500e-01
7.600e+02  2.493e-37  4.500e-01
7.610e+02  5.056e-37  4.500e-01
7.620e+02  1.023e-36  4.500e-01
7.630e+02  2.062e-36  4.500e-01
7.640e+02  4.148e-36  4.500e-01
7.650e+02  8.318e-36  4.500e-01
7.660e+02  1.664e-35  4.500e-01
7.670e+02  3.317e-35  4.500e-01
7.680e+02  6.597e-35  4.500e-01
7.690e+02  1.308e-34  4.500e-01
7.700e+02  2.586e-34  4.500e-01
7.710e+02  5.100e-34  4.500e-01
7.720e+02  1.003e-33  4.500e-01
7.730e+02  1.966e-33  4.500e-01
7.740e+02  3.843e-33  4.500e-01
7.750e+02  7.491e-33  4.500e-01
7.760e+02  1.456e-32  4.500e-01
7.770e+02  2.823e-32  4.500e-01
7.780e+02  5.456e-32  4.500e-01
7.790e+02  1.051e-31  4.500e-01
7.800e+02  2.021e-31  4.500e-01
7.810e+02  3.872e-31  4.500e-01
7.820e+02  7.399e-31  4.500e-01
7.830e+02  1.410e-30  4.500e-01
7.840e+02  2.678e-30  4.500e-01
7.850e+02  5.074e-30  4.500e-01
7.860e+02  9.585e-30  4.500e-01
7.870e+02  1.805e-29  4.500e-01
7.880e+02  3.391e-29  4.500e-01
7.890e+02  6.350e-29  4.500e-01
7.900e+02  1.186e-28  4.500e-01
7.910e+02  2.208e-28  4.500e-01
7.920e+02  4.099e-28  4.500e-01
7.930e+02  7.589e-28  4.500e-01
7.940e+02  1.401e-27  4.500e-01
7.950e+02  2.579e-27  4.500e-01
7.960e+02  4.732e-27  4.500e-01
7.970e+02  8.660e-27  4.500e-01
7.980e+02  1.580e-26  4.500e-01
7.990e+02  2.875e-26  4.500e-01
8.000e+02  5.216e-26  4.500e-01
8.010e+02  9.435e-26  4.500e-01
8.020e+02  1.702e-25  4.500e-01
8.030e+02  3.060e-25  4.500e-01
8.040e+02  5.487e-25  4.500e-01
8.050e+02  9.810e-25  4.500e-01
8.060e+02  1.749e-24  4.500e-01
8.070e+02  3.109e-24  4.500e-01
8.080e+02  5.509e-24  4.500e-01
8.090e+02  9.735e-24  4.500e-01
8.100e+02  1.715e-23  4.500e-01
8.110e+02  3.013e-23  4.500e-01
8.120e+02  5.278e-23  4.500e-01
8.130e+02  9.218e-23  4.500e-01
8.140e+02  1.605e-22  4.500e-01
8.150e+02  2.787e-22  4.500e-01
8.160e+02  4.824e-22  4.500e-01
8.170e+02  8.327e-22  4.500e-01
8.180e+02  1.433e-21  4.500e-01
8.190e+02  2.459e-21  4.500e-01
8.200e+02  4.206e-21  4.500e-01
8.210e+02  7.175e-21  4.500e-01
8.220e+02  1.220e-20  4.500e-01
8.230e+02  2.069e-20  4.500e-01
8.240e+02  3.498e-20  4.500e-01
8.250e+02  5.896e-20  4.500e-01
8.260e+02  9.908e-20  4.500e-01
8.270e+02  1.660e-19  4.500e-01
8.280e+02  2.773e-19  4.500e-01
8.290e+02  4.619e-19  4.500e-01
8.300e+02  7.670e-19  4.500e-01
8.310e+02  1.270e-18  4.500e-01
8.320e+02  2.096e-18  4.500e-01
8.330e+02  3.449e-18  4.500e-01
8.340e+02  5.660e-18  4.500e-01
8.350e+02  9.258e-18  4.500e-01
8.360e+02  1.510e-17  4.500e-01
8.370e+02  2.455e-17  4.500e-01
8.380e+02  3.980e-17  4.500e-01
8.390e+02  6.432e-17  4.500e-01
8.400e+02  1.036e-16  4.500e-01
8.410e+02  1.665e-16  4.500e-01
8.420e+02  2.666e-16  4.500e-01
8.430e+02  4.257e-16  4.500e-01
8.440e+02  6.777e-16  4.500e-01
8.450e+02  1.075e-15  4.500e-01
8.460e+02  1.701e-15  4.500e-01
8.470e+02  2.683e-15  4.500e-01
8.480e+02  4.220e-15  4.500e-01
8.490e+02  6.615e-15  4.500e-01
8.500e+02  1.034e-14  4.500e-01
8.510e+02  1.610e-14  4.500e-01
8.520e+02  2.501e-14  4.500e-01
8.530e+02  3.873e-14  4.500e-01
8.540e+02  5.978e-14  4.500e-01
8.550e+02  9.199e-14  4.500e-01
8.560e+02  1.411e-13  4.500e-01
8.570e+02  2.158e-13  4.500e-01
8.580e+02  3.290e-13  4.500e-01
8.590e+02  4.999e-13  4.500e-01
8.600e+02  7.574e-13  4.500e-01
8.610e+02  1.144e-12  4.500e-01
8.620e+02  1.722e-12  4.500e-01
8.630e+02  2.584e-12  4.500e-01
8.640e+02  3.865e-12  4.500e-01
8.650e+02  5.764e-12  4.500e-01
8.660e+02  8.568e-12  4.500e-01
8.670e+02  1.269e-11  4.500e-01
8.680e+02  1.875e-11  4.500e-01
8.690e+02  2.761e-11  4.500e-01
8.700e+02  4.051e-11  4.500e-01
8.710e+02  5.926e-11  4.500e-01
8.720e+02  8.641e-11  4.500e-01
8.730e+02  1.256e-10  4.500e-01
8.740e+02  1.819e-10  4.500e-01
8.750e+02  2.627e-10  4.500e-01
8.760e+02  3.780e-10  4.500e-01
8.770e+02  5.423e-10  4.500e-01
8.780e+02  7.753e-10  4.500e-01
8.790e+02  1.105e-09  4.500e-01
8.800e+02  1.569e-09  4.500e-01
8.810e+02  2.221e-09  4.500e-01
8.820e+02  3.133e-09  4.500e-01
8.830e+02  4.406e-09  4.500e-01
8.840e+02  6.174e-09  4.500e-01
8.850e+02  8.621e-09  4.500e-01
8.860e+02  1.200e-08  4.500e-01
8.870e+02  1.664e-08  4.500e-01
8.880e+02  2.300e-08  4.500e-01
8.890e+02  3.169e-08  4.500e-01
8.900e+02  4.349e-08  4.500e-01
8.910e+02  5.949e-08  4.500e-01
8.920e+02  8.109e-08  4.500e-01
8.930e+02  1.101e-07  4.500e-01
8.940e+02  1.490e-07  4.500e-01
8.950e+02  2.010e-07  4.500e-01
8.960e+02  2.700e-07  4.500e-01
8.970e+02  3.615e-07  4.500e-01
8.980e+02  4.821e-07  4.500e-01
8.990e+02  6.407e-07  4.500e-01
9.000e+02  8.482e-07  4.500e-01
9.010e+02  1.119e-06  4.500e-01
9.020e+02  1.470e-06  4.500e-01
9.030e+02  1.924e-06  4.500e-01
9.040e+02  2.509e-06  4.500e-01
9.050e+02  3.259e-06  4.499e-01
9.060e+02  4.216e-06  4.499e-01
9.070e+02  5.434e-06  4.499e-01
9.080e+02  6.975e-06  4.499e-01
9.090e+02  8.917e-06  4.499e-01
9.100e+02  1.135e-05  4.499e-01
9.110e+02  1.440e-05  4.498e-01
9.120e+02  1.818e-05  4.498e-01
9.130e+02  2.287e-05  4.498e-01
9.140e+02  2.864e-05  4.498e-01
9.150e+02  3.571e-05  4.497e-01
9.160e+02  4.435e-05  4.497e-01
9.170e+02  5.484e-05  4.496e-01
9.180e+02  6.753e-05  4.496e-01
9.190e+02  8.278e-05  4.495e-01
9.200e+02  1.010e-04  4.494e-01
9.210e+02  1.228e-04  4.494e-01
9.220e+02  1.486e-04  4.493e-01
9.230e+02  1.790e-04  4.492e-01
9.240e+02  2.147e-04  4.491e-01
9.250e+02  2.563e-04  4.489e-01
9.260e+02  3.047e-04  4.488e-01
9.270e+02  3.607e-04  4.486e-01
9.280e+02  4.250e-04  4.484e-01
9.290e+02  4.986e-04  4.482e-01
9.300e+02  5.824e-04  4.480e-01
9.310e+02  6.773e-04  4.478e-01
9.320e+02  7.843e-04  4.475e-01
9.330e+02  9.044e-04  4.472e-01
9.340e+02  1.038e-03  4.469e-01
9.350e+02  1.187e-03  4.465e-01
9.360e+02  1.352e-03  4.462e-01
9.370e+02  1.533e-03  4.457e-01
9.380e+02  1.731e-03  4.453e-01
9.390e+02  1.948e-03  4.448e-01
9.400e+02  2.182e-03  4.444e-01
9.410e+02  2.436e-03  4.438e-01
9.420e+02  2.709e-03  4.433e-01
9.430e+02  3.001e-03  4.427e-01
9.440e+02  3.314e-03  4.421e-01
9.450e+02  3.646e-03  4.414e-01
9.460e+02  3.997e-03  4.408e-01
9.470e+02  4.368e-03  4.401e-01
9.480e+02  4.758e-03  4.393e-01
9.490e+02  5.166e-03  4.386e-01
9.500e+02  5.592e-03  4.378e-01
9.510e+02  6.035e-03  4.370e-01
9.520e+02  6.495e-03  4.362e-01
9.530e+02  6.971e-03  4.354e-01
9.540e+02  7.461e-03  4.346e-01
9.550e+02  7.965e-03  4.337e-01
9.560e+02  8.482e-03  4.328e-01
9.570e+02  9.010e-03  4.320e-01
9.580e+02  9.550e-03  4.311e-01
9.590e+02  1.010e-02  4.302e-01
9.600e+02  1.066e-02  4.293e-01
9.610e+02  1.122e-02  4.284e-01
9.620e+02  1.179e-02  4.275e-01
9.630e+02  1.237e-02  4.266e-01
9.640e+02  1.295e-02  4.257e-01
9.650e+02  1.354e-02  4.248e-01
9.660e+02  1.412e-02  4.240e-01
9.670e+02  1.471e-02  4.231e-01
9.680e+02  1.531e-02  4.222e-01
9.690e+02  1.590e-02  4.213e-01
9.700e+02  1.649e-02  4.205e-01
9.710e+02  1.708e-02  4.196e-01
9.720e+02  1.767e-02  4.188e-01
9.730e+02  1.825e-02  4.179e-01
9.740e+02  1.884e-02  4.171e-01
9.750e+02  1.942e-02  4.163e-01
9.760e+02  2.000e-02  4.155e-01
9.770e+02  2.058e-02  4.147e-01
9.780e+02  2.115e-02  4.139e-01
9.790e+02  2.172e-02  4.131e-01
9.800e+02  2.229e-02  4.123e-01
9.810e+02  2.286e-02  4.116e-01
9.820e+02  2.342e-02  4.108e-01
9.830e+02  2.398e-02  4.101e-01
9.840e+02  2.453e-02  4.093e-01
9.850e+02  2.509e-02  4.086e-01
9.860e+02  2.564e-02  4.079e-01
9.870e+02  2.619e-02  4.072e-01
9.880e+02  2.673e-02  4.064e-01
9.890e+02  2.728e-02  4.057e-01
9.900e+02  2.783e-02  4.050e-01
9.910e+02  2.838e-02  4.043e-01
9.920e+02  2.892e-02  4.036e-01
9.930e+02  2.947e-02  4.029e-01
9.940e+02  3.002e-02  4.022e-01
9.950e+02  3.058e-02  4.015e-01
9.960e+02  3.114e-02  4.008e-01
9.970e+02  3.170e-02  4.001e-01
9.980e+02  3.226e-02  3.994e-01
9.990e+02  3.283e-02  3.987e-01
1.000e+03  3.341e-02  3.980e-01
1.001e+03  3.399e-02  3.973e-01
1.002e+03  3.458e-02  3.966e-01
1.003e+03  3.519e-02  3.959e-01
1.004e+03  3.580e-02  3.951e-01
1.005e+03  3.642e-02  3.944e-01
1.006e+03  3.705e-02  3.936e-01
1.007e+03  3.770e-02  3.929e-01
1.008e+03  3.836e-02  3.921e-01
1.009e+03  3.903e-02  3.913e-01
1.010e+03  3.972e-02  3.905e-01
1.011e+03  4.043e-02  3.897e-01
1.012e+03  4.116e-02  3.888e-01
1.013e+03  4.191e-02  3.880e-01
1.014e+03  4.268e-02  3.871e-01
1.015e+03  4.347e-02  3.862e-01
1.016e+03  4.428e-02  3.853e-01
1.017e+03  4.512e-02  3.843e-01
1.018e+03  4.599e-02  3.834e-01
1.019e+03  4.689e-02  3.824e-01
1.020e+03  4.782e-02  3.813e-01
1.021e+03  4.878e-02  3.803e-01
1.022e+03  4.978e-02  3.792e-01
1.023e+03  5.081e-02  3.781e-01
1.024e+03  5.189e-02  3.769e-01
1.025e+03  5.300e-02  3.757e-01
1.026e+03  5.416e-02  3.745e-01
1.027e+03  5.536e-02  3.732e-01
1.028e+03  5.662e-02  3.719e-01
1.029e+03  5.792e-02  3.705e-01
1.030e+03  5.928e-02  3.691e-01
1.031e+03  6.070e-02  3.677e-01
1.032e+03  6.218e-02  3.662e-01
1.033e+03  6.372e-02  3.646e-01
1.034e+03  6.534e-02  3.630e-01
1.035e+03  6.702e-02  3.613e-01
1.036e+03  6.879e-02  3.596e-01
1.037e+03  7.063e-02  3.578e-01
1.038e+03  7.256e-02  3.559e-01
1.039e+03  7.459e-02  3.540e-01
1.040e+03  7.670e-02  3.520e-01
1.041e+03  7.893e-02  3.499e-01
1.042e+03  8.126e-02  3.478e-01
1.043e+03  8.371e-02  3.455e-01
1.044e+03  8.628e-02  3.432e-01
1.045e+03  8.897e-02  3.408e-01
1.046e+03  9.181e-02  3.383e-01
1.047e+03  9.479e-02  3.357e-01
1.048e+03  9.793e-02  3.330e-01
1.049e+03  1.012e-01  3.301e-01
1.050e+03  1.047e-01  3.272e-01
1.051e+03  1.084e-01  3.242e-01
1.052e+03  1.122e-01  3.210e-01
1.053e+03  1.163e-01  3.178e-01
1.054e+03  1.206e-01  3.144e-01
1.055e+03  1.251e-01  3.108e-01
1.056e+03  1.299e-01  3.072e-01
1.057e+03  1.349e-01  3.034e-01
1.058e+03  1.402e-01  2.994e-01
1.059e+03  1.458e-01  2.953e-01
1.060e+03  1.517e-01  2.911e-01
1.061e+03  1.579e-01  2.867e-01
1.062e+03  1.645e-01  2.822e-01
1.063e+03  1.715e-01  2.775e-01
1.064e+03  1.788e-01  2.726e-01
1.065e+03  1.865e-01  2.676e-01
1.066e+03  1.947e-01  2.624e-01
1.067e+03  2.033e-01  2.570e-01
1.068e+03  2.124e-01  2.515e-01
1.069e+03  2.220e-01  2.458e-01
1.070e+03  2.320e-01  2.400e-01
1.071e+03  2.427e-01  2.340e-01
1.072e+03  2.538e-01  2.278e-01
1.073e+03  2.655e-01  2.215e-01
1.074e+03  2.779e-01  2.151e-01
1.075e+03  2.908e-01  2.085e-01
1.076e+03  3.043e-01  2.018e-01
1.077e+03  3.185e-01  1.950e-01
1.078e+03  3.332e-01  1.880e-01
1.079e+03  3.487e-01  1.810e-01
1.080e+03  3.647e-01  1.739e-01
1.081e+03  3.814e-01  1.668e-01
1.082e+03  3.987e-01  1.596e-01
1.083e+03  4.166e-01  1.524e-01
1.084e+03  4.351e-01  1.452e-01
1.085e+03  4.541e-01  1.380e-01
1.086e+03  4.737e-01  1.309e-01
1.087e+03  4.936e-01  1.238e-01
1.088e+03  5.140e-01  1.168e-01
1.089e+03  5.348e-01  1.100e-01
1.090e+03  5.558e-01  1.032e-01
1.091e+03  5.771e-01  9.663e-02
1.092e+03  5.984e-01  9.021e-02
1.093e+03  6.198e-01  8.398e-02
1.094e+03  6.412e-01  7.796e-02
1.095e+03  6.624e-01  7.216e-02
1.096e+03  6.834e-01  6.659e-02
1.097e+03  7.041e-01  6.128e-02
1.098e+03  7.243e-01  5.622e-02
1.099e+03  7.441e-01  5.142e-02
1.100e+03  7.633e-01  4.690e-02
1.101e+03  7.818e-01  4.264e-02
1.102e+03  7.996e-01  3.865e-02
1.103e+03  8.166e-01  3.493e-02
1.104e+03  8.328e-01  3.147e-02
1.105e+03  8.482e-01  2.827e-02
1.106e+03  8.626e-01  2.531e-02
1.107e+03  8.761e-01  2.260e-02
1.108e+03  8.887e-01  2.012e-02
1.109e+03  9.004e-01  1.785e-02
1.110e+03  9.112e-01  1.580e-02
1.111e+03  9.211e-01  1.394e-02
1.112e+03  9.301e-01  1.226e-02
1.113e+03  9.383e-01  1.075e-02
1.114e+03  9.458e-01  9.405e-03
1.115e+03  9.525e-01  8.201e-03
1.116e+03  9.585e-01  7.132e-03
1.117e+03  9.639e-01  6.184e-03
1.118e+03  9.687e-01  5.348e-03
1.119e+03  9.729e-01  4.612e-03
1.120e+03  9.766e-01  3.966e-03
1.121e+03  9.799e-01  3.402e-03
1.122e+03  9.828e-01  2.910e-03
1.123e+03  9.853e-01  2.483e-03
1.124e+03  9.874e-01  2.113e-03
1.125e+03  9.893e-01  1.794e-03
1.126e+03  9.910e-01  1.519e-03
1.127e+03  9.923e-01  1.283e-03
1.128e+03  9.935e-01  1.081e-03
1.129e+03  9.946e-01  9.090e-04
1.130e+03  9.954e-01  7.624e-04
1.131e+03  9.962e-01  6.379e-04
1.132e+03  9.968e-01  5.326e-04
1.133e+03  9.973e-01  4.436e-04
1.134e+03  9.978e-01  3.687e-04
1.135e+03  9.982e-01  3.058e-04
1.136e+03  9.985e-01  2.531e-04
1.137e+03  9.987e-01  2.090e-04
1.138e+03  9.990e-01  1.723e-04
1.139e+03  9.992e-01  1.417e-04
1.140e+03  9.993e-01  1.163e-04
1.141e+03  9.994e-01  9.527e-05
1.142e+03  9.995e-01  7.789e-05
1.143e+03  9.996e-01  6.356e-05
1.144e+03  9.997e-01  5.176e-05
1.145e+03  9.997e-01  4.207e-05
1.146e+03  9.998e-01  3.414e-05
1.147e+03  9.998e-01  2.764e-05
1.148e+03  9.999e-01  2.234e-05
1.149e+03  9.999e-01  1.803e-05
1.150e+03  9.999e-01  1.452e-05
1.151e+03  9.999e-01  1.167e-05
1.152e+03  9.999e-01  9.368e-06
1.153e+03  1.000e+00  7.505e-06
1.154e+03  1.000e+00  6.002e-06
1.155e+03  1.000e+00  4.791e-06
1.156e+03  1.000e+00  3.818e-06
1.157e+03  1.000e+00  3.038e-06
1.158e+03  1.000e+00  2.413e-06
1.159e+03  1.000e+00  1.913e-06
1.160e+03  1.000e+00  1.514e-06
1.161e+03  1.000e+00  1.196e-06
1.162e+03  1.000e+00  9.438e-07
1.163e+03  1.000e+00  7.433e-07
1.164e+03  1.000e+00  5.845e-07
1.165e+03  1.000e+00  4.588e-07
1.166e+03  1.000e+00  3.596e-07
1.167e+03  1.000e+00  2.813e-07
1.168e+03  1.000e+00  2.198e-07
1.169e+03  1.000e+00  1.714e-07
1.170e+03  1.000e+00  1.335e-07
1.171e+03  1.000e+00  1.038e-07
1.172e+03  1.000e+00  8.053e-08
1.173e+03  1.000e+00  6.240e-08
1.174e+03  1.000e+00  4.828e-08
1.175e+03  1.000e+00  3.730e-08
1.176e+03  1.000e+00  2.877e-08
1.177e+03  1.000e+00  2.215e-08
1.178e+03  1.000e+00  1.703e-08
1.179e+03  1.000e+00  1.307e-08
1.180e+03  1.000e+00  1.002e-08
1.181e+03  1.000e+00  7.668e-09
1.182e+03  1.000e+00  5.859e-09
1.183e+03  1.000e+00  4.470e-09
1.184e+03  1.000e+00  3.405e-09
1.185e+03  1.000e+00  2.589e-09
1.186e+03  1.000e+00  1.966e-09
1.187e+03  1.000e+00  1.491e-09
1.188e+03  1.000e+00  1.129e-09
1.189e+03  1.000e+00  8.532e-10
1.190e+03  1.000e+00  6.439e-10
1.191e+03  1.000e+00  4.853e-10
1.192e+03  1.000e+00  3.651e-10
1.193e+03  1.000e+00  2.743e-10
1.194e+03  1.000e+00  2.058e-10
1.195e+03  1.000e+00  1.542e-10
1.196e+03  1.000e+00  1.153e-10
1.197e+03  1.000e+00  8.610e-11
1.198e+03  1.000e+00  6.420e-11
1.199e+03  1.000e+00  4.780e-11
1.200e+03  1.000e+00  3.554e-11
1.201e+03  1.000e+00  2.638e-11
1.202e+03  1.000e+00  1.956e-11
1.203e+03  1.000e+00  1.447e-11
1.204e+03  1.000e+00  1.070e-11
1.205e+03  1.000e+00  7.893e-12
1.206e+03  1.000e+00  5.816e-12
1.207e+03  1.000e+00  4.279e-12
1.208e+03  1.000e+00  3.143e-12
1.209e+03  1.000e+00  2.306e-12
1.210e+03  1.000e+00  1.689e-12
1.211e+03  1.000e+00  1.235e-12
1.212e+03  1.000e+00  9.022e-13
1.213e+03  1.000e+00  6.579e-13
1.214e+03  1.000e+00  4.791e-13
1.215e+03  1.000e+00  3.483e-13
1.216e+03  1.000e+00  2.529e-13
1.217e+03  1.000e+00  1.833e-13
1.218e+03  1.000e+00  1.327e-13
1.219e+03  1.000e+00  9.594e-14
1.220e+03  1.000e+00  6.925e-14
1.221e+03  1.000e+00  4.991e-14
1.222e+03  1.000e+00  3.592e-14
1.223e+03  1.000e+00  2.581e-14
1.224e+03  1.000e+00  1.852e-14
1.225e+03  1.000e+00  1.327e-14
1.226e+03  1.000e+00  9.498e-15
1.227e+03  1.000e+00  6.786e-15
1.228e+03  1.000e+00  4.841e-15
1.229e+03  1.000e+00  3.449e-15
1.230e+03  1.000e+00  2.454e-15
1.231e+03  1.000e+00  1.743e-15
1.232e+03  1.000e+00  1.236e-15
1.233e+03  1.000e+00  8.757e-16
1.234e+03  1.000e+00  6.194e-16
1.235e+03  1.000e+00  4.374e-16
1.236e+03  1.000e+00  3.085e-16
1.237e+03  1.000e+00  2.173e-16
1.238e+03  1.000e+00  1.528e-16
1.239e+03  1.000e+00  1.073e-16
1.240e+03  1.000e+00  7.523e-17
1.241e+03  1.000e+00  5.268e-17
1.242e+03  1.000e+00  3.683e-17
1.243e+03  1.000e+00  2.572e-17
1.244e+03  1.000e+00  1.793e-17
1.245e+03  1.000e+00  1.248e-17
1.246e+03  1.000e+00  8.679e-18
1.247e+03  1.000e+00  6.025e-18
1.248e+03  1.000e+00  4.177e-18
1.249e+03  1.000e+00  2.891e-18
1.250e+03  1.000e+00  1.999e-18
1.251e+03  1.000e+00  1.380e-18
1.252e+03  1.000e+00  9.510e-19
1.253e+03  1.000e+00  6.546e-19
1.254e+03  1.000e+00  4.500e-19
1.255e+03  1.000e+00  3.088e-19
1.256e+03  1.000e+00  2.117e-19
1.257e+03  1.000e+00  1.449e-19
1.258e+03  1.000e+00  9.902e-20
1.259e+03  1.000e+00  6.758e-20
1.260e+03  1.000e+00  4.606e-20
1.261e+03  1.000e+00  3.135e-20
1.262e+03  1.000e+00  2.131e-20
1.263e+03  1.000e+00  1.446e-20
1.264e+03  1.000e+00  9.799e-21
1.265e+03  1.000e+00  6.632e-21
1.266e+03  1.000e+00  4.482e-21
1.267e+03  1.000e+00  3.024e-21
1.268e+03  1.000e+00  2.038e-21
1.269e+03  1.000e+00  1.372e-21
1.270e+03  1.000e+00  9.218e-22
1.271e+03  1.000e+00  6.186e-22
1.272e+03  1.000e+00  4.145e-22
1.273e+03  1.000e+00  2.774e-22
1.274e+03  1.000e+00  1.854e-22
1.275e+03  1.000e+00  1.237e-22
1.276e+03  1.000e+00  8.244e-23
1.277e+03  1.000e+00  5.486e-23
1.278e+03  1.000e+00  3.646e-23
1.279e+03  1.000e+00  2.419e-23
1.280e+03  1.000e+00  1.603e-23
1.281e+03  1.000e+00  1.061e-23
1.282e+03  1.000e+00  7.012e-24
1.283e+03  1.000e+00  4.627e-24
1.284e+03  1.000e+00  3.050e-24
1.285e+03  1.000e+00  2.007e-24
1.286e+03  1.000e+00  1.319e-24
1.287e+03  1.000e+00  8.656e-25
1.288e+03  1.000e+00  5.673e-25
1.289e+03  1.000e+00  3.713e-25
1.290e+03  1.000e+00  2.427e-25
1.291e+03  1.000e+00  1.584e-25
1.292e+03  1.000e+00  1.032e-25
1.293e+03  1.000e+00  6.718e-26
1.294e+03  1.000e+00  4.366e-26
1.295e+03  1.000e+00  2.834e-26
1.296e+03  1.000e+00  1.837e-26
1.297e+03  1.000e+00  1.189e-26
1.298e+03  1.000e+00  7.686e-27
1.299e+03  1.000e+00  4.961e-27
1.300e+03  1.000e+00  3.198e-27
1.301e+03  1.000e+00  2.059e-27
1.302e+03  1.000e+00  1.323e-27
1.303e+03  1.000e+00  8.496e-28
1.304e+03  1.000e+00  5.447e-28
1.305e+03  1.000e+00  3.487e-28
1.306e+03  1.000e+00  2.229e-28
1.307e+03  1.000e+00  1.423e-28
1.308e+03  1.000e+00  9.075e-29
1.309e+03  1.000e+00  5.778e-29
1.310e+03  1.000e+00  3.674e-29
1.311e+03  1.000e+00  2.333e-29
1.312e+03  1.000e+00  1.479e-29
1.313e+03  1.000e+00  9.368e-30
1.314e+03  1.000e+00  5.924e-30
1.315e+03  1.000e+00  3.741e-30
1.316e+03  1.000e+00  2.360e-30
1.317e+03  1.000e+00  1.486e-30
1.318e+03  1.000e+00  9.347e-31
1.319e+03  1.000e+00  5.871e-31
1.320e+03  1.000e+00  3.683e-31
1.321e+03  1.000e+00  2.307e-31
1.322e+03  1.000e+00  1.443e-31
1.323e+03  1.000e+00  9.015e-32
1.324e+03  1.000e+00  5.624e-32
1.325e+03  1.000e+00  3.504e-32
1.326e+03  1.000e+00  2.180e-32
1.327e+03  1.000e+00  1.355e-32
1.328e+03  1.000e+00  8.405e-33
1.329e+03  1.000e+00  5.208e-33
1.330e+03  1.000e+00  3.223e-33
1.331e+03  1.000e+00  1.992e-33
1.332e+03  1.000e+00  1.229e-33
1.333e+03  1.000e+00  7.577e-34
1.334e+03  1.000e+00  4.664e-34
1.335e+03  1.000e+00  2.867e-34
1.336e+03  1.000e+00  1.760e-34
1.337e+03  1.000e+00  1.079e-34
1.338e+03  1.000e+00  6.605e-35
1.339e+03  1.000e+00  4.038e-35
1.340e+03  1.000e+00  2.466e-35
1.341e+03  1.000e+00  1.504e-35
1.342e+03  1.000e+00  9.156e-36
1.343e+03  1.000e+00  5.568e-36
1.344e+03  1.000e+00  3.382e-36
1.345e+03  1.000e+00  2.051e-36
1.346e+03  1.000e+00  1.242e-36
1.347e+03  1.000e+00  7.515e-37
1.348e+03  1.000e+00  4.540e-37
1.349e+03  1.000e+00  2.739e-37
1.350e+03  1.000e+00  1.650e-37
1.351e+03  1.000e+00  9.929e-38
1.352e+03  1.000e+00  5.966e-38
1.353e+03  1.000e+00  3.580e-38
1.354e+03  1.000e+00  2.146e-38
1.355e+03  1.000e+00  1.284e-38
1.356e+03  1.000e+00  7.676e-39
1.357e+03  1.000e+00  4.582e-39
1.358e+03  1.000e+00  2.732e-39
1.359e+03  1.000e+00  1.626e-39
1.360e+03  1.000e+00  9.670e-40
1.361e+03  1.000e+00  5.742e-40
1.362e+03  1.000e+00  3.405e-40
1.363e+03  1.000e+00  2.016e-40
1.364e+03  1.000e+00  1.193e-40
1.365e+03  1.000e+00  7.044e-41
1.366e+03  1.000e+00  4.155e-41
1.367e+03  1.000e+00  2.448e-41
1.368e+03  1.000e+00  1.440e-41
1.369e+03  1.000e+00  8.463e-42
1.370e+03  1.000e+00  4.966e-42
1.371e+03  1.000e+00  2.910e-42
1.372e+03  1.000e+00  1.703e-42
1.373e+03  1.000e+00  9.955e-43
1.374e+03  1.000e+00  5.811e-43
1.375e+03  1.000e+00  3.388e-43
1.376e+03  1.000e+00  1.972e-43
1.377e+03  1.000e+00  1.147e-43
1.378e+03  1.000e+00  6.660e-44
1.379e+03  1.000e+00  3.862e-44
1.380e+03  1.000e+00  2.237e-44
1.381e+03  1.000e+00  1.294e-44
1.382e+03  1.000e+00  7.475e-45
1.383e+03  1.000e+00  4.312e-45
1.384e+03  1.000e+00  2.485e-45
1.385e+03  1.000e+00  1.430e-45
1.386e+03  1.000e+00  8.217e-46
1.387e+03  1.000e+00  4.716e-46
1.388e+03  1.000e+00  2.703e-46
1.389e+03  1.000e+00  1.547e-46
1.390e+03  1.000e+00  8.847e-47
1.391e+03  1.000e+00  5.051e-47
1.392e+03  1.000e+00  2.881e-47
1.393e+03  1.000e+00  1.640e-47
1.394e+03  1.000e+00  9.331e-48
1.395e+03  1.000e+00  5.300e-48
1.396e+03  1.000e+00  3.007e-48
1.397e+03  1.000e+00  1.704e-48
1.398e+03  1.000e+00  9.640e-49
1.399e+03  1.000e+00  5.448e-49
1.400e+03  1.000e+00  3.075e-49
1.401e+03  1.000e+00  1.733e-49
1.402e+03  1.000e+00  9.757e-50
1.403e+03  1.000e+00  5.486e-50
1.404e+03  1.000e+00  3.080e-50
1.405e+03  1.000e+00  1.727e-50
1.406e+03  1.000e+00  9.675e-51
1.407e+03  1.000e+00  5.412e-51
1.408e+03  1.000e+00  3.023e-51
1.409e+03  1.000e+00  1.687e-51
1.410e+03  1.000e+00  9.399e-52
1.411e+03  1.000e+00  5.231e-52
1.412e+03  1.000e+00  2.907e-52
1.413e+03  1.000e+00  1.614e-52
1.414e+03  1.000e+00  8.947e-53
1.415e+03  1.000e+00  4.954e-53
1.416e+03  1.000e+00  2.739e-53
1.417e+03  1.000e+00  1.513e-53
1.418e+03  1.000e+00  8.345e-54
1.419e+03  1.000e+00  4.597e-54
1.420e+03  1.000e+00  2.529e-54
1.421e+03  1.000e+00  1.390e-54
1.422e+03  1.000e+00  7.628e-55
1.423e+03  1.000e+00  4.181e-55
1.424e+03  1.000e+00  2.289e-55
1.425e+03  1.000e+00  1.251e-55
1.426e+03  1.000e+00  6.833e-56
1.427e+03  1.000e+00  3.726e-56
1.428e+03  1.000e+00  2.030e-56
1.429e+03  1.000e+00  1.104e-56
1.430e+03  1.000e+00  5.998e-57
1.431e+03  1.000e+00  3.255e-57
1.432e+03  1.000e+00  1.764e-57
1.433e+03  1.000e+00  9.547e-58
1.434e+03  1.000e+00  5.161e-58
1.435e+03  1.000e+00  2.786e-58
1.436e+03  1.000e+00  1.502e-58
1.437e+03  1.000e+00  8.092e-59
1.438e+03  1.000e+00  4.352e-59
1.439e+03  1.000e+00  2.338e-59
1.440e+03  1.000e+00  1.254e-59
1.441e+03  1.000e+00  6.722e-60
1.442e+03  1.000e+00  3.598e-60
1.443e+03  1.000e+00  1.923e-60
1.444e+03  1.000e+00  1.027e-60
1.445e+03  1.000e+00  5.475e-61
1.446e+03  1.000e+00  2.916e-61
1.447e+03  1.000e+00  1.551e-61
1.448e+03  1.000e+00  8.238e-62
1.449e+03  1.000e+00  4.371e-62
1.450e+03  1.000e+00  2.316e-62
1.451e+03  1.000e+00  1.226e-62
1.452e+03  1.000e+00  6.480e-63
1.453e+03  1.000e+00  3.421e-63
1.454e+03  1.000e+00  1.804e-63
1.455e+03  1.000e+00  9.501e-64
1.456e+03  1.000e+00  4.997e-64
1.457e+03  1.000e+00  2.625e-64
1.458e+03  1.000e+00  1.378e-64
1.459e+03  1.000e+00  7.219e-65
1.460e+03  1.000e+00  3.779e-65
1.461e+03  1.000e+00  1.975e-65
1.462e+03  1.000e+00  1.031e-65
1.463e+03  1.000e+00  5.379e-66
1.464e+03  1.000e+00  2.802e-66
1.465e+03  1.000e+00  1.457e-66
1.466e+03  1.000e+00  7.573e-67
1.467e+03  1.000e+00  3.930e-67
1.468e+03  1.000e+00  2.037e-67
1.469e+03  1.000e+00  1.054e-67
1.470e+03  1.000e+00  5.452e-68
1.471e+03  1.000e+00  2.815e-68
1.472e+03  1.000e+00  1.452e-68
1.473e+03  1.000e+00  7.481e-69
1.474e+03  1.000e+00  3.849e-69
1.475e+03  1.000e+00  1.978e-69
1.476e+03  1.000e+00  1.015e-69
1.477e+03  1.000e+00  5.206e-70
1.478e+03  1.000e+00  2.666e-70
1.479e+03  1.000e+00  1.363e-70
1.480e+03  1.000e+00  6.963e-71
1.481e+03  1.000e+00  3.553e-71
1.482e+03  1.000e+00  1.810e-71
1.483e+03  1.000e+00  9.214e-72
1.484e+03  1.000e+00  4.684e-72
1.485e+03  1.000e+00  2.378e-72
1.486e+03  1.000e+00  1.206e-72
1.487e+03  1.000e+00  6.108e-73
1.488e+03  1.000e+00  3.090e-73
1.489e+03  1.000e+00  1.561e-73
1.490e+03  1.000e+00  7.880e-74
1.491e+03  1.000e+00  3.972e-74
1.492e+03  1.000e+00  2.000e-74
1.493e+03  1.000e+00  1.006e-74
1.494e+03  1.000e+00  5.052e-75
1.495e+03  1.000e+00  2.534e-75
1.496e+03  1.000e+00  1.270e-75
1.497e+03  1.000e+00  6.355e-76
1.498e+03  1.000e+00  3.177e-76
1.499e+03  1.000e+00  1.586e-76
1.500e+03  1.000e+00  7.909e-77
1.501e+03  1.000e+00  3.940e-77
1.502e+03  1.000e+00  1.960e-77
1.503e+03  1.000e+00  9.739e-78
1.504e+03  1.000e+00  4.834e-78
1.505e+03  1.000e+00  2.396e-78
1.506e+03  1.000e+00  1.186e-78
1.507e+03  1.000e+00  5.867e-79
1.508e+03  1.000e+00  2.898e-79
1.509e+03  1.000e+00  1.430e-79
1.510e+03  1.000e+00  7.047e-80
1.511e+03  1.000e+00  3.469e-80
1.512e+03  1.000e+00  1.705e-80
1.513e+03  1.000e+00  8.374e-81
1.514e+03  1.000e+00  4.107e-81
1.515e+03  1.000e+00  2.012e-81
1.516e+03  1.000e+00  9.845e-82
1.517e+03  1.000e+00  4.812e-82
1.518e+03  1.000e+00  2.349e-82
1.519e+03  1.000e+00  1.145e-82
1.520e+03  1.000e+00  5.578e-83
1.521e+03  1.000e+00  2.714e-83
1.522e+03  1.000e+00  1.318e-83
1.523e+03  1.000e+00  6.399e-84
1.524e+03  1.000e+00  3.102e-84
1.525e+03  1.000e+00  1.502e-84
1.526e+03  1.000e+00  7.263e-85
1.527e+03  1.000e+00  3.509e-85
1.528e+03  1.000e+00  1.693e-85
1.529e+03  1.000e+00  8.158e-86
1.530e+03  1.000e+00  3.927e-86
1.531e+03  1.000e+00  1.888e-86
1.532e+03  1.000e+00  9.068e-87
1.533e+03  1.000e+00  4.350e-87
1.534e+03  1.000e+00  2.084e-87
1.535e+03  1.000e+00  9.974e-88
1.536e+03  1.000e+00  4.768e-88
1.537e+03  1.000e+00  2.277e-88
1.538e+03  1.000e+00  1.086e-88
1.539e+03  1.000e+00  5.172e-89
1.540e+03  1.000e+00  2.461e-89
1.541e+03  1.000e+00  1.170e-89
1.542e+03  1.000e+00  5.552e-90
1.543e+03  1.000e+00  2.633e-90
1.544e+03  1.000e+00  1.247e-90
1.545e+03  1.000e+00  5.899e-91
1.546e+03  1.000e+00  2.788e-91
1.547e+03  1.000e+00  1.316e-91
1.548e+03  1.000e+00  6.203e-92
1.549e+03  1.000e+00  2.921e-92
1.550e+03  1.000e+00  1.374e-92
1.551e+03  1.000e+00  6.456e-93
1.552e+03  1.000e+00  3.030e-93
1.553e+03  1.000e+00  1.420e-93
1.554e+03  1.000e+00  6.650e-94
1.555e+03  1.000e+00  3.110e-94
1.556e+03  1.000e+00  1.453e-94
1.557e+03  1.000e+00  6.780e-95
1.558e+03  1.000e+00  3.160e-95
1.559e+03  1.000e+00  1.471e-95
1.560e+03  1.000e+00  6.841e-96
1.561e+03  1.000e+00  3.178e-96
1.562e+03  1.000e+00  1.475e-96
1.563e+03  1.000e+00  6.834e-97
1.564e+03  1.000e+00  3.164e-97
1.565e+03  1.000e+00  1.463e-97
1.566e+03  1.000e+00  6.757e-98
1.567e+03  1.000e+00  3.117e-98
1.568e+03  1.000e+00  1.437e-98
1.569e+03  1.000e+00  6.613e-99
1.570e+03  1.000e+00  3.041e-99
1.571e+03  1.000e+00  1.397e-99
1.572e+03  1.000e+00  6.407e-100
1.573e+03  1.000e+00  2.936e-100
1.574e+03  1.000e+00  1.344e-100
1.575e+03  1.000e+00  6.145e-101
1.576e+03  1.000e+00  2.806e-101
1.577e+03  1.000e+00  1.280e-101
1.578e+03  1.000e+00  5.834e-102
1.579e+03  1.000e+00  2.655e-102
1.580e+03  1.000e+00  1.207e-102
1.581e+03  1.000e+00  5.483e-103
1.582e+03  1.000e+00  2.488e-103
1.583e+03  1.000e+00  1.127e-103
1.584e+03  1.000e+00  5.102e-104
1.585e+03  1.000e+00  2.307e-104
1.586e+03  1.000e+00  1.042e-104
1.587e+03  1.000e+00  4.700e-105
1.588e+03  1.000e+00  2.118e-105
1.589e+03  1.000e+00  9.534e-106
1.590e+03  1.000e+00  4.287e-106
1.591e+03  1.000e+00  1.925e-106
1.592e+03  1.000e+00  8.638e-107
1.593e+03  1.000e+00  3.871e-107
1.594e+03  1.000e+00  1.733e-107
1.595e+03  1.000e+00  7.749e-108
1.596e+03  1.000e+00  3.461e-108
1.597e+03  1.000e+00  1.544e-108
1.598e+03  1.000e+00  6.882e-109
1.599e+03  1.000e+00  3.064e-109
1.600e+03  1.000e+00  1.362e-109
1.601e+03  1.000e+00  6.052e-110
1.602e+03  1.000e+00  2.685e-110
1.603e+03  1.000e+00  1.190e-110
1.604e+03  1.000e+00  5.270e-111
1.605e+03  1.000e+00  2.330e-111
1.606e+03  1.000e+00  1.030e-111
1.607e+03  1.000e+00  4.543e-112
1.608e+03  1.000e+00  2.003e-112
1.609e+03  1.000e+00  8.819e-113
1.610e+03  1.000e+00  3.879e-113
1.611e+03  1.000e+00  1.704e-113
1.612e+03  1.000e+00  7.480e-114
1.613e+03  1.000e+00  3.279e-114
1.614e+03  1.000e+00  1.436e-114
1.615e+03  1.000e+00  6.282e-115
1.616e+03  1.000e+00  2.745e-115
1.617e+03  1.000e+00  1.198e-115
1.618e+03  1.000e+00  5.225e-116
1.619e+03  1.000e+00  2.276e-116
1.620e+03  1.000e+00  9.902e-117
1.621e+03  1.000e+00  4.304e-117
1.622e+03  1.000e+00  1.868e-117
1.623e+03  1.000e+00  8.103e-118
1.624e+03  1.000e+00  3.510e-118
1.625e+03  1.000e+00  1.519e-118
1.626e+03  1.000e+00  6.567e-119
1.627e+03  1.000e+00  2.836e-119
1.628e+03  1.000e+00  1.223e-119
1.629e+03  1.000e+00  5.271e-120
1.630e+03  1.000e+00  2.269e-120
1.631e+03  1.000e+00  9.754e-121
1.632e+03  1.000e+00  4.189e-121
1.633e+03  1.000e+00  1.797e-121
1.634e+03  1.000e+00  7.704e-122
1.635e+03  1.000e+00  3.298e-122
1.636e+03  1.000e+00  1.411e-122
1.637e+03  1.000e+00  6.026e-123
1.638e+03  1.000e+00  2.572e-123
1.639e+03  1.000e+00  1.096e-123
1.640e+03  1.000e+00  4.669e-124
1.641e+03  1.000e+00  1.986e-124
1.642e+03  1.000e+00  8.440e-125
1.643e+03  1.000e+00  3.583e-125
1.644e+03  1.000e+00  1.519e-125
1.645e+03  1.000e+00  6.435e-126
1.646e+03  1.000e+00  2.723e-126
1.647e+03  1.000e+00  1.151e-126
1.648e+03  1.000e+00  4.860e-127
1.649e+03  1.000e+00  2.050e-127
1.650e+03  1.000e+00  8.638e-128
1.651e+03  1.000e+00  3.636e-128
1.652e+03  1.000e+00  1.529e-128
1.653e+03  1.000e+00  6.421e-129
1.654e+03  1.000e+00  2.694e-129
1.655e+03  1.000e+00  1.129e-129
1.656e+03  1.000e+00  4.729e-130
1.657e+03  1.000e+00  1.978e-130
1.658e+03  1.000e+00  8.264e-131
1.659e+03  1.000e+00  3.449e-131
1.660e+03  1.000e+00  1.438e-131
1.661e+03  1.000e+00  5.990e-132
1.662e+03  1.000e+00  2.492e-132
1.663e+03  1.000e+00  1.036e-132
1.664e+03  1.000e+00  4.302e-133
1.665e+03  1.000e+00  1.784e-133
1.666e+03  1.000e+00  7.393e-134
1.667e+03  1.000e+00  3.060e-134
1.668e+03  1.000e+00  1.265e-134
1.669e+03  1.000e+00  5.226e-135
1.670e+03  1.000e+00  2.157e-135
1.671e+03  1.000e+00  8.890e-136
1.672e+03  1.000e+00  3.660e-136
1.673e+03  1.000e+00  1.506e-136
1.674e+03  1.000e+00  6.187e-137
1.675e+03  1.000e+00  2.540e-137
1.676e+03  1.000e+00  1.042e-137
1.677e+03  1.000e+00  4.267e-138
1.678e+03  1.000e+00  1.746e-138
1.679e+03  1.000e+00  7.138e-139
1.680e+03  1.000e+00  2.915e-139
1.681e+03  1.000e+00  1.189e-139
1.682e+03  1.000e+00  4.847e-140
1.683e+03  1.000e+00  1.973e-140
1.684e+03  1.000e+00  8.025e-141
1.685e+03  1.000e+00  3.261e-141
1.686e+03  1.000e+00  1.323e-141
1.687e+03  1.000e+00  5.366e-142
1.688e+03  1.000e+00  2.173e-142
1.689e+03  1.000e+00  8.795e-143
1.690e+03  1.000e+00  3.555e-143
1.691e+03  1.000e+00  1.436e-143
1.692e+03  1.000e+00  5.791e-144
1.693e+03  1.000e+00  2.334e-144
1.694e+03  1.000e+00  9.395e-145
1.695e+03  1.000e+00  3.778e-145
1.696e+03  1.000e+00  1.518e-145
1.697e+03  1.000e+00  6.092e-146
1.698e+03  1.000e+00  2.443e-146
1.699e+03  1.000e+00  9.784e-147
1.700e+03  1.000e+00  3.915e-147
1.701e+03  1.000e+00  1.565e-147
1.702e+03  1.000e+00  6.249e-148
1.703e+03  1.000e+00  2.493e-148
1.704e+03  1.000e+00  9.934e-149
1.705e+03  1.000e+00  3.955e-149
1.706e+03  1.000e+00  1.573e-149
1.707e+03  1.000e+00  6.250e-150
1.708e+03  1.000e+00  2.481e-150
1.709e+03  1.000e+00  9.836e-151
1.710e+03  1.000e+00  3.896e-151
1.711e+03  1.000e+00  1.542e-151
1.712e+03  1.000e+00  6.095e-152
1.713e+03  1.000e+00  2.407e-152
1.714e+03  1.000e+00  9.497e-153
1.715e+03  1.000e+00  3.743e-153
1.716e+03  1.000e+00  1.474e-153
1.717e+03  1.000e+00  5.797e-154
1.718e+03  1.000e+00  2.278e-154
1.719e+03  1.000e+00  8.943e-155
1.720e+03  1.000e+00  3.507e-155
1.721e+03  1.000e+00  1.374e-155
1.722e+03  1.000e+00  5.378e-156
1.723e+03  1.000e+00  2.103e-156
1.724e+03  1.000e+00  8.215e-157
1.725e+03  1.000e+00  3.206e-157
1.726e+03  1.000e+00  1.250e-157
1.727e+03  1.000e+00  4.867e-158
1.728e+03  1.000e+00  1.894e-158
1.729e+03  1.000e+00  7.361e-159
1.730e+03  1.000e+00  2.858e-159
1.731e+03  1.000e+00  1.109e-159
1.732e+03  1.000e+00  4.297e-160
1.733e+03  1.000e+00  1.664e-160
1.734e+03  1.000e+00  6.435e-161
1.735e+03  1.000e+00  2.487e-161
1.736e+03  1.000e+00  9.599e-162
1.737e+03  1.000e+00  3.702e-162
1.738e+03  1.000e+00  1.426e-162
1.739e+03  1.000e+00  5.489e-163
1.740e+03  1.000e+00  2.111e-163
1.741e+03  1.000e+00  8.108e-164
1.742e+03  1.000e+00  3.112e-164
1.743e+03  1.000e+00  1.193e-164
1.744e+03  1.000e+00  4.569e-165
1.745e+03  1.000e+00  1.748e-165
1.746e+03  1.000e+00  6.683e-166
1.747e+03  1.000e+00  2.552e-166
1.748e+03  1.000e+00  9.738e-167
1.749e+03  1.000e+00  3.712e-167
1.750e+03  1.000e+00  1.413e-167
1.751e+03  1.000e+00  5.376e-168
1.752e+03  1.000e+00  2.043e-168
1.753e+03  1.000e+00  7.758e-169
1.754e+03  1.000e+00  2.943e-169
1.755e+03  1.000e+00  1.115e-169
1.756e+03  1.000e+00  4.222e-170
1.757e+03  1.000e+00  1.597e-170
1.758e+03  1.000e+00  6.033e-171
1.759e+03  1.000e+00  2.277e-171
1.760e+03  1.000e+00  8.589e-172
1.761e+03  1.000e+00  3.236e-172
1.762e+03  1.000e+00  1.218e-172
1.763e+03  1.000e+00  4.580e-173
1.764e+03  1.000e+00  1.721e-173
1.765e+03  1.000e+00  6.458e-174
1.766e+03  1.000e+00  2.421e-174
1.767e+03  1.000e+00  9.071e-175
1.768e+03  1.000e+00  3.395e-175
1.769e+03  1.000e+00  1.269e-175
1.770e+03  1.000e+00  4.741e-176
1.771e+03  1.000e+00  1.769e-176
1.772e+03  1.000e+00  6.596e-177
1.773e+03  1.000e+00  2.457e-177
1.774e+03  1.000e+00  9.141e-178
1.775e+03  1.000e+00  3.398e-178
1.776e+03  1.000e+00  1.262e-178
1.777e+03  1.000e+00  4.683e-179
1.778e+03  1.000e+00  1.736e-179
1.779e+03  1.000e+00  6.429e-180
1.780e+03  1.000e+00  2.379e-180
1.781e+03  1.000e+00  8.793e-181
1.782e+03  1.000e+00  3.247e-181
1.783e+03  1.000e+00  1.198e-181
1.784e+03  1.000e+00  4.416e-182
1.785e+03  1.000e+00  1.626e-182
1.786e+03  1.000e+00  5.983e-183
1.787e+03  1.000e+00  2.199e-183
1.788e+03  1.000e+00  8.076e-184
1.789e+03  1.000e+00  2.963e-184
1.790e+03  1.000e+00  1.086e-184
1.791e+03  1.000e+00  3.977e-185
1.792e+03  1.000e+00  1.455e-185
1.793e+03  1.000e+00  5.317e-186
1.794e+03  1.000e+00  1.942e-186
1.795e+03  1.000e+00  7.084e-187
1.796e+03  1.000e+00  2.582e-187
1.797e+03  1.000e+00  9.401e-188
1.798e+03  1.000e+00  3.420e-188
1.799e+03  1.000e+00  1.243e-188
1.800e+03  1.000e+00  4.514e-189
1.801e+03  1.000e+00  1.638e-189
1.802e+03  1.000e+00  5.935e-190
1.803e+03  1.000e+00  2.149e-190
1.804e+03  1.000e+00  7.776e-191
1.805e+03  1.000e+00  2.810e-191
1.806e+03  1.000e+00  1.015e-191
1.807e+03  1.000e+00  3.661e-192
1.808e+03  1.000e+00  1.320e-192
1.809e+03  1.000e+00  4.752e-193
1.810e+03  1.000e+00  1.710e-193
1.811e+03  1.000e+00  6.146e-194
1.812e+03  1.000e+00  2.207e-194
1.813e+03  1.000e+00  7.918e-195
1.814e+03  1.000e+00  2.838e-195
1.815e+03  1.000e+00  1.016e-195
1.816e+03  1.000e+00  3.637e-196
1.817e+03  1.000e+00  1.300e-196
1.818e+03  1.000e+00  4.643e-197
1.819e+03  1.000e+00  1.657e-197
1.820e+03  1.000e+00  5.906e-198
1.821e+03  1.000e+00  2.103e-198
1.822e+03  1.000e+00  7.485e-199
1.823e+03  1.000e+00  2.661e-199
1.824e+03  1.000e+00  9.451e-200
1.825e+03  1.000e+00  3.354e-200
1.826e+03  1.000e+00  1.189e-200
1.827e+03  1.000e+00  4.212e-201
1.828e+03  1.000e+00  1.491e-201
1.829e+03  1.000e+00  5.271e-202
1.830e+03  1.000e+00  1.862e-202
1.831e+03  1.000e+00  6.571e-203
1.832e+03  1.000e+00  2.317e-203
1.833e+03  1.000e+00  8.163e-204
1.834e+03  1.000e+00  2.873e-204
1.835e+03  1.000e+00  1.010e-204
1.836e+03  1.000e+00  3.550e-205
1.837e+03  1.000e+00  1.246e-205
1.838e+03  1.000e+00  4.370e-206
1.839e+03  1.000e+00  1.531e-206
1.840e+03  1.000e+00  5.361e-207
1.841e+03  1.000e+00  1.875e-207
1.842e+03  1.000e+00  6.553e-208
1.843e+03  1.000e+00  2.288e-208
1.844e+03  1.000e+00  7.981e-209
1.845e+03  1.000e+00  2.781e-209
1.846e+03  1.000e+00  9.685e-210
1.847e+03  1.000e+00  3.369e-210
1.848e+03  1.000e+00  1.171e-210
1.849e+03  1.000e+00  4.067e-211
1.850e+03  1.000e+00  1.411e-211
1.851e+03  1.000e+00  4.892e-212
1.852e+03  1.000e+00  1.694e-212
1.853e+03  1.000e+00  5.863e-213
1.854e+03  1.000e+00  2.027e-213
1.855e+03  1.000e+00  7.002e-214
1.856e+03  1.000e+00  2.416e-214
1.857e+03  1.000e+00  8.332e-215
1.858e+03  1.000e+00  2.870e-215
1.859e+03  1.000e+00  9.880e-216
1.860e+03  1.000e+00  3.398e-216
1.861e+03  1.000e+00  1.167e-216
1.862e+03  1.000e+00  4.008e-217
1.863e+03  1.000e+00  1.375e-217
1.864e+03  1.000e+00  4.711e-218
1.865e+03  1.000e+00  1.613e-218
1.866e+03  1.000e+00  5.517e-219
1.867e+03  1.000e+00  1.886e-219
1.868e+03  1.000e+00  6.440e-220
1.869e+03  1.000e+00  2.197e-220
1.870e+03  1.000e+00  7.490e-221
1.871e+03  1.000e+00  2.551e-221
1.872e+03  1.000e+00  8.681e-222
1.873e+03  1.000e+00  2.951e-222
1.874e+03  1.000e+00  1.003e-222
1.875e+03  1.000e+00  3.403e-223
1.876e+03  1.000e+00  1.154e-223
1.877e+03  1.000e+00  3.909e-224
1.878e+03  1.000e+00  1.323e-224
1.879e+03  1.000e+00  4.476e-225
1.880e+03  1.000e+00  1.513e-225
1.881e+03  1.000e+00  5.107e-226
1.882e+03  1.000e+00  1.723e-226
1.883e+03  1.000e+00  5.807e-227
1.884e+03  1.000e+00  1.955e-227
1.885e+03  1.000e+00  6.579e-228
1.886e+03  1.000e+00  2.212e-228
1.887e+03  1.000e+00  7.429e-229
1.888e+03  1.000e+00  2.493e-229
1.889e+03  1.000e+00  8.360e-230
1.890e+03  1.000e+00  2.801e-230
1.891e+03  1.000e+00  9.375e-231
1.892e+03  1.000e+00  3.135e-231
1.893e+03  1.000e+00  1.048e-231
1.894e+03  1.000e+00  3.498e-232
1.895e+03  1.000e+00  1.167e-232
1.896e+03  1.000e+00  3.889e-233
1.897e+03  1.000e+00  1.295e-233
1.898e+03  1.000e+00  4.309e-234
1.899e+03  1.000e+00  1.432e-234
1.900e+03  1.000e+00  4.758e-235
1.901e+03  1.000e+00  1.579e-235
1.902e+03  1.000e+00  5.236e-236
1.903e+03  1.000e+00  1.735e-236
1.904e+03  1.000e+00  5.742e-237
1.905e+03  1.000e+00  1.899e-237
1.906e+03  1.000e+00  6.276e-238
1.907e+03  1.000e+00  2.072e-238
1.908e+03  1.000e+00  6.837e-239
1.909e+03  1.000e+00  2.254e-239
1.910e+03  1.000e+00  7.422e-240
1.911e+03  1.000e+00  2.442e-240
1.912e+03  1.000e+00  8.030e-241
1.913e+03  1.000e+00  2.638e-241
1.914e+03  1.000e+00  8.659e-242
1.915e+03  1.000e+00  2.840e-242
1.916e+03  1.000e+00  9.305e-243
1.917e+03  1.000e+00  3.047e-243
1.918e+03  1.000e+00  9.966e-244
1.919e+03  1.000e+00  3.257e-244
1.920e+03  1.000e+00  1.064e-244
1.921e+03  1.000e+00  3.471e-245
1.922e+03  1.000e+00  1.132e-245
1.923e+03  1.000e+00  3.687e-246
1.924e+03  1.000e+00  1.200e-246
1.925e+03  1.000e+00  3.903e-247
1.926e+03  1.000e+00  1.268e-247
1.927e+03  1.000e+00  4.117e-248
1.928e+03  1.000e+00  1.336e-248
1.929e+03  1.000e+00  4.329e-249
1.930e+03  1.000e+00  1.402e-249
1.931e+03  1.000e+00  4.537e-250
1.932e+03  1.000e+00  1.467e-250
1.933e+03  1.000e+00  4.739e-251
1.934e+03  1.000e+00  1.530e-251
1.935e+03  1.000e+00  4.934e-252
1.936e+03  1.000e+00  1.590e-252
1.937e+03  1.000e+00  5.119e-253
1.938e+03  1.000e+00  1.647e-253
1.939e+03  1.000e+00  5.294e-254
1.940e+03  1.000e+00  1.700e-254
1.941e+03  1.000e+00  5.457e-255
1.942e+03  1.000e+00  1.750e-255
1.943e+03  1.000e+00  5.607e-256
1.944e+03  1.000e+00  1.795e-256
1.945e+03  1.000e+00  5.741e-257
1.946e+03  1.000e+00  1.835e-257
1.947e+03  1.000e+00  5.860e-258
1.948e+03  1.000e+00  1.870e-258
1.949e+03  1.000e+00  5.961e-259
1.950e+03  1.000e+00  1.899e-259
1.951e+03  1.000e+00  6.044e-260
1.952e+03  1.000e+00  1.922e-260
1.953e+03  1.000e+00  6.109e-261
1.954e+03  1.000e+00  1.940e-261
1.955e+03  1.000e+00  6.154e-262
1.956e+03  1.000e+00  1.951e-262
1.957e+03  1.000e+00  6.179e-263
1.958e+03  1.000e+00  1.956e-263
1.959e+03  1.000e+00  6.184e-264
1.960e+03  1.000e+00  1.954e-264
1.961e+03  1.000e+00  6.170e-265
1.962e+03  1.000e+00  1.946e-265
1.963e+03  1.000e+00  6.135e-266
1.964e+03  1.000e+00  1.932e-266
1.965e+03  1.000e+00  6.081e-267
1.966e+03  1.000e+00  1.912e-267
1.967e+03  1.000e+00  6.007e-268
1.968e+03  1.000e+00  1.886e-268
1.969e+03  1.000e+00  5.916e-269
1.970e+03  1.000e+00  1.854e-269
1.971e+03  1.000e+00  5.807e-270
1.972e+03  1.000e+00  1.817e-270
1.973e+03  1.000e+00  5.682e-271
1.974e+03  1.000e+00  1.775e-271
1.975e+03  1.000e+00  5.542e-272
1.976e+03  1.000e+00  1.729e-272
1.977e+03  1.000e+00  5.388e-273
1.978e+03  1.000e+00  1.678e-273
1.979e+03  1.000e+00  5.222e-274
1.980e+03  1.000e+00  1.624e-274
1.981e+03  1.000e+00  5.044e-275
1.982e+03  1.000e+00  1.566e-275
1.983e+03  1.000e+00  4.857e-276
1.984e+03  1.000e+00  1.505e-276
1.985e+03  1.000e+00  4.662e-277
1.986e+03  1.000e+00  1.443e-277
1.987e+03  1.000e+00  4.461e-278
1.988e+03  1.000e+00  1.378e-278
1.989e+03  1.000e+00  4.255e-279
1.990e+03  1.000e+00  1.313e-279
1.991e+03  1.000e+00  4.046e-280
1.992e+03  1.000e+00  1.246e-280
1.993e+03  1.000e+00  3.835e-281
1.994e+03  1.000e+00  1.179e-281
1.995e+03  1.000e+00  3.623e-282
1.996e+03  1.000e+00  1.112e-282
1.997e+03  1.000e+00  3.413e-283
1.998e+03  1.000e+00  1.049e-283
1.999e+03  1.000e+00  3.295e-284
2.000e+03  1.000e+00  1.280e-284
