0.000000000000000000e+00
5.000625078134923740e-03
0.000000000000000000e+00
5.000625078134923740e-03
1.000125015626940339e-02
3.000375046880865426e-02
5.500687585948238478e-02
6.500812601575201022e-02
8.501062632829103904e-02
1.000125015626952552e-01
1.100137517189648806e-01
1.100137517189648806e-01
1.150143767970996378e-01
1.100137517189648806e-01
1.150143767970996378e-01
1.100137517189648806e-01
1.000125015626953245e-01
9.001125140642579625e-02
8.001000125015626796e-02
6.500812601575195471e-02
3.500437554694335596e-02
1.500187523440429938e-02
2.000250031253908434e-02
5.500687585948238478e-02
1.000125015626953107e-01
1.500187523440429382e-01
2.200275034379297057e-01
3.000375046880859320e-01
4.050506313289159999e-01
5.550693836729589936e-01
