1.547295436553846484e-143
9.519520603901084405e-146
3.814052545211425139e-148
1.512510016006645259e-150
4.190304069785214143e-153
8.491563568208466757e-156
1.328722717045597068e-158
1.498828361958614666e-161
4.638749196778159098e-165
6.505872484300024478e-166
2.298246721830758212e-162
9.160324852306711697e-159
8.840341721672402231e-155
3.120908856895721571e-150
4.488895047935760391e-145
3.359421420724081072e-139
1.518007699501220423e-132
5.526211466965144097e-125
2.026649883238016911e-116
3.139159486784766783e-107
-1.000000000000000000e+00
-1.000000000000000000e+00
-1.000000000000000000e+00
-1.000000000000000000e+00
1.220452836734853769e-50
-1.000000000000000000e+00
-1.000000000000000000e+00
-1.000000000000000000e+00
-1.000000000000000000e+00
-1.000000000000000000e+00
-1.000000000000000000e+00
-1.000000000000000000e+00
-1.000000000000000000e+00
-1.000000000000000000e+00
-1.000000000000000000e+00
-1.000000000000000000e+00
-1.000000000000000000e+00
-1.000000000000000000e+00
-1.000000000000000000e+00
-1.000000000000000000e+00
-1.000000000000000000e+00
-1.000000000000000000e+00
-1.000000000000000000e+00
-1.000000000000000000e+00
-1.000000000000000000e+00
-1.000000000000000000e+00
-1.000000000000000000e+00
-1.000000000000000000e+00
-1.000000000000000000e+00
-1.000000000000000000e+00
