4.305978076690879980e-141
2.360091520414400822e-143
1.097621160346439694e-145
4.465880673700394652e-148
1.284529160515141214e-150
3.092165965400783702e-153
5.126592430255458410e-156
6.247219025827580547e-159
5.211894935802093898e-162
5.769140261480642709e-164
1.068147908789799068e-160
2.994597050233594850e-157
2.754340264256519681e-153
8.079909521692872595e-149
9.477262823197342002e-144
5.662934227343790183e-138
2.231626281373195429e-131
6.896242597427630929e-124
2.092629393441753316e-115
1.833023229548120502e-106
-1.000000000000000000e+00
-1.000000000000000000e+00
-1.000000000000000000e+00
-1.000000000000000000e+00
-1.000000000000000000e+00
-1.000000000000000000e+00
-1.000000000000000000e+00
-1.000000000000000000e+00
-1.000000000000000000e+00
-1.000000000000000000e+00
-1.000000000000000000e+00
-1.000000000000000000e+00
-1.000000000000000000e+00
-1.000000000000000000e+00
-1.000000000000000000e+00
-1.000000000000000000e+00
-1.000000000000000000e+00
-1.000000000000000000e+00
-1.000000000000000000e+00
-1.000000000000000000e+00
-1.000000000000000000e+00
-1.000000000000000000e+00
-1.000000000000000000e+00
-1.000000000000000000e+00
-1.000000000000000000e+00
-1.000000000000000000e+00
-1.000000000000000000e+00
-1.000000000000000000e+00
-1.000000000000000000e+00
-1.000000000000000000e+00
