2.669226242849507358e-201
6.719248649673726609e-200
2.249482693981274674e-198
9.945071259803109865e-197
5.975011337691098578e-195
5.106336249526133268e-193
6.369760811657326612e-191
1.221503109961861986e-188
3.728854710337204900e-186
1.970647312083521716e-183
1.856153043752460399e-180
3.483730143706555504e-177
1.448341133999789780e-173
1.520487087492582962e-169
4.750721792474044178e-165
3.427025868464900589e-160
5.971751980060053733e-155
1.441749715506369348e-149
8.387774620100302381e-153
3.534724286937788004e-156
6.326027743074193647e-161
-1.000000000000000000e+00
-1.000000000000000000e+00
-1.000000000000000000e+00
2.423389643939268499e-170
-1.000000000000000000e+00
-1.000000000000000000e+00
-1.000000000000000000e+00
-1.000000000000000000e+00
-1.000000000000000000e+00
-1.000000000000000000e+00
-1.000000000000000000e+00
-1.000000000000000000e+00
-1.000000000000000000e+00
-1.000000000000000000e+00
-1.000000000000000000e+00
-1.000000000000000000e+00
-1.000000000000000000e+00
-1.000000000000000000e+00
-1.000000000000000000e+00
-1.000000000000000000e+00
-1.000000000000000000e+00
-1.000000000000000000e+00
-1.000000000000000000e+00
-1.000000000000000000e+00
-1.000000000000000000e+00
-1.000000000000000000e+00
-1.000000000000000000e+00
-1.000000000000000000e+00
-1.000000000000000000e+00
