1.146150972570739501e-134
8.141972659709544754e-137
4.982124532612206684e-139
2.143489501309477117e-141
8.471818416885338061e-144
2.267103874799824043e-146
4.850990195631325757e-149
7.864522176594907246e-152
8.299072273459821534e-155
6.262032416563662432e-158
3.855424694186508421e-156
7.225037212261214914e-153
3.784239032830367408e-149
7.521123048091986704e-145
5.663982857869231242e-140
2.044378628064221458e-134
5.036073703373304116e-128
9.088056340569248033e-121
1.662293364729402009e-112
-1.000000000000000000e+00
-1.000000000000000000e+00
-1.000000000000000000e+00
-1.000000000000000000e+00
-1.000000000000000000e+00
-1.000000000000000000e+00
-1.000000000000000000e+00
-1.000000000000000000e+00
-1.000000000000000000e+00
-1.000000000000000000e+00
-1.000000000000000000e+00
-1.000000000000000000e+00
-1.000000000000000000e+00
-1.000000000000000000e+00
-1.000000000000000000e+00
-1.000000000000000000e+00
-1.000000000000000000e+00
-1.000000000000000000e+00
-1.000000000000000000e+00
-1.000000000000000000e+00
-1.000000000000000000e+00
-1.000000000000000000e+00
-1.000000000000000000e+00
-1.000000000000000000e+00
-1.000000000000000000e+00
-1.000000000000000000e+00
-1.000000000000000000e+00
-1.000000000000000000e+00
-1.000000000000000000e+00
-1.000000000000000000e+00
-1.000000000000000000e+00
