2.548837209302325935e+00
2.506787330316742501e+00
2.458149779735683271e+00
2.413694721825963008e+00
2.365145228215767670e+00
2.300268096514745508e+00
2.256809338521400754e+00
2.195488721804511378e+00
2.147521160822249087e+00
2.081490104772992122e+00
2.026845637583892579e+00
1.957683741648106768e+00
1.884187082405345048e+00
1.817371937639198354e+00
1.743875278396436634e+00
1.670378619153674915e+00
1.583892617449664364e+00
1.500000000000000000e+00
1.410526315789473850e+00
1.304347826086956541e+00
1.195460277427490725e+00
1.070892410341951706e+00
9.307756463719767392e-01
7.607142857142856762e-01
5.418060200668896043e-01
9.168081494057725433e-02
-4.553794829024186974e-01
-4.503753127606338613e-01
-4.553794829024186974e-01
-4.503753127606338613e-01
-4.553794829024186974e-01
-4.553794829024186974e-01
-4.553794829024186974e-01
-4.553794829024186974e-01
-4.553794829024186974e-01
-4.503753127606338613e-01
-4.503753127606338613e-01
-4.503753127606338613e-01
-4.553794829024186974e-01
-4.553794829024186974e-01
-4.553794829024186974e-01
-4.553794829024186974e-01
-4.553794829024186974e-01
-4.553794829024186974e-01
-4.553794829024186974e-01
-4.553794829024186974e-01
-4.553794829024186974e-01
-4.553794829024186974e-01
-4.553794829024186974e-01
-4.553794829024186974e-01
