1.994413407821229223e+00
1.960396039603960583e+00
1.919655667144906763e+00
1.880466472303206960e+00
1.839999999999999858e+00
1.800904977375565652e+00
1.756548536209553202e+00
1.710236220472440838e+00
1.662992125984251945e+00
1.615023474178403751e+00
1.565217391304347894e+00
1.516178736517719727e+00
1.467889908256880815e+00
1.406959152798789692e+00
1.347305389221556959e+00
1.286982248520710304e+00
1.226277372262773779e+00
1.165467625899280657e+00
1.086280056577086484e+00
1.005586592178770999e+00
9.157631359466221754e-01
8.206839032527106781e-01
7.155963302752293975e-01
5.854879065888239920e-01
0.000000000000000000e+00
5.706521739130435145e-02
-2.301918265221017668e-01
-2.301918265221017668e-01
-2.301918265221017668e-01
-2.251876563803169307e-01
-2.301918265221017668e-01
-2.301918265221017668e-01
-2.301918265221017668e-01
-2.251876563803169307e-01
-2.301918265221017668e-01
-2.301918265221017668e-01
-2.301918265221017668e-01
-2.301918265221017668e-01
-2.301918265221017668e-01
-2.301918265221017668e-01
-2.301918265221017668e-01
-2.301918265221017668e-01
-2.301918265221017668e-01
-2.301918265221017668e-01
-2.301918265221017668e-01
-2.251876563803169307e-01
-2.251876563803169307e-01
-2.251876563803169307e-01
-2.251876563803169307e-01
-2.251876563803169307e-01
