2.325000000000000178e+00
2.281818181818182190e+00
2.241176470588235325e+00
2.193456614509246450e+00
2.145804676753782836e+00
2.098404255319149314e+00
2.046153846153846434e+00
1.989987484355444369e+00
1.937421777221526975e+00
1.884856070087609581e+00
1.824780976220275353e+00
1.764705882352941346e+00
1.704630788485607118e+00
1.644555694618273112e+00
1.576971214017521827e+00
1.513043478260869490e+00
1.433497536945812945e+00
1.355311355311355381e+00
1.268948655256723734e+00
1.180203045685279228e+00
1.080900750625521267e+00
9.658048373644704254e-01
8.407005838198498004e-01
6.855713094245204919e-01
4.873096446700507234e-01
7.361963190184049599e-02
-3.753127606338615418e-01
-3.703085904920767613e-01
-3.703085904920767613e-01
-3.753127606338615418e-01
-3.703085904920767613e-01
-3.703085904920767613e-01
-3.703085904920767613e-01
-3.703085904920767613e-01
-3.753127606338615418e-01
-3.753127606338615418e-01
-3.703085904920767613e-01
-3.703085904920767613e-01
-3.703085904920767613e-01
-3.703085904920767613e-01
-3.703085904920767613e-01
-3.703085904920767613e-01
-3.703085904920767613e-01
-3.703085904920767613e-01
-3.703085904920767613e-01
-3.703085904920767613e-01
-3.703085904920767613e-01
-3.703085904920767613e-01
-3.703085904920767613e-01
-3.703085904920767613e-01
