2.068376068376068577e+00
2.030769230769231104e+00
1.985974754558204713e+00
1.945945945945946054e+00
1.898843930635838229e+00
1.861764705882352988e+00
1.814371257485029920e+00
1.771084337349397630e+00
1.718140929535232342e+00
1.681073025335320548e+00
1.626666666666666927e+00
1.570588235294117840e+00
1.515328467153284731e+00
1.456647398843930574e+00
1.401146131805157680e+00
1.334277620396600694e+00
1.267132867132867213e+00
1.201657458563536007e+00
1.126530612244898144e+00
1.039563437926330103e+00
9.557964970809007532e-01
8.507089241034194727e-01
7.406171809841535225e-01
6.055045871559633364e-01
4.210526315789473450e-01
5.548216644649934387e-02
-2.652210175145954807e-01
-2.602168473728107001e-01
-2.602168473728107001e-01
-2.652210175145954807e-01
-2.602168473728107001e-01
-2.602168473728107001e-01
-2.652210175145954807e-01
-2.652210175145954807e-01
-2.652210175145954807e-01
-2.652210175145954807e-01
-2.602168473728107001e-01
-2.602168473728107001e-01
-2.602168473728107001e-01
-2.602168473728107001e-01
-2.602168473728107001e-01
-2.602168473728107001e-01
-2.602168473728107001e-01
-2.652210175145954807e-01
-2.652210175145954807e-01
-2.652210175145954807e-01
-2.652210175145954807e-01
-2.652210175145954807e-01
-2.652210175145954807e-01
-2.652210175145954807e-01
