2.110465116279069964e+00
2.071326676176890480e+00
2.022377622377622419e+00
1.977559607293127852e+00
1.940170940170940161e+00
1.901591895803183885e+00
1.855670103092783574e+00
1.803519061583577887e+00
1.760583941605839531e+00
1.706821480406386149e+00
1.653679653679653638e+00
1.607449856733524474e+00
1.544807965860597543e+00
1.489421720733427490e+00
1.424581005586592175e+00
1.360995850622406689e+00
1.296853625170998781e+00
1.222672064777328149e+00
1.142476697736351632e+00
1.065948855989232946e+00
9.758131776480400976e-01
8.707256046705588171e-01
7.556296914095079753e-01
6.155129274395330086e-01
4.390243902439024404e-01
6.241872561768530697e-02
-2.852376980817348251e-01
-2.852376980817348251e-01
-2.802335279399499890e-01
-2.802335279399499890e-01
-2.802335279399499890e-01
-2.802335279399499890e-01
-2.852376980817348251e-01
-2.852376980817348251e-01
-2.802335279399499890e-01
-2.802335279399499890e-01
-2.802335279399499890e-01
-2.802335279399499890e-01
-2.802335279399499890e-01
-2.802335279399499890e-01
-2.802335279399499890e-01
-2.802335279399499890e-01
-2.802335279399499890e-01
-2.802335279399499890e-01
-2.852376980817348251e-01
-2.852376980817348251e-01
-2.852376980817348251e-01
-2.852376980817348251e-01
-2.852376980817348251e-01
-2.852376980817348251e-01
