1.814453613403350873e+00
1.801450362590647725e+00
1.787446861715428881e+00
1.773443360840210037e+00
1.759439859964991193e+00
1.745436359089772571e+00
1.730432608152038254e+00
1.716429107276819188e+00
1.702425606401600344e+00
1.686421605401350332e+00
1.672418104526131488e+00
1.657414353588397171e+00
1.641410352588146937e+00
1.626406601650412620e+00
1.610402600650162608e+00
1.595398849712428291e+00
1.579394848712178057e+00
1.563390847711928044e+00
1.547386846711678032e+00
1.530382595648912547e+00
1.514378594648662091e+00
1.497374343585896161e+00
1.481370342585646371e+00
1.463365841460365191e+00
1.446361590397599484e+00
1.428357089272318081e+00
1.410352588147036457e+00
1.392348087021755498e+00
1.374343585896474096e+00
1.355338834708677220e+00
1.337334333583395818e+00
1.318329582395598942e+00
1.298324581145286372e+00
1.279319829957489274e+00
1.258314578644661008e+00
1.238309577394348659e+00
1.218304576144036089e+00
1.196299074768692128e+00
1.176294073518379557e+00
1.153288322080520123e+00
1.131282820705176384e+00
1.109277319329832423e+00
1.085271317829457294e+00
1.062265566391597860e+00
1.038259564891222730e+00
1.014253563390847601e+00
9.892473118279571098e-01
9.642410602650663964e-01
9.402350587646912672e-01
9.152288072018005538e-01
