1.108656246692915365e-69
1.145094589961122213e-70
1.189720409612590207e-71
1.119648373077860377e-72
8.641606091302439618e-74
6.335015275084102655e-75
4.031204515274603171e-76
2.309837148237907176e-77
1.678421759222120275e-76
6.906067423202823462e-75
4.479756188303665956e-73
5.235519068237291493e-71
1.006330072130264619e-68
3.651451804477768857e-66
2.863563150995185540e-63
4.058695279372613494e-60
1.485459161437279139e-56
1.327442815872248450e-52
3.404197802819185445e-48
1.967111816834971995e-45
2.739217263345120365e-46
4.398839817504024373e-47
1.054638270600423390e-47
9.287753926567359437e-48
1.528670277999470049e-25
9.289004971009618972e-01
-1.000000000000000000e+00
-1.000000000000000000e+00
-1.000000000000000000e+00
-1.000000000000000000e+00
-1.000000000000000000e+00
-1.000000000000000000e+00
-1.000000000000000000e+00
-1.000000000000000000e+00
-1.000000000000000000e+00
-1.000000000000000000e+00
-1.000000000000000000e+00
-1.000000000000000000e+00
-1.000000000000000000e+00
-1.000000000000000000e+00
-1.000000000000000000e+00
-1.000000000000000000e+00
-1.000000000000000000e+00
-1.000000000000000000e+00
-1.000000000000000000e+00
-1.000000000000000000e+00
-1.000000000000000000e+00
-1.000000000000000000e+00
-1.000000000000000000e+00
-1.000000000000000000e+00
