2.041388554960920803e-65
1.963578732973911890e-66
1.886548197265979646e-67
1.463004519617594489e-68
1.048292552360551155e-69
7.104539099146301659e-71
6.997486123283363454e-71
3.204592527678962317e-70
2.239395329794761223e-69
2.186738142647408198e-68
3.819965521411236687e-67
1.225996186111206561e-65
6.704031718647881450e-64
8.024230881629026107e-62
2.184589405590449262e-59
1.567331693035282182e-56
2.830620158666485279e-53
1.846799291605023209e-49
4.691218380124541416e-45
5.469036528633120645e-43
1.143363036696570445e-43
3.866594200818927965e-44
3.782412097060078596e-44
6.346089238797136425e-43
1.544618848466749627e-13
-1.000000000000000000e+00
-1.000000000000000000e+00
-1.000000000000000000e+00
-1.000000000000000000e+00
-1.000000000000000000e+00
-1.000000000000000000e+00
-1.000000000000000000e+00
-1.000000000000000000e+00
-1.000000000000000000e+00
-1.000000000000000000e+00
-1.000000000000000000e+00
-1.000000000000000000e+00
-1.000000000000000000e+00
-1.000000000000000000e+00
-1.000000000000000000e+00
-1.000000000000000000e+00
-1.000000000000000000e+00
-1.000000000000000000e+00
-1.000000000000000000e+00
-1.000000000000000000e+00
-1.000000000000000000e+00
-1.000000000000000000e+00
-1.000000000000000000e+00
-1.000000000000000000e+00
-1.000000000000000000e+00
