2.289554691894320651e-65
2.200846209980109235e-66
2.113007532575869204e-67
1.637624255576332664e-68
1.172701352093135135e-69
7.942801386962410279e-71
8.734920988830983273e-71
3.984552157933848381e-70
2.773156739180306958e-69
2.696980728322061506e-68
4.691969017583520699e-67
1.346638898553539075e-65
8.169799215930432283e-64
9.744219857625335838e-62
2.644857593317460360e-59
1.712746585228334679e-56
3.415472851087072455e-53
2.029217300834116980e-49
5.190952216810944987e-45
5.634781885350802465e-43
1.214863635840725800e-43
4.314526978721997989e-44
4.305896706778290343e-44
7.021423354817485789e-43
2.982683529516478124e-13
-1.000000000000000000e+00
-1.000000000000000000e+00
-1.000000000000000000e+00
-1.000000000000000000e+00
-1.000000000000000000e+00
-1.000000000000000000e+00
-1.000000000000000000e+00
-1.000000000000000000e+00
-1.000000000000000000e+00
-1.000000000000000000e+00
-1.000000000000000000e+00
-1.000000000000000000e+00
-1.000000000000000000e+00
-1.000000000000000000e+00
-1.000000000000000000e+00
-1.000000000000000000e+00
-1.000000000000000000e+00
-1.000000000000000000e+00
-1.000000000000000000e+00
-1.000000000000000000e+00
-1.000000000000000000e+00
-1.000000000000000000e+00
-1.000000000000000000e+00
-1.000000000000000000e+00
-1.000000000000000000e+00
