6.223106114982945369e-66
6.029553271048557287e-67
5.839135702374224111e-68
4.559961044005980938e-69
3.290609490859797160e-70
2.246508295233299956e-71
7.301359310460682929e-72
3.487990834163997815e-71
2.847581226312454001e-70
3.622972412353524114e-69
6.597778488261372331e-68
2.458858712690277480e-66
1.553082654577445151e-64
2.133600145477938315e-62
5.959408471548986033e-60
4.353729638231528948e-57
8.730353511221556948e-54
5.630827882699809958e-50
1.261974518507352840e-45
2.676868174868398731e-43
5.298788350546606478e-44
1.702654094788658291e-44
1.324319436335307364e-44
1.464030526500715550e-43
7.461190671202902376e-16
9.283661609143739613e-01
-1.000000000000000000e+00
-1.000000000000000000e+00
-1.000000000000000000e+00
-1.000000000000000000e+00
-1.000000000000000000e+00
-1.000000000000000000e+00
-1.000000000000000000e+00
-1.000000000000000000e+00
-1.000000000000000000e+00
-1.000000000000000000e+00
-1.000000000000000000e+00
-1.000000000000000000e+00
-1.000000000000000000e+00
-1.000000000000000000e+00
-1.000000000000000000e+00
-1.000000000000000000e+00
-1.000000000000000000e+00
-1.000000000000000000e+00
-1.000000000000000000e+00
-1.000000000000000000e+00
-1.000000000000000000e+00
-1.000000000000000000e+00
-1.000000000000000000e+00
-1.000000000000000000e+00
