1.510178951820747492e-65
1.455178922970602349e-66
1.400775360857469498e-67
1.088097960117320424e-68
7.809606586882325885e-70
5.301783354296095672e-71
3.745503884815005386e-71
1.733896865195162178e-70
1.225266884421754381e-69
1.351077368423735773e-68
2.659873107071935074e-67
7.732072042509351965e-66
4.747793863349064659e-64
5.722664960521445674e-62
1.566374428372654018e-59
1.127273194891352413e-56
2.035214866798429168e-53
1.321331277397013217e-49
3.316946483999510759e-45
4.459675966091476625e-43
9.471211762090124401e-44
3.091533994989364231e-44
3.027518790801373593e-44
4.330313194159195221e-43
3.390533173118675953e-14
-1.000000000000000000e+00
-1.000000000000000000e+00
-1.000000000000000000e+00
-1.000000000000000000e+00
-1.000000000000000000e+00
-1.000000000000000000e+00
-1.000000000000000000e+00
-1.000000000000000000e+00
-1.000000000000000000e+00
-1.000000000000000000e+00
-1.000000000000000000e+00
-1.000000000000000000e+00
-1.000000000000000000e+00
-1.000000000000000000e+00
-1.000000000000000000e+00
-1.000000000000000000e+00
-1.000000000000000000e+00
-1.000000000000000000e+00
-1.000000000000000000e+00
-1.000000000000000000e+00
-1.000000000000000000e+00
-1.000000000000000000e+00
-1.000000000000000000e+00
-1.000000000000000000e+00
-1.000000000000000000e+00
