1.766871165644172015e+00
1.724999999999999867e+00
1.695238095238095211e+00
1.669902912621359370e+00
1.629139072847682224e+00
1.586440677966101775e+00
1.541666666666666519e+00
1.505376344086021501e+00
1.473309608540925186e+00
1.420494699646643211e+00
1.368421052631578982e+00
1.333333333333333259e+00
1.298969072164948502e+00
1.240677966101694896e+00
1.200000000000000178e+00
1.137254901960784270e+00
1.076923076923077094e+00
1.015673981191222541e+00
9.541284403669725300e-01
8.861538461538462919e-01
8.026755852842809569e-01
7.045454545454545858e-01
6.226415094339623479e-01
5.238095238095238360e-01
3.626373626373626813e-01
7.792207792207793415e-02
-4.808013355592654636e-01
-4.908180300500835092e-01
-4.908180300500835092e-01
-4.808013355592654636e-01
-4.908180300500835092e-01
-4.808013355592654636e-01
-4.808013355592654636e-01
-4.908180300500835092e-01
-4.908180300500835092e-01
-4.908180300500835092e-01
-4.808013355592654636e-01
-4.808013355592654636e-01
-4.808013355592654636e-01
-4.808013355592654636e-01
-4.808013355592654636e-01
-4.808013355592654636e-01
-4.908180300500835092e-01
-4.908180300500835092e-01
-4.908180300500835092e-01
-4.908180300500835092e-01
-4.908180300500835092e-01
-4.908180300500835092e-01
-4.908180300500835092e-01
-4.908180300500835092e-01
