9.716193656093489173e-01
9.015025041736227651e-01
8.213689482470785119e-01
7.512520868113522488e-01
6.811352253756260966e-01
6.110183639398998334e-01
5.509181969949916713e-01
4.808013355592654636e-01
4.106844741235392560e-01
3.505843071786310938e-01
2.904841402337228762e-01
2.203672787979966685e-01
1.502504173622704609e-01
8.013355592654425319e-02
1.001669449081803165e-02
-6.010016694490818295e-02
-1.302170283806343976e-01
-2.103505843071786230e-01
-2.904841402337228762e-01
-3.806343906510851194e-01
-4.808013355592654636e-01
-5.909849749582637424e-01
-7.212020033388982787e-01
-8.814691151919866741e-01
-1.081803005008347363e+00
-1.382303839732888173e+00
-1.933222036727879845e+00
-3.913043478260869623e+00
-3.375000000000000000e+00
-3.000000000000000000e+00
