9.716193656093489173e-01
9.015025041736227651e-01
8.313856427378965019e-01
7.612687813021702388e-01
6.911519198664440866e-01
6.210350584307179345e-01
5.609348914858097723e-01
4.908180300500835092e-01
4.307178631051753470e-01
3.606010016694491394e-01
3.005008347245409217e-01
2.303839732888146863e-01
1.702838063439065242e-01
1.001669449081803026e-01
4.006677796327212659e-02
-3.005008347245409148e-02
-9.015025041736228484e-02
-1.702838063439065242e-01
-2.404006677796327318e-01
-3.105175292153589672e-01
-4.006677796327212104e-01
-4.908180300500835092e-01
-6.010016694490818434e-01
-7.111853088480801777e-01
-8.414023372287144920e-01
-1.001669449081802998e+00
-1.212020033388981677e+00
-1.522537562604340478e+00
-3.000000000000000000e+00
-3.428571428571428381e+00
