9.816360601001670183e-01
9.015025041736227651e-01
8.313856427378965019e-01
7.612687813021702388e-01
6.911519198664440866e-01
6.210350584307179345e-01
5.609348914858097723e-01
4.908180300500835092e-01
4.307178631051753470e-01
3.706176961602671294e-01
3.105175292153589672e-01
2.404006677796327318e-01
1.803005008347245697e-01
1.202003338898163659e-01
5.008347245409015130e-02
-1.001669449081803165e-02
-7.011686143572622154e-02
-1.402337228714524431e-01
-2.203672787979966685e-01
-2.904841402337228762e-01
-3.706176961602671294e-01
-4.507512520868113826e-01
-5.409015025041736813e-01
-6.410684474123540255e-01
-7.612687813021702388e-01
-8.814691151919866741e-01
-1.041736227045075180e+00
-1.252086811352253859e+00
-3.000000000000000000e+00
-4.000000000000000000e+00
