9.716193656093489173e-01
9.015025041736227651e-01
8.313856427378965019e-01
7.512520868113522488e-01
6.811352253756260966e-01
6.110183639398998334e-01
5.409015025041736813e-01
4.707846410684474736e-01
4.006677796327212104e-01
3.405676126878130483e-01
2.704507512520868406e-01
2.003338898163606052e-01
1.402337228714524431e-01
6.010016694490818295e-02
-1.001669449081803165e-02
-9.015025041736228484e-02
-1.602671118530885064e-01
-2.504173622704507496e-01
-3.405676126878130483e-01
-4.507512520868113826e-01
-5.609348914858097723e-01
-7.011686143572621877e-01
-8.614357262103506940e-01
-1.111853088480801555e+00
-1.502504173622704498e+00
-2.483999999999999986e+00
-3.780346820809248332e+00
-3.895384615384615667e+00
-3.333333333333333481e+00
-3.333333333333333481e+00
