9.716193656093489173e-01
9.015025041736227651e-01
8.313856427378965019e-01
7.512520868113522488e-01
6.811352253756260966e-01
6.110183639398998334e-01
5.409015025041736813e-01
4.707846410684474736e-01
4.106844741235392560e-01
3.405676126878130483e-01
2.804674457429048862e-01
2.103505843071786230e-01
1.402337228714524431e-01
7.011686143572622154e-02
0.000000000000000000e+00
-8.013355592654425319e-02
-1.502504173622704609e-01
-2.303839732888146863e-01
-3.205342237061770128e-01
-4.207011686143572460e-01
-5.308848080133555802e-01
-6.510851419031720155e-01
-8.013355592654424209e-01
-1.001669449081802998e+00
-1.292153589315526041e+00
-1.813021702838063520e+00
-3.654986522911050972e+00
-3.975232198142415019e+00
-3.529411764705882693e+00
-3.750000000000000000e+00
