9.716193656093489173e-01
9.015025041736227651e-01
8.313856427378965019e-01
7.512520868113522488e-01
6.711185308848079956e-01
6.010016694490818434e-01
5.308848080133555802e-01
4.607679465776293726e-01
3.806343906510851194e-01
3.105175292153589672e-01
2.303839732888146863e-01
1.602671118530885064e-01
8.013355592654425319e-02
0.000000000000000000e+00
-8.013355592654425319e-02
-1.803005008347245697e-01
-2.804674457429048862e-01
-3.906510851419032204e-01
-5.308848080133555802e-01
-7.111853088480801777e-01
-1.001669449081802998e+00
-1.622704507512520822e+00
-3.054545454545454231e+00
-3.186104218362283191e+00
-3.248704663212435673e+00
-3.327999999999999847e+00
-3.386301369863013999e+00
-3.445378151260503952e+00
-3.391304347826086918e+00
-3.818181818181818343e+00
