9.716193656093489173e-01
9.115191986644407551e-01
8.313856427378965019e-01
7.612687813021702388e-01
6.911519198664440866e-01
6.210350584307179345e-01
5.509181969949916713e-01
4.808013355592654636e-01
4.207011686143572460e-01
3.606010016694491394e-01
2.904841402337228762e-01
2.303839732888146863e-01
1.602671118530885064e-01
1.001669449081803026e-01
3.005008347245409148e-02
-4.006677796327212659e-02
-1.101836393989983343e-01
-1.903171953255425597e-01
-2.604340567612687951e-01
-3.505843071786310938e-01
-4.407345575959933370e-01
-5.308848080133555802e-01
-6.510851419031720155e-01
-7.813021702838064408e-01
-9.415692821368949472e-01
-1.141903171953255525e+00
-1.442404006677796557e+00
-1.973288814691152027e+00
-3.200000000000000178e+00
-3.428571428571428381e+00
