0.000e+00  0.000e+00  2.751e-162
1.000e+00  0.000e+00  2.751e-162
2.000e+00  0.000e+00  2.751e-162
3.000e+00  0.000e+00  2.751e-162
4.000e+00  0.000e+00  2.751e-162
5.000e+00  0.000e+00  2.751e-162
6.000e+00  0.000e+00  2.751e-162
7.000e+00  0.000e+00  2.751e-162
8.000e+00  0.000e+00  2.751e-162
9.000e+00  0.000e+00  2.751e-162
1.000e+01  0.000e+00  2.751e-162
1.100e+01  0.000e+00  2.751e-162
1.200e+01  0.000e+00  2.751e-162
1.300e+01  0.000e+00  2.751e-162
1.400e+01  0.000e+00  2.751e-162
1.500e+01  0.000e+00  2.751e-162
1.600e+01  0.000e+00  2.751e-162
1.700e+01  0.000e+00  2.751e-162
1.800e+01  0.000e+00  2.751e-162
1.900e+01  0.000e+00  2.751e-162
2.000e+01  0.000e+00  2.751e-162
2.100e+01  0.000e+00  2.751e-162
2.200e+01  0.000e+00  2.751e-162
2.300e+01  0.000e+00  2.751e-162
2.400e+01  0.000e+00  2.751e-162
2.500e+01  0.000e+00  2.751e-162
2.600e+01  0.000e+00  2.751e-162
2.700e+01  0.000e+00  2.751e-162
2.800e+01  0.000e+00  2.751e-162
2.900e+01  0.000e+00  2.751e-162
3.000e+01  0.000e+00  2.751e-162
3.100e+01  0.000e+00  2.751e-162
3.200e+01  0.000e+00  2.751e-162
3.300e+01  0.000e+00  2.751e-162
3.400e+01  0.000e+00  2.751e-162
3.500e+01  0.000e+00  2.751e-162
3.600e+01  0.000e+00  2.751e-162
3.700e+01  0.000e+00  2.751e-162
3.800e+01  0.000e+00  2.751e-162
3.900e+01  0.000e+00  2.751e-162
4.000e+01  0.000e+00  2.751e-162
4.100e+01  0.000e+00  2.751e-162
4.200e+01  0.000e+00  2.751e-162
4.300e+01  0.000e+00  2.751e-162
4.400e+01  0.000e+00  2.751e-162
4.500e+01  0.000e+00  2.751e-162
4.600e+01  0.000e+00  2.751e-162
4.700e+01  0.000e+00  2.751e-162
4.800e+01  0.000e+00  2.751e-162
4.900e+01  0.000e+00  2.751e-162
5.000e+01  0.000e+00  2.751e-162
5.100e+01  0.000e+00  2.751e-162
5.200e+01  0.000e+00  2.751e-162
5.300e+01  0.000e+00  2.751e-162
5.400e+01  0.000e+00  2.751e-162
5.500e+01  0.000e+00  2.751e-162
5.600e+01  0.000e+00  2.751e-162
5.700e+01  0.000e+00  2.751e-162
5.800e+01  0.000e+00  2.751e-162
5.900e+01  0.000e+00  2.751e-162
6.000e+01  0.000e+00  2.751e-162
6.100e+01  0.000e+00  2.751e-162
6.200e+01  0.000e+00  2.751e-162
6.300e+01  0.000e+00  2.751e-162
6.400e+01  0.000e+00  2.751e-162
6.500e+01  0.000e+00  2.751e-162
6.600e+01  0.000e+00  2.751e-162
6.700e+01  0.000e+00  2.751e-162
6.800e+01  0.000e+00  2.751e-162
6.900e+01  0.000e+00  2.751e-162
7.000e+01  0.000e+00  2.751e-162
7.100e+01  0.000e+00  2.751e-162
7.200e+01  0.000e+00  2.751e-162
7.300e+01  0.000e+00  2.751e-162
7.400e+01  0.000e+00  2.751e-162
7.500e+01  0.000e+00  2.751e-162
7.600e+01  0.000e+00  2.751e-162
7.700e+01  0.000e+00  2.751e-162
7.800e+01  0.000e+00  2.751e-162
7.900e+01  0.000e+00  2.751e-162
8.000e+01  0.000e+00  2.751e-162
8.100e+01  0.000e+00  2.751e-162
8.200e+01  0.000e+00  2.751e-162
8.300e+01  0.000e+00  2.751e-162
8.400e+01  0.000e+00  2.751e-162
8.500e+01  0.000e+00  2.751e-162
8.600e+01  0.000e+00  2.751e-162
8.700e+01  0.000e+00  2.751e-162
8.800e+01  0.000e+00  2.751e-162
8.900e+01  0.000e+00  2.751e-162
9.000e+01  0.000e+00  2.751e-162
9.100e+01  0.000e+00  2.751e-162
9.200e+01  0.000e+00  2.751e-162
9.300e+01  0.000e+00  2.751e-162
9.400e+01  0.000e+00  2.751e-162
9.500e+01  0.000e+00  2.751e-162
9.600e+01  0.000e+00  2.751e-162
9.700e+01  0.000e+00  2.751e-162
9.800e+01  0.000e+00  2.751e-162
9.900e+01  0.000e+00  2.751e-162
1.000e+02  0.000e+00  2.751e-162
1.010e+02  0.000e+00  2.751e-162
1.020e+02  0.000e+00  2.751e-162
1.030e+02  0.000e+00  2.751e-162
1.040e+02  0.000e+00  2.751e-162
1.050e+02  0.000e+00  2.751e-162
1.060e+02  0.000e+00  2.751e-162
1.070e+02  0.000e+00  2.751e-162
1.080e+02  0.000e+00  2.751e-162
1.090e+02  0.000e+00  2.751e-162
1.100e+02  0.000e+00  2.751e-162
1.110e+02  0.000e+00  2.751e-162
1.120e+02  0.000e+00  2.751e-162
1.130e+02  0.000e+00  2.751e-162
1.140e+02  0.000e+00  2.751e-162
1.150e+02  0.000e+00  2.751e-162
1.160e+02  0.000e+00  2.751e-162
1.170e+02  0.000e+00  2.751e-162
1.180e+02  0.000e+00  2.751e-162
1.190e+02  0.000e+00  2.751e-162
1.200e+02  0.000e+00  2.751e-162
1.210e+02  0.000e+00  2.751e-162
1.220e+02  0.000e+00  2.751e-162
1.230e+02  0.000e+00  2.751e-162
1.240e+02  0.000e+00  2.751e-162
1.250e+02  0.000e+00  2.751e-162
1.260e+02  0.000e+00  2.751e-162
1.270e+02  0.000e+00  2.751e-162
1.280e+02  0.000e+00  2.751e-162
1.290e+02  0.000e+00  2.751e-162
1.300e+02  0.000e+00  2.751e-162
1.310e+02  0.000e+00  2.751e-162
1.320e+02  0.000e+00  2.751e-162
1.330e+02  0.000e+00  2.751e-162
1.340e+02  0.000e+00  2.751e-162
1.350e+02  0.000e+00  2.751e-162
1.360e+02  0.000e+00  2.751e-162
1.370e+02  0.000e+00  2.751e-162
1.380e+02  0.000e+00  2.751e-162
1.390e+02  0.000e+00  2.751e-162
1.400e+02  0.000e+00  2.751e-162
1.410e+02  0.000e+00  2.751e-162
1.420e+02  0.000e+00  2.751e-162
1.430e+02  0.000e+00  2.751e-162
1.440e+02  0.000e+00  2.751e-162
1.450e+02  0.000e+00  2.751e-162
1.460e+02  0.000e+00  2.751e-162
1.470e+02  0.000e+00  2.751e-162
1.480e+02  0.000e+00  2.751e-162
1.490e+02  0.000e+00  2.751e-162
1.500e+02  0.000e+00  2.751e-162
1.510e+02  0.000e+00  2.751e-162
1.520e+02  0.000e+00  2.751e-162
1.530e+02  0.000e+00  2.751e-162
1.540e+02  0.000e+00  2.751e-162
1.550e+02  0.000e+00  2.751e-162
1.560e+02  0.000e+00  2.751e-162
1.570e+02  0.000e+00  2.751e-162
1.580e+02  0.000e+00  2.751e-162
1.590e+02  0.000e+00  2.751e-162
1.600e+02  0.000e+00  2.751e-162
1.610e+02  0.000e+00  2.751e-162
1.620e+02  0.000e+00  2.751e-162
1.630e+02  0.000e+00  2.751e-162
1.640e+02  0.000e+00  2.751e-162
1.650e+02  0.000e+00  2.751e-162
1.660e+02  0.000e+00  2.751e-162
1.670e+02  0.000e+00  2.751e-162
1.680e+02  0.000e+00  2.751e-162
1.690e+02  0.000e+00  2.751e-162
1.700e+02  0.000e+00  2.751e-162
1.710e+02  0.000e+00  2.751e-162
1.720e+02  0.000e+00  2.751e-162
1.730e+02  0.000e+00  2.751e-162
1.740e+02  0.000e+00  2.751e-162
1.750e+02  0.000e+00  2.751e-162
1.760e+02  0.000e+00  2.751e-162
1.770e+02  0.000e+00  2.751e-162
1.780e+02  0.000e+00  2.751e-162
1.790e+02  0.000e+00  2.751e-162
1.800e+02  0.000e+00  2.751e-162
1.810e+02  0.000e+00  2.751e-162
1.820e+02  0.000e+00  2.751e-162
1.830e+02  0.000e+00  2.751e-162
1.840e+02  0.000e+00  2.751e-162
1.850e+02  0.000e+00  2.751e-162
1.860e+02  0.000e+00  2.751e-162
1.870e+02  0.000e+00  2.751e-162
1.880e+02  0.000e+00  2.751e-162
1.890e+02  0.000e+00  2.751e-162
1.900e+02  0.000e+00  2.751e-162
1.910e+02  0.000e+00  2.751e-162
1.920e+02  0.000e+00  2.751e-162
1.930e+02  0.000e+00  2.751e-162
1.940e+02  0.000e+00  2.751e-162
1.950e+02  0.000e+00  2.751e-162
1.960e+02  0.000e+00  2.751e-162
1.970e+02  0.000e+00  2.751e-162
1.980e+02  0.000e+00  2.751e-162
1.990e+02  0.000e+00  2.751e-162
2.000e+02  0.000e+00  2.751e-162
2.010e+02  0.000e+00  2.751e-162
2.020e+02  0.000e+00  2.751e-162
2.030e+02  0.000e+00  2.751e-162
2.040e+02  0.000e+00  2.751e-162
2.050e+02  0.000e+00  2.751e-162
2.060e+02  0.000e+00  2.751e-162
2.070e+02  0.000e+00  2.751e-162
2.080e+02  0.000e+00  2.751e-162
2.090e+02  0.000e+00  2.751e-162
2.100e+02  0.000e+00  2.751e-162
2.110e+02  0.000e+00  2.751e-162
2.120e+02  0.000e+00  2.751e-162
2.130e+02  0.000e+00  2.751e-162
2.140e+02  0.000e+00  2.751e-162
2.150e+02  0.000e+00  2.751e-162
2.160e+02  0.000e+00  2.751e-162
2.170e+02  1.482e-323  2.751e-162
2.180e+02  1.482e-323  2.751e-162
2.190e+02  1.482e-323  2.751e-162
2.200e+02  1.482e-323  2.751e-162
2.210e+02  1.482e-323  2.751e-162
2.220e+02  1.482e-323  2.751e-162
2.230e+02  1.482e-323  2.751e-162
2.240e+02  1.482e-323  2.751e-162
2.250e+02  1.482e-323  2.751e-162
2.260e+02  1.482e-323  2.751e-162
2.270e+02  1.482e-323  2.751e-162
2.280e+02  1.482e-323  2.751e-162
2.290e+02  1.482e-323  2.751e-162
2.300e+02  1.482e-323  2.751e-162
2.310e+02  1.482e-323  2.751e-162
2.320e+02  1.482e-323  2.751e-162
2.330e+02  1.482e-323  2.751e-162
2.340e+02  1.482e-323  2.751e-162
2.350e+02  1.482e-323  2.751e-162
2.360e+02  1.482e-323  2.751e-162
2.370e+02  1.482e-323  2.751e-162
2.380e+02  1.482e-323  2.751e-162
2.390e+02  1.482e-323  2.751e-162
2.400e+02  1.482e-323  2.751e-162
2.410e+02  1.482e-323  2.751e-162
2.420e+02  1.482e-323  2.751e-162
2.430e+02  1.482e-323  2.751e-162
2.440e+02  1.482e-323  2.751e-162
2.450e+02  1.482e-323  2.751e-162
2.460e+02  1.482e-323  2.751e-162
2.470e+02  1.482e-323  2.751e-162
2.480e+02  1.482e-323  2.751e-162
2.490e+02  1.482e-323  2.751e-162
2.500e+02  1.482e-323  2.751e-162
2.510e+02  1.482e-323  2.751e-162
2.520e+02  1.482e-323  2.751e-162
2.530e+02  1.482e-323  2.751e-162
2.540e+02  1.482e-323  2.751e-162
2.550e+02  1.482e-323  2.751e-162
2.560e+02  1.482e-323  2.751e-162
2.570e+02  1.482e-323  2.751e-162
2.580e+02  1.482e-323  2.751e-162
2.590e+02  1.482e-323  2.751e-162
2.600e+02  1.482e-323  2.751e-162
2.610e+02  1.482e-323  2.751e-162
2.620e+02  1.482e-323  2.751e-162
2.630e+02  1.482e-323  2.751e-162
2.640e+02  1.482e-323  2.751e-162
2.650e+02  1.482e-323  2.751e-162
2.660e+02  1.482e-323  2.751e-162
2.670e+02  1.482e-323  2.751e-162
2.680e+02  1.482e-323  2.751e-162
2.690e+02  1.482e-323  2.751e-162
2.700e+02  1.482e-323  2.751e-162
2.710e+02  1.482e-323  2.751e-162
2.720e+02  1.482e-323  2.751e-162
2.730e+02  1.482e-323  2.751e-162
2.740e+02  1.482e-323  2.751e-162
2.750e+02  1.482e-323  2.751e-162
2.760e+02  1.482e-323  2.751e-162
2.770e+02  1.482e-323  2.751e-162
2.780e+02  1.482e-323  2.751e-162
2.790e+02  1.482e-323  2.751e-162
2.800e+02  1.482e-323  2.751e-162
2.810e+02  1.482e-323  2.751e-162
2.820e+02  1.482e-323  2.751e-162
2.830e+02  1.482e-323  2.751e-162
2.840e+02  1.482e-323  2.751e-162
2.850e+02  1.482e-323  2.751e-162
2.860e+02  1.482e-323  2.751e-162
2.870e+02  1.482e-323  2.751e-162
2.880e+02  1.482e-323  2.751e-162
2.890e+02  1.482e-323  2.751e-162
2.900e+02  1.482e-323  2.751e-162
2.910e+02  1.482e-323  2.751e-162
2.920e+02  1.482e-323  2.751e-162
2.930e+02  1.482e-323  2.751e-162
2.940e+02  1.482e-323  2.751e-162
2.950e+02  1.482e-323  2.751e-162
2.960e+02  1.482e-323  2.751e-162
2.970e+02  1.482e-323  2.751e-162
2.980e+02  1.482e-323  2.751e-162
2.990e+02  1.482e-323  2.751e-162
3.000e+02  1.482e-323  2.751e-162
3.010e+02  1.482e-323  2.751e-162
3.020e+02  1.482e-323  2.751e-162
3.030e+02  1.482e-323  2.751e-162
3.040e+02  1.482e-323  2.751e-162
3.050e+02  1.482e-323  2.751e-162
3.060e+02  1.482e-323  2.751e-162
3.070e+02  1.482e-323  2.751e-162
3.080e+02  1.482e-323  2.751e-162
3.090e+02  1.482e-323  2.751e-162
3.100e+02  1.482e-323  2.751e-162
3.110e+02  1.482e-323  2.751e-162
3.120e+02  1.482e-323  2.751e-162
3.130e+02  1.482e-323  2.751e-162
3.140e+02  1.482e-323  2.751e-162
3.150e+02  1.482e-323  2.751e-162
3.160e+02  1.482e-323  2.751e-162
3.170e+02  1.482e-323  2.751e-162
3.180e+02  1.482e-323  2.751e-162
3.190e+02  1.482e-323  2.751e-162
3.200e+02  1.482e-323  2.751e-162
3.210e+02  1.482e-323  2.751e-162
3.220e+02  1.482e-323  2.751e-162
3.230e+02  1.482e-323  2.751e-162
3.240e+02  1.482e-323  2.751e-162
3.250e+02  1.482e-323  2.751e-162
3.260e+02  1.482e-323  2.751e-162
3.270e+02  1.482e-323  2.751e-162
3.280e+02  1.482e-323  2.751e-162
3.290e+02  1.482e-323  2.751e-162
3.300e+02  1.482e-323  2.751e-162
3.310e+02  1.482e-323  2.751e-162
3.320e+02  1.482e-323  2.751e-162
3.330e+02  1.482e-323  2.751e-162
3.340e+02  1.482e-323  2.751e-162
3.350e+02  1.482e-323  2.751e-162
3.360e+02  1.482e-323  2.751e-162
3.370e+02  1.482e-323  2.751e-162
3.380e+02  1.482e-323  2.751e-162
3.390e+02  1.482e-323  2.751e-162
3.400e+02  1.482e-323  2.751e-162
3.410e+02  1.482e-323  2.751e-162
3.420e+02  1.482e-323  2.751e-162
3.430e+02  1.482e-323  2.751e-162
3.440e+02  1.482e-323  2.751e-162
3.450e+02  1.482e-323  2.751e-162
3.460e+02  1.482e-323  2.751e-162
3.470e+02  1.482e-323  2.751e-162
3.480e+02  1.482e-323  2.751e-162
3.490e+02  1.482e-323  2.751e-162
3.500e+02  1.482e-323  2.751e-162
3.510e+02  1.482e-323  2.751e-162
3.520e+02  1.482e-323  2.751e-162
3.530e+02  1.482e-323  2.751e-162
3.540e+02  1.482e-323  2.751e-162
3.550e+02  1.482e-323  2.751e-162
3.560e+02  1.482e-323  2.751e-162
3.570e+02  1.482e-323  2.751e-162
3.580e+02  1.482e-323  2.751e-162
3.590e+02  1.482e-323  2.751e-162
3.600e+02  1.482e-323  2.751e-162
3.610e+02  1.482e-323  2.751e-162
3.620e+02  1.482e-323  2.751e-162
3.630e+02  1.482e-323  2.751e-162
3.640e+02  1.482e-323  2.751e-162
3.650e+02  1.482e-323  2.751e-162
3.660e+02  1.482e-323  2.751e-162
3.670e+02  1.482e-323  2.751e-162
3.680e+02  1.482e-323  2.751e-162
3.690e+02  1.482e-323  2.751e-162
3.700e+02  1.482e-323  2.751e-162
3.710e+02  1.482e-323  2.751e-162
3.720e+02  1.482e-323  2.751e-162
3.730e+02  1.482e-323  2.751e-162
3.740e+02  1.482e-323  2.751e-162
3.750e+02  1.482e-323  2.751e-162
3.760e+02  1.482e-323  2.751e-162
3.770e+02  1.482e-323  2.751e-162
3.780e+02  1.482e-323  2.751e-162
3.790e+02  1.482e-323  2.751e-162
3.800e+02  1.482e-323  2.751e-162
3.810e+02  1.482e-323  2.751e-162
3.820e+02  1.482e-323  2.751e-162
3.830e+02  1.482e-323  2.751e-162
3.840e+02  1.482e-323  2.751e-162
3.850e+02  1.482e-323  2.751e-162
3.860e+02  1.482e-323  2.751e-162
3.870e+02  1.482e-323  2.751e-162
3.880e+02  1.482e-323  2.751e-162
3.890e+02  1.482e-323  2.751e-162
3.900e+02  1.482e-323  2.751e-162
3.910e+02  1.482e-323  2.751e-162
3.920e+02  1.482e-323  2.751e-162
3.930e+02  1.482e-323  2.751e-162
3.940e+02  1.482e-323  2.751e-162
3.950e+02  1.482e-323  2.751e-162
3.960e+02  1.482e-323  2.751e-162
3.970e+02  1.482e-323  2.751e-162
3.980e+02  1.482e-323  2.751e-162
3.990e+02  1.482e-323  2.751e-162
4.000e+02  1.482e-323  2.751e-162
4.010e+02  1.482e-323  2.751e-162
4.020e+02  1.482e-323  2.751e-162
4.030e+02  1.482e-323  2.751e-162
4.040e+02  1.482e-323  2.751e-162
4.050e+02  1.482e-323  2.751e-162
4.060e+02  1.482e-323  2.751e-162
4.070e+02  1.482e-323  2.751e-162
4.080e+02  1.482e-323  2.751e-162
4.090e+02  1.482e-323  2.751e-162
4.100e+02  1.482e-323  2.751e-162
4.110e+02  1.482e-323  2.751e-162
4.120e+02  1.482e-323  2.751e-162
4.130e+02  1.482e-323  2.751e-162
4.140e+02  1.482e-323  2.751e-162
4.150e+02  1.482e-323  2.751e-162
4.160e+02  1.482e-323  2.751e-162
4.170e+02  1.482e-323  2.751e-162
4.180e+02  1.482e-323  2.751e-162
4.190e+02  1.482e-323  2.751e-162
4.200e+02  1.482e-323  2.751e-162
4.210e+02  1.482e-323  2.751e-162
4.220e+02  1.482e-323  2.751e-162
4.230e+02  1.482e-323  2.751e-162
4.240e+02  1.482e-323  2.751e-162
4.250e+02  1.482e-323  2.751e-162
4.260e+02  1.482e-323  2.751e-162
4.270e+02  1.482e-323  2.751e-162
4.280e+02  1.482e-323  2.751e-162
4.290e+02  1.482e-323  2.751e-162
4.300e+02  1.482e-323  2.751e-162
4.310e+02  1.482e-323  2.751e-162
4.320e+02  1.482e-323  2.751e-162
4.330e+02  1.482e-323  2.751e-162
4.340e+02  1.482e-323  2.751e-162
4.350e+02  1.482e-323  2.751e-162
4.360e+02  1.482e-323  2.751e-162
4.370e+02  1.482e-323  2.751e-162
4.380e+02  1.482e-323  2.751e-162
4.390e+02  1.482e-323  2.751e-162
4.400e+02  1.482e-323  2.751e-162
4.410e+02  1.482e-323  2.751e-162
4.420e+02  1.482e-323  2.751e-162
4.430e+02  1.482e-323  2.751e-162
4.440e+02  1.482e-323  2.751e-162
4.450e+02  1.482e-323  2.751e-162
4.460e+02  1.482e-323  2.751e-162
4.470e+02  1.482e-323  2.751e-162
4.480e+02  1.482e-323  2.751e-162
4.490e+02  1.482e-323  2.751e-162
4.500e+02  1.482e-323  2.751e-162
4.510e+02  1.482e-323  2.751e-162
4.520e+02  1.482e-323  2.751e-162
4.530e+02  1.482e-323  2.751e-162
4.540e+02  1.482e-323  2.751e-162
4.550e+02  1.482e-323  2.751e-162
4.560e+02  1.482e-323  2.751e-162
4.570e+02  1.482e-323  2.751e-162
4.580e+02  1.482e-323  2.751e-162
4.590e+02  1.482e-323  2.751e-162
4.600e+02  1.482e-323  2.751e-162
4.610e+02  1.482e-323  2.751e-162
4.620e+02  1.482e-323  2.751e-162
4.630e+02  1.482e-323  2.751e-162
4.640e+02  1.482e-323  2.751e-162
4.650e+02  1.482e-323  2.751e-162
4.660e+02  1.482e-323  2.751e-162
4.670e+02  1.482e-323  2.751e-162
4.680e+02  1.482e-323  2.751e-162
4.690e+02  1.482e-323  2.751e-162
4.700e+02  1.482e-323  2.751e-162
4.710e+02  1.482e-323  2.751e-162
4.720e+02  1.482e-323  2.751e-162
4.730e+02  1.482e-323  2.751e-162
4.740e+02  1.482e-323  2.751e-162
4.750e+02  1.482e-323  2.751e-162
4.760e+02  1.482e-323  2.751e-162
4.770e+02  1.482e-323  2.751e-162
4.780e+02  1.482e-323  2.751e-162
4.790e+02  1.482e-323  2.751e-162
4.800e+02  1.482e-323  2.751e-162
4.810e+02  1.482e-323  2.751e-162
4.820e+02  1.482e-323  2.751e-162
4.830e+02  1.482e-323  2.751e-162
4.840e+02  1.482e-323  2.751e-162
4.850e+02  1.482e-323  2.751e-162
4.860e+02  1.482e-323  2.751e-162
4.870e+02  1.482e-323  2.751e-162
4.880e+02  1.482e-323  2.751e-162
4.890e+02  1.482e-323  2.751e-162
4.900e+02  1.482e-323  2.751e-162
4.910e+02  1.482e-323  2.751e-162
4.920e+02  1.482e-323  2.751e-162
4.930e+02  1.482e-323  2.751e-162
4.940e+02  1.482e-323  2.751e-162
4.950e+02  1.482e-323  2.751e-162
4.960e+02  1.482e-323  2.751e-162
4.970e+02  1.482e-323  2.751e-162
4.980e+02  1.482e-323  2.751e-162
4.990e+02  1.482e-323  2.751e-162
5.000e+02  1.482e-323  2.751e-162
5.010e+02  1.482e-323  2.751e-162
5.020e+02  1.482e-323  2.751e-162
5.030e+02  1.482e-323  2.751e-162
5.040e+02  1.482e-323  2.751e-162
5.050e+02  1.482e-323  2.751e-162
5.060e+02  1.482e-323  2.751e-162
5.070e+02  1.482e-323  2.751e-162
5.080e+02  1.482e-323  2.751e-162
5.090e+02  1.482e-323  2.751e-162
5.100e+02  1.482e-323  2.751e-162
5.110e+02  1.482e-323  2.751e-162
5.120e+02  1.482e-323  2.751e-162
5.130e+02  1.482e-323  2.751e-162
5.140e+02  1.482e-323  2.751e-162
5.150e+02  1.482e-323  2.751e-162
5.160e+02  1.482e-323  2.751e-162
5.170e+02  1.482e-323  2.751e-162
5.180e+02  1.482e-323  2.751e-162
5.190e+02  1.482e-323  2.751e-162
5.200e+02  1.482e-323  2.751e-162
5.210e+02  1.482e-323  2.751e-162
5.220e+02  1.482e-323  2.751e-162
5.230e+02  1.482e-323  2.751e-162
5.240e+02  1.482e-323  2.751e-162
5.250e+02  1.482e-323  2.751e-162
5.260e+02  1.482e-323  2.751e-162
5.270e+02  1.482e-323  2.751e-162
5.280e+02  1.482e-323  2.751e-162
5.290e+02  1.482e-323  2.751e-162
5.300e+02  1.482e-323  2.751e-162
5.310e+02  1.482e-323  2.751e-162
5.320e+02  1.482e-323  2.751e-162
5.330e+02  1.482e-323  2.751e-162
5.340e+02  1.482e-323  2.751e-162
5.350e+02  1.482e-323  2.751e-162
5.360e+02  1.482e-323  2.751e-162
5.370e+02  1.482e-323  2.751e-162
5.380e+02  1.482e-323  2.751e-162
5.390e+02  1.482e-323  2.751e-162
5.400e+02  1.482e-323  2.751e-162
5.410e+02  1.482e-323  2.751e-162
5.420e+02  1.482e-323  2.751e-162
5.430e+02  1.482e-323  2.751e-162
5.440e+02  1.482e-323  2.751e-162
5.450e+02  1.482e-323  2.751e-162
5.460e+02  1.482e-323  2.751e-162
5.470e+02  1.482e-323  2.751e-162
5.480e+02  1.482e-323  2.751e-162
5.490e+02  1.482e-323  2.751e-162
5.500e+02  1.482e-323  2.751e-162
5.510e+02  1.482e-323  2.751e-162
5.520e+02  1.482e-323  2.751e-162
5.530e+02  1.482e-323  2.751e-162
5.540e+02  1.482e-323  2.751e-162
5.550e+02  1.482e-323  2.751e-162
5.560e+02  1.482e-323  2.751e-162
5.570e+02  1.482e-323  2.751e-162
5.580e+02  1.482e-323  2.751e-162
5.590e+02  1.482e-323  2.751e-162
5.600e+02  1.482e-323  2.751e-162
5.610e+02  1.482e-323  2.751e-162
5.620e+02  1.482e-323  2.751e-162
5.630e+02  1.482e-323  2.751e-162
5.640e+02  1.482e-323  2.751e-162
5.650e+02  1.482e-323  2.751e-162
5.660e+02  1.482e-323  2.751e-162
5.670e+02  1.482e-323  2.751e-162
5.680e+02  1.482e-323  2.751e-162
5.690e+02  1.482e-323  2.751e-162
5.700e+02  1.482e-323  2.751e-162
5.710e+02  1.482e-323  2.751e-162
5.720e+02  1.482e-323  2.751e-162
5.730e+02  1.482e-323  2.751e-162
5.740e+02  1.482e-323  2.751e-162
5.750e+02  1.482e-323  2.751e-162
5.760e+02  1.482e-323  2.751e-162
5.770e+02  1.482e-323  2.751e-162
5.780e+02  1.482e-323  2.751e-162
5.790e+02  1.482e-323  2.751e-162
5.800e+02  1.482e-323  2.751e-162
5.810e+02  1.482e-323  2.751e-162
5.820e+02  1.482e-323  2.751e-162
5.830e+02  1.482e-323  2.751e-162
5.840e+02  1.482e-323  2.751e-162
5.850e+02  1.482e-323  2.751e-162
5.860e+02  1.482e-323  2.751e-162
5.870e+02  1.482e-323  2.751e-162
5.880e+02  1.482e-323  2.751e-162
5.890e+02  1.482e-323  2.751e-162
5.900e+02  1.482e-323  2.751e-162
5.910e+02  1.482e-323  2.751e-162
5.920e+02  1.482e-323  2.751e-162
5.930e+02  1.482e-323  2.751e-162
5.940e+02  1.482e-323  2.751e-162
5.950e+02  1.482e-323  2.751e-162
5.960e+02  1.482e-323  2.751e-162
5.970e+02  1.482e-323  2.751e-162
5.980e+02  1.482e-323  2.751e-162
5.990e+02  1.482e-323  2.751e-162
6.000e+02  1.482e-323  2.751e-162
6.010e+02  1.482e-323  2.751e-162
6.020e+02  1.482e-323  2.751e-162
6.030e+02  1.482e-323  2.751e-162
6.040e+02  1.482e-323  2.751e-162
6.050e+02  1.482e-323  2.751e-162
6.060e+02  1.482e-323  2.751e-162
6.070e+02  1.482e-323  2.751e-162
6.080e+02  1.482e-323  2.751e-162
6.090e+02  1.482e-323  2.751e-162
6.100e+02  1.482e-323  2.751e-162
6.110e+02  1.482e-323  2.751e-162
6.120e+02  1.482e-323  2.751e-162
6.130e+02  1.482e-323  2.751e-162
6.140e+02  1.482e-323  2.751e-162
6.150e+02  1.482e-323  2.751e-162
6.160e+02  1.482e-323  2.751e-162
6.170e+02  1.482e-323  2.751e-162
6.180e+02  1.482e-323  2.751e-162
6.190e+02  1.482e-323  2.751e-162
6.200e+02  1.482e-323  2.751e-162
6.210e+02  1.482e-323  2.751e-162
6.220e+02  1.482e-323  2.751e-162
6.230e+02  1.482e-323  2.751e-162
6.240e+02  1.482e-323  2.751e-162
6.250e+02  1.482e-323  2.751e-162
6.260e+02  1.482e-323  2.751e-162
6.270e+02  1.482e-323  2.751e-162
6.280e+02  1.482e-323  2.751e-162
6.290e+02  1.482e-323  2.751e-162
6.300e+02  1.482e-323  2.751e-162
6.310e+02  1.482e-323  2.751e-162
6.320e+02  1.482e-323  2.751e-162
6.330e+02  1.482e-323  2.751e-162
6.340e+02  1.482e-323  2.751e-162
6.350e+02  1.482e-323  2.751e-162
6.360e+02  1.482e-323  2.751e-162
6.370e+02  2.964e-323  2.751e-162
6.380e+02  7.411e-323  2.751e-162
6.390e+02  1.433e-322  2.751e-162
6.400e+02  3.113e-322  2.751e-162
6.410e+02  7.164e-322  2.751e-162
6.420e+02  1.640e-321  2.751e-162
6.430e+02  3.765e-321  2.751e-162
6.440e+02  8.641e-321  2.751e-162
6.450e+02  1.983e-320  2.751e-162
6.460e+02  4.552e-320  2.751e-162
6.470e+02  1.045e-319  2.751e-162
6.480e+02  2.398e-319  2.751e-162
6.490e+02  5.504e-319  2.751e-162
6.500e+02  1.263e-318  2.751e-162
6.510e+02  2.900e-318  2.751e-162
6.520e+02  6.655e-318  2.751e-162
6.530e+02  1.527e-317  2.751e-162
6.540e+02  3.505e-317  2.751e-162
6.550e+02  8.044e-317  2.751e-162
6.560e+02  1.846e-316  2.751e-162
6.570e+02  4.236e-316  2.751e-162
6.580e+02  9.721e-316  2.751e-162
6.590e+02  2.230e-315  2.751e-162
6.600e+02  5.118e-315  2.751e-162
6.610e+02  1.174e-314  2.751e-162
6.620e+02  2.694e-314  2.751e-162
6.630e+02  6.181e-314  2.751e-162
6.640e+02  1.418e-313  2.751e-162
6.650e+02  3.253e-313  2.751e-162
6.660e+02  7.462e-313  2.751e-162
6.670e+02  1.712e-312  2.751e-162
6.680e+02  3.926e-312  2.751e-162
6.690e+02  9.006e-312  2.751e-162
6.700e+02  2.065e-311  2.751e-162
6.710e+02  4.737e-311  2.751e-162
6.720e+02  1.086e-310  2.751e-162
6.730e+02  2.492e-310  2.751e-162
6.740e+02  5.714e-310  2.751e-162
6.750e+02  1.310e-309  2.751e-162
6.760e+02  3.004e-309  2.751e-162
6.770e+02  6.889e-309  2.751e-162
6.780e+02  1.580e-308  2.751e-162
6.790e+02  3.622e-308  2.751e-162
6.800e+02  8.306e-308  2.751e-162
6.810e+02  1.904e-307  2.751e-162
6.820e+02  4.366e-307  2.751e-162
6.830e+02  1.001e-306  2.751e-162
6.840e+02  2.295e-306  2.751e-162
6.850e+02  5.263e-306  2.751e-162
6.860e+02  1.207e-305  2.751e-162
6.870e+02  2.767e-305  2.751e-162
6.880e+02  6.344e-305  2.751e-162
6.890e+02  1.455e-304  2.751e-162
6.900e+02  3.335e-304  2.751e-162
6.910e+02  7.648e-304  2.751e-162
6.920e+02  1.754e-303  2.751e-162
6.930e+02  4.022e-303  2.751e-162
6.940e+02  9.223e-303  2.751e-162
6.950e+02  2.115e-302  2.751e-162
6.960e+02  4.851e-302  2.751e-162
6.970e+02  1.112e-301  2.751e-162
6.980e+02  2.551e-301  2.751e-162
6.990e+02  5.852e-301  2.751e-162
7.000e+02  1.342e-300  2.751e-162
7.010e+02  3.079e-300  2.751e-162
7.020e+02  7.064e-300  2.751e-162
7.030e+02  1.620e-299  2.751e-162
7.040e+02  3.718e-299  2.751e-162
7.050e+02  8.529e-299  2.751e-162
7.060e+02  1.957e-298  2.751e-162
7.070e+02  4.490e-298  2.751e-162
7.080e+02  1.030e-297  2.751e-162
7.090e+02  2.364e-297  2.751e-162
7.100e+02  5.426e-297  2.751e-162
7.110e+02  1.245e-296  2.751e-162
7.120e+02  2.858e-296  2.751e-162
7.130e+02  6.559e-296  2.751e-162
7.140e+02  1.505e-295  2.751e-162
7.150e+02  3.455e-295  2.751e-162
7.160e+02  7.930e-295  2.751e-162
7.170e+02  1.820e-294  2.751e-162
7.180e+02  4.178e-294  2.751e-162
7.190e+02  9.590e-294  2.751e-162
7.200e+02  2.201e-293  2.751e-162
7.210e+02  5.053e-293  2.751e-162
7.220e+02  1.160e-292  2.751e-162
7.230e+02  2.662e-292  2.751e-162
7.240e+02  6.111e-292  2.751e-162
7.250e+02  1.403e-291  2.751e-162
7.260e+02  3.220e-291  2.751e-162
7.270e+02  7.390e-291  2.751e-162
7.280e+02  1.696e-290  2.751e-162
7.290e+02  3.893e-290  2.751e-162
7.300e+02  8.935e-290  2.751e-162
7.310e+02  2.051e-289  2.751e-162
7.320e+02  4.706e-289  2.751e-162
7.330e+02  1.080e-288  2.751e-162
7.340e+02  2.478e-288  2.751e-162
7.350e+02  5.687e-288  2.751e-162
7.360e+02  1.305e-287  2.751e-162
7.370e+02  2.994e-287  2.751e-162
7.380e+02  6.870e-287  2.751e-162
7.390e+02  1.576e-286  2.751e-162
7.400e+02  3.616e-286  2.751e-162
7.410e+02  8.294e-286  2.751e-162
7.420e+02  1.903e-285  2.751e-162
7.430e+02  4.364e-285  2.751e-162
7.440e+02  1.001e-284  2.751e-162
7.450e+02  2.296e-284  2.751e-162
7.460e+02  5.266e-284  2.751e-162
7.470e+02  1.208e-283  2.751e-162
7.480e+02  2.769e-283  2.751e-162
7.490e+02  6.351e-283  2.751e-162
7.500e+02  1.456e-282  2.751e-162
7.510e+02  3.339e-282  2.751e-162
7.520e+02  7.657e-282  2.751e-162
7.530e+02  1.756e-281  2.751e-162
7.540e+02  4.026e-281  2.751e-162
7.550e+02  9.230e-281  2.751e-162
7.560e+02  2.116e-280  2.751e-162
7.570e+02  4.852e-280  2.751e-162
7.580e+02  1.112e-279  2.751e-162
7.590e+02  2.551e-279  2.751e-162
7.600e+02  5.848e-279  2.751e-162
7.610e+02  1.341e-278  2.751e-162
7.620e+02  3.074e-278  2.751e-162
7.630e+02  7.049e-278  2.751e-162
7.640e+02  1.616e-277  2.751e-162
7.650e+02  3.706e-277  2.751e-162
7.660e+02  8.499e-277  2.751e-162
7.670e+02  1.949e-276  2.751e-162
7.680e+02  4.470e-276  2.751e-162
7.690e+02  1.025e-275  2.751e-162
7.700e+02  2.351e-275  2.751e-162
7.710e+02  5.392e-275  2.751e-162
7.720e+02  1.237e-274  2.751e-162
7.730e+02  2.837e-274  2.751e-162
7.740e+02  6.508e-274  2.751e-162
7.750e+02  1.493e-273  2.751e-162
7.760e+02  3.425e-273  2.751e-162
7.770e+02  7.859e-273  2.751e-162
7.780e+02  1.803e-272  2.751e-162
7.790e+02  4.137e-272  2.751e-162
7.800e+02  9.494e-272  2.751e-162
7.810e+02  2.179e-271  2.751e-162
7.820e+02  4.999e-271  2.751e-162
7.830e+02  1.147e-270  2.751e-162
7.840e+02  2.633e-270  2.751e-162
7.850e+02  6.043e-270  2.751e-162
7.860e+02  1.387e-269  2.751e-162
7.870e+02  3.183e-269  2.751e-162
7.880e+02  7.307e-269  2.751e-162
7.890e+02  1.677e-268  2.751e-162
7.900e+02  3.849e-268  2.751e-162
7.910e+02  8.836e-268  2.751e-162
7.920e+02  2.028e-267  2.751e-162
7.930e+02  4.655e-267  2.751e-162
7.940e+02  1.068e-266  2.751e-162
7.950e+02  2.452e-266  2.751e-162
7.960e+02  5.628e-266  2.751e-162
7.970e+02  1.292e-265  2.751e-162
7.980e+02  2.965e-265  2.751e-162
7.990e+02  6.803e-265  2.751e-162
8.000e+02  1.561e-264  2.751e-162
8.010e+02  3.583e-264  2.751e-162
8.020e+02  8.221e-264  2.751e-162
8.030e+02  1.886e-263  2.751e-162
8.040e+02  4.328e-263  2.751e-162
8.050e+02  9.929e-263  2.751e-162
8.060e+02  2.278e-262  2.751e-162
8.070e+02  5.225e-262  2.751e-162
8.080e+02  1.198e-261  2.751e-162
8.090e+02  2.749e-261  2.751e-162
8.100e+02  6.305e-261  2.751e-162
8.110e+02  1.446e-260  2.751e-162
8.120e+02  3.315e-260  2.751e-162
8.130e+02  7.602e-260  2.751e-162
8.140e+02  1.743e-259  2.751e-162
8.150e+02  3.996e-259  2.751e-162
8.160e+02  9.162e-259  2.751e-162
8.170e+02  2.100e-258  2.751e-162
8.180e+02  4.815e-258  2.751e-162
8.190e+02  1.104e-257  2.751e-162
8.200e+02  2.529e-257  2.751e-162
8.210e+02  5.798e-257  2.751e-162
8.220e+02  1.329e-256  2.751e-162
8.230e+02  3.045e-256  2.751e-162
8.240e+02  6.979e-256  2.751e-162
8.250e+02  1.599e-255  2.751e-162
8.260e+02  3.665e-255  2.751e-162
8.270e+02  8.399e-255  2.751e-162
8.280e+02  1.925e-254  2.751e-162
8.290e+02  4.411e-254  2.751e-162
8.300e+02  1.011e-253  2.751e-162
8.310e+02  2.316e-253  2.751e-162
8.320e+02  5.308e-253  2.751e-162
8.330e+02  1.217e-252  2.751e-162
8.340e+02  2.788e-252  2.751e-162
8.350e+02  6.391e-252  2.751e-162
8.360e+02  1.465e-251  2.751e-162
8.370e+02  3.358e-251  2.751e-162
8.380e+02  7.698e-251  2.751e-162
8.390e+02  1.765e-250  2.751e-162
8.400e+02  4.046e-250  2.751e-162
8.410e+02  9.278e-250  2.751e-162
8.420e+02  2.127e-249  2.751e-162
8.430e+02  4.879e-249  2.751e-162
8.440e+02  1.119e-248  2.751e-162
8.450e+02  2.566e-248  2.751e-162
8.460e+02  5.887e-248  2.751e-162
8.470e+02  1.351e-247  2.751e-162
8.480e+02  3.098e-247  2.751e-162
8.490e+02  7.109e-247  2.751e-162
8.500e+02  1.631e-246  2.751e-162
8.510e+02  3.743e-246  2.751e-162
8.520e+02  8.591e-246  2.751e-162
8.530e+02  1.972e-245  2.751e-162
8.540e+02  4.525e-245  2.751e-162
8.550e+02  1.039e-244  2.751e-162
8.560e+02  2.384e-244  2.751e-162
8.570e+02  5.473e-244  2.751e-162
8.580e+02  1.256e-243  2.751e-162
8.590e+02  2.884e-243  2.751e-162
8.600e+02  6.621e-243  2.751e-162
8.610e+02  1.520e-242  2.751e-162
8.620e+02  3.489e-242  2.751e-162
8.630e+02  8.010e-242  2.751e-162
8.640e+02  1.839e-241  2.751e-162
8.650e+02  4.221e-241  2.751e-162
8.660e+02  9.688e-241  2.751e-162
8.670e+02  2.224e-240  2.751e-162
8.680e+02  5.103e-240  2.751e-162
8.690e+02  1.171e-239  2.751e-162
8.700e+02  2.688e-239  2.751e-162
8.710e+02  6.167e-239  2.751e-162
8.720e+02  1.415e-238  2.751e-162
8.730e+02  3.246e-238  2.751e-162
8.740e+02  7.447e-238  2.751e-162
8.750e+02  1.708e-237  2.751e-162
8.760e+02  3.918e-237  2.751e-162
8.770e+02  8.986e-237  2.751e-162
8.780e+02  2.061e-236  2.751e-162
8.790e+02  4.725e-236  2.751e-162
8.800e+02  1.083e-235  2.751e-162
8.810e+02  2.484e-235  2.751e-162
8.820e+02  5.695e-235  2.751e-162
8.830e+02  1.306e-234  2.751e-162
8.840e+02  2.993e-234  2.751e-162
8.850e+02  6.860e-234  2.751e-162
8.860e+02  1.572e-233  2.751e-162
8.870e+02  3.604e-233  2.751e-162
8.880e+02  8.262e-233  2.751e-162
8.890e+02  1.894e-232  2.751e-162
8.900e+02  4.341e-232  2.751e-162
8.910e+02  9.950e-232  2.751e-162
8.920e+02  2.281e-231  2.751e-162
8.930e+02  5.228e-231  2.751e-162
8.940e+02  1.199e-230  2.751e-162
8.950e+02  2.748e-230  2.751e-162
8.960e+02  6.301e-230  2.751e-162
8.970e+02  1.445e-229  2.751e-162
8.980e+02  3.313e-229  2.751e-162
8.990e+02  7.599e-229  2.751e-162
9.000e+02  1.743e-228  2.751e-162
9.010e+02  3.998e-228  2.751e-162
9.020e+02  9.172e-228  2.751e-162
9.030e+02  2.104e-227  2.751e-162
9.040e+02  4.829e-227  2.751e-162
9.050e+02  1.108e-226  2.751e-162
9.060e+02  2.543e-226  2.751e-162
9.070e+02  5.837e-226  2.751e-162
9.080e+02  1.340e-225  2.751e-162
9.090e+02  3.076e-225  2.751e-162
9.100e+02  7.061e-225  2.751e-162
9.110e+02  1.621e-224  2.751e-162
9.120e+02  3.722e-224  2.751e-162
9.130e+02  8.546e-224  2.751e-162
9.140e+02  1.962e-223  2.751e-162
9.150e+02  4.506e-223  2.751e-162
9.160e+02  1.035e-222  2.751e-162
9.170e+02  2.376e-222  2.751e-162
9.180e+02  5.456e-222  2.751e-162
9.190e+02  1.253e-221  2.751e-162
9.200e+02  2.876e-221  2.751e-162
9.210e+02  6.604e-221  2.751e-162
9.220e+02  1.516e-220  2.751e-162
9.230e+02  3.481e-220  2.751e-162
9.240e+02  7.990e-220  2.751e-162
9.250e+02  1.834e-219  2.751e-162
9.260e+02  4.209e-219  2.751e-162
9.270e+02  9.659e-219  2.751e-162
9.280e+02  2.217e-218  2.751e-162
9.290e+02  5.086e-218  2.751e-162
9.300e+02  1.167e-217  2.751e-162
9.310e+02  2.676e-217  2.751e-162
9.320e+02  6.139e-217  2.751e-162
9.330e+02  1.408e-216  2.751e-162
9.340e+02  3.228e-216  2.751e-162
9.350e+02  7.401e-216  2.751e-162
9.360e+02  1.697e-215  2.751e-162
9.370e+02  3.889e-215  2.751e-162
9.380e+02  8.913e-215  2.751e-162
9.390e+02  2.043e-214  2.751e-162
9.400e+02  4.680e-214  2.751e-162
9.410e+02  1.072e-213  2.751e-162
9.420e+02  2.457e-213  2.751e-162
9.430e+02  5.627e-213  2.751e-162
9.440e+02  1.289e-212  2.751e-162
9.450e+02  2.952e-212  2.751e-162
9.460e+02  6.761e-212  2.751e-162
9.470e+02  1.548e-211  2.751e-162
9.480e+02  3.546e-211  2.751e-162
9.490e+02  8.120e-211  2.751e-162
9.500e+02  1.859e-210  2.751e-162
9.510e+02  4.258e-210  2.751e-162
9.520e+02  9.751e-210  2.751e-162
9.530e+02  2.233e-209  2.751e-162
9.540e+02  5.115e-209  2.751e-162
9.550e+02  1.171e-208  2.751e-162
9.560e+02  2.683e-208  2.751e-162
9.570e+02  6.147e-208  2.751e-162
9.580e+02  1.408e-207  2.751e-162
9.590e+02  3.227e-207  2.751e-162
9.600e+02  7.394e-207  2.751e-162
9.610e+02  1.695e-206  2.751e-162
9.620e+02  3.884e-206  2.751e-162
9.630e+02  8.905e-206  2.751e-162
9.640e+02  2.042e-205  2.751e-162
9.650e+02  4.682e-205  2.751e-162
9.660e+02  1.074e-204  2.751e-162
9.670e+02  2.463e-204  2.751e-162
9.680e+02  5.652e-204  2.751e-162
9.690e+02  1.297e-203  2.751e-162
9.700e+02  2.976e-203  2.751e-162
9.710e+02  6.832e-203  2.751e-162
9.720e+02  1.568e-202  2.751e-162
9.730e+02  3.601e-202  2.751e-162
9.740e+02  8.269e-202  2.751e-162
9.750e+02  1.899e-201  2.751e-162
9.760e+02  4.362e-201  2.751e-162
9.770e+02  1.002e-200  2.751e-162
9.780e+02  2.301e-200  2.751e-162
9.790e+02  5.286e-200  2.751e-162
9.800e+02  1.214e-199  2.751e-162
9.810e+02  2.790e-199  2.751e-162
9.820e+02  6.408e-199  2.751e-162
9.830e+02  1.472e-198  2.751e-162
9.840e+02  3.381e-198  2.751e-162
9.850e+02  7.764e-198  2.751e-162
9.860e+02  1.783e-197  2.751e-162
9.870e+02  4.093e-197  2.751e-162
9.880e+02  9.396e-197  2.751e-162
9.890e+02  2.156e-196  2.751e-162
9.900e+02  4.948e-196  2.751e-162
9.910e+02  1.135e-195  2.751e-162
9.920e+02  2.603e-195  2.751e-162
9.930e+02  5.970e-195  2.751e-162
9.940e+02  1.369e-194  2.751e-162
9.950e+02  3.137e-194  2.751e-162
9.960e+02  7.189e-194  2.751e-162
9.970e+02  1.647e-193  2.751e-162
9.980e+02  3.773e-193  2.751e-162
9.990e+02  8.641e-193  2.751e-162
1.000e+03  1.979e-192  2.751e-162
1.001e+03  4.530e-192  2.751e-162
1.002e+03  1.037e-191  2.751e-162
1.003e+03  2.374e-191  2.751e-162
1.004e+03  5.435e-191  2.751e-162
1.005e+03  1.244e-190  2.751e-162
1.006e+03  2.848e-190  2.751e-162
1.007e+03  6.519e-190  2.751e-162
1.008e+03  1.492e-189  2.751e-162
1.009e+03  3.417e-189  2.751e-162
1.010e+03  7.823e-189  2.751e-162
1.011e+03  1.791e-188  2.751e-162
1.012e+03  4.103e-188  2.751e-162
1.013e+03  9.397e-188  2.751e-162
1.014e+03  2.153e-187  2.751e-162
1.015e+03  4.933e-187  2.751e-162
1.016e+03  1.131e-186  2.751e-162
1.017e+03  2.592e-186  2.751e-162
1.018e+03  5.942e-186  2.751e-162
1.019e+03  1.363e-185  2.751e-162
1.020e+03  3.125e-185  2.751e-162
1.021e+03  7.169e-185  2.751e-162
1.022e+03  1.645e-184  2.751e-162
1.023e+03  3.775e-184  2.751e-162
1.024e+03  8.666e-184  2.751e-162
1.025e+03  1.990e-183  2.751e-162
1.026e+03  4.569e-183  2.751e-162
1.027e+03  1.049e-182  2.751e-162
1.028e+03  2.411e-182  2.751e-162
1.029e+03  5.539e-182  2.751e-162
1.030e+03  1.273e-181  2.751e-162
1.031e+03  2.926e-181  2.751e-162
1.032e+03  6.728e-181  2.751e-162
1.033e+03  1.547e-180  2.751e-162
1.034e+03  3.558e-180  2.751e-162
1.035e+03  8.184e-180  2.751e-162
1.036e+03  1.882e-179  2.751e-162
1.037e+03  4.329e-179  2.751e-162
1.038e+03  9.957e-179  2.751e-162
1.039e+03  2.290e-178  2.751e-162
1.040e+03  5.264e-178  2.751e-162
1.041e+03  1.210e-177  2.751e-162
1.042e+03  2.780e-177  2.751e-162
1.043e+03  6.384e-177  2.751e-162
1.044e+03  1.466e-176  2.751e-162
1.045e+03  3.363e-176  2.751e-162
1.046e+03  7.711e-176  2.751e-162
1.047e+03  1.768e-175  2.751e-162
1.048e+03  4.049e-175  2.751e-162
1.049e+03  9.273e-175  2.751e-162
1.050e+03  2.123e-174  2.751e-162
1.051e+03  4.858e-174  2.751e-162
1.052e+03  1.111e-173  2.751e-162
1.053e+03  2.542e-173  2.751e-162
1.054e+03  5.815e-173  2.751e-162
1.055e+03  1.330e-172  2.751e-162
1.056e+03  3.042e-172  2.751e-162
1.057e+03  6.959e-172  2.751e-162
1.058e+03  1.592e-171  2.751e-162
1.059e+03  3.641e-171  2.751e-162
1.060e+03  8.328e-171  2.751e-162
1.061e+03  1.905e-170  2.751e-162
1.062e+03  4.354e-170  2.751e-162
1.063e+03  9.951e-170  2.751e-162
1.064e+03  2.274e-169  2.751e-162
1.065e+03  5.197e-169  2.751e-162
1.066e+03  1.189e-168  2.751e-162
1.067e+03  2.725e-168  2.751e-162
1.068e+03  6.256e-168  2.751e-162
1.069e+03  1.438e-167  2.751e-162
1.070e+03  3.305e-167  2.750e-162
1.071e+03  7.570e-167  2.749e-162
1.072e+03  1.725e-166  2.747e-162
1.073e+03  3.913e-166  2.743e-162
1.074e+03  8.880e-166  2.736e-162
1.075e+03  2.034e-165  2.732e-162
1.076e+03  4.747e-165  2.757e-162
1.077e+03  1.134e-164  2.922e-162
1.078e+03  2.760e-164  3.644e-162
1.079e+03  6.672e-164  4.307e-162
1.080e+03  1.439e-163  5.427e-162
1.081e+03  2.386e-163  7.018e-162
1.082e+03  3.761e-163  9.285e-162
1.083e+03  6.327e-163  1.218e-161
1.084e+03  8.350e-163  1.597e-161
1.085e+03  1.136e-162  2.090e-161
1.086e+03  1.520e-162  2.738e-161
1.087e+03  2.026e-162  3.583e-161
1.088e+03  2.645e-162  4.690e-161
1.089e+03  3.469e-162  6.139e-161
1.090e+03  4.530e-162  8.035e-161
1.091e+03  5.924e-162  1.052e-160
1.092e+03  7.754e-162  1.376e-160
1.093e+03  1.015e-161  1.801e-160
1.094e+03  1.327e-161  2.357e-160
1.095e+03  1.737e-161  3.085e-160
1.096e+03  2.273e-161  4.037e-160
1.097e+03  2.975e-161  5.283e-160
1.098e+03  3.893e-161  6.914e-160
1.099e+03  5.095e-161  9.048e-160
1.100e+03  6.667e-161  1.184e-159
1.101e+03  8.725e-161  1.550e-159
1.102e+03  1.142e-160  2.028e-159
1.103e+03  1.494e-160  2.654e-159
1.104e+03  1.956e-160  3.473e-159
1.105e+03  2.559e-160  4.545e-159
1.106e+03  3.349e-160  5.948e-159
1.107e+03  4.383e-160  7.784e-159
1.108e+03  5.736e-160  1.019e-158
1.109e+03  7.507e-160  1.333e-158
1.110e+03  9.824e-160  1.745e-158
1.111e+03  1.286e-159  2.283e-158
1.112e+03  1.682e-159  2.988e-158
1.113e+03  2.202e-159  3.910e-158
1.114e+03  2.881e-159  5.117e-158
1.115e+03  3.771e-159  6.696e-158
1.116e+03  4.935e-159  8.763e-158
1.117e+03  6.458e-159  1.147e-157
1.118e+03  8.451e-159  1.501e-157
1.119e+03  1.106e-158  1.964e-157
1.120e+03  1.447e-158  2.570e-157
1.121e+03  1.894e-158  3.364e-157
1.122e+03  2.479e-158  4.402e-157
1.123e+03  3.244e-158  5.760e-157
1.124e+03  4.245e-158  7.538e-157
1.125e+03  5.555e-158  9.865e-157
1.126e+03  7.269e-158  1.291e-156
1.127e+03  9.513e-158  1.689e-156
1.128e+03  1.245e-157  2.211e-156
1.129e+03  1.629e-157  2.893e-156
1.130e+03  2.132e-157  3.786e-156
1.131e+03  2.790e-157  4.954e-156
1.132e+03  3.651e-157  6.484e-156
1.133e+03  4.778e-157  8.485e-156
1.134e+03  6.252e-157  1.110e-155
1.135e+03  8.182e-157  1.453e-155
1.136e+03  1.071e-156  1.901e-155
1.137e+03  1.401e-156  2.488e-155
1.138e+03  1.834e-156  3.256e-155
1.139e+03  2.399e-156  4.261e-155
1.140e+03  3.140e-156  5.576e-155
1.141e+03  4.109e-156  7.297e-155
1.142e+03  5.377e-156  9.549e-155
1.143e+03  7.036e-156  1.250e-154
1.144e+03  9.208e-156  1.635e-154
1.145e+03  1.205e-155  2.140e-154
1.146e+03  1.577e-155  2.800e-154
1.147e+03  2.063e-155  3.664e-154
1.148e+03  2.700e-155  4.795e-154
1.149e+03  3.533e-155  6.275e-154
1.150e+03  4.624e-155  8.211e-154
1.151e+03  6.051e-155  1.075e-153
1.152e+03  7.918e-155  1.406e-153
1.153e+03  1.036e-154  1.840e-153
1.154e+03  1.356e-154  2.408e-153
1.155e+03  1.774e-154  3.151e-153
1.156e+03  2.322e-154  4.123e-153
1.157e+03  3.038e-154  5.396e-153
1.158e+03  3.976e-154  7.061e-153
1.159e+03  5.203e-154  9.239e-153
1.160e+03  6.808e-154  1.209e-152
1.161e+03  8.909e-154  1.582e-152
1.162e+03  1.166e-153  2.070e-152
1.163e+03  1.526e-153  2.709e-152
1.164e+03  1.996e-153  3.545e-152
1.165e+03  2.612e-153  4.639e-152
1.166e+03  3.418e-153  6.071e-152
1.167e+03  4.473e-153  7.944e-152
1.168e+03  5.854e-153  1.040e-151
1.169e+03  7.660e-153  1.360e-151
1.170e+03  1.002e-152  1.780e-151
1.171e+03  1.312e-152  2.329e-151
1.172e+03  1.716e-152  3.048e-151
1.173e+03  2.246e-152  3.988e-151
1.174e+03  2.939e-152  5.219e-151
1.175e+03  3.846e-152  6.829e-151
1.176e+03  5.032e-152  8.937e-151
1.177e+03  6.585e-152  1.169e-150
1.178e+03  8.617e-152  1.530e-150
1.179e+03  1.128e-151  2.002e-150
1.180e+03  1.475e-151  2.620e-150
1.181e+03  1.931e-151  3.429e-150
1.182e+03  2.526e-151  4.487e-150
1.183e+03  3.306e-151  5.871e-150
1.184e+03  4.326e-151  7.682e-150
1.185e+03  5.661e-151  1.005e-149
1.186e+03  7.407e-151  1.315e-149
1.187e+03  9.693e-151  1.721e-149
1.188e+03  1.268e-150  2.252e-149
1.189e+03  1.660e-150  2.947e-149
1.190e+03  2.172e-150  3.857e-149
1.191e+03  2.842e-150  5.046e-149
1.192e+03  3.719e-150  6.603e-149
1.193e+03  4.866e-150  8.641e-149
1.194e+03  6.367e-150  1.131e-148
1.195e+03  8.331e-150  1.479e-148
1.196e+03  1.090e-149  1.936e-148
1.197e+03  1.427e-149  2.533e-148
1.198e+03  1.867e-149  3.315e-148
1.199e+03  2.443e-149  4.337e-148
1.200e+03  3.196e-149  5.675e-148
1.201e+03  4.182e-149  7.426e-148
1.202e+03  5.472e-149  9.718e-148
1.203e+03  7.161e-149  1.272e-147
1.204e+03  9.370e-149  1.664e-147
1.205e+03  1.226e-148  2.177e-147
1.206e+03  1.604e-148  2.849e-147
1.207e+03  2.099e-148  3.728e-147
1.208e+03  2.747e-148  4.878e-147
1.209e+03  3.594e-148  6.382e-147
1.210e+03  4.703e-148  8.351e-147
1.211e+03  6.154e-148  1.093e-146
1.212e+03  8.052e-148  1.430e-146
1.213e+03  1.054e-147  1.871e-146
1.214e+03  1.379e-147  2.448e-146
1.215e+03  1.804e-147  3.203e-146
1.216e+03  2.360e-147  4.192e-146
1.217e+03  3.089e-147  5.485e-146
1.218e+03  4.041e-147  7.177e-146
1.219e+03  5.288e-147  9.390e-146
1.220e+03  6.920e-147  1.229e-145
1.221e+03  9.054e-147  1.608e-145
1.222e+03  1.185e-146  2.104e-145
1.223e+03  1.550e-146  2.753e-145
1.224e+03  2.028e-146  3.602e-145
1.225e+03  2.654e-146  4.713e-145
1.226e+03  3.473e-146  6.167e-145
1.227e+03  4.544e-146  8.069e-145
1.228e+03  5.946e-146  1.056e-144
1.229e+03  7.780e-146  1.381e-144
1.230e+03  1.018e-145  1.808e-144
1.231e+03  1.332e-145  2.365e-144
1.232e+03  1.743e-145  3.095e-144
1.233e+03  2.280e-145  4.049e-144
1.234e+03  2.984e-145  5.298e-144
1.235e+03  3.904e-145  6.933e-144
1.236e+03  5.108e-145  9.071e-144
1.237e+03  6.684e-145  1.187e-143
1.238e+03  8.746e-145  1.553e-143
1.239e+03  1.144e-144  2.032e-143
1.240e+03  1.497e-144  2.659e-143
1.241e+03  1.959e-144  3.479e-143
1.242e+03  2.564e-144  4.552e-143
1.243e+03  3.354e-144  5.956e-143
1.244e+03  4.389e-144  7.793e-143
1.245e+03  5.743e-144  1.020e-142
1.246e+03  7.514e-144  1.334e-142
1.247e+03  9.831e-144  1.746e-142
1.248e+03  1.286e-143  2.284e-142
1.249e+03  1.683e-143  2.989e-142
1.250e+03  2.202e-143  3.910e-142
1.251e+03  2.882e-143  5.117e-142
1.252e+03  3.770e-143  6.695e-142
1.253e+03  4.933e-143  8.759e-142
1.254e+03  6.455e-143  1.146e-141
1.255e+03  8.446e-143  1.500e-141
1.256e+03  1.105e-142  1.962e-141
1.257e+03  1.446e-142  2.567e-141
1.258e+03  1.892e-142  3.359e-141
1.259e+03  2.475e-142  4.395e-141
1.260e+03  3.239e-142  5.751e-141
1.261e+03  4.238e-142  7.524e-141
1.262e+03  5.545e-142  9.845e-141
1.263e+03  7.255e-142  1.288e-140
1.264e+03  9.492e-142  1.685e-140
1.265e+03  1.242e-141  2.205e-140
1.266e+03  1.625e-141  2.885e-140
1.267e+03  2.126e-141  3.775e-140
1.268e+03  2.782e-141  4.939e-140
1.269e+03  3.640e-141  6.463e-140
1.270e+03  4.762e-141  8.456e-140
1.271e+03  6.231e-141  1.106e-139
1.272e+03  8.153e-141  1.448e-139
1.273e+03  1.067e-140  1.894e-139
1.274e+03  1.396e-140  2.478e-139
1.275e+03  1.826e-140  3.242e-139
1.276e+03  2.389e-140  4.242e-139
1.277e+03  3.126e-140  5.550e-139
1.278e+03  4.090e-140  7.262e-139
1.279e+03  5.352e-140  9.502e-139
1.280e+03  7.002e-140  1.243e-138
1.281e+03  9.161e-140  1.627e-138
1.282e+03  1.199e-139  2.128e-138
1.283e+03  1.568e-139  2.785e-138
1.284e+03  2.052e-139  3.643e-138
1.285e+03  2.685e-139  4.767e-138
1.286e+03  3.513e-139  6.237e-138
1.287e+03  4.596e-139  8.160e-138
1.288e+03  6.013e-139  1.068e-137
1.289e+03  7.867e-139  1.397e-137
1.290e+03  1.029e-138  1.828e-137
1.291e+03  1.347e-138  2.391e-137
1.292e+03  1.762e-138  3.129e-137
1.293e+03  2.305e-138  4.093e-137
1.294e+03  3.016e-138  5.356e-137
1.295e+03  3.947e-138  7.007e-137
1.296e+03  5.164e-138  9.168e-137
1.297e+03  6.756e-138  1.199e-136
1.298e+03  8.839e-138  1.569e-136
1.299e+03  1.156e-137  2.053e-136
1.300e+03  1.513e-137  2.686e-136
1.301e+03  1.980e-137  3.515e-136
1.302e+03  2.590e-137  4.599e-136
1.303e+03  3.389e-137  6.017e-136
1.304e+03  4.434e-137  7.872e-136
1.305e+03  5.801e-137  1.030e-135
1.306e+03  7.590e-137  1.347e-135
1.307e+03  9.930e-137  1.763e-135
1.308e+03  1.299e-136  2.307e-135
1.309e+03  1.700e-136  3.018e-135
1.310e+03  2.224e-136  3.948e-135
1.311e+03  2.910e-136  5.166e-135
1.312e+03  3.807e-136  6.759e-135
1.313e+03  4.981e-136  8.842e-135
1.314e+03  6.516e-136  1.157e-134
1.315e+03  8.526e-136  1.514e-134
1.316e+03  1.115e-135  1.980e-134
1.317e+03  1.459e-135  2.591e-134
1.318e+03  1.909e-135  3.390e-134
1.319e+03  2.498e-135  4.435e-134
1.320e+03  3.268e-135  5.802e-134
1.321e+03  4.276e-135  7.591e-134
1.322e+03  5.594e-135  9.932e-134
1.323e+03  7.319e-135  1.299e-133
1.324e+03  9.576e-135  1.700e-133
1.325e+03  1.253e-134  2.224e-133
1.326e+03  1.639e-134  2.910e-133
1.327e+03  2.145e-134  3.807e-133
1.328e+03  2.806e-134  4.981e-133
1.329e+03  3.671e-134  6.517e-133
1.330e+03  4.803e-134  8.526e-133
1.331e+03  6.283e-134  1.115e-132
1.332e+03  8.221e-134  1.459e-132
1.333e+03  1.076e-133  1.909e-132
1.334e+03  1.407e-133  2.498e-132
1.335e+03  1.841e-133  3.268e-132
1.336e+03  2.409e-133  4.276e-132
1.337e+03  3.151e-133  5.594e-132
1.338e+03  4.123e-133  7.319e-132
1.339e+03  5.394e-133  9.575e-132
1.340e+03  7.057e-133  1.253e-131
1.341e+03  9.232e-133  1.639e-131
1.342e+03  1.208e-132  2.144e-131
1.343e+03  1.580e-132  2.805e-131
1.344e+03  2.067e-132  3.670e-131
1.345e+03  2.705e-132  4.801e-131
1.346e+03  3.539e-132  6.282e-131
1.347e+03  4.630e-132  8.218e-131
1.348e+03  6.057e-132  1.075e-130
1.349e+03  7.924e-132  1.407e-130
1.350e+03  1.037e-131  1.840e-130
1.351e+03  1.356e-131  2.408e-130
1.352e+03  1.774e-131  3.150e-130
1.353e+03  2.321e-131  4.121e-130
1.354e+03  3.037e-131  5.391e-130
1.355e+03  3.973e-131  7.053e-130
1.356e+03  5.198e-131  9.228e-130
1.357e+03  6.801e-131  1.207e-129
1.358e+03  8.898e-131  1.579e-129
1.359e+03  1.164e-130  2.066e-129
1.360e+03  1.523e-130  2.703e-129
1.361e+03  1.992e-130  3.537e-129
1.362e+03  2.607e-130  4.627e-129
1.363e+03  3.410e-130  6.053e-129
1.364e+03  4.461e-130  7.919e-129
1.365e+03  5.837e-130  1.036e-128
1.366e+03  7.636e-130  1.355e-128
1.367e+03  9.990e-130  1.773e-128
1.368e+03  1.307e-129  2.320e-128
1.369e+03  1.710e-129  3.035e-128
1.370e+03  2.237e-129  3.971e-128
1.371e+03  2.926e-129  5.194e-128
1.372e+03  3.829e-129  6.796e-128
1.373e+03  5.009e-129  8.890e-128
1.374e+03  6.553e-129  1.163e-127
1.375e+03  8.573e-129  1.522e-127
1.376e+03  1.122e-128  1.991e-127
1.377e+03  1.467e-128  2.604e-127
1.378e+03  1.920e-128  3.407e-127
1.379e+03  2.511e-128  4.457e-127
1.380e+03  3.285e-128  5.831e-127
1.381e+03  4.298e-128  7.629e-127
1.382e+03  5.623e-128  9.980e-127
1.383e+03  7.356e-128  1.306e-126
1.384e+03  9.623e-128  1.708e-126
1.385e+03  1.259e-127  2.235e-126
1.386e+03  1.647e-127  2.923e-126
1.387e+03  2.155e-127  3.824e-126
1.388e+03  2.819e-127  5.003e-126
1.389e+03  3.688e-127  6.545e-126
1.390e+03  4.825e-127  8.563e-126
1.391e+03  6.312e-127  1.120e-125
1.392e+03  8.257e-127  1.465e-125
1.393e+03  1.080e-126  1.917e-125
1.394e+03  1.413e-126  2.508e-125
1.395e+03  1.849e-126  3.281e-125
1.396e+03  2.419e-126  4.292e-125
1.397e+03  3.164e-126  5.615e-125
1.398e+03  4.139e-126  7.346e-125
1.399e+03  5.415e-126  9.611e-125
1.400e+03  7.084e-126  1.257e-124
1.401e+03  9.268e-126  1.645e-124
1.402e+03  1.212e-125  2.152e-124
1.403e+03  1.586e-125  2.815e-124
1.404e+03  2.075e-125  3.682e-124
1.405e+03  2.714e-125  4.817e-124
1.406e+03  3.551e-125  6.302e-124
1.407e+03  4.646e-125  8.245e-124
1.408e+03  6.077e-125  1.079e-123
1.409e+03  7.951e-125  1.411e-123
1.410e+03  1.040e-124  1.846e-123
1.411e+03  1.361e-124  2.415e-123
1.412e+03  1.780e-124  3.159e-123
1.413e+03  2.329e-124  4.132e-123
1.414e+03  3.046e-124  5.406e-123
1.415e+03  3.985e-124  7.072e-123
1.416e+03  5.214e-124  9.252e-123
1.417e+03  6.820e-124  1.210e-122
1.418e+03  8.922e-124  1.583e-122
1.419e+03  1.167e-123  2.071e-122
1.420e+03  1.527e-123  2.710e-122
1.421e+03  1.998e-123  3.545e-122
1.422e+03  2.613e-123  4.637e-122
1.423e+03  3.419e-123  6.066e-122
1.424e+03  4.472e-123  7.936e-122
1.425e+03  5.850e-123  1.038e-121
1.426e+03  7.653e-123  1.358e-121
1.427e+03  1.001e-122  1.777e-121
1.428e+03  1.310e-122  2.324e-121
1.429e+03  1.713e-122  3.040e-121
1.430e+03  2.241e-122  3.977e-121
1.431e+03  2.932e-122  5.203e-121
1.432e+03  3.836e-122  6.806e-121
1.433e+03  5.018e-122  8.904e-121
1.434e+03  6.564e-122  1.165e-120
1.435e+03  8.587e-122  1.524e-120
1.436e+03  1.123e-121  1.993e-120
1.437e+03  1.470e-121  2.608e-120
1.438e+03  1.922e-121  3.411e-120
1.439e+03  2.515e-121  4.462e-120
1.440e+03  3.290e-121  5.837e-120
1.441e+03  4.304e-121  7.636e-120
1.442e+03  5.630e-121  9.989e-120
1.443e+03  7.365e-121  1.307e-119
1.444e+03  9.634e-121  1.709e-119
1.445e+03  1.260e-120  2.236e-119
1.446e+03  1.649e-120  2.925e-119
1.447e+03  2.157e-120  3.827e-119
1.448e+03  2.821e-120  5.006e-119
1.449e+03  3.691e-120  6.548e-119
1.450e+03  4.828e-120  8.566e-119
1.451e+03  6.316e-120  1.121e-118
1.452e+03  8.262e-120  1.466e-118
1.453e+03  1.081e-119  1.918e-118
1.454e+03  1.414e-119  2.508e-118
1.455e+03  1.850e-119  3.281e-118
1.456e+03  2.420e-119  4.293e-118
1.457e+03  3.165e-119  5.615e-118
1.458e+03  4.140e-119  7.345e-118
1.459e+03  5.416e-119  9.609e-118
1.460e+03  7.085e-119  1.257e-117
1.461e+03  9.268e-119  1.644e-117
1.462e+03  1.212e-118  2.151e-117
1.463e+03  1.586e-118  2.814e-117
1.464e+03  2.075e-118  3.681e-117
1.465e+03  2.714e-118  4.815e-117
1.466e+03  3.550e-118  6.298e-117
1.467e+03  4.644e-118  8.239e-117
1.468e+03  6.075e-118  1.078e-116
1.469e+03  7.947e-118  1.410e-116
1.470e+03  1.040e-117  1.844e-116
1.471e+03  1.360e-117  2.412e-116
1.472e+03  1.779e-117  3.156e-116
1.473e+03  2.327e-117  4.128e-116
1.474e+03  3.044e-117  5.400e-116
1.475e+03  3.982e-117  7.064e-116
1.476e+03  5.209e-117  9.240e-116
1.477e+03  6.814e-117  1.209e-115
1.478e+03  8.914e-117  1.581e-115
1.479e+03  1.166e-116  2.068e-115
1.480e+03  1.525e-116  2.705e-115
1.481e+03  1.995e-116  3.539e-115
1.482e+03  2.610e-116  4.629e-115
1.483e+03  3.414e-116  6.056e-115
1.484e+03  4.466e-116  7.921e-115
1.485e+03  5.842e-116  1.036e-114
1.486e+03  7.642e-116  1.355e-114
1.487e+03  9.997e-116  1.773e-114
1.488e+03  1.308e-115  2.319e-114
1.489e+03  1.711e-115  3.034e-114
1.490e+03  2.238e-115  3.968e-114
1.491e+03  2.927e-115  5.191e-114
1.492e+03  3.829e-115  6.790e-114
1.493e+03  5.008e-115  8.882e-114
1.494e+03  6.551e-115  1.162e-113
1.495e+03  8.570e-115  1.520e-113
1.496e+03  1.121e-114  1.988e-113
1.497e+03  1.466e-114  2.601e-113
1.498e+03  1.918e-114  3.402e-113
1.499e+03  2.509e-114  4.450e-113
1.500e+03  3.282e-114  5.820e-113
1.501e+03  4.293e-114  7.614e-113
1.502e+03  5.616e-114  9.959e-113
1.503e+03  7.346e-114  1.303e-112
1.504e+03  9.609e-114  1.704e-112
1.505e+03  1.257e-113  2.229e-112
1.506e+03  1.644e-113  2.916e-112
1.507e+03  2.151e-113  3.814e-112
1.508e+03  2.813e-113  4.989e-112
1.509e+03  3.680e-113  6.526e-112
1.510e+03  4.814e-113  8.536e-112
1.511e+03  6.297e-113  1.117e-111
1.512e+03  8.237e-113  1.460e-111
1.513e+03  1.077e-112  1.910e-111
1.514e+03  1.409e-112  2.499e-111
1.515e+03  1.843e-112  3.269e-111
1.516e+03  2.411e-112  4.276e-111
1.517e+03  3.154e-112  5.593e-111
1.518e+03  4.126e-112  7.315e-111
1.519e+03  5.397e-112  9.569e-111
1.520e+03  7.060e-112  1.252e-110
1.521e+03  9.234e-112  1.637e-110
1.522e+03  1.208e-111  2.142e-110
1.523e+03  1.580e-111  2.801e-110
1.524e+03  2.067e-111  3.664e-110
1.525e+03  2.703e-111  4.793e-110
1.526e+03  3.536e-111  6.269e-110
1.527e+03  4.625e-111  8.200e-110
1.528e+03  6.050e-111  1.073e-109
1.529e+03  7.914e-111  1.403e-109
1.530e+03  1.035e-110  1.835e-109
1.531e+03  1.354e-110  2.400e-109
1.532e+03  1.771e-110  3.140e-109
1.533e+03  2.317e-110  4.107e-109
1.534e+03  3.030e-110  5.372e-109
1.535e+03  3.964e-110  7.027e-109
1.536e+03  5.185e-110  9.191e-109
1.537e+03  6.782e-110  1.202e-108
1.538e+03  8.871e-110  1.572e-108
1.539e+03  1.160e-109  2.057e-108
1.540e+03  1.518e-109  2.690e-108
1.541e+03  1.985e-109  3.519e-108
1.542e+03  2.597e-109  4.603e-108
1.543e+03  3.397e-109  6.020e-108
1.544e+03  4.443e-109  7.875e-108
1.545e+03  5.812e-109  1.030e-107
1.546e+03  7.602e-109  1.347e-107
1.547e+03  9.943e-109  1.762e-107
1.548e+03  1.301e-108  2.305e-107
1.549e+03  1.701e-108  3.015e-107
1.550e+03  2.225e-108  3.944e-107
1.551e+03  2.911e-108  5.158e-107
1.552e+03  3.807e-108  6.747e-107
1.553e+03  4.980e-108  8.825e-107
1.554e+03  6.513e-108  1.154e-106
1.555e+03  8.519e-108  1.510e-106
1.556e+03  1.114e-107  1.975e-106
1.557e+03  1.458e-107  2.583e-106
1.558e+03  1.907e-107  3.378e-106
1.559e+03  2.494e-107  4.419e-106
1.560e+03  3.262e-107  5.780e-106
1.561e+03  4.266e-107  7.560e-106
1.562e+03  5.580e-107  9.888e-106
1.563e+03  7.299e-107  1.293e-105
1.564e+03  9.547e-107  1.692e-105
1.565e+03  1.249e-106  2.213e-105
1.566e+03  1.633e-106  2.894e-105
1.567e+03  2.136e-106  3.785e-105
1.568e+03  2.794e-106  4.951e-105
1.569e+03  3.655e-106  6.476e-105
1.570e+03  4.781e-106  8.470e-105
1.571e+03  6.253e-106  1.108e-104
1.572e+03  8.179e-106  1.449e-104
1.573e+03  1.070e-105  1.895e-104
1.574e+03  1.399e-105  2.479e-104
1.575e+03  1.830e-105  3.242e-104
1.576e+03  2.394e-105  4.241e-104
1.577e+03  3.131e-105  5.547e-104
1.578e+03  4.095e-105  7.255e-104
1.579e+03  5.357e-105  9.489e-104
1.580e+03  7.006e-105  1.241e-103
1.581e+03  9.164e-105  1.623e-103
1.582e+03  1.199e-104  2.123e-103
1.583e+03  1.568e-104  2.777e-103
1.584e+03  2.051e-104  3.632e-103
1.585e+03  2.682e-104  4.750e-103
1.586e+03  3.508e-104  6.213e-103
1.587e+03  4.588e-104  8.127e-103
1.588e+03  6.001e-104  1.063e-102
1.589e+03  7.850e-104  1.390e-102
1.590e+03  1.027e-103  1.818e-102
1.591e+03  1.343e-103  2.378e-102
1.592e+03  1.756e-103  3.110e-102
1.593e+03  2.297e-103  4.068e-102
1.594e+03  3.005e-103  5.321e-102
1.595e+03  3.930e-103  6.959e-102
1.596e+03  5.140e-103  9.102e-102
1.597e+03  6.723e-103  1.190e-101
1.598e+03  8.793e-103  1.557e-101
1.599e+03  1.150e-102  2.036e-101
1.600e+03  1.504e-102  2.664e-101
1.601e+03  1.967e-102  3.484e-101
1.602e+03  2.573e-102  4.556e-101
1.603e+03  3.366e-102  5.959e-101
1.604e+03  4.402e-102  7.794e-101
1.605e+03  5.758e-102  1.019e-100
1.606e+03  7.531e-102  1.333e-100
1.607e+03  9.850e-102  1.744e-100
1.608e+03  1.288e-101  2.281e-100
1.609e+03  1.685e-101  2.983e-100
1.610e+03  2.204e-101  3.901e-100
1.611e+03  2.882e-101  5.102e-100
1.612e+03  3.770e-101  6.673e-100
1.613e+03  4.931e-101  8.728e-100
1.614e+03  6.449e-101  1.141e-99
1.615e+03  8.434e-101  1.493e-99
1.616e+03  1.103e-100  1.953e-99
1.617e+03  1.443e-100  2.554e-99
1.618e+03  1.887e-100  3.340e-99
1.619e+03  2.468e-100  4.368e-99
1.620e+03  3.228e-100  5.713e-99
1.621e+03  4.222e-100  7.472e-99
1.622e+03  5.522e-100  9.772e-99
1.623e+03  7.222e-100  1.278e-98
1.624e+03  9.446e-100  1.672e-98
1.625e+03  1.235e-99  2.186e-98
1.626e+03  1.616e-99  2.859e-98
1.627e+03  2.113e-99  3.739e-98
1.628e+03  2.764e-99  4.891e-98
1.629e+03  3.615e-99  6.396e-98
1.630e+03  4.728e-99  8.365e-98
1.631e+03  6.183e-99  1.094e-97
1.632e+03  8.087e-99  1.431e-97
1.633e+03  1.058e-98  1.871e-97
1.634e+03  1.383e-98  2.447e-97
1.635e+03  1.809e-98  3.201e-97
1.636e+03  2.366e-98  4.186e-97
1.637e+03  3.095e-98  5.475e-97
1.638e+03  4.048e-98  7.160e-97
1.639e+03  5.294e-98  9.364e-97
1.640e+03  6.923e-98  1.225e-96
1.641e+03  9.055e-98  1.602e-96
1.642e+03  1.184e-97  2.095e-96
1.643e+03  1.549e-97  2.739e-96
1.644e+03  2.026e-97  3.583e-96
1.645e+03  2.649e-97  4.686e-96
1.646e+03  3.465e-97  6.128e-96
1.647e+03  4.532e-97  8.014e-96
1.648e+03  5.927e-97  1.048e-95
1.649e+03  7.751e-97  1.371e-95
1.650e+03  1.014e-96  1.793e-95
1.651e+03  1.326e-96  2.344e-95
1.652e+03  1.734e-96  3.066e-95
1.653e+03  2.268e-96  4.010e-95
1.654e+03  2.966e-96  5.244e-95
1.655e+03  3.879e-96  6.858e-95
1.656e+03  5.073e-96  8.969e-95
1.657e+03  6.634e-96  1.173e-94
1.658e+03  8.677e-96  1.534e-94
1.659e+03  1.135e-95  2.006e-94
1.660e+03  1.484e-95  2.624e-94
1.661e+03  1.941e-95  3.431e-94
1.662e+03  2.538e-95  4.487e-94
1.663e+03  3.320e-95  5.868e-94
1.664e+03  4.342e-95  7.674e-94
1.665e+03  5.678e-95  1.004e-93
1.666e+03  7.426e-95  1.312e-93
1.667e+03  9.712e-95  1.716e-93
1.668e+03  1.270e-94  2.245e-93
1.669e+03  1.661e-94  2.936e-93
1.670e+03  2.172e-94  3.839e-93
1.671e+03  2.841e-94  5.020e-93
1.672e+03  3.715e-94  6.566e-93
1.673e+03  4.859e-94  8.586e-93
1.674e+03  6.355e-94  1.123e-92
1.675e+03  8.311e-94  1.468e-92
1.676e+03  1.087e-93  1.920e-92
1.677e+03  1.421e-93  2.511e-92
1.678e+03  1.859e-93  3.284e-92
1.679e+03  2.431e-93  4.295e-92
1.680e+03  3.179e-93  5.616e-92
1.681e+03  4.158e-93  7.345e-92
1.682e+03  5.438e-93  9.605e-92
1.683e+03  7.111e-93  1.256e-91
1.684e+03  9.300e-93  1.643e-91
1.685e+03  1.216e-92  2.148e-91
1.686e+03  1.591e-92  2.809e-91
1.687e+03  2.080e-92  3.674e-91
1.688e+03  2.720e-92  4.804e-91
1.689e+03  3.557e-92  6.282e-91
1.690e+03  4.652e-92  8.215e-91
1.691e+03  6.084e-92  1.074e-90
1.692e+03  7.957e-92  1.405e-90
1.693e+03  1.041e-91  1.837e-90
1.694e+03  1.361e-91  2.403e-90
1.695e+03  1.780e-91  3.142e-90
1.696e+03  2.327e-91  4.109e-90
1.697e+03  3.043e-91  5.373e-90
1.698e+03  3.980e-91  7.026e-90
1.699e+03  5.205e-91  9.188e-90
1.700e+03  6.807e-91  1.201e-89
1.701e+03  8.901e-91  1.571e-89
1.702e+03  1.164e-90  2.055e-89
1.703e+03  1.522e-90  2.687e-89
1.704e+03  1.991e-90  3.513e-89
1.705e+03  2.603e-90  4.594e-89
1.706e+03  3.405e-90  6.008e-89
1.707e+03  4.452e-90  7.856e-89
1.708e+03  5.822e-90  1.027e-88
1.709e+03  7.614e-90  1.343e-88
1.710e+03  9.957e-90  1.757e-88
1.711e+03  1.302e-89  2.297e-88
1.712e+03  1.703e-89  3.004e-88
1.713e+03  2.227e-89  3.928e-88
1.714e+03  2.912e-89  5.137e-88
1.715e+03  3.808e-89  6.717e-88
1.716e+03  4.980e-89  8.783e-88
1.717e+03  6.512e-89  1.149e-87
1.718e+03  8.516e-89  1.502e-87
1.719e+03  1.114e-88  1.964e-87
1.720e+03  1.456e-88  2.568e-87
1.721e+03  1.904e-88  3.358e-87
1.722e+03  2.490e-88  4.391e-87
1.723e+03  3.256e-88  5.742e-87
1.724e+03  4.258e-88  7.508e-87
1.725e+03  5.569e-88  9.818e-87
1.726e+03  7.282e-88  1.284e-86
1.727e+03  9.523e-88  1.679e-86
1.728e+03  1.245e-87  2.195e-86
1.729e+03  1.628e-87  2.870e-86
1.730e+03  2.129e-87  3.753e-86
1.731e+03  2.785e-87  4.908e-86
1.732e+03  3.641e-87  6.417e-86
1.733e+03  4.761e-87  8.391e-86
1.734e+03  6.226e-87  1.097e-85
1.735e+03  8.142e-87  1.435e-85
1.736e+03  1.065e-86  1.876e-85
1.737e+03  1.392e-86  2.453e-85
1.738e+03  1.821e-86  3.207e-85
1.739e+03  2.381e-86  4.194e-85
1.740e+03  3.113e-86  5.484e-85
1.741e+03  4.071e-86  7.171e-85
1.742e+03  5.323e-86  9.376e-85
1.743e+03  6.961e-86  1.226e-84
1.744e+03  9.102e-86  1.603e-84
1.745e+03  1.190e-85  2.096e-84
1.746e+03  1.556e-85  2.741e-84
1.747e+03  2.035e-85  3.584e-84
1.748e+03  2.661e-85  4.686e-84
1.749e+03  3.480e-85  6.127e-84
1.750e+03  4.550e-85  8.011e-84
1.751e+03  5.950e-85  1.047e-83
1.752e+03  7.780e-85  1.370e-83
1.753e+03  1.017e-84  1.791e-83
1.754e+03  1.330e-84  2.341e-83
1.755e+03  1.740e-84  3.062e-83
1.756e+03  2.275e-84  4.003e-83
1.757e+03  2.974e-84  5.234e-83
1.758e+03  3.889e-84  6.843e-83
1.759e+03  5.085e-84  8.948e-83
1.760e+03  6.650e-84  1.170e-82
1.761e+03  8.695e-84  1.530e-82
1.762e+03  1.137e-83  2.000e-82
1.763e+03  1.487e-83  2.615e-82
1.764e+03  1.944e-83  3.419e-82
1.765e+03  2.542e-83  4.470e-82
1.766e+03  3.324e-83  5.845e-82
1.767e+03  4.346e-83  7.642e-82
1.768e+03  5.682e-83  9.992e-82
1.769e+03  7.430e-83  1.306e-81
1.770e+03  9.715e-83  1.708e-81
1.771e+03  1.270e-82  2.233e-81
1.772e+03  1.661e-82  2.920e-81
1.773e+03  2.172e-82  3.818e-81
1.774e+03  2.840e-82  4.991e-81
1.775e+03  3.713e-82  6.526e-81
1.776e+03  4.855e-82  8.532e-81
1.777e+03  6.348e-82  1.116e-80
1.778e+03  8.300e-82  1.459e-80
1.779e+03  1.085e-81  1.907e-80
1.780e+03  1.419e-81  2.493e-80
1.781e+03  1.855e-81  3.260e-80
1.782e+03  2.426e-81  4.262e-80
1.783e+03  3.172e-81  5.572e-80
1.784e+03  4.147e-81  7.285e-80
1.785e+03  5.423e-81  9.524e-80
1.786e+03  7.090e-81  1.245e-79
1.787e+03  9.271e-81  1.628e-79
1.788e+03  1.212e-80  2.128e-79
1.789e+03  1.585e-80  2.783e-79
1.790e+03  2.072e-80  3.638e-79
1.791e+03  2.709e-80  4.756e-79
1.792e+03  3.543e-80  6.218e-79
1.793e+03  4.632e-80  8.129e-79
1.794e+03  6.056e-80  1.063e-78
1.795e+03  7.918e-80  1.389e-78
1.796e+03  1.035e-79  1.816e-78
1.797e+03  1.354e-79  2.375e-78
1.798e+03  1.770e-79  3.105e-78
1.799e+03  2.314e-79  4.059e-78
1.800e+03  3.025e-79  5.306e-78
1.801e+03  3.955e-79  6.937e-78
1.802e+03  5.171e-79  9.069e-78
1.803e+03  6.761e-79  1.186e-77
1.804e+03  8.840e-79  1.550e-77
1.805e+03  1.156e-78  2.026e-77
1.806e+03  1.511e-78  2.649e-77
1.807e+03  1.976e-78  3.463e-77
1.808e+03  2.583e-78  4.527e-77
1.809e+03  3.377e-78  5.919e-77
1.810e+03  4.415e-78  7.738e-77
1.811e+03  5.773e-78  1.012e-76
1.812e+03  7.547e-78  1.322e-76
1.813e+03  9.867e-78  1.729e-76
1.814e+03  1.290e-77  2.260e-76
1.815e+03  1.687e-77  2.954e-76
1.816e+03  2.205e-77  3.862e-76
1.817e+03  2.883e-77  5.049e-76
1.818e+03  3.769e-77  6.600e-76
1.819e+03  4.928e-77  8.628e-76
1.820e+03  6.442e-77  1.128e-75
1.821e+03  8.422e-77  1.474e-75
1.822e+03  1.101e-76  1.927e-75
1.823e+03  1.440e-76  2.520e-75
1.824e+03  1.882e-76  3.294e-75
1.825e+03  2.460e-76  4.305e-75
1.826e+03  3.217e-76  5.628e-75
1.827e+03  4.205e-76  7.357e-75
1.828e+03  5.498e-76  9.617e-75
1.829e+03  7.188e-76  1.257e-74
1.830e+03  9.396e-76  1.643e-74
1.831e+03  1.228e-75  2.148e-74
1.832e+03  1.606e-75  2.808e-74
1.833e+03  2.100e-75  3.671e-74
1.834e+03  2.745e-75  4.798e-74
1.835e+03  3.588e-75  6.272e-74
1.836e+03  4.691e-75  8.199e-74
1.837e+03  6.132e-75  1.072e-73
1.838e+03  8.017e-75  1.401e-73
1.839e+03  1.048e-74  1.831e-73
1.840e+03  1.370e-74  2.394e-73
1.841e+03  1.791e-74  3.129e-73
1.842e+03  2.342e-74  4.090e-73
1.843e+03  3.061e-74  5.346e-73
1.844e+03  4.002e-74  6.987e-73
1.845e+03  5.231e-74  9.133e-73
1.846e+03  6.838e-74  1.194e-72
1.847e+03  8.940e-74  1.560e-72
1.848e+03  1.169e-73  2.040e-72
1.849e+03  1.528e-73  2.666e-72
1.850e+03  1.997e-73  3.485e-72
1.851e+03  2.611e-73  4.555e-72
1.852e+03  3.413e-73  5.953e-72
1.853e+03  4.461e-73  7.781e-72
1.854e+03  5.832e-73  1.017e-71
1.855e+03  7.623e-73  1.329e-71
1.856e+03  9.965e-73  1.737e-71
1.857e+03  1.303e-72  2.271e-71
1.858e+03  1.703e-72  2.968e-71
1.859e+03  2.226e-72  3.880e-71
1.860e+03  2.910e-72  5.071e-71
1.861e+03  3.804e-72  6.627e-71
1.862e+03  4.972e-72  8.662e-71
1.863e+03  6.499e-72  1.132e-70
1.864e+03  8.496e-72  1.480e-70
1.865e+03  1.111e-71  1.934e-70
1.866e+03  1.452e-71  2.528e-70
1.867e+03  1.898e-71  3.304e-70
1.868e+03  2.480e-71  4.318e-70
1.869e+03  3.242e-71  5.643e-70
1.870e+03  4.238e-71  7.375e-70
1.871e+03  5.540e-71  9.639e-70
1.872e+03  7.241e-71  1.260e-69
1.873e+03  9.465e-71  1.646e-69
1.874e+03  1.237e-70  2.152e-69
1.875e+03  1.617e-70  2.812e-69
1.876e+03  2.114e-70  3.675e-69
1.877e+03  2.763e-70  4.803e-69
1.878e+03  3.611e-70  6.277e-69
1.879e+03  4.720e-70  8.203e-69
1.880e+03  6.170e-70  1.072e-68
1.881e+03  8.064e-70  1.401e-68
1.882e+03  1.054e-69  1.831e-68
1.883e+03  1.378e-69  2.393e-68
1.884e+03  1.801e-69  3.127e-68
1.885e+03  2.354e-69  4.087e-68
1.886e+03  3.076e-69  5.341e-68
1.887e+03  4.021e-69  6.979e-68
1.888e+03  5.256e-69  9.121e-68
1.889e+03  6.869e-69  1.192e-67
1.890e+03  8.978e-69  1.558e-67
1.891e+03  1.173e-68  2.035e-67
1.892e+03  1.534e-68  2.660e-67
1.893e+03  2.005e-68  3.476e-67
1.894e+03  2.620e-68  4.542e-67
1.895e+03  3.424e-68  5.936e-67
1.896e+03  4.476e-68  7.757e-67
1.897e+03  5.849e-68  1.014e-66
1.898e+03  7.645e-68  1.325e-66
1.899e+03  9.992e-68  1.731e-66
1.900e+03  1.306e-67  2.262e-66
1.901e+03  1.707e-67  2.955e-66
1.902e+03  2.231e-67  3.862e-66
1.903e+03  2.915e-67  5.046e-66
1.904e+03  3.810e-67  6.594e-66
1.905e+03  4.979e-67  8.616e-66
1.906e+03  6.508e-67  1.126e-65
1.907e+03  8.505e-67  1.471e-65
1.908e+03  1.112e-66  1.922e-65
1.909e+03  1.453e-66  2.512e-65
1.910e+03  1.898e-66  3.282e-65
1.911e+03  2.481e-66  4.288e-65
1.912e+03  3.242e-66  5.603e-65
1.913e+03  4.237e-66  7.321e-65
1.914e+03  5.538e-66  9.566e-65
1.915e+03  7.237e-66  1.250e-64
1.916e+03  9.458e-66  1.633e-64
1.917e+03  1.236e-65  2.134e-64
1.918e+03  1.615e-65  2.788e-64
1.919e+03  2.111e-65  3.642e-64
1.920e+03  2.758e-65  4.759e-64
1.921e+03  3.605e-65  6.218e-64
1.922e+03  4.711e-65  8.124e-64
1.923e+03  6.156e-65  1.061e-63
1.924e+03  8.044e-65  1.387e-63
1.925e+03  1.051e-64  1.812e-63
1.926e+03  1.374e-64  2.367e-63
1.927e+03  1.795e-64  3.092e-63
1.928e+03  2.346e-64  4.040e-63
1.929e+03  3.065e-64  5.278e-63
1.930e+03  4.005e-64  6.896e-63
1.931e+03  5.234e-64  9.009e-63
1.932e+03  6.839e-64  1.177e-62
1.933e+03  8.937e-64  1.538e-62
1.934e+03  1.168e-63  2.009e-62
1.935e+03  1.526e-63  2.624e-62
1.936e+03  1.994e-63  3.428e-62
1.937e+03  2.605e-63  4.479e-62
1.938e+03  3.405e-63  5.851e-62
1.939e+03  4.449e-63  7.643e-62
1.940e+03  5.813e-63  9.985e-62
1.941e+03  7.595e-63  1.304e-61
1.942e+03  9.924e-63  1.704e-61
1.943e+03  1.297e-62  2.226e-61
1.944e+03  1.694e-62  2.908e-61
1.945e+03  2.214e-62  3.798e-61
1.946e+03  2.893e-62  4.962e-61
1.947e+03  3.779e-62  6.481e-61
1.948e+03  4.938e-62  8.466e-61
1.949e+03  6.452e-62  1.106e-60
1.950e+03  8.430e-62  1.445e-60
1.951e+03  1.101e-61  1.887e-60
1.952e+03  1.439e-61  2.465e-60
1.953e+03  1.880e-61  3.219e-60
1.954e+03  2.456e-61  4.205e-60
1.955e+03  3.209e-61  5.493e-60
1.956e+03  4.193e-61  7.174e-60
1.957e+03  5.478e-61  9.371e-60
1.958e+03  7.157e-61  1.224e-59
1.959e+03  9.351e-61  1.599e-59
1.960e+03  1.222e-60  2.088e-59
1.961e+03  1.596e-60  2.727e-59
1.962e+03  2.085e-60  3.562e-59
1.963e+03  2.724e-60  4.652e-59
1.964e+03  3.559e-60  6.076e-59
1.965e+03  4.650e-60  7.935e-59
1.966e+03  6.074e-60  1.036e-58
1.967e+03  7.935e-60  1.354e-58
1.968e+03  1.037e-59  1.768e-58
1.969e+03  1.354e-59  2.309e-58
1.970e+03  1.769e-59  3.015e-58
1.971e+03  2.311e-59  3.938e-58
1.972e+03  3.019e-59  5.143e-58
1.973e+03  3.944e-59  6.716e-58
1.974e+03  5.152e-59  8.770e-58
1.975e+03  6.730e-59  1.145e-57
1.976e+03  8.792e-59  1.496e-57
1.977e+03  1.148e-58  1.953e-57
1.978e+03  1.500e-58  2.551e-57
1.979e+03  1.960e-58  3.331e-57
1.980e+03  2.560e-58  4.350e-57
1.981e+03  3.344e-58  5.680e-57
1.982e+03  4.368e-58  7.417e-57
1.983e+03  5.705e-58  9.685e-57
1.984e+03  7.453e-58  1.265e-56
1.985e+03  9.735e-58  1.651e-56
1.986e+03  1.272e-57  2.156e-56
1.987e+03  1.661e-57  2.816e-56
1.988e+03  2.169e-57  3.676e-56
1.989e+03  2.833e-57  4.800e-56
1.990e+03  3.701e-57  6.268e-56
1.991e+03  4.834e-57  8.184e-56
1.992e+03  6.314e-57  1.069e-55
1.993e+03  8.246e-57  1.395e-55
1.994e+03  1.077e-56  1.822e-55
1.995e+03  1.407e-56  2.378e-55
1.996e+03  1.837e-56  3.105e-55
1.997e+03  2.400e-56  4.054e-55
1.998e+03  3.134e-56  5.293e-55
1.999e+03  4.093e-56  6.910e-55
2.000e+03  5.345e-56  9.022e-55
2.001e+03  6.981e-56  1.178e-54
2.002e+03  9.117e-56  1.538e-54
2.003e+03  1.191e-55  2.007e-54
2.004e+03  1.555e-55  2.621e-54
2.005e+03  2.031e-55  3.421e-54
2.006e+03  2.652e-55  4.466e-54
2.007e+03  3.463e-55  5.830e-54
2.008e+03  4.523e-55  7.611e-54
2.009e+03  5.906e-55  9.935e-54
2.010e+03  7.713e-55  1.297e-53
2.011e+03  1.007e-54  1.693e-53
2.012e+03  1.315e-54  2.210e-53
2.013e+03  1.718e-54  2.885e-53
2.014e+03  2.243e-54  3.765e-53
2.015e+03  2.929e-54  4.915e-53
2.016e+03  3.824e-54  6.415e-53
2.017e+03  4.994e-54  8.374e-53
2.018e+03  6.521e-54  1.093e-52
2.019e+03  8.514e-54  1.427e-52
2.020e+03  1.112e-53  1.862e-52
2.021e+03  1.452e-53  2.430e-52
2.022e+03  1.895e-53  3.172e-52
2.023e+03  2.475e-53  4.139e-52
2.024e+03  3.231e-53  5.403e-52
2.025e+03  4.219e-53  7.051e-52
2.026e+03  5.509e-53  9.202e-52
2.027e+03  7.192e-53  1.201e-51
2.028e+03  9.390e-53  1.567e-51
2.029e+03  1.226e-52  2.045e-51
2.030e+03  1.601e-52  2.669e-51
2.031e+03  2.090e-52  3.483e-51
2.032e+03  2.728e-52  4.545e-51
2.033e+03  3.562e-52  5.931e-51
2.034e+03  4.650e-52  7.740e-51
2.035e+03  6.071e-52  1.010e-50
2.036e+03  7.925e-52  1.318e-50
2.037e+03  1.035e-51  1.720e-50
2.038e+03  1.351e-51  2.244e-50
2.039e+03  1.763e-51  2.928e-50
2.040e+03  2.302e-51  3.820e-50
2.041e+03  3.005e-51  4.985e-50
2.042e+03  3.922e-51  6.504e-50
2.043e+03  5.120e-51  8.486e-50
2.044e+03  6.683e-51  1.107e-49
2.045e+03  8.724e-51  1.444e-49
2.046e+03  1.139e-50  1.885e-49
2.047e+03  1.486e-50  2.459e-49
2.048e+03  1.940e-50  3.208e-49
2.049e+03  2.533e-50  4.185e-49
2.050e+03  3.306e-50  5.459e-49
2.051e+03  4.314e-50  7.122e-49
2.052e+03  5.631e-50  9.290e-49
2.053e+03  7.350e-50  1.212e-48
2.054e+03  9.593e-50  1.581e-48
2.055e+03  1.252e-49  2.062e-48
2.056e+03  1.634e-49  2.690e-48
2.057e+03  2.133e-49  3.509e-48
2.058e+03  2.783e-49  4.577e-48
2.059e+03  3.632e-49  5.970e-48
2.060e+03  4.740e-49  7.787e-48
2.061e+03  6.186e-49  1.016e-47
2.062e+03  8.073e-49  1.325e-47
2.063e+03  1.054e-48  1.728e-47
2.064e+03  1.375e-48  2.253e-47
2.065e+03  1.794e-48  2.939e-47
2.066e+03  2.341e-48  3.833e-47
2.067e+03  3.055e-48  4.999e-47
2.068e+03  3.987e-48  6.519e-47
2.069e+03  5.202e-48  8.501e-47
2.070e+03  6.788e-48  1.109e-46
2.071e+03  8.857e-48  1.446e-46
2.072e+03  1.156e-47  1.885e-46
2.073e+03  1.508e-47  2.458e-46
2.074e+03  1.967e-47  3.205e-46
2.075e+03  2.567e-47  4.180e-46
2.076e+03  3.349e-47  5.450e-46
2.077e+03  4.370e-47  7.106e-46
2.078e+03  5.701e-47  9.265e-46
2.079e+03  7.438e-47  1.208e-45
2.080e+03  9.703e-47  1.575e-45
2.081e+03  1.266e-46  2.053e-45
2.082e+03  1.651e-46  2.677e-45
2.083e+03  2.154e-46  3.490e-45
2.084e+03  2.811e-46  4.550e-45
2.085e+03  3.666e-46  5.932e-45
2.086e+03  4.783e-46  7.733e-45
2.087e+03  6.239e-46  1.008e-44
2.088e+03  8.138e-46  1.314e-44
2.089e+03  1.062e-45  1.713e-44
2.090e+03  1.385e-45  2.233e-44
2.091e+03  1.806e-45  2.910e-44
2.092e+03  2.356e-45  3.793e-44
2.093e+03  3.073e-45  4.944e-44
2.094e+03  4.008e-45  6.444e-44
2.095e+03  5.227e-45  8.399e-44
2.096e+03  6.817e-45  1.095e-43
2.097e+03  8.891e-45  1.427e-43
2.098e+03  1.160e-44  1.859e-43
2.099e+03  1.512e-44  2.423e-43
2.100e+03  1.972e-44  3.157e-43
2.101e+03  2.572e-44  4.114e-43
2.102e+03  3.354e-44  5.362e-43
2.103e+03  4.374e-44  6.986e-43
2.104e+03  5.704e-44  9.104e-43
2.105e+03  7.438e-44  1.186e-42
2.106e+03  9.699e-44  1.546e-42
2.107e+03  1.265e-43  2.014e-42
2.108e+03  1.649e-43  2.624e-42
2.109e+03  2.150e-43  3.418e-42
2.110e+03  2.803e-43  4.453e-42
2.111e+03  3.655e-43  5.802e-42
2.112e+03  4.766e-43  7.558e-42
2.113e+03  6.213e-43  9.846e-42
2.114e+03  8.101e-43  1.283e-41
2.115e+03  1.056e-42  1.671e-41
2.116e+03  1.377e-42  2.176e-41
2.117e+03  1.795e-42  2.835e-41
2.118e+03  2.340e-42  3.693e-41
2.119e+03  3.050e-42  4.810e-41
2.120e+03  3.976e-42  6.264e-41
2.121e+03  5.183e-42  8.159e-41
2.122e+03  6.756e-42  1.063e-40
2.123e+03  8.806e-42  1.384e-40
2.124e+03  1.148e-41  1.802e-40
2.125e+03  1.496e-41  2.347e-40
2.126e+03  1.950e-41  3.056e-40
2.127e+03  2.542e-41  3.979e-40
2.128e+03  3.312e-41  5.182e-40
2.129e+03  4.317e-41  6.747e-40
2.130e+03  5.626e-41  8.785e-40
2.131e+03  7.332e-41  1.144e-39
2.132e+03  9.555e-41  1.489e-39
2.133e+03  1.245e-40  1.939e-39
2.134e+03  1.623e-40  2.524e-39
2.135e+03  2.114e-40  3.286e-39
2.136e+03  2.755e-40  4.277e-39
2.137e+03  3.590e-40  5.568e-39
2.138e+03  4.677e-40  7.248e-39
2.139e+03  6.094e-40  9.434e-39
2.140e+03  7.940e-40  1.228e-38
2.141e+03  1.035e-39  1.598e-38
2.142e+03  1.348e-39  2.080e-38
2.143e+03  1.756e-39  2.707e-38
2.144e+03  2.287e-39  3.523e-38
2.145e+03  2.980e-39  4.585e-38
2.146e+03  3.882e-39  5.966e-38
2.147e+03  5.057e-39  7.764e-38
2.148e+03  6.587e-39  1.010e-37
2.149e+03  8.580e-39  1.315e-37
2.150e+03  1.118e-38  1.710e-37
2.151e+03  1.456e-38  2.225e-37
2.152e+03  1.896e-38  2.895e-37
2.153e+03  2.469e-38  3.767e-37
2.154e+03  3.216e-38  4.900e-37
2.155e+03  4.188e-38  6.375e-37
2.156e+03  5.454e-38  8.292e-37
2.157e+03  7.102e-38  1.079e-36
2.158e+03  9.249e-38  1.403e-36
2.159e+03  1.204e-37  1.825e-36
2.160e+03  1.568e-37  2.373e-36
2.161e+03  2.042e-37  3.087e-36
2.162e+03  2.659e-37  4.014e-36
2.163e+03  3.461e-37  5.221e-36
2.164e+03  4.507e-37  6.789e-36
2.165e+03  5.867e-37  8.828e-36
2.166e+03  7.638e-37  1.148e-35
2.167e+03  9.944e-37  1.492e-35
2.168e+03  1.294e-36  1.941e-35
2.169e+03  1.685e-36  2.523e-35
2.170e+03  2.193e-36  3.280e-35
2.171e+03  2.855e-36  4.264e-35
2.172e+03  3.716e-36  5.543e-35
2.173e+03  4.837e-36  7.205e-35
2.174e+03  6.295e-36  9.365e-35
2.175e+03  8.192e-36  1.217e-34
2.176e+03  1.066e-35  1.582e-34
2.177e+03  1.387e-35  2.056e-34
2.178e+03  1.806e-35  2.672e-34
2.179e+03  2.349e-35  3.473e-34
2.180e+03  3.057e-35  4.513e-34
2.181e+03  3.978e-35  5.864e-34
2.182e+03  5.176e-35  7.619e-34
2.183e+03  6.734e-35  9.899e-34
2.184e+03  8.761e-35  1.286e-33
2.185e+03  1.140e-34  1.671e-33
2.186e+03  1.483e-34  2.171e-33
2.187e+03  1.929e-34  2.820e-33
2.188e+03  2.509e-34  3.662e-33
2.189e+03  3.264e-34  4.757e-33
2.190e+03  4.245e-34  6.179e-33
2.191e+03  5.521e-34  8.024e-33
2.192e+03  7.181e-34  1.042e-32
2.193e+03  9.339e-34  1.353e-32
2.194e+03  1.215e-33  1.757e-32
2.195e+03  1.579e-33  2.282e-32
2.196e+03  2.054e-33  2.963e-32
2.197e+03  2.671e-33  3.847e-32
2.198e+03  3.472e-33  4.994e-32
2.199e+03  4.515e-33  6.483e-32
2.200e+03  5.870e-33  8.416e-32
2.201e+03  7.632e-33  1.092e-31
2.202e+03  9.921e-33  1.418e-31
2.203e+03  1.290e-32  1.840e-31
2.204e+03  1.677e-32  2.388e-31
2.205e+03  2.179e-32  3.099e-31
2.206e+03  2.833e-32  4.022e-31
2.207e+03  3.682e-32  5.219e-31
2.208e+03  4.785e-32  6.771e-31
2.209e+03  6.218e-32  8.785e-31
2.210e+03  8.081e-32  1.140e-30
2.211e+03  1.050e-31  1.479e-30
2.212e+03  1.365e-31  1.918e-30
2.213e+03  1.773e-31  2.488e-30
2.214e+03  2.304e-31  3.227e-30
2.215e+03  2.993e-31  4.185e-30
2.216e+03  3.888e-31  5.427e-30
2.217e+03  5.051e-31  7.038e-30
2.218e+03  6.562e-31  9.126e-30
2.219e+03  8.523e-31  1.183e-29
2.220e+03  1.107e-30  1.534e-29
2.221e+03  1.438e-30  1.989e-29
2.222e+03  1.867e-30  2.578e-29
2.223e+03  2.425e-30  3.342e-29
2.224e+03  3.149e-30  4.332e-29
2.225e+03  4.090e-30  5.614e-29
2.226e+03  5.310e-30  7.276e-29
2.227e+03  6.895e-30  9.429e-29
2.228e+03  8.952e-30  1.222e-28
2.229e+03  1.162e-29  1.583e-28
2.230e+03  1.509e-29  2.051e-28
2.231e+03  1.958e-29  2.657e-28
2.232e+03  2.542e-29  3.442e-28
2.233e+03  3.299e-29  4.459e-28
2.234e+03  4.282e-29  5.775e-28
2.235e+03  5.557e-29  7.479e-28
2.236e+03  7.212e-29  9.686e-28
2.237e+03  9.358e-29  1.254e-27
2.238e+03  1.214e-28  1.624e-27
2.239e+03  1.576e-28  2.103e-27
2.240e+03  2.044e-28  2.722e-27
2.241e+03  2.652e-28  3.524e-27
2.242e+03  3.440e-28  4.561e-27
2.243e+03  4.462e-28  5.904e-27
2.244e+03  5.788e-28  7.641e-27
2.245e+03  7.507e-28  9.888e-27
2.246e+03  9.735e-28  1.279e-26
2.247e+03  1.262e-27  1.655e-26
2.248e+03  1.637e-27  2.142e-26
2.249e+03  2.123e-27  2.771e-26
2.250e+03  2.752e-27  3.584e-26
2.251e+03  3.568e-27  4.636e-26
2.252e+03  4.625e-27  5.995e-26
2.253e+03  5.996e-27  7.753e-26
2.254e+03  7.772e-27  1.003e-25
2.255e+03  1.007e-26  1.296e-25
2.256e+03  1.305e-26  1.676e-25
2.257e+03  1.692e-26  2.166e-25
2.258e+03  2.192e-26  2.800e-25
2.259e+03  2.840e-26  3.619e-25
2.260e+03  3.680e-26  4.678e-25
2.261e+03  4.768e-26  6.045e-25
2.262e+03  6.176e-26  7.810e-25
2.263e+03  8.000e-26  1.009e-24
2.264e+03  1.036e-25  1.304e-24
2.265e+03  1.342e-25  1.684e-24
2.266e+03  1.738e-25  2.175e-24
2.267e+03  2.250e-25  2.809e-24
2.268e+03  2.914e-25  3.627e-24
2.269e+03  3.773e-25  4.683e-24
2.270e+03  4.884e-25  6.047e-24
2.271e+03  6.322e-25  7.806e-24
2.272e+03  8.183e-25  1.008e-23
2.273e+03  1.059e-24  1.300e-23
2.274e+03  1.371e-24  1.678e-23
2.275e+03  1.774e-24  2.166e-23
2.276e+03  2.295e-24  2.794e-23
2.277e+03  2.970e-24  3.605e-23
2.278e+03  3.842e-24  4.650e-23
2.279e+03  4.970e-24  5.997e-23
2.280e+03  6.428e-24  7.735e-23
2.281e+03  8.314e-24  9.974e-23
2.282e+03  1.075e-23  1.286e-22
2.283e+03  1.390e-23  1.658e-22
2.284e+03  1.798e-23  2.137e-22
2.285e+03  2.324e-23  2.755e-22
2.286e+03  3.005e-23  3.550e-22
2.287e+03  3.884e-23  4.574e-22
2.288e+03  5.020e-23  5.894e-22
2.289e+03  6.488e-23  7.593e-22
2.290e+03  8.384e-23  9.780e-22
2.291e+03  1.083e-22  1.260e-21
2.292e+03  1.400e-22  1.622e-21
2.293e+03  1.808e-22  2.089e-21
2.294e+03  2.336e-22  2.689e-21
2.295e+03  3.017e-22  3.461e-21
2.296e+03  3.896e-22  4.455e-21
2.297e+03  5.031e-22  5.733e-21
2.298e+03  6.496e-22  7.377e-21
2.299e+03  8.387e-22  9.491e-21
2.300e+03  1.083e-21  1.221e-20
2.301e+03  1.397e-21  1.570e-20
2.302e+03  1.804e-21  2.020e-20
2.303e+03  2.327e-21  2.597e-20
2.304e+03  3.003e-21  3.339e-20
2.305e+03  3.875e-21  4.292e-20
2.306e+03  4.998e-21  5.516e-20
2.307e+03  6.447e-21  7.089e-20
2.308e+03  8.315e-21  9.108e-20
2.309e+03  1.072e-20  1.170e-19
2.310e+03  1.383e-20  1.503e-19
2.311e+03  1.783e-20  1.930e-19
2.312e+03  2.298e-20  2.479e-19
2.313e+03  2.962e-20  3.182e-19
2.314e+03  3.817e-20  4.085e-19
2.315e+03  4.919e-20  5.243e-19
2.316e+03  6.338e-20  6.728e-19
2.317e+03  8.165e-20  8.633e-19
2.318e+03  1.052e-19  1.107e-18
2.319e+03  1.355e-19  1.420e-18
2.320e+03  1.744e-19  1.822e-18
2.321e+03  2.246e-19  2.336e-18
2.322e+03  2.892e-19  2.994e-18
2.323e+03  3.722e-19  3.838e-18
2.324e+03  4.791e-19  4.918e-18
2.325e+03  6.165e-19  6.301e-18
2.326e+03  7.932e-19  8.072e-18
2.327e+03  1.020e-18  1.034e-17
2.328e+03  1.313e-18  1.324e-17
2.329e+03  1.688e-18  1.695e-17
2.330e+03  2.171e-18  2.170e-17
2.331e+03  2.791e-18  2.777e-17
2.332e+03  3.588e-18  3.553e-17
2.333e+03  4.612e-18  4.546e-17
2.334e+03  5.927e-18  5.815e-17
2.335e+03  7.616e-18  7.436e-17
2.336e+03  9.785e-18  9.507e-17
2.337e+03  1.257e-17  1.215e-16
2.338e+03  1.614e-17  1.553e-16
2.339e+03  2.073e-17  1.985e-16
2.340e+03  2.661e-17  2.535e-16
2.341e+03  3.416e-17  3.238e-16
2.342e+03  4.385e-17  4.135e-16
2.343e+03  5.626e-17  5.279e-16
2.344e+03  7.219e-17  6.738e-16
2.345e+03  9.260e-17  8.598e-16
2.346e+03  1.188e-16  1.097e-15
2.347e+03  1.523e-16  1.399e-15
2.348e+03  1.953e-16  1.784e-15
2.349e+03  2.503e-16  2.275e-15
2.350e+03  3.208e-16  2.899e-15
2.351e+03  4.110e-16  3.694e-15
2.352e+03  5.266e-16  4.707e-15
2.353e+03  6.745e-16  5.995e-15
2.354e+03  8.637e-16  7.633e-15
2.355e+03  1.106e-15  9.717e-15
2.356e+03  1.416e-15  1.237e-14
2.357e+03  1.812e-15  1.573e-14
2.358e+03  2.318e-15  2.002e-14
2.359e+03  2.966e-15  2.545e-14
2.360e+03  3.794e-15  3.236e-14
2.361e+03  4.851e-15  4.113e-14
2.362e+03  6.202e-15  5.226e-14
2.363e+03  7.928e-15  6.639e-14
2.364e+03  1.013e-14  8.431e-14
2.365e+03  1.294e-14  1.070e-13
2.366e+03  1.653e-14  1.358e-13
2.367e+03  2.112e-14  1.724e-13
2.368e+03  2.696e-14  2.186e-13
2.369e+03  3.441e-14  2.773e-13
2.370e+03  4.392e-14  3.515e-13
2.371e+03  5.603e-14  4.454e-13
2.372e+03  7.147e-14  5.643e-13
2.373e+03  9.114e-14  7.147e-13
2.374e+03  1.162e-13  9.049e-13
2.375e+03  1.481e-13  1.145e-12
2.376e+03  1.887e-13  1.449e-12
2.377e+03  2.404e-13  1.833e-12
2.378e+03  3.062e-13  2.318e-12
2.379e+03  3.898e-13  2.929e-12
2.380e+03  4.962e-13  3.701e-12
2.381e+03  6.314e-13  4.675e-12
2.382e+03  8.033e-13  5.903e-12
2.383e+03  1.022e-12  7.451e-12
2.384e+03  1.299e-12  9.401e-12
2.385e+03  1.651e-12  1.186e-11
2.386e+03  2.098e-12  1.495e-11
2.387e+03  2.665e-12  1.884e-11
2.388e+03  3.385e-12  2.374e-11
2.389e+03  4.297e-12  2.989e-11
2.390e+03  5.454e-12  3.763e-11
2.391e+03  6.920e-12  4.735e-11
2.392e+03  8.777e-12  5.956e-11
2.393e+03  1.113e-11  7.488e-11
2.394e+03  1.411e-11  9.411e-11
2.395e+03  1.787e-11  1.182e-10
2.396e+03  2.264e-11  1.484e-10
2.397e+03  2.867e-11  1.863e-10
2.398e+03  3.629e-11  2.337e-10
2.399e+03  4.592e-11  2.931e-10
2.400e+03  5.808e-11  3.674e-10
2.401e+03  7.344e-11  4.603e-10
2.402e+03  9.282e-11  5.764e-10
2.403e+03  1.173e-10  7.215e-10
2.404e+03  1.481e-10  9.026e-10
2.405e+03  1.870e-10  1.129e-09
2.406e+03  2.360e-10  1.411e-09
2.407e+03  2.977e-10  1.762e-09
2.408e+03  3.755e-10  2.200e-09
2.409e+03  4.733e-10  2.745e-09
2.410e+03  5.963e-10  3.424e-09
2.411e+03  7.510e-10  4.268e-09
2.412e+03  9.454e-10  5.317e-09
2.413e+03  1.190e-09  6.620e-09
2.414e+03  1.496e-09  8.238e-09
2.415e+03  1.881e-09  1.025e-08
2.416e+03  2.364e-09  1.274e-08
2.417e+03  2.969e-09  1.582e-08
2.418e+03  3.728e-09  1.964e-08
2.419e+03  4.678e-09  2.437e-08
2.420e+03  5.867e-09  3.021e-08
2.421e+03  7.355e-09  3.744e-08
2.422e+03  9.216e-09  4.636e-08
2.423e+03  1.154e-08  5.738e-08
2.424e+03  1.445e-08  7.096e-08
2.425e+03  1.807e-08  8.769e-08
2.426e+03  2.260e-08  1.083e-07
2.427e+03  2.824e-08  1.337e-07
2.428e+03  3.526e-08  1.648e-07
2.429e+03  4.402e-08  2.031e-07
2.430e+03  5.491e-08  2.501e-07
2.431e+03  6.846e-08  3.078e-07
2.432e+03  8.530e-08  3.784e-07
2.433e+03  1.062e-07  4.649e-07
2.434e+03  1.322e-07  5.707e-07
2.435e+03  1.644e-07  7.000e-07
2.436e+03  2.043e-07  8.579e-07
2.437e+03  2.538e-07  1.050e-06
2.438e+03  3.150e-07  1.285e-06
2.439e+03  3.907e-07  1.571e-06
2.440e+03  4.843e-07  1.919e-06
2.441e+03  5.998e-07  2.341e-06
2.442e+03  7.424e-07  2.854e-06
2.443e+03  9.182e-07  3.476e-06
2.444e+03  1.135e-06  4.229e-06
2.445e+03  1.401e-06  5.140e-06
2.446e+03  1.729e-06  6.241e-06
2.447e+03  2.132e-06  7.571e-06
2.448e+03  2.626e-06  9.174e-06
2.449e+03  3.233e-06  1.110e-05
2.450e+03  3.976e-06  1.343e-05
2.451e+03  4.885e-06  1.622e-05
2.452e+03  5.997e-06  1.956e-05
2.453e+03  7.356e-06  2.357e-05
2.454e+03  9.014e-06  2.837e-05
2.455e+03  1.104e-05  3.410e-05
2.456e+03  1.350e-05  4.094e-05
2.457e+03  1.649e-05  4.908e-05
2.458e+03  2.013e-05  5.878e-05
2.459e+03  2.455e-05  7.029e-05
2.460e+03  2.990e-05  8.394e-05
2.461e+03  3.638e-05  1.001e-04
2.462e+03  4.422e-05  1.192e-04
2.463e+03  5.368e-05  1.417e-04
2.464e+03  6.509e-05  1.683e-04
2.465e+03  7.884e-05  1.995e-04
2.466e+03  9.537e-05  2.361e-04
2.467e+03  1.152e-04  2.791e-04
2.468e+03  1.390e-04  3.292e-04
2.469e+03  1.675e-04  3.877e-04
2.470e+03  2.016e-04  4.559e-04
2.471e+03  2.423e-04  5.351e-04
2.472e+03  2.908e-04  6.268e-04
2.473e+03  3.485e-04  7.330e-04
2.474e+03  4.171e-04  8.554e-04
2.475e+03  4.983e-04  9.964e-04
2.476e+03  5.945e-04  1.158e-03
2.477e+03  7.082e-04  1.344e-03
2.478e+03  8.421e-04  1.556e-03
2.479e+03  9.998e-04  1.797e-03
2.480e+03  1.185e-03  2.071e-03
2.481e+03  1.402e-03  2.382e-03
2.482e+03  1.656e-03  2.732e-03
2.483e+03  1.952e-03  3.127e-03
2.484e+03  2.298e-03  3.571e-03
2.485e+03  2.699e-03  4.067e-03
2.486e+03  3.164e-03  4.620e-03
2.487e+03  3.702e-03  5.235e-03
2.488e+03  4.323e-03  5.915e-03
2.489e+03  5.038e-03  6.666e-03
2.490e+03  5.859e-03  7.492e-03
2.491e+03  6.799e-03  8.396e-03
2.492e+03  7.873e-03  9.381e-03
2.493e+03  9.098e-03  1.045e-02
2.494e+03  1.049e-02  1.161e-02
2.495e+03  1.207e-02  1.286e-02
2.496e+03  1.385e-02  1.419e-02
2.497e+03  1.586e-02  1.562e-02
2.498e+03  1.813e-02  1.714e-02
2.499e+03  2.067e-02  1.874e-02
2.500e+03  2.351e-02  2.042e-02
2.501e+03  2.667e-02  2.218e-02
2.502e+03  3.020e-02  2.402e-02
2.503e+03  3.411e-02  2.591e-02
2.504e+03  3.843e-02  2.786e-02
2.505e+03  4.321e-02  2.986e-02
2.506e+03  4.846e-02  3.189e-02
2.507e+03  5.422e-02  3.394e-02
2.508e+03  6.052e-02  3.599e-02
2.509e+03  6.740e-02  3.803e-02
2.510e+03  7.489e-02  4.005e-02
2.511e+03  8.302e-02  4.202e-02
2.512e+03  9.181e-02  4.394e-02
2.513e+03  1.013e-01  4.578e-02
2.514e+03  1.115e-01  4.752e-02
2.515e+03  1.225e-01  4.916e-02
2.516e+03  1.342e-01  5.067e-02
2.517e+03  1.468e-01  5.203e-02
2.518e+03  1.601e-01  5.325e-02
2.519e+03  1.743e-01  5.429e-02
2.520e+03  1.893e-01  5.516e-02
2.521e+03  2.051e-01  5.584e-02
2.522e+03  2.218e-01  5.632e-02
2.523e+03  2.393e-01  5.660e-02
2.524e+03  2.576e-01  5.668e-02
2.525e+03  2.766e-01  5.655e-02
2.526e+03  2.965e-01  5.622e-02
2.527e+03  3.170e-01  5.569e-02
2.528e+03  3.382e-01  5.497e-02
2.529e+03  3.600e-01  5.406e-02
2.530e+03  3.824e-01  5.297e-02
2.531e+03  4.053e-01  5.173e-02
2.532e+03  4.286e-01  5.032e-02
2.533e+03  4.523e-01  4.879e-02
2.534e+03  4.762e-01  4.713e-02
2.535e+03  5.002e-01  4.537e-02
2.536e+03  5.244e-01  4.351e-02
2.537e+03  5.485e-01  4.159e-02
2.538e+03  5.726e-01  3.962e-02
2.539e+03  5.964e-01  3.761e-02
2.540e+03  6.199e-01  3.557e-02
2.541e+03  6.431e-01  3.354e-02
2.542e+03  6.657e-01  3.151e-02
2.543e+03  6.878e-01  2.951e-02
2.544e+03  7.092e-01  2.754e-02
2.545e+03  7.300e-01  2.563e-02
2.546e+03  7.500e-01  2.376e-02
2.547e+03  7.691e-01  2.197e-02
2.548e+03  7.874e-01  2.025e-02
2.549e+03  8.048e-01  1.860e-02
2.550e+03  8.213e-01  1.704e-02
2.551e+03  8.369e-01  1.556e-02
2.552e+03  8.515e-01  1.417e-02
2.553e+03  8.651e-01  1.287e-02
2.554e+03  8.779e-01  1.165e-02
2.555e+03  8.897e-01  1.052e-02
2.556e+03  9.006e-01  9.478e-03
2.557e+03  9.107e-01  8.514e-03
2.558e+03  9.200e-01  7.630e-03
2.559e+03  9.285e-01  6.820e-03
2.560e+03  9.362e-01  6.082e-03
2.561e+03  9.432e-01  5.411e-03
2.562e+03  9.496e-01  4.803e-03
2.563e+03  9.554e-01  4.254e-03
2.564e+03  9.605e-01  3.760e-03
2.565e+03  9.652e-01  3.317e-03
2.566e+03  9.693e-01  2.920e-03
2.567e+03  9.731e-01  2.565e-03
2.568e+03  9.764e-01  2.250e-03
2.569e+03  9.793e-01  1.969e-03
2.570e+03  9.819e-01  1.721e-03
2.571e+03  9.842e-01  1.502e-03
2.572e+03  9.863e-01  1.308e-03
2.573e+03  9.881e-01  1.137e-03
2.574e+03  9.896e-01  9.878e-04
2.575e+03  9.910e-01  8.566e-04
2.576e+03  9.922e-01  7.418e-04
2.577e+03  9.933e-01  6.415e-04
2.578e+03  9.942e-01  5.541e-04
2.579e+03  9.950e-01  4.780e-04
2.580e+03  9.957e-01  4.119e-04
2.581e+03  9.963e-01  3.545e-04
2.582e+03  9.968e-01  3.048e-04
2.583e+03  9.973e-01  2.617e-04
2.584e+03  9.976e-01  2.246e-04
2.585e+03  9.980e-01  1.925e-04
2.586e+03  9.983e-01  1.648e-04
2.587e+03  9.985e-01  1.410e-04
2.588e+03  9.987e-01  1.205e-04
2.589e+03  9.989e-01  1.029e-04
2.590e+03  9.991e-01  8.785e-05
2.591e+03  9.992e-01  7.491e-05
2.592e+03  9.993e-01  6.383e-05
2.593e+03  9.994e-01  5.435e-05
2.594e+03  9.995e-01  4.624e-05
2.595e+03  9.996e-01  3.932e-05
2.596e+03  9.996e-01  3.341e-05
2.597e+03  9.997e-01  2.837e-05
2.598e+03  9.997e-01  2.408e-05
2.599e+03  9.998e-01  2.042e-05
2.600e+03  9.998e-01  1.731e-05
2.601e+03  9.998e-01  1.466e-05
2.602e+03  9.999e-01  1.241e-05
2.603e+03  9.999e-01  1.050e-05
2.604e+03  9.999e-01  8.884e-06
2.605e+03  9.999e-01  7.510e-06
2.606e+03  9.999e-01  6.345e-06
2.607e+03  9.999e-01  5.358e-06
2.608e+03  1.000e+00  4.523e-06
2.609e+03  1.000e+00  3.816e-06
2.610e+03  1.000e+00  3.218e-06
2.611e+03  1.000e+00  2.712e-06
2.612e+03  1.000e+00  2.285e-06
2.613e+03  1.000e+00  1.925e-06
2.614e+03  1.000e+00  1.620e-06
2.615e+03  1.000e+00  1.364e-06
2.616e+03  1.000e+00  1.147e-06
2.617e+03  1.000e+00  9.644e-07
2.618e+03  1.000e+00  8.106e-07
2.619e+03  1.000e+00  6.810e-07
2.620e+03  1.000e+00  5.720e-07
2.621e+03  1.000e+00  4.802e-07
2.622e+03  1.000e+00  4.030e-07
2.623e+03  1.000e+00  3.381e-07
2.624e+03  1.000e+00  2.836e-07
2.625e+03  1.000e+00  2.377e-07
2.626e+03  1.000e+00  1.992e-07
2.627e+03  1.000e+00  1.669e-07
2.628e+03  1.000e+00  1.398e-07
2.629e+03  1.000e+00  1.171e-07
2.630e+03  1.000e+00  9.797e-08
2.631e+03  1.000e+00  8.198e-08
2.632e+03  1.000e+00  6.857e-08
2.633e+03  1.000e+00  5.734e-08
2.634e+03  1.000e+00  4.793e-08
2.635e+03  1.000e+00  4.006e-08
2.636e+03  1.000e+00  3.347e-08
2.637e+03  1.000e+00  2.795e-08
2.638e+03  1.000e+00  2.334e-08
2.639e+03  1.000e+00  1.948e-08
2.640e+03  1.000e+00  1.626e-08
2.641e+03  1.000e+00  1.356e-08
2.642e+03  1.000e+00  1.131e-08
2.643e+03  1.000e+00  9.430e-09
2.644e+03  1.000e+00  7.860e-09
2.645e+03  1.000e+00  6.550e-09
2.646e+03  1.000e+00  5.457e-09
2.647e+03  1.000e+00  4.545e-09
2.648e+03  1.000e+00  3.784e-09
2.649e+03  1.000e+00  3.150e-09
2.650e+03  1.000e+00  2.621e-09
2.651e+03  1.000e+00  2.181e-09
2.652e+03  1.000e+00  1.814e-09
2.653e+03  1.000e+00  1.509e-09
2.654e+03  1.000e+00  1.254e-09
2.655e+03  1.000e+00  1.042e-09
2.656e+03  1.000e+00  8.662e-10
2.657e+03  1.000e+00  7.196e-10
2.658e+03  1.000e+00  5.976e-10
2.659e+03  1.000e+00  4.962e-10
2.660e+03  1.000e+00  4.119e-10
2.661e+03  1.000e+00  3.419e-10
2.662e+03  1.000e+00  2.837e-10
2.663e+03  1.000e+00  2.353e-10
2.664e+03  1.000e+00  1.952e-10
2.665e+03  1.000e+00  1.618e-10
2.666e+03  1.000e+00  1.341e-10
2.667e+03  1.000e+00  1.112e-10
2.668e+03  1.000e+00  9.210e-11
2.669e+03  1.000e+00  7.630e-11
2.670e+03  1.000e+00  6.319e-11
2.671e+03  1.000e+00  5.232e-11
2.672e+03  1.000e+00  4.331e-11
2.673e+03  1.000e+00  3.584e-11
2.674e+03  1.000e+00  2.966e-11
2.675e+03  1.000e+00  2.453e-11
2.676e+03  1.000e+00  2.029e-11
2.677e+03  1.000e+00  1.678e-11
2.678e+03  1.000e+00  1.387e-11
2.679e+03  1.000e+00  1.146e-11
2.680e+03  1.000e+00  9.474e-12
2.681e+03  1.000e+00  7.827e-12
2.682e+03  1.000e+00  6.465e-12
2.683e+03  1.000e+00  5.339e-12
2.684e+03  1.000e+00  4.408e-12
2.685e+03  1.000e+00  3.638e-12
2.686e+03  1.000e+00  3.003e-12
2.687e+03  1.000e+00  2.477e-12
2.688e+03  1.000e+00  2.044e-12
2.689e+03  1.000e+00  1.685e-12
2.690e+03  1.000e+00  1.390e-12
2.691e+03  1.000e+00  1.146e-12
2.692e+03  1.000e+00  9.443e-13
2.693e+03  1.000e+00  7.782e-13
2.694e+03  1.000e+00  6.411e-13
2.695e+03  1.000e+00  5.281e-13
2.696e+03  1.000e+00  4.349e-13
2.697e+03  1.000e+00  3.581e-13
2.698e+03  1.000e+00  2.948e-13
2.699e+03  1.000e+00  2.426e-13
2.700e+03  1.000e+00  1.997e-13
2.701e+03  1.000e+00  1.643e-13
2.702e+03  1.000e+00  1.351e-13
2.703e+03  1.000e+00  1.111e-13
2.704e+03  1.000e+00  9.135e-14
2.705e+03  1.000e+00  7.510e-14
2.706e+03  1.000e+00  6.172e-14
2.707e+03  1.000e+00  5.072e-14
2.708e+03  1.000e+00  4.167e-14
2.709e+03  1.000e+00  3.422e-14
2.710e+03  1.000e+00  2.811e-14
2.711e+03  1.000e+00  2.308e-14
2.712e+03  1.000e+00  1.894e-14
2.713e+03  1.000e+00  1.555e-14
2.714e+03  1.000e+00  1.276e-14
2.715e+03  1.000e+00  1.047e-14
2.716e+03  1.000e+00  8.585e-15
2.717e+03  1.000e+00  7.041e-15
2.718e+03  1.000e+00  5.773e-15
2.719e+03  1.000e+00  4.733e-15
2.720e+03  1.000e+00  3.879e-15
2.721e+03  1.000e+00  3.179e-15
2.722e+03  1.000e+00  2.604e-15
2.723e+03  1.000e+00  2.133e-15
2.724e+03  1.000e+00  1.747e-15
2.725e+03  1.000e+00  1.431e-15
2.726e+03  1.000e+00  1.171e-15
2.727e+03  1.000e+00  9.586e-16
2.728e+03  1.000e+00  7.845e-16
2.729e+03  1.000e+00  6.419e-16
2.730e+03  1.000e+00  5.251e-16
2.731e+03  1.000e+00  4.295e-16
2.732e+03  1.000e+00  3.512e-16
2.733e+03  1.000e+00  2.871e-16
2.734e+03  1.000e+00  2.347e-16
2.735e+03  1.000e+00  1.918e-16
2.736e+03  1.000e+00  1.567e-16
2.737e+03  1.000e+00  1.281e-16
2.738e+03  1.000e+00  1.046e-16
2.739e+03  1.000e+00  8.542e-17
2.740e+03  1.000e+00  6.975e-17
2.741e+03  1.000e+00  5.694e-17
2.742e+03  1.000e+00  4.647e-17
2.743e+03  1.000e+00  3.792e-17
2.744e+03  1.000e+00  3.094e-17
2.745e+03  1.000e+00  2.524e-17
2.746e+03  1.000e+00  2.059e-17
2.747e+03  1.000e+00  1.679e-17
2.748e+03  1.000e+00  1.369e-17
2.749e+03  1.000e+00  1.116e-17
2.750e+03  1.000e+00  9.093e-18
2.751e+03  1.000e+00  7.409e-18
2.752e+03  1.000e+00  6.036e-18
2.753e+03  1.000e+00  4.917e-18
2.754e+03  1.000e+00  4.004e-18
2.755e+03  1.000e+00  3.260e-18
2.756e+03  1.000e+00  2.654e-18
2.757e+03  1.000e+00  2.160e-18
2.758e+03  1.000e+00  1.758e-18
2.759e+03  1.000e+00  1.431e-18
2.760e+03  1.000e+00  1.164e-18
2.761e+03  1.000e+00  9.466e-19
2.762e+03  1.000e+00  7.698e-19
2.763e+03  1.000e+00  6.259e-19
2.764e+03  1.000e+00  5.088e-19
2.765e+03  1.000e+00  4.135e-19
2.766e+03  1.000e+00  3.360e-19
2.767e+03  1.000e+00  2.730e-19
2.768e+03  1.000e+00  2.218e-19
2.769e+03  1.000e+00  1.801e-19
2.770e+03  1.000e+00  1.463e-19
2.771e+03  1.000e+00  1.188e-19
2.772e+03  1.000e+00  9.640e-20
2.773e+03  1.000e+00  7.823e-20
2.774e+03  1.000e+00  6.348e-20
2.775e+03  1.000e+00  5.150e-20
2.776e+03  1.000e+00  4.178e-20
2.777e+03  1.000e+00  3.388e-20
2.778e+03  1.000e+00  2.747e-20
2.779e+03  1.000e+00  2.227e-20
2.780e+03  1.000e+00  1.805e-20
2.781e+03  1.000e+00  1.463e-20
2.782e+03  1.000e+00  1.186e-20
2.783e+03  1.000e+00  9.605e-21
2.784e+03  1.000e+00  7.780e-21
2.785e+03  1.000e+00  6.301e-21
2.786e+03  1.000e+00  5.102e-21
2.787e+03  1.000e+00  4.130e-21
2.788e+03  1.000e+00  3.343e-21
2.789e+03  1.000e+00  2.706e-21
2.790e+03  1.000e+00  2.189e-21
2.791e+03  1.000e+00  1.771e-21
2.792e+03  1.000e+00  1.433e-21
2.793e+03  1.000e+00  1.159e-21
2.794e+03  1.000e+00  9.368e-22
2.795e+03  1.000e+00  7.573e-22
2.796e+03  1.000e+00  6.121e-22
2.797e+03  1.000e+00  4.947e-22
2.798e+03  1.000e+00  3.997e-22
2.799e+03  1.000e+00  3.229e-22
2.800e+03  1.000e+00  2.608e-22
2.801e+03  1.000e+00  2.106e-22
2.802e+03  1.000e+00  1.701e-22
2.803e+03  1.000e+00  1.373e-22
2.804e+03  1.000e+00  1.108e-22
2.805e+03  1.000e+00  8.943e-23
2.806e+03  1.000e+00  7.216e-23
2.807e+03  1.000e+00  5.821e-23
2.808e+03  1.000e+00  4.695e-23
2.809e+03  1.000e+00  3.786e-23
2.810e+03  1.000e+00  3.053e-23
2.811e+03  1.000e+00  2.461e-23
2.812e+03  1.000e+00  1.984e-23
2.813e+03  1.000e+00  1.599e-23
2.814e+03  1.000e+00  1.288e-23
2.815e+03  1.000e+00  1.038e-23
2.816e+03  1.000e+00  8.358e-24
2.817e+03  1.000e+00  6.731e-24
2.818e+03  1.000e+00  5.420e-24
2.819e+03  1.000e+00  4.363e-24
2.820e+03  1.000e+00  3.512e-24
2.821e+03  1.000e+00  2.826e-24
2.822e+03  1.000e+00  2.274e-24
2.823e+03  1.000e+00  1.829e-24
2.824e+03  1.000e+00  1.471e-24
2.825e+03  1.000e+00  1.183e-24
2.826e+03  1.000e+00  9.515e-25
2.827e+03  1.000e+00  7.649e-25
2.828e+03  1.000e+00  6.148e-25
2.829e+03  1.000e+00  4.941e-25
2.830e+03  1.000e+00  3.970e-25
2.831e+03  1.000e+00  3.189e-25
2.832e+03  1.000e+00  2.562e-25
2.833e+03  1.000e+00  2.057e-25
2.834e+03  1.000e+00  1.652e-25
2.835e+03  1.000e+00  1.326e-25
2.836e+03  1.000e+00  1.065e-25
2.837e+03  1.000e+00  8.543e-26
2.838e+03  1.000e+00  6.855e-26
2.839e+03  1.000e+00  5.500e-26
2.840e+03  1.000e+00  4.411e-26
2.841e+03  1.000e+00  3.538e-26
2.842e+03  1.000e+00  2.837e-26
2.843e+03  1.000e+00  2.274e-26
2.844e+03  1.000e+00  1.823e-26
2.845e+03  1.000e+00  1.461e-26
2.846e+03  1.000e+00  1.171e-26
2.847e+03  1.000e+00  9.380e-27
2.848e+03  1.000e+00  7.513e-27
2.849e+03  1.000e+00  6.017e-27
2.850e+03  1.000e+00  4.818e-27
2.851e+03  1.000e+00  3.858e-27
2.852e+03  1.000e+00  3.088e-27
2.853e+03  1.000e+00  2.471e-27
2.854e+03  1.000e+00  1.978e-27
2.855e+03  1.000e+00  1.582e-27
2.856e+03  1.000e+00  1.266e-27
2.857e+03  1.000e+00  1.012e-27
2.858e+03  1.000e+00  8.095e-28
2.859e+03  1.000e+00  6.472e-28
2.860e+03  1.000e+00  5.173e-28
2.861e+03  1.000e+00  4.135e-28
2.862e+03  1.000e+00  3.304e-28
2.863e+03  1.000e+00  2.640e-28
2.864e+03  1.000e+00  2.109e-28
2.865e+03  1.000e+00  1.684e-28
2.866e+03  1.000e+00  1.345e-28
2.867e+03  1.000e+00  1.074e-28
2.868e+03  1.000e+00  8.574e-29
2.869e+03  1.000e+00  6.843e-29
2.870e+03  1.000e+00  5.461e-29
2.871e+03  1.000e+00  4.357e-29
2.872e+03  1.000e+00  3.476e-29
2.873e+03  1.000e+00  2.772e-29
2.874e+03  1.000e+00  2.211e-29
2.875e+03  1.000e+00  1.763e-29
2.876e+03  1.000e+00  1.405e-29
2.877e+03  1.000e+00  1.120e-29
2.878e+03  1.000e+00  8.928e-30
2.879e+03  1.000e+00  7.114e-30
2.880e+03  1.000e+00  5.667e-30
2.881e+03  1.000e+00  4.514e-30
2.882e+03  1.000e+00  3.595e-30
2.883e+03  1.000e+00  2.863e-30
2.884e+03  1.000e+00  2.279e-30
2.885e+03  1.000e+00  1.814e-30
2.886e+03  1.000e+00  1.444e-30
2.887e+03  1.000e+00  1.149e-30
2.888e+03  1.000e+00  9.140e-31
2.889e+03  1.000e+00  7.271e-31
2.890e+03  1.000e+00  5.783e-31
2.891e+03  1.000e+00  4.598e-31
2.892e+03  1.000e+00  3.656e-31
2.893e+03  1.000e+00  2.906e-31
2.894e+03  1.000e+00  2.310e-31
2.895e+03  1.000e+00  1.835e-31
2.896e+03  1.000e+00  1.458e-31
2.897e+03  1.000e+00  1.158e-31
2.898e+03  1.000e+00  9.201e-32
2.899e+03  1.000e+00  7.307e-32
2.900e+03  1.000e+00  5.802e-32
2.901e+03  1.000e+00  4.606e-32
2.902e+03  1.000e+00  3.656e-32
2.903e+03  1.000e+00  2.901e-32
2.904e+03  1.000e+00  2.302e-32
2.905e+03  1.000e+00  1.826e-32
2.906e+03  1.000e+00  1.448e-32
2.907e+03  1.000e+00  1.149e-32
2.908e+03  1.000e+00  9.108e-33
2.909e+03  1.000e+00  7.221e-33
2.910e+03  1.000e+00  5.723e-33
2.911e+03  1.000e+00  4.536e-33
2.912e+03  1.000e+00  3.594e-33
2.913e+03  1.000e+00  2.847e-33
2.914e+03  1.000e+00  2.256e-33
2.915e+03  1.000e+00  1.786e-33
2.916e+03  1.000e+00  1.415e-33
2.917e+03  1.000e+00  1.120e-33
2.918e+03  1.000e+00  8.865e-34
2.919e+03  1.000e+00  7.016e-34
2.920e+03  1.000e+00  5.552e-34
2.921e+03  1.000e+00  4.393e-34
2.922e+03  1.000e+00  3.475e-34
2.923e+03  1.000e+00  2.748e-34
2.924e+03  1.000e+00  2.173e-34
2.925e+03  1.000e+00  1.718e-34
2.926e+03  1.000e+00  1.359e-34
2.927e+03  1.000e+00  1.074e-34
2.928e+03  1.000e+00  8.486e-35
2.929e+03  1.000e+00  6.705e-35
2.930e+03  1.000e+00  5.297e-35
2.931e+03  1.000e+00  4.184e-35
2.932e+03  1.000e+00  3.304e-35
2.933e+03  1.000e+00  2.609e-35
2.934e+03  1.000e+00  2.060e-35
2.935e+03  1.000e+00  1.626e-35
2.936e+03  1.000e+00  1.283e-35
2.937e+03  1.000e+00  1.012e-35
2.938e+03  1.000e+00  7.988e-36
2.939e+03  1.000e+00  6.301e-36
2.940e+03  1.000e+00  4.969e-36
2.941e+03  1.000e+00  3.918e-36
2.942e+03  1.000e+00  3.089e-36
2.943e+03  1.000e+00  2.435e-36
2.944e+03  1.000e+00  1.919e-36
2.945e+03  1.000e+00  1.513e-36
2.946e+03  1.000e+00  1.192e-36
2.947e+03  1.000e+00  9.388e-37
2.948e+03  1.000e+00  7.394e-37
2.949e+03  1.000e+00  5.823e-37
2.950e+03  1.000e+00  4.585e-37
2.951e+03  1.000e+00  3.609e-37
2.952e+03  1.000e+00  2.841e-37
2.953e+03  1.000e+00  2.236e-37
2.954e+03  1.000e+00  1.759e-37
2.955e+03  1.000e+00  1.384e-37
2.956e+03  1.000e+00  1.089e-37
2.957e+03  1.000e+00  8.561e-38
2.958e+03  1.000e+00  6.732e-38
2.959e+03  1.000e+00  5.293e-38
2.960e+03  1.000e+00  4.160e-38
2.961e+03  1.000e+00  3.270e-38
2.962e+03  1.000e+00  2.569e-38
2.963e+03  1.000e+00  2.019e-38
2.964e+03  1.000e+00  1.586e-38
2.965e+03  1.000e+00  1.245e-38
2.966e+03  1.000e+00  9.780e-39
2.967e+03  1.000e+00  7.679e-39
2.968e+03  1.000e+00  6.028e-39
2.969e+03  1.000e+00  4.731e-39
2.970e+03  1.000e+00  3.713e-39
2.971e+03  1.000e+00  2.913e-39
2.972e+03  1.000e+00  2.285e-39
2.973e+03  1.000e+00  1.793e-39
2.974e+03  1.000e+00  1.406e-39
2.975e+03  1.000e+00  1.102e-39
2.976e+03  1.000e+00  8.642e-40
2.977e+03  1.000e+00  6.774e-40
2.978e+03  1.000e+00  5.309e-40
2.979e+03  1.000e+00  4.160e-40
2.980e+03  1.000e+00  3.259e-40
2.981e+03  1.000e+00  2.553e-40
2.982e+03  1.000e+00  2.000e-40
2.983e+03  1.000e+00  1.566e-40
2.984e+03  1.000e+00  1.226e-40
2.985e+03  1.000e+00  9.601e-41
2.986e+03  1.000e+00  7.516e-41
2.987e+03  1.000e+00  5.885e-41
2.988e+03  1.000e+00  4.608e-41
2.989e+03  1.000e+00  3.610e-41
2.990e+03  1.000e+00  2.829e-41
2.991e+03  1.000e+00  2.220e-41
2.992e+03  1.000e+00  1.746e-41
2.993e+03  1.000e+00  1.378e-41
2.994e+03  1.000e+00  1.093e-41
2.995e+03  1.000e+00  8.756e-42
2.996e+03  1.000e+00  7.112e-42
2.997e+03  1.000e+00  5.903e-42
2.998e+03  1.000e+00  5.055e-42
2.999e+03  1.000e+00  4.516e-42
3.000e+03  1.000e+00  4.255e-42
