1.592654424040066852e+00
1.562604340567612882e+00
1.532554257095158468e+00
1.502504173622704498e+00
1.462437395659432537e+00
1.432387312186978345e+00
1.392320534223706163e+00
1.352253756260433981e+00
1.322203672787980011e+00
1.282136894824708051e+00
1.242070116861435869e+00
1.212020033388981677e+00
1.161936560934891505e+00
1.121869782971619545e+00
1.071786310517529373e+00
1.021702838063439200e+00
9.716193656093489173e-01
9.215358931552587451e-01
8.614357262103506940e-01
8.013355592654424209e-01
7.312186978297162687e-01
6.510851419031720155e-01
5.609348914858097723e-01
4.607679465776293726e-01
3.305509181969950028e-01
1.402337228714524431e-01
-1.001669449081803165e-02
-1.302170283806343976e-01
-2.203672787979966685e-01
-3.105175292153589672e-01
-3.906510851419032204e-01
-4.607679465776293726e-01
-5.308848080133555802e-01
-6.110183639398998334e-01
-6.911519198664440866e-01
-7.813021702838064408e-01
-8.714524207011686840e-01
-9.816360601001670183e-01
-1.111853088480801555e+00
-1.252086811352253859e+00
-1.402337228714524375e+00
-1.562604340567612882e+00
-1.682804674457428984e+00
-1.792988313856427540e+00
-1.893155258764607884e+00
-1.983305509181970017e+00
-2.054514480408858645e+00
-2.123239436619718479e+00
-2.184782608695652328e+00
-2.237476808905380476e+00
