1.592654424040066852e+00
1.562604340567612882e+00
1.532554257095158468e+00
1.502504173622704498e+00
1.462437395659432537e+00
1.432387312186978345e+00
1.392320534223706163e+00
1.352253756260433981e+00
1.322203672787980011e+00
1.282136894824708051e+00
1.242070116861435869e+00
1.212020033388981677e+00
1.161936560934891505e+00
1.121869782971619545e+00
1.071786310517529373e+00
1.021702838063439200e+00
9.716193656093489173e-01
9.215358931552587451e-01
8.614357262103506940e-01
8.013355592654424209e-01
7.312186978297162687e-01
6.510851419031720155e-01
5.609348914858097723e-01
4.607679465776293726e-01
3.305509181969950028e-01
1.402337228714524431e-01
-2.003338898163606330e-02
-1.402337228714524431e-01
-2.404006677796327318e-01
-3.405676126878130483e-01
-4.207011686143572460e-01
-5.008347245409014992e-01
-6.010016694490818434e-01
-7.011686143572621877e-01
-8.213689482470785119e-01
-1.001669449081802998e+00
-4.372093023255813726e+00
-4.388059701492537990e+00
-4.379562043795620419e+00
-4.356164383561644371e+00
-4.394904458598726471e+00
-4.387500000000000178e+00
-4.402366863905325722e+00
-4.406779661016949845e+00
-4.384615384615385025e+00
-4.412698412698413009e+00
-4.391752577319588013e+00
-4.402010050251256246e+00
-4.403940886699508006e+00
-4.384615384615385025e+00
