1.993322203672788007e+00
1.953255425709515825e+00
1.923205342237061855e+00
1.883138564273789894e+00
1.833055091819699500e+00
1.792988313856427540e+00
1.752921535893155358e+00
1.712854757929883398e+00
1.662771285475793004e+00
1.612687813021702832e+00
1.562604340567612882e+00
1.522537562604340478e+00
1.462437395659432537e+00
1.402337228714524375e+00
1.352253756260433981e+00
1.282136894824708051e+00
1.222036727879799667e+00
1.151919866444073515e+00
1.081803005008347363e+00
1.001669449081802998e+00
9.115191986644407551e-01
8.213689482470785119e-01
7.111853088480801777e-01
5.809682804674457524e-01
4.207011686143572460e-01
2.404006677796327318e-01
0.000000000000000000e+00
-1.071786310517529373e+00
-1.071786310517529373e+00
-1.071786310517529373e+00
-1.061769616026711160e+00
-1.071786310517529373e+00
-1.061769616026711160e+00
-1.061769616026711160e+00
-1.071786310517529373e+00
-1.061769616026711160e+00
-1.061769616026711160e+00
-1.071786310517529373e+00
-1.071786310517529373e+00
-1.061769616026711160e+00
-1.071786310517529373e+00
-1.071786310517529373e+00
-1.061769616026711160e+00
-1.061769616026711160e+00
-1.071786310517529373e+00
-1.071786310517529373e+00
-1.061769616026711160e+00
-1.061769616026711160e+00
-1.061769616026711160e+00
-1.071786310517529373e+00
