2.963144963144963118e+00
2.927536231884058093e+00
2.872037914691943250e+00
2.804651162790697594e+00
2.747152619589977363e+00
2.699331848552338542e+00
2.627450980392156854e+00
2.565957446808510678e+00
2.514522821576763878e+00
2.443548387096774466e+00
2.371819960861056842e+00
2.299810246679316883e+00
2.223853211009174657e+00
2.141342756183745699e+00
2.057724957555178591e+00
1.963272120200334037e+00
1.863105175292153470e+00
1.762938230383973348e+00
1.662771285475793004e+00
1.532554257095158468e+00
1.412353923205342365e+00
1.272120200333890061e+00
1.111853088480801555e+00
9.215358931552587451e-01
7.412353923205342587e-01
5.609348914858097723e-01
4.006677796327212104e-01
2.303839732888146863e-01
6.010016694490818295e-02
-1.101836393989983343e-01
-2.904841402337228762e-01
-4.908180300500835092e-01
-7.512520868113522488e-01
-1.322203672787980011e+00
-2.621359223300971042e+00
-2.704402515723270284e+00
-2.709677419354838968e+00
-2.713043478260869890e+00
-2.710526315789473895e+00
-2.722466960352422749e+00
-2.715231788079470299e+00
-2.713968957871397247e+00
-2.720000000000000195e+00
-2.720000000000000195e+00
-2.712694877505568147e+00
-2.712694877505568147e+00
-2.718750000000000000e+00
-2.718750000000000000e+00
-2.718750000000000000e+00
-2.711409395973154446e+00
