7.512520868113522488e-01
7.212020033388982787e-01
6.711185308848079956e-01
6.310517529215359245e-01
5.809682804674457524e-01
5.409015025041736813e-01
4.808013355592654636e-01
4.207011686143572460e-01
3.606010016694491394e-01
3.105175292153589672e-01
2.404006677796327318e-01
2.003338898163606052e-01
1.502504173622704609e-01
9.015025041736228484e-02
5.008347245409015130e-02
-1.001669449081803165e-02
-6.010016694490818295e-02
-1.101836393989983343e-01
-1.502504173622704609e-01
-2.103505843071786230e-01
-2.604340567612687951e-01
-3.105175292153589672e-01
-3.706176961602671294e-01
-4.307178631051753470e-01
-4.908180300500835092e-01
-5.709515859766277623e-01
-6.611018363939900055e-01
-7.712854757929884508e-01
-9.415692821368949472e-01
-1.252086811352253859e+00
-2.063439065108514381e+00
-2.213197969543147181e+00
-2.230366492146596880e+00
-2.234042553191489588e+00
-2.243291592128801692e+00
-2.248648648648648773e+00
-2.245931283905967746e+00
-2.243194192377495622e+00
-2.240437158469945622e+00
-2.244525547445255675e+00
-2.237659963436929189e+00
-2.237659963436929189e+00
-2.241758241758241788e+00
-2.245871559633027648e+00
-2.245871559633027648e+00
-2.250000000000000000e+00
-2.250000000000000000e+00
-2.238970588235294379e+00
-2.243093922651933969e+00
-2.243093922651933969e+00
