7.612687813021702388e-01
7.212020033388982787e-01
6.711185308848079956e-01
6.310517529215359245e-01
5.809682804674457524e-01
5.208681135225375902e-01
4.707846410684474736e-01
4.006677796327212104e-01
3.205342237061770128e-01
2.203672787979966685e-01
5.008347245409015130e-02
-4.106844741235392560e-01
-4.106844741235392560e-01
-4.106844741235392560e-01
-4.207011686143572460e-01
-4.106844741235392560e-01
-4.207011686143572460e-01
-4.106844741235392560e-01
-4.106844741235392560e-01
-4.207011686143572460e-01
-4.106844741235392560e-01
-4.207011686143572460e-01
-4.207011686143572460e-01
-4.106844741235392560e-01
-4.207011686143572460e-01
-4.207011686143572460e-01
-4.207011686143572460e-01
-4.106844741235392560e-01
-4.207011686143572460e-01
-4.207011686143572460e-01
-4.207011686143572460e-01
-4.207011686143572460e-01
-4.207011686143572460e-01
-4.106844741235392560e-01
-4.106844741235392560e-01
-4.207011686143572460e-01
-4.207011686143572460e-01
-4.207011686143572460e-01
-4.207011686143572460e-01
-4.207011686143572460e-01
-4.207011686143572460e-01
-4.207011686143572460e-01
-4.207011686143572460e-01
-4.207011686143572460e-01
-4.207011686143572460e-01
-4.106844741235392560e-01
-4.106844741235392560e-01
-4.106844741235392560e-01
-4.106844741235392560e-01
-4.106844741235392560e-01
