7.612687813021702388e-01
7.212020033388982787e-01
6.711185308848079956e-01
6.310517529215359245e-01
5.809682804674457524e-01
5.308848080133555802e-01
4.707846410684474736e-01
4.106844741235392560e-01
3.505843071786310938e-01
2.804674457429048862e-01
2.103505843071786230e-01
1.302170283806343976e-01
6.010016694490818295e-02
-1.001669449081803165e-02
-1.001669449081803026e-01
-2.103505843071786230e-01
-3.906510851419032204e-01
-1.392320534223706163e+00
-1.392320534223706163e+00
-1.402337228714524375e+00
-1.402337228714524375e+00
-1.412353923205342365e+00
-1.402337228714524375e+00
-1.402337228714524375e+00
-1.402337228714524375e+00
-1.402337228714524375e+00
-1.402337228714524375e+00
-1.402337228714524375e+00
-1.402337228714524375e+00
-1.402337228714524375e+00
-1.402337228714524375e+00
-1.402337228714524375e+00
-1.402337228714524375e+00
-1.412353923205342365e+00
-1.402337228714524375e+00
-1.402337228714524375e+00
-1.402337228714524375e+00
-1.412353923205342365e+00
-1.402337228714524375e+00
-1.412353923205342365e+00
-1.402337228714524375e+00
-1.402337228714524375e+00
-1.412353923205342365e+00
-1.412353923205342365e+00
-1.402337228714524375e+00
-1.402337228714524375e+00
-1.412353923205342365e+00
-1.412353923205342365e+00
-1.402337228714524375e+00
-1.402337228714524375e+00
