7.512520868113522488e-01
7.212020033388982787e-01
6.711185308848079956e-01
6.310517529215359245e-01
5.809682804674457524e-01
5.308848080133555802e-01
4.707846410684474736e-01
4.006677796327212104e-01
3.305509181969950028e-01
2.504173622704507496e-01
1.602671118530885064e-01
6.010016694490818295e-02
-7.011686143572622154e-02
-2.804674457429048862e-01
-9.916527545909850083e-01
-1.001669449081802998e+00
-9.916527545909850083e-01
-9.916527545909850083e-01
-9.916527545909850083e-01
-9.916527545909850083e-01
-9.916527545909850083e-01
-9.916527545909850083e-01
-9.916527545909850083e-01
-9.916527545909850083e-01
-9.916527545909850083e-01
-9.916527545909850083e-01
-1.001669449081802998e+00
-9.916527545909850083e-01
-9.916527545909850083e-01
-9.916527545909850083e-01
-1.001669449081802998e+00
-9.916527545909850083e-01
-9.916527545909850083e-01
-1.001669449081802998e+00
-9.916527545909850083e-01
-9.916527545909850083e-01
-1.001669449081802998e+00
-1.001669449081802998e+00
-9.916527545909850083e-01
-9.916527545909850083e-01
-9.916527545909850083e-01
-1.001669449081802998e+00
-1.001669449081802998e+00
-9.916527545909850083e-01
-9.916527545909850083e-01
-9.916527545909850083e-01
-9.916527545909850083e-01
-9.916527545909850083e-01
-1.001669449081802998e+00
-1.001669449081802998e+00
