1.179583966513522517e-58
9.771323591450328599e-59
9.194415691482139739e-59
9.972933926900564290e-59
1.370996943136733283e-58
2.433746288398323083e-58
6.156330378569319204e-58
1.948208741994998637e-57
8.578070619500784507e-57
5.860539251439739146e-56
6.450181024570830477e-55
1.205225915486240587e-55
1.063750461474202450e-56
1.041411121701801635e-57
1.176653979375099252e-58
1.665907512320644144e-59
3.569292999699856222e-60
1.443311067291418542e-60
1.906102143503446727e-60
2.004856155244405065e-59
9.720948704618484855e-53
7.762210205154020846e-35
7.275127137675159770e-14
3.800413473903882511e-01
-1.000000000000000000e+00
-1.000000000000000000e+00
-1.000000000000000000e+00
-1.000000000000000000e+00
-1.000000000000000000e+00
-1.000000000000000000e+00
-1.000000000000000000e+00
-1.000000000000000000e+00
-1.000000000000000000e+00
-1.000000000000000000e+00
-1.000000000000000000e+00
-1.000000000000000000e+00
-1.000000000000000000e+00
-1.000000000000000000e+00
-1.000000000000000000e+00
-1.000000000000000000e+00
-1.000000000000000000e+00
-1.000000000000000000e+00
-1.000000000000000000e+00
-1.000000000000000000e+00
-1.000000000000000000e+00
-1.000000000000000000e+00
-1.000000000000000000e+00
-1.000000000000000000e+00
-1.000000000000000000e+00
-1.000000000000000000e+00
