1.776480400333611431e+00
1.751459549624687417e+00
1.726438698915763403e+00
1.706422018348624059e+00
1.686405337781484715e+00
1.656380316930775587e+00
1.636363636363636243e+00
1.611342785654712229e+00
1.586321934945788215e+00
1.561301084236864201e+00
1.536280233527939965e+00
1.511259382819015951e+00
1.481234361968307045e+00
1.456213511259382809e+00
1.426188490408674125e+00
1.401167639699749889e+00
1.371142618849040984e+00
1.341117597998332078e+00
1.311092577147623173e+00
1.276063386155129376e+00
1.246038365304420470e+00
1.211009174311926673e+00
1.180984153461217767e+00
1.140950792326939300e+00
1.105921601334445503e+00
1.070892410341951706e+00
1.030859049207673239e+00
9.858215179316097698e-01
9.457881567973311920e-01
8.957464553794828310e-01
8.507089241034194727e-01
8.006672226855713337e-01
7.406171809841535225e-01
6.855713094245204919e-01
6.155129274395330086e-01
5.454545454545455252e-01
4.804003336113427669e-01
4.103419516263553390e-01
3.452877397831526363e-01
2.752293577981651529e-01
2.051709758131776695e-01
1.351125938281901584e-01
6.005004170141784586e-02
-2.001668056713928195e-02
-1.150959132610508834e-01
-2.201834862385321223e-01
-3.653044203502919252e-01
-1.926605504587156181e+00
-1.926605504587156181e+00
-1.926605504587156181e+00
