1.766472060050041648e+00
1.736447039199332742e+00
1.706422018348624059e+00
1.671392827356130262e+00
1.636363636363636243e+00
1.601334445371142667e+00
1.566305254378648870e+00
1.531276063386155295e+00
1.491242702251876606e+00
1.451209341117598139e+00
1.411175979983319451e+00
1.366138448707256092e+00
1.321100917431192734e+00
1.281067556296914045e+00
1.236030025020850687e+00
1.185988323603002659e+00
1.135946622185154409e+00
1.075896580483736598e+00
1.020850708924103456e+00
9.608006672226855338e-01
8.957464553794828310e-01
8.256880733944954587e-01
7.456213511259383031e-01
6.605504587155963669e-01
5.554628857381150864e-01
4.303586321934945724e-01
2.502085070892410279e-01
2.001668056713928195e-02
-1.926059513074842355e+00
-1.926605504587156181e+00
-1.926605504587156181e+00
-1.926605504587156181e+00
-1.926605504587156181e+00
-1.926605504587156181e+00
-1.926605504587156181e+00
-1.921601334445371068e+00
-1.926605504587156181e+00
-1.921601334445371068e+00
-1.926605504587156181e+00
-1.926605504587156181e+00
-1.926605504587156181e+00
-1.926605504587156181e+00
-1.926605504587156181e+00
-1.926605504587156181e+00
-1.921601334445371068e+00
-1.926605504587156181e+00
-1.926605504587156181e+00
-1.926605504587156181e+00
-1.926605504587156181e+00
-1.926605504587156181e+00
