1.776480400333611431e+00
1.751459549624687417e+00
1.731442869057548073e+00
1.716430358632193620e+00
1.691409507923269384e+00
1.676396997497914931e+00
1.651376146788990917e+00
1.631359466221851573e+00
1.611342785654712229e+00
1.586321934945788215e+00
1.561301084236864201e+00
1.541284403669724856e+00
1.521267723102585512e+00
1.496246872393661498e+00
1.466221851542952592e+00
1.446205170975813248e+00
1.416180150125104342e+00
1.396163469557964998e+00
1.366138448707256092e+00
1.341117597998332078e+00
1.316096747289408064e+00
1.281067556296914045e+00
1.256046705587990031e+00
1.226021684737281126e+00
1.195996663886572220e+00
1.165971643035863314e+00
1.130942452043369517e+00
1.100917431192660612e+00
1.060884070058381923e+00
1.025854879065888348e+00
9.908256880733945504e-01
9.507923269391158616e-01
9.107589658048373948e-01
8.707256046705588171e-01
8.206839032527106781e-01
7.756463719766473197e-01
7.256046705587990697e-01
6.705587989991660391e-01
6.155129274395330086e-01
5.604670558798999780e-01
5.004170141784820558e-01
4.453711426188490807e-01
3.953294412010008307e-01
3.402835696413678557e-01
2.852376980817348251e-01
2.301918265221017668e-01
1.751459549624687362e-01
1.201000834028356917e-01
6.005004170141784586e-02
-5.004170141784820489e-03
