2.665193370165745979e+00
2.659316427783903425e+00
2.653465346534653602e+00
2.647639956092206592e+00
2.641840087623220423e+00
2.638949671772429006e+00
2.626637554585153023e+00
2.627450980392156854e+00
2.621739130434782794e+00
2.616052060737527274e+00
2.610389610389610482e+00
2.604751619870410373e+00
2.599137931034483096e+00
2.593548387096774377e+00
2.587982832618025864e+00
2.585209003215434453e+00
2.579679144385026657e+00
2.574172892209178443e+00
2.568690095846645427e+00
2.563230605738576084e+00
2.557794273594910184e+00
2.549682875264270621e+00
2.544303797468354666e+00
2.538947368421053064e+00
2.533613445378151585e+00
2.528301886792453157e+00
2.523012552301255429e+00
2.517745302713987332e+00
2.512500000000000178e+00
2.507276507276507527e+00
2.499481865284974180e+00
2.494312306101344578e+00
2.489164086687306821e+00
2.484037075180226761e+00
2.476386036960986026e+00
2.471311475409835978e+00
2.466257668711656859e+00
2.461224489795918569e+00
2.453713123092573944e+00
2.448730964467005222e+00
2.441295546558704732e+00
2.436363636363636509e+00
2.431451612903225978e+00
2.432160804020100819e+00
2.428093645484949992e+00
2.419999999999999929e+00
2.409600000000000186e+00
2.410714285714286031e+00
2.400000000000000355e+00
2.396716826265389955e+00
