1.772954924874791338e+00
1.752921535893155358e+00
1.732888146911519378e+00
1.712854757929883398e+00
1.702838063439064964e+00
1.682804674457428984e+00
1.652754590984975014e+00
1.632721202003339034e+00
1.612687813021702832e+00
1.592654424040066852e+00
1.572621035058430872e+00
1.542570951585976902e+00
1.522537562604340478e+00
1.502504173622704498e+00
1.482470784641068517e+00
1.452420701168614547e+00
1.432387312186978345e+00
1.402337228714524375e+00
1.382303839732888173e+00
1.362270450751252193e+00
1.332220367278798001e+00
1.302170283806344031e+00
1.272120200333890061e+00
1.242070116861435869e+00
1.222036727879799667e+00
1.191986644407345697e+00
1.161936560934891505e+00
1.131886477462437535e+00
1.091819699499165353e+00
1.061769616026711160e+00
1.031719532554257190e+00
9.916527545909850083e-01
9.515859766277129372e-01
9.215358931552587451e-01
8.814691151919866741e-01
8.414023372287144920e-01
8.013355592654424209e-01
7.612687813021702388e-01
7.212020033388982787e-01
6.811352253756260966e-01
6.510851419031720155e-01
6.210350584307179345e-01
5.909849749582637424e-01
5.609348914858097723e-01
5.308848080133555802e-01
5.008347245409014992e-01
4.707846410684474736e-01
4.507512520868113826e-01
4.307178631051753470e-01
4.006677796327212104e-01
