1.772954924874791338e+00
1.742904841402337368e+00
1.702838063439064964e+00
1.672787979966610994e+00
1.642737896494157024e+00
1.612687813021702832e+00
1.572621035058430872e+00
1.532554257095158468e+00
1.502504173622704498e+00
1.472454090150250527e+00
1.422370617696160355e+00
1.392320534223706163e+00
1.342237061769615991e+00
1.302170283806344031e+00
1.262103505843071849e+00
1.212020033388981677e+00
1.171953255425709495e+00
1.121869782971619545e+00
1.071786310517529373e+00
1.011686143572620988e+00
9.515859766277129372e-01
8.914858096828046641e-01
8.213689482470785119e-01
7.512520868113522488e-01
6.711185308848079956e-01
5.809682804674457524e-01
4.607679465776293726e-01
3.505843071786310938e-01
2.704507512520868406e-01
1.803005008347245697e-01
1.202003338898163659e-01
5.008347245409015130e-02
-1.001669449081803165e-02
-7.011686143572622154e-02
-1.202003338898163659e-01
-1.702838063439065242e-01
-2.203672787979966685e-01
-2.604340567612687951e-01
-3.105175292153589672e-01
-3.505843071786310938e-01
-4.006677796327212104e-01
-4.407345575959933370e-01
-4.808013355592654636e-01
-5.308848080133555802e-01
-5.609348914858097723e-01
-6.110183639398998334e-01
-6.510851419031720155e-01
-6.811352253756260966e-01
-7.212020033388982787e-01
-7.612687813021702388e-01
