1.782971619365609328e+00
1.782971619365609328e+00
1.772954924874791338e+00
1.772954924874791338e+00
1.762938230383973348e+00
1.762938230383973348e+00
1.762938230383973348e+00
1.752921535893155358e+00
1.742904841402337368e+00
1.742904841402337368e+00
1.732888146911519378e+00
1.732888146911519378e+00
1.732888146911519378e+00
1.722871452420701388e+00
1.722871452420701388e+00
1.722871452420701388e+00
1.712854757929883398e+00
1.712854757929883398e+00
1.712854757929883398e+00
1.692821368948246974e+00
1.692821368948246974e+00
1.692821368948246974e+00
1.682804674457428984e+00
1.682804674457428984e+00
1.682804674457428984e+00
1.682804674457428984e+00
1.662771285475793004e+00
1.662771285475793004e+00
1.662771285475793004e+00
1.662771285475793004e+00
1.652754590984975014e+00
1.652754590984975014e+00
1.642737896494157024e+00
1.642737896494157024e+00
1.632721202003339034e+00
1.632721202003339034e+00
1.622704507512520822e+00
1.622704507512520822e+00
1.622704507512520822e+00
1.612687813021702832e+00
1.602671118530884842e+00
1.602671118530884842e+00
1.602671118530884842e+00
1.602671118530884842e+00
1.592654424040066852e+00
1.582637729549248862e+00
1.582637729549248862e+00
1.572621035058430872e+00
1.572621035058430872e+00
1.572621035058430872e+00
