1.772954924874791338e+00
1.762938230383973348e+00
1.742904841402337368e+00
1.732888146911519378e+00
1.712854757929883398e+00
1.702838063439064964e+00
1.682804674457428984e+00
1.672787979966610994e+00
1.652754590984975014e+00
1.642737896494157024e+00
1.622704507512520822e+00
1.612687813021702832e+00
1.592654424040066852e+00
1.572621035058430872e+00
1.552587646076794892e+00
1.542570951585976902e+00
1.522537562604340478e+00
1.502504173622704498e+00
1.492487479131886507e+00
1.472454090150250527e+00
1.452420701168614547e+00
1.432387312186978345e+00
1.412353923205342365e+00
1.402337228714524375e+00
1.372287145242070183e+00
1.352253756260433981e+00
1.342237061769615991e+00
1.312186978297162021e+00
1.292153589315526041e+00
1.282136894824708051e+00
1.252086811352253859e+00
1.232053422370617879e+00
1.212020033388981677e+00
1.181969949916527485e+00
1.161936560934891505e+00
1.141903171953255525e+00
1.121869782971619545e+00
1.091819699499165353e+00
1.061769616026711160e+00
1.041736227045075180e+00
1.011686143572620988e+00
9.916527545909850083e-01
9.616026711185309273e-01
9.315525876460767352e-01
9.015025041736227651e-01
8.714524207011686840e-01
8.514190317195324820e-01
8.213689482470785119e-01
8.013355592654424209e-01
7.712854757929884508e-01
