1.762938230383973348e+00
1.742904841402337368e+00
1.722871452420701388e+00
1.702838063439064964e+00
1.682804674457428984e+00
1.652754590984975014e+00
1.642737896494157024e+00
1.602671118530884842e+00
1.582637729549248862e+00
1.552587646076794892e+00
1.542570951585976902e+00
1.502504173622704498e+00
1.482470784641068517e+00
1.452420701168614547e+00
1.422370617696160355e+00
1.392320534223706163e+00
1.362270450751252193e+00
1.332220367278798001e+00
1.302170283806344031e+00
1.272120200333890061e+00
1.242070116861435869e+00
1.202003338898163687e+00
1.171953255425709495e+00
1.131886477462437535e+00
1.101836393989983343e+00
1.061769616026711160e+00
1.021702838063439200e+00
9.816360601001670183e-01
9.415692821368949472e-01
9.015025041736227651e-01
8.514190317195324820e-01
8.013355592654424209e-01
7.512520868113522488e-01
6.911519198664440866e-01
6.410684474123540255e-01
6.010016694490818434e-01
5.609348914858097723e-01
5.208681135225375902e-01
4.808013355592654636e-01
4.507512520868113826e-01
4.106844741235392560e-01
3.806343906510851194e-01
3.505843071786310938e-01
3.205342237061770128e-01
2.904841402337228762e-01
2.604340567612687951e-01
2.303839732888146863e-01
2.103505843071786230e-01
1.803005008347245697e-01
1.502504173622704609e-01
