8.557130942452043643e-01
8.356964136780651309e-01
8.156797331109257865e-01
7.906588824020016615e-01
7.656380316930776475e-01
7.456213511259383031e-01
7.206005004170141781e-01
6.955796497080900531e-01
6.655546288573811475e-01
6.405337781484570225e-01
6.105087572977481170e-01
5.804837364470393224e-01
5.504587155963303058e-01
5.154295246038366196e-01
4.804003336113427669e-01
4.403669724770642446e-01
3.953294412010008307e-01
3.402835696413678557e-01
2.852376980817348251e-01
2.101751459549624501e-01
9.007506255212677226e-02
-1.060884070058381923e+00
-1.125938281901584626e+00
-1.180984153461217767e+00
-1.246038365304420470e+00
-1.311092577147623173e+00
-1.371142618849040984e+00
-1.441201000834028356e+00
-1.506255212677231281e+00
-1.571309424520433540e+00
-1.641367806505421356e+00
-1.716430358632193620e+00
-1.786488740617180992e+00
-1.861551292743953478e+00
-1.936613844870725742e+00
-2.023430962343096606e+00
-2.109947643979057652e+00
-2.200181983621474213e+00
-2.294117647058823373e+00
-2.394059405940594409e+00
-2.494312306101344578e+00
-2.607567567567567579e+00
-2.728506787330316818e+00
-2.895558223289315780e+00
-3.525423728813559698e+00
-3.541125541125540899e+00
-3.549418604651163101e+00
-3.551020408163265252e+00
-3.543859649122807376e+00
-3.549048316251830482e+00
