8.557130942452043643e-01
8.356964136780651309e-01
8.156797331109257865e-01
7.906588824020016615e-01
7.706422018348624281e-01
7.456213511259383031e-01
7.206005004170141781e-01
6.955796497080900531e-01
6.655546288573811475e-01
6.405337781484570225e-01
6.105087572977481170e-01
5.804837364470393224e-01
5.504587155963303058e-01
5.154295246038366196e-01
4.804003336113427669e-01
4.403669724770642446e-01
3.953294412010008307e-01
3.452877397831526363e-01
2.852376980817348251e-01
2.101751459549624501e-01
9.507923269391159449e-02
-1.060884070058381923e+00
-1.120934111759799956e+00
-1.185988323603002659e+00
-1.246038365304420470e+00
-1.311092577147623173e+00
-1.376146788990825875e+00
-1.441201000834028356e+00
-1.506255212677231281e+00
-1.571309424520433540e+00
-1.641367806505421356e+00
-1.711426188490408729e+00
-1.781484570475396323e+00
-1.861551292743953478e+00
-1.941618015012510412e+00
-2.025125628140703515e+00
-2.109947643979057652e+00
-2.200181983621474213e+00
-2.288425047438330306e+00
-2.388118811881188464e+00
-2.494312306101344578e+00
-2.782312925170068230e+00
-3.245773732119636268e+00
-3.258278145695364447e+00
-3.260347129506008024e+00
-3.265415549597855627e+00
-3.261744966442952975e+00
-3.262449528936743004e+00
-3.262449528936743004e+00
-3.266846361185984371e+00
