8.557130942452043643e-01
8.356964136780651309e-01
8.156797331109257865e-01
7.906588824020016615e-01
7.706422018348624281e-01
7.456213511259383031e-01
7.206005004170141781e-01
6.955796497080900531e-01
6.655546288573811475e-01
6.405337781484570225e-01
6.105087572977481170e-01
5.804837364470393224e-01
5.504587155963303058e-01
5.154295246038366196e-01
4.804003336113427669e-01
4.403669724770642446e-01
3.953294412010008307e-01
3.452877397831526363e-01
2.852376980817348251e-01
2.101751459549624501e-01
9.507923269391159449e-02
-1.060884070058381923e+00
-1.120934111759799956e+00
-1.185988323603002659e+00
-1.246038365304420470e+00
-1.311092577147623173e+00
-1.376146788990825875e+00
-1.436196830692243465e+00
-1.506255212677231281e+00
-1.576313594662218653e+00
-1.641367806505421356e+00
-1.711426188490408729e+00
-1.786488740617180992e+00
-1.861551292743953478e+00
-1.936613844870725742e+00
-2.025125628140703515e+00
-2.109947643979057652e+00
-2.194722474977252258e+00
-2.290598290598290898e+00
-2.473469387755102389e+00
-3.025331724969843261e+00
-3.040690505548705236e+00
-3.044776119402985426e+00
-3.048689138576779367e+00
-3.041301627033792698e+00
-3.048933500627352799e+00
-3.045226130653266416e+00
-3.049056603773585117e+00
-3.049056603773585117e+00
-3.045340050377833840e+00
