8.557130942452043643e-01
8.356964136780651309e-01
8.156797331109257865e-01
7.906588824020016615e-01
7.656380316930776475e-01
7.456213511259383031e-01
7.206005004170141781e-01
6.955796497080900531e-01
6.655546288573811475e-01
6.405337781484570225e-01
6.105087572977481170e-01
5.804837364470393224e-01
5.504587155963303058e-01
5.154295246038366196e-01
4.804003336113427669e-01
4.403669724770642446e-01
3.953294412010008307e-01
3.402835696413678557e-01
2.852376980817348251e-01
2.101751459549624501e-01
9.007506255212677226e-02
-1.060884070058381923e+00
-1.125938281901584626e+00
-1.185988323603002659e+00
-1.246038365304420470e+00
-1.311092577147623173e+00
-1.371142618849040984e+00
-1.441201000834028356e+00
-1.506255212677231281e+00
-1.571309424520433540e+00
-1.641367806505421356e+00
-1.711426188490408729e+00
-1.786488740617180992e+00
-1.861551292743953478e+00
-1.936613844870725742e+00
-2.028451882845188514e+00
-2.109947643979057652e+00
-2.194722474977252258e+00
-2.294117647058823373e+00
-2.388118811881188464e+00
-2.494312306101344578e+00
-2.607567567567567579e+00
-2.728506787330316818e+00
-2.861209964412811502e+00
-3.504132231404958997e+00
-3.633431085043988595e+00
-3.632047477744807296e+00
-3.635820895522388518e+00
-3.637724550898203457e+00
-3.634182908545727120e+00
