8.557130942452043643e-01
8.356964136780651309e-01
8.156797331109257865e-01
7.906588824020016615e-01
7.656380316930776475e-01
7.406171809841535225e-01
7.206005004170141781e-01
6.955796497080900531e-01
6.655546288573811475e-01
6.405337781484570225e-01
6.105087572977481170e-01
5.804837364470393224e-01
5.504587155963303058e-01
5.154295246038366196e-01
4.804003336113427669e-01
4.353628023352794085e-01
3.953294412010008307e-01
3.402835696413678557e-01
2.852376980817348251e-01
2.101751459549624501e-01
9.507923269391159449e-02
-1.060884070058381923e+00
-1.125938281901584626e+00
-1.185988323603002659e+00
-1.251042535446205362e+00
-1.311092577147623173e+00
-1.376146788990825875e+00
-1.441201000834028356e+00
-1.506255212677231281e+00
-1.576313594662218653e+00
-1.641367806505421356e+00
-1.711426188490408729e+00
-1.781484570475396323e+00
-1.861551292743953478e+00
-1.941618015012510412e+00
-2.023430962343096606e+00
-2.108108108108108336e+00
-2.198181818181818681e+00
-2.291943127962085658e+00
-2.391691394658753911e+00
-2.497933884297520724e+00
-2.611231101511879427e+00
-2.721719457013574761e+00
-2.857819905213270228e+00
-3.003735990037359915e+00
-3.161205766710354137e+00
-3.327800829875518840e+00
-4.068292682926830217e+00
-4.100000000000000533e+00
-4.104201680672269426e+00
