8.557130942452043643e-01
8.356964136780651309e-01
8.156797331109257865e-01
7.906588824020016615e-01
7.706422018348624281e-01
7.456213511259383031e-01
7.206005004170141781e-01
6.955796497080900531e-01
6.655546288573811475e-01
6.405337781484570225e-01
6.105087572977481170e-01
5.804837364470393224e-01
5.504587155963303058e-01
5.154295246038366196e-01
4.804003336113427669e-01
4.403669724770642446e-01
3.903252710592160502e-01
3.452877397831526363e-01
2.902418682235196612e-01
2.101751459549624501e-01
9.507923269391159449e-02
-1.060884070058381923e+00
-1.120934111759799956e+00
-1.185988323603002659e+00
-1.246038365304420470e+00
-1.311092577147623173e+00
-1.371142618849040984e+00
-1.441201000834028356e+00
-1.526271893244370181e+00
-2.021684737281067790e+00
-2.180398959236773848e+00
-2.185676392572944327e+00
-2.187165775401069379e+00
-2.191584601611459515e+00
-2.188679245283018826e+00
-2.192619261926192831e+00
-2.191163210099188685e+00
-2.193140794223826795e+00
-2.189701897018970556e+00
-2.191681735985533841e+00
-2.193665158371040924e+00
-2.193665158371040924e+00
-2.190217391304348116e+00
-2.190217391304348116e+00
-2.190217391304348116e+00
-2.192203082502266476e+00
-2.192203082502266476e+00
-2.192203082502266476e+00
-2.194192377495463031e+00
-2.194192377495463031e+00
