8.557130942452043643e-01
8.356964136780651309e-01
8.156797331109257865e-01
7.906588824020016615e-01
7.706422018348624281e-01
7.456213511259383031e-01
7.206005004170141781e-01
6.955796497080900531e-01
6.655546288573811475e-01
6.405337781484570225e-01
6.155129274395330086e-01
5.804837364470393224e-01
5.504587155963303058e-01
5.154295246038366196e-01
4.804003336113427669e-01
4.403669724770642446e-01
3.903252710592160502e-01
3.452877397831526363e-01
2.852376980817348251e-01
2.151793160967472862e-01
9.507923269391159449e-02
-1.060884070058381923e+00
-1.120934111759799956e+00
-1.185988323603002659e+00
-1.246038365304420470e+00
-1.311092577147623173e+00
-1.376146788990825875e+00
-1.441201000834028356e+00
-1.506255212677231281e+00
-1.576313594662218653e+00
-1.641367806505421356e+00
-1.781484570475396323e+00
-2.335164835164835306e+00
-2.358974358974359031e+00
-2.363112391930835887e+00
-2.362934362934363097e+00
-2.366279069767442067e+00
-2.365048543689320493e+00
-2.363813229571984476e+00
-2.366114897760467795e+00
-2.362573099415204769e+00
-2.364878048780488129e+00
-2.367187500000000000e+00
-2.367187500000000000e+00
-2.363636363636363757e+00
-2.363636363636363757e+00
-2.365949119373777165e+00
-2.365949119373777165e+00
-2.365949119373777165e+00
-2.368266405484819259e+00
