1.810452613153288315e+00
1.787446861715428881e+00
1.763440860215053752e+00
1.739434858714678622e+00
1.714428607151788020e+00
1.690422605651412891e+00
1.664416104026006593e+00
1.639409852463115769e+00
1.613403350837709471e+00
1.587396849212303174e+00
1.559389847461865486e+00
1.532383095773943715e+00
1.504376094023505805e+00
1.476369092273068340e+00
1.446361590397599484e+00
1.417354338584646101e+00
1.387346836709177245e+00
1.356339084771192693e+00
1.324331082770692669e+00
1.291322830707676950e+00
1.258314578644661008e+00
1.223305826456614120e+00
1.187296824206051538e+00
1.151287821955488955e+00
1.112278069517379286e+00
1.073268317079269840e+00
1.032258064516129004e+00
9.902475618904726939e-01
9.462365591397849940e-01
8.992248062015504306e-01
8.502125531382845880e-01
7.991997999499874661e-01
7.481870467616904552e-01
6.981745436359090284e-01
6.511627906976744651e-01
6.071517879469867651e-01
5.661415353838459286e-01
5.271317829457364823e-01
4.901225306326581488e-01
4.541135283820955104e-01
4.201050262565642068e-01
3.880970242560640160e-01
3.560890222555638807e-01
3.260815203800950246e-01
2.970742685671418082e-01
2.680670167541885363e-01
2.410602650662665991e-01
2.140535133783445787e-01
1.870467616904226138e-01
1.610402600650162608e-01
