1.804451112778194810e+00
1.769442360590147700e+00
1.735433858464616064e+00
1.698424606151537786e+00
1.662415603900975203e+00
1.623405851462865757e+00
1.585396349087271783e+00
1.544386096524130947e+00
1.504376094023505805e+00
1.461365341335333801e+00
1.417354338584646101e+00
1.372343085771442928e+00
1.326331582895723837e+00
1.278319579894973801e+00
1.227306826706676679e+00
1.174293573393348389e+00
1.119279819954988708e+00
1.061265316329082165e+00
1.000250062515628979e+00
9.332333083270817342e-01
8.622155538884721526e-01
7.851962990747687332e-01
6.991747936984246126e-01
6.011502875718929273e-01
4.821205301325331982e-01
3.310827706926731673e-01
1.730432608152037699e-01
4.701175293823455642e-02
-6.401600400100025678e-02
-1.710427606901725461e-01
-2.840710177544386039e-01
-3.309755149630781101e+00
-3.310179640718562855e+00
-3.310012062726176207e+00
-3.310456197012515034e+00
-3.310121457489878516e+00
-3.309002433090024731e+00
-3.309504467912266268e+00
-3.310288735258235526e+00
-3.309727309727309663e+00
-3.309164969450102411e+00
-3.310232368528332803e+00
-3.309669522643818862e+00
-3.311020408163265483e+00
-3.310739077174357003e+00
-3.310457516339869066e+00
-3.310175725378013745e+00
-3.309893704006541260e+00
-3.309611451942740423e+00
-3.311247443762781462e+00
