1.803336883209087915e+00
1.766548042704626509e+00
1.728765167737330577e+00
1.689334287759484576e+00
1.649085037674919318e+00
1.609211946743432931e+00
1.567099567099567103e+00
1.524222704266088302e+00
1.479710144927536275e+00
1.433551198257080550e+00
1.384727272727272585e+00
1.335761107064821651e+00
1.285294117647058920e+00
1.231231231231231238e+00
1.175384615384615472e+00
1.116831683168316935e+00
1.054187192118226646e+00
9.871244635193132666e-01
9.153776160145588037e-01
8.378511582060128582e-01
7.520798668885192440e-01
6.531165311653116534e-01
5.350318471337579540e-01
-1.726431607901975473e+00
-2.709472345835982399e+00
-3.395161290322580516e+00
-3.395234182415776569e+00
-3.395695364238410452e+00
-3.394846217788860976e+00
-3.394747811588161746e+00
-3.395407098121085987e+00
-3.396068590547888011e+00
-3.395562997069903943e+00
-3.395056556346879084e+00
-3.396226415094339757e+00
-3.394041124632816153e+00
-3.395465994962216794e+00
-3.395212095758084914e+00
-3.394957983193277240e+00
-3.394703656998738772e+00
-3.394449116904961983e+00
-3.395877156079091463e+00
-3.394194362641985485e+00
-3.395622895622896209e+00
-3.395622895622896209e+00
-3.395368421052631369e+00
-3.393684210526315859e+00
-3.395113732097725379e+00
-3.395113732097725379e+00
-3.395113732097725379e+00
