1.820455113778444600e+00
1.816454113528382042e+00
1.813453363340835178e+00
1.809452363090772620e+00
1.806451612903225978e+00
1.802450612653163198e+00
1.798449612403100861e+00
1.795448862215553998e+00
1.792448112028006912e+00
1.788447111777944576e+00
1.784446111527882017e+00
1.781445361340335154e+00
1.777444361090272595e+00
1.773443360840210037e+00
1.770442610652663173e+00
1.766441610402600615e+00
1.763440860215053752e+00
1.759439859964991193e+00
1.756439109777444552e+00
1.751437859464866298e+00
1.748437109277319434e+00
1.745436359089772571e+00
1.740435108777194317e+00
1.737434358589647454e+00
1.734433608402100591e+00
1.729432358089522337e+00
1.726431607901975473e+00
1.722430607651912915e+00
1.719429857464366274e+00
1.715428857214303493e+00
1.711427856964241156e+00
1.708427106776694293e+00
1.704426106526631957e+00
1.700425106276569176e+00
1.696424106026506617e+00
1.692423105776444059e+00
1.688422105526381500e+00
1.684421105276319164e+00
1.680420105026256827e+00
1.676419104776194047e+00
1.673418354588647183e+00
1.669417354338584847e+00
1.665416354088522066e+00
1.662415603900975203e+00
1.657414353588397171e+00
1.654413603400850530e+00
1.650412603150787749e+00
1.646411602900725191e+00
1.642410602650662632e+00
1.638409602400600074e+00
