2.875213401331393910e-65
2.757110218425282008e-66
2.639897868475327965e-67
2.040412547092178162e-68
1.456815773312421131e-69
9.834930905654859626e-71
1.344704405189213916e-70
5.427994522790446958e-70
3.738407216783274055e-69
3.595979469051363023e-68
6.182910338140953170e-67
1.752739125192395046e-65
9.437386305509843162e-64
1.111896384173743514e-61
2.979299967690875913e-59
1.903094600513405491e-56
3.392057683033669524e-53
1.988780344142124191e-49
5.010603475313696304e-45
5.833996247083375633e-43
1.328910997003380284e-43
4.488525959724006027e-44
4.081243990415097232e-44
6.371616148994145401e-43
1.283126988320681089e-13
-1.000000000000000000e+00
-1.000000000000000000e+00
-1.000000000000000000e+00
-1.000000000000000000e+00
-1.000000000000000000e+00
-1.000000000000000000e+00
-1.000000000000000000e+00
-1.000000000000000000e+00
-1.000000000000000000e+00
-1.000000000000000000e+00
-1.000000000000000000e+00
-1.000000000000000000e+00
-1.000000000000000000e+00
-1.000000000000000000e+00
-1.000000000000000000e+00
-1.000000000000000000e+00
-1.000000000000000000e+00
-1.000000000000000000e+00
-1.000000000000000000e+00
-1.000000000000000000e+00
-1.000000000000000000e+00
-1.000000000000000000e+00
-1.000000000000000000e+00
-1.000000000000000000e+00
-1.000000000000000000e+00
