7.741959876677543274e-65
7.316978706708649306e-66
6.892485893404880219e-67
5.237228152866591408e-68
3.669318015675012031e-69
2.714018056097149609e-70
6.969516141855072026e-70
2.387693354443906027e-69
1.390517429753650368e-68
1.128076200400611721e-67
1.462481356715834695e-66
3.476899090558549790e-65
1.564281194149574963e-63
1.381700805924518915e-61
2.772106508622601515e-59
1.462503292160406225e-56
1.936410736146365556e-53
9.198007347577971544e-50
1.535849444746676823e-45
5.974135119195374467e-43
1.157436240355362891e-43
3.133405487889029311e-44
2.050905702742525005e-44
1.368257523122457189e-43
1.027268908522364806e-17
8.669224670120084797e-01
-1.000000000000000000e+00
-1.000000000000000000e+00
-1.000000000000000000e+00
-1.000000000000000000e+00
-1.000000000000000000e+00
-1.000000000000000000e+00
-1.000000000000000000e+00
-1.000000000000000000e+00
-1.000000000000000000e+00
-1.000000000000000000e+00
-1.000000000000000000e+00
-1.000000000000000000e+00
-1.000000000000000000e+00
-1.000000000000000000e+00
-1.000000000000000000e+00
-1.000000000000000000e+00
-1.000000000000000000e+00
-1.000000000000000000e+00
-1.000000000000000000e+00
-1.000000000000000000e+00
-1.000000000000000000e+00
-1.000000000000000000e+00
-1.000000000000000000e+00
-1.000000000000000000e+00
