2.831814460827495990e-65
2.716132491612517891e-66
2.601352345499438302e-67
2.011182003859249194e-68
1.436392469209179812e-69
9.700450175372050171e-71
1.327178175383053994e-70
5.361392793186447074e-70
3.695685493750197111e-69
3.558157265402641999e-68
6.124072733381902299e-67
1.737982170426183507e-65
9.369399806154713835e-64
1.105403609140391457e-61
2.966524631990541405e-59
1.898356739060014117e-56
3.390892362826995858e-53
2.190084664072204814e-49
5.039219352907436792e-45
5.893498223392044897e-43
1.351404932802570342e-43
4.282547074602647439e-44
4.285404472185035352e-44
6.630820818242911454e-43
1.535656799680064686e-13
-1.000000000000000000e+00
-1.000000000000000000e+00
-1.000000000000000000e+00
-1.000000000000000000e+00
-1.000000000000000000e+00
-1.000000000000000000e+00
-1.000000000000000000e+00
-1.000000000000000000e+00
-1.000000000000000000e+00
-1.000000000000000000e+00
-1.000000000000000000e+00
-1.000000000000000000e+00
-1.000000000000000000e+00
-1.000000000000000000e+00
-1.000000000000000000e+00
-1.000000000000000000e+00
-1.000000000000000000e+00
-1.000000000000000000e+00
-1.000000000000000000e+00
-1.000000000000000000e+00
-1.000000000000000000e+00
-1.000000000000000000e+00
-1.000000000000000000e+00
-1.000000000000000000e+00
-1.000000000000000000e+00
