1.762711864406779849e+00
1.726495726495726579e+00
1.689655172413793149e+00
1.669565217391304479e+00
1.614035087719298156e+00
1.579881656804733803e+00
1.558208955223880698e+00
1.504531722054380793e+00
1.467889908256880815e+00
1.425925925925926041e+00
1.387500000000000178e+00
1.348101265822784889e+00
1.288461538461538547e+00
1.242718446601941862e+00
1.196078431372549211e+00
1.128712871287128827e+00
1.072847682119205448e+00
1.016611295681063121e+00
9.463087248322147316e-01
8.814691151919866741e-01
8.013355592654424209e-01
7.212020033388982787e-01
6.210350584307179345e-01
5.008347245409014992e-01
3.505843071786310938e-01
1.101836393989983343e-01
-1.913188647746243864e+00
-1.913188647746243864e+00
-1.903171953255425874e+00
-1.913188647746243864e+00
-1.903171953255425874e+00
-1.913188647746243864e+00
-1.903171953255425874e+00
-1.903171953255425874e+00
-1.913188647746243864e+00
-1.903171953255425874e+00
-1.903171953255425874e+00
-1.913188647746243864e+00
-1.903171953255425874e+00
-1.903171953255425874e+00
-1.913188647746243864e+00
-1.913188647746243864e+00
-1.913188647746243864e+00
-1.913188647746243864e+00
-1.903171953255425874e+00
-1.903171953255425874e+00
-1.903171953255425874e+00
-1.903171953255425874e+00
-1.913188647746243864e+00
-1.913188647746243864e+00
