4.128910102407314158e-129
3.431100451872953880e-126
3.535167101215563596e-123
4.462082452456622524e-120
7.386100151265854081e-117
1.557447762553601730e-113
4.402397716915144033e-110
1.660181700488519570e-106
8.993679075966023717e-103
7.010223404097750185e-99
8.521164638580500693e-95
1.636728608812627137e-90
5.555758609624123107e-86
3.573820972494428195e-81
5.013056571438196866e-76
1.846061388015030898e-70
2.340001642979663725e-64
1.693297796741175970e-57
1.894705540353109917e-49
7.580551835025930559e-49
1.680810377566698751e-31
8.208150071921843649e-01
-1.000000000000000000e+00
-1.000000000000000000e+00
-1.000000000000000000e+00
-1.000000000000000000e+00
-1.000000000000000000e+00
-1.000000000000000000e+00
-1.000000000000000000e+00
-1.000000000000000000e+00
-1.000000000000000000e+00
-1.000000000000000000e+00
-1.000000000000000000e+00
-1.000000000000000000e+00
-1.000000000000000000e+00
-1.000000000000000000e+00
-1.000000000000000000e+00
-1.000000000000000000e+00
-1.000000000000000000e+00
-1.000000000000000000e+00
-1.000000000000000000e+00
-1.000000000000000000e+00
-1.000000000000000000e+00
-1.000000000000000000e+00
-1.000000000000000000e+00
-1.000000000000000000e+00
-1.000000000000000000e+00
-1.000000000000000000e+00
-1.000000000000000000e+00
-1.000000000000000000e+00
