1.808452113028257147e+00
1.782445611402850849e+00
1.755438859714928634e+00
1.727431857964491169e+00
1.699424856214053481e+00
1.671417854463616015e+00
1.642410602650662632e+00
1.613403350837709471e+00
1.583395848962240615e+00
1.552388097024256064e+00
1.521380345086271735e+00
1.488372093023255793e+00
1.456364091022755547e+00
1.422355588897224354e+00
1.387346836709177245e+00
1.352338084521130357e+00
1.316329082270567552e+00
1.278319579894973801e+00
1.240310077519379828e+00
1.200300075018754686e+00
1.159289822455613850e+00
1.116279069767441845e+00
1.071267816954238450e+00
1.025256314078519582e+00
9.762440610152539611e-01
9.242310577644411440e-01
8.692173043260815746e-01
8.112028007001750307e-01
7.501875468867217345e-01
6.841710427606901845e-01
6.171542885721430505e-01
5.531382845711427798e-01
4.933494558645707406e-01
4.311926605504587395e-01
3.860965241310327367e-01
3.360840210052513100e-01
2.860715178794698832e-01
2.340585146286571772e-01
1.810452613153288315e-01
1.240310077519379828e-01
-9.842460615153788561e-01
-1.023255813953488413e+00
-1.084271067766941821e+00
-1.885471367841960566e+00
-1.885471367841960566e+00
-1.885471367841960566e+00
-1.885471367841960566e+00
-1.885471367841960566e+00
-1.885471367841960566e+00
-1.885471367841960566e+00
