1.802690582959641352e+00
1.768240343347639465e+00
1.730729701952723465e+00
1.696252465483234717e+00
1.657521286660359472e+00
1.621818181818182047e+00
1.579039301310043664e+00
1.539495798319328035e+00
1.497170573969280438e+00
1.453696498054474651e+00
1.408239700374531944e+00
1.362193362193361956e+00
1.312934631432545185e+00
1.261888814467515108e+00
1.211103938024531868e+00
1.157436216552582442e+00
1.098321342925659527e+00
1.036951501154734334e+00
9.721913236929922153e-01
9.036402569593149359e-01
8.275862068965517127e-01
7.453833240067151422e-01
6.503401360544217580e-01
5.388601036269430322e-01
-8.432108027006751660e-01
-9.222305576394098647e-01
-1.885471367841960566e+00
-1.885471367841960566e+00
-1.886471617904476039e+00
-1.885471367841960566e+00
-1.885471367841960566e+00
-1.886471617904476039e+00
-1.885471367841960566e+00
-1.886471617904476039e+00
-1.885471367841960566e+00
-1.885471367841960566e+00
-1.885471367841960566e+00
-1.885471367841960566e+00
-1.885471367841960566e+00
-1.885471367841960566e+00
-1.885471367841960566e+00
-1.885471367841960566e+00
-1.885471367841960566e+00
-1.885471367841960566e+00
-1.886471617904476039e+00
-1.885471367841960566e+00
-1.885471367841960566e+00
-1.885471367841960566e+00
-1.885471367841960566e+00
-1.885471367841960566e+00
