1.811452863215804010e+00
1.792448112028006912e+00
1.771442860715178869e+00
1.750437609402350603e+00
1.730432608152038254e+00
1.708427106776694293e+00
1.687421855463866027e+00
1.665416354088522066e+00
1.643410852713178549e+00
1.621405351337834588e+00
1.598399599899974932e+00
1.575393848462115498e+00
1.552388097024256064e+00
1.528382095523880935e+00
1.504376094023505805e+00
1.479369842460615203e+00
1.454363590897724379e+00
1.428357089272318081e+00
1.402350587646911784e+00
1.376344086021505486e+00
1.349337334333583494e+00
1.321330332583145584e+00
1.292323080770192645e+00
1.264316079019754957e+00
1.234308577144286101e+00
1.204301075268817245e+00
1.173293323330832694e+00
1.141285321330332669e+00
1.107276819204801255e+00
1.074268567141785535e+00
1.038259564891222730e+00
1.002250562640660148e+00
9.642410602650663964e-01
9.252313078269567281e-01
8.852213053263315867e-01
8.442110527631907502e-01
8.022005501375343295e-01
7.621905476369091881e-01
7.241810452613153259e-01
6.881720430107527431e-01
6.531632908227056333e-01
6.201550387596899139e-01
5.871467866966741944e-01
5.561390347586896432e-01
5.261315328832207872e-01
4.981245311327832104e-01
4.691172793198299384e-01
4.421105276319080013e-01
4.161040260065016483e-01
3.900975243810952953e-01
