1.817454363590897959e+00
1.808452113028257147e+00
1.799449862465616334e+00
1.790447611902975744e+00
1.781445361340335154e+00
1.772443110777694342e+00
1.763440860215053752e+00
1.753438359589897466e+00
1.743435858964741403e+00
1.734433608402100591e+00
1.725431357839459778e+00
1.715428857214303493e+00
1.706426606651663125e+00
1.695423855963991144e+00
1.686421605401350332e+00
1.676419104776194047e+00
1.666416604151037761e+00
1.657414353588397171e+00
1.646411602900725191e+00
1.636409102275568905e+00
1.626406601650412620e+00
1.616404101025256335e+00
1.606401600400100271e+00
1.596399099774943764e+00
1.586396599149787479e+00
1.575393848462115498e+00
1.564391097774443518e+00
1.554388597149287232e+00
1.544386096524130947e+00
1.532383095773943715e+00
1.521380345086271735e+00
1.511377844461115227e+00
1.499374843710927774e+00
1.488372093023255793e+00
1.477369342335583813e+00
1.466366591647912054e+00
1.455363840960240074e+00
1.443360840210052398e+00
1.432358089522380418e+00
1.420355088772192964e+00
1.408352088022005288e+00
1.397349337334333308e+00
1.385346336584146076e+00
1.373343335833958179e+00
1.360340085021255030e+00
1.348337084271067798e+00
1.335333833458364650e+00
1.324331082770692669e+00
1.311327831957989520e+00
1.298324581145286372e+00
