5.565698478561548868e+00
5.531271477663229241e+00
5.507167235494880408e+00
5.461694915254236449e+00
5.429340511440107875e+00
5.387700534759358284e+00
5.343065693430657070e+00
5.306982872200263657e+00
5.265359477124182952e+00
5.226977950713359355e+00
5.185089974293058290e+00
5.138853503184713567e+00
5.106060606060605522e+00
5.056981840951784157e+00
5.016149068322981464e+00
4.975369458128079181e+00
4.932275777913361914e+00
4.887545344619105059e+00
4.841222288795686168e+00
4.795252225519288203e+00
4.752498530276308308e+00
4.703143189755529363e+00
4.661671469740634066e+00
4.609241300627496152e+00
4.557562076749436031e+00
4.511160714285714413e+00
4.470198675496688701e+00
4.410256410256410575e+00
4.357951482479784033e+00
4.308839190628328097e+00
4.250262881177707897e+00
4.195121951219512368e+00
4.141321044546851127e+00
4.084805653710247064e+00
4.027874564459930085e+00
3.968627450980392268e+00
3.909222597778850616e+00
3.842280285035629461e+00
3.779439252336448618e+00
3.722681359044995197e+00
3.649977447000451125e+00
3.580530973451327981e+00
3.512364425162689763e+00
3.447513812154696655e+00
3.369384359400998452e+00
3.294308943089431008e+00
3.218737594283445969e+00
3.134674922600618974e+00
3.051996985681989294e+00
2.968875869644818533e+00
