5.579458709229701441e+00
5.577269577269577283e+00
5.564013840830448920e+00
5.564616447823082623e+00
5.551414768806073319e+00
5.546519641626464825e+00
5.533379215416379004e+00
5.528522336769759349e+00
5.523678792038435148e+00
5.521590130226182502e+00
5.519507186858316317e+00
5.498291182501708896e+00
5.490784982935153380e+00
5.483299250170415640e+00
5.475833900612661509e+00
5.468388851121686045e+00
5.471826205023760714e+00
5.458983050847457719e+00
5.451591062965470691e+00
5.441514536849221706e+00
5.442268737339635010e+00
5.426837491571139260e+00
5.416835016835015892e+00
5.412239408204438718e+00
5.402283411685695036e+00
5.395036887994633545e+00
5.392235609103079419e+00
5.379679144385026035e+00
5.369826435246996432e+00
5.365333333333333066e+00
5.360852197070571812e+00
5.351063829787234383e+00
5.345719973457200069e+00
5.335984095427435570e+00
5.326273990734613051e+00
5.316589557171183422e+00
5.319261213720317016e+00
5.304347826086955209e+00
5.294736842105263186e+00
5.290407358738502097e+00
5.280000000000000249e+00
5.273084479371316746e+00
5.268803139306735162e+00
5.263707571801566232e+00
5.249022164276400559e+00
5.239583333333333037e+00
5.242365172189733968e+00
5.230369889682024542e+00
5.215025906735751171e+00
5.210866752910737532e+00
