5.575673807878367860e+00
5.523678792038435148e+00
5.485013623978201913e+00
5.445945945945945610e+00
5.400402414486921820e+00
5.373253493013971926e+00
5.332453825857519369e+00
5.284499672988880903e+00
5.229571984435797738e+00
5.183568677792041335e+00
5.131595677050222903e+00
5.085642317380352218e+00
5.040548970679974872e+00
4.998763906056860051e+00
4.949816401468788207e+00
4.904242424242424292e+00
4.847030593881223481e+00
4.797626112759643568e+00
4.744568408690546413e+00
4.696864111498257444e+00
4.640642939150401602e+00
4.590238365493757300e+00
4.538116591928250898e+00
4.476190476190476275e+00
4.424275560415527941e+00
4.371089536138080156e+00
4.304417243214476052e+00
4.245540398740818233e+00
4.190279214064116076e+00
4.118186449312276842e+00
4.056140350877193157e+00
3.992110453648915147e+00
3.926285160038797351e+00
3.853263458789899953e+00
3.782974742750234043e+00
3.711926605504587418e+00
3.640449438202247201e+00
3.567091948966123915e+00
3.485370051635111821e+00
3.409836065573770281e+00
3.325953259532595130e+00
3.239616613418530466e+00
3.151844660194174974e+00
3.054655107425555904e+00
2.968966776195691715e+00
2.865608465608465494e+00
2.765465669612508393e+00
2.649689846555664197e+00
2.542955326460480947e+00
2.421177870315288416e+00
