5.569550173010380689e+00
5.548830811554332776e+00
5.510259917920656392e+00
5.473827328348062515e+00
5.437837837837838251e+00
5.412080536912752038e+00
5.374249499666444052e+00
5.346587143803843034e+00
5.316655694535878496e+00
5.276651406147808032e+00
5.249350649350648546e+00
5.199226305609284005e+00
5.153452685421995305e+00
5.121827411167513056e+00
5.088161209068010393e+00
5.047500000000000320e+00
5.017369727047145567e+00
4.982758620689654805e+00
4.938301771533292417e+00
4.896969696969696528e+00
4.856283824413710093e+00
4.818127608825283126e+00
4.778237729154346525e+00
4.733880422039859148e+00
4.699593259732713690e+00
4.660909614277489510e+00
4.611523103251569111e+00
4.569813453928773583e+00
4.528259653049803823e+00
4.490022172949002410e+00
4.432254525507405063e+00
4.393051031487513747e+00
4.341751746372917609e+00
4.297555791710945705e+00
4.245927482921702634e+00
4.201558441558441714e+00
4.149897330595482714e+00
4.099391480730223414e+00
4.046069103655483445e+00
3.996047430830039549e+00
3.947342759629449027e+00
3.892307692307692690e+00
3.838862559241706052e+00
3.777673984119570338e+00
3.725850965961361450e+00
3.665006790402897341e+00
3.604630454140694606e+00
3.541356673960612600e+00
3.478933791917454776e+00
3.417721518987342222e+00
