5.581137309292649284e+00
5.570637119113573732e+00
5.559087767795438673e+00
5.548654244306418626e+00
5.545454545454544970e+00
5.532324621733149428e+00
5.529169526424158931e+00
5.510623714873200463e+00
5.507523939808481650e+00
5.502732240437158140e+00
5.496932515337423553e+00
5.473110959836622769e+00
5.464673913043478493e+00
5.454545454545454142e+00
5.454299255247121891e+00
5.440540540540539816e+00
5.427800269905532105e+00
5.424915824915824025e+00
5.408602150537634046e+00
5.403085177733064626e+00
5.387809778968519758e+00
5.377005347593582840e+00
5.368912608405603137e+00
5.360852197070571812e+00
5.351063829787234383e+00
5.337757133377570185e+00
5.337748344370861098e+00
5.321877065432914833e+00
5.319261213720317016e+00
5.300855826201448018e+00
5.293035479632062668e+00
5.287868852459016722e+00
5.277486910994764635e+00
5.264532984977138952e+00
5.251629726205996995e+00
5.238776837996096170e+00
5.233766233766233178e+00
5.220998055735580401e+00
5.208279430789133357e+00
5.197419354838708649e+00
5.186615186615187056e+00
5.173299101412066392e+00
5.160051216389243578e+00
5.147603833865814771e+00
5.144678138942000878e+00
5.129770992366411875e+00
5.119289340101523145e+00
5.107029765674477417e+00
5.097345132743362761e+00
5.087011349306431285e+00
