1.102111199637491676e-180
9.132372736156228814e-184
7.233746673687521725e-187
3.898486354237736323e-190
1.457232109697825793e-193
5.150637649393016703e-197
1.852364003492276141e-200
5.774509334121675731e-197
3.981912805147448275e-193
6.356519343484182040e-189
2.410338832373495093e-184
2.818336799513907297e-179
1.071904648619977624e-173
1.190854908697933608e-167
5.483612672932964066e-161
2.890988884906459944e-154
9.490062616671761529e-147
2.730423477094161971e-138
1.001462458174017265e-128
7.107566465621503834e-124
-1.000000000000000000e+00
-1.000000000000000000e+00
-1.000000000000000000e+00
-1.000000000000000000e+00
4.968672774561944324e-134
9.201407416635840608e-01
-1.000000000000000000e+00
-1.000000000000000000e+00
-1.000000000000000000e+00
-1.000000000000000000e+00
-1.000000000000000000e+00
-1.000000000000000000e+00
-1.000000000000000000e+00
-1.000000000000000000e+00
-1.000000000000000000e+00
-1.000000000000000000e+00
-1.000000000000000000e+00
-1.000000000000000000e+00
-1.000000000000000000e+00
-1.000000000000000000e+00
-1.000000000000000000e+00
-1.000000000000000000e+00
-1.000000000000000000e+00
-1.000000000000000000e+00
-1.000000000000000000e+00
-1.000000000000000000e+00
-1.000000000000000000e+00
-1.000000000000000000e+00
-1.000000000000000000e+00
-1.000000000000000000e+00
