2.198859251022582342e-196
1.410754965285726874e-199
8.609665098039239555e-203
3.264459135229468822e-206
6.776837373549800882e-205
5.121761177598358853e-203
5.764639040769419882e-201
9.945010795222179512e-199
2.783885070309238799e-196
1.340800664705630638e-193
2.289742556624702484e-190
2.917824899867960372e-185
2.529837276290724727e-179
5.451172244753401120e-173
6.051461795210277608e-166
1.355826507601058439e-158
8.599558589832786053e-151
4.524224350865918654e-142
2.948601160661007025e-132
2.694919760503303097e-132
-1.000000000000000000e+00
-1.000000000000000000e+00
-1.000000000000000000e+00
-1.000000000000000000e+00
1.393089877231110943e-143
-1.000000000000000000e+00
-1.000000000000000000e+00
-1.000000000000000000e+00
-1.000000000000000000e+00
-1.000000000000000000e+00
-1.000000000000000000e+00
-1.000000000000000000e+00
-1.000000000000000000e+00
-1.000000000000000000e+00
-1.000000000000000000e+00
-1.000000000000000000e+00
-1.000000000000000000e+00
-1.000000000000000000e+00
-1.000000000000000000e+00
-1.000000000000000000e+00
-1.000000000000000000e+00
-1.000000000000000000e+00
-1.000000000000000000e+00
-1.000000000000000000e+00
-1.000000000000000000e+00
-1.000000000000000000e+00
-1.000000000000000000e+00
-1.000000000000000000e+00
-1.000000000000000000e+00
-1.000000000000000000e+00
