1.906259184020074489e-136
1.374792094091867339e-138
7.548990911248520098e-141
3.253901418843742383e-143
1.140941322491643191e-145
3.017618139744364424e-148
5.637986501882791016e-151
8.895902277546433359e-154
9.023548237267346749e-157
6.472336684968228161e-160
2.067119606765998902e-157
4.325634639450815918e-154
2.560304464684446346e-150
5.844427662062236002e-146
5.125149837927345646e-141
2.187749652541886192e-135
5.859191988135356017e-129
1.297021975508954546e-121
2.682325152682946613e-113
-1.000000000000000000e+00
-1.000000000000000000e+00
-1.000000000000000000e+00
-1.000000000000000000e+00
-1.000000000000000000e+00
-1.000000000000000000e+00
-1.000000000000000000e+00
-1.000000000000000000e+00
-1.000000000000000000e+00
-1.000000000000000000e+00
-1.000000000000000000e+00
-1.000000000000000000e+00
-1.000000000000000000e+00
-1.000000000000000000e+00
-1.000000000000000000e+00
-1.000000000000000000e+00
-1.000000000000000000e+00
-1.000000000000000000e+00
-1.000000000000000000e+00
-1.000000000000000000e+00
-1.000000000000000000e+00
-1.000000000000000000e+00
-1.000000000000000000e+00
-1.000000000000000000e+00
-1.000000000000000000e+00
-1.000000000000000000e+00
-1.000000000000000000e+00
-1.000000000000000000e+00
-1.000000000000000000e+00
-1.000000000000000000e+00
-1.000000000000000000e+00
