9.634871011827579205e-136
7.230711241487304316e-138
3.681246544110904244e-140
1.659661531955613690e-142
6.099252551986796321e-145
1.695312752266298981e-147
3.339719924788308778e-150
4.962390855439944546e-153
5.344518384512005283e-156
3.647833689060568993e-159
6.409667129301763997e-157
1.284758580168232406e-153
7.250056103474703349e-150
1.567907131852628185e-145
1.295635173836052126e-140
5.180245292595934090e-135
1.429757541886268234e-128
2.917303378508866373e-121
5.531141192173664503e-113
-1.000000000000000000e+00
-1.000000000000000000e+00
-1.000000000000000000e+00
-1.000000000000000000e+00
-1.000000000000000000e+00
-1.000000000000000000e+00
-1.000000000000000000e+00
-1.000000000000000000e+00
-1.000000000000000000e+00
-1.000000000000000000e+00
-1.000000000000000000e+00
-1.000000000000000000e+00
-1.000000000000000000e+00
-1.000000000000000000e+00
-1.000000000000000000e+00
-1.000000000000000000e+00
-1.000000000000000000e+00
-1.000000000000000000e+00
-1.000000000000000000e+00
-1.000000000000000000e+00
-1.000000000000000000e+00
-1.000000000000000000e+00
-1.000000000000000000e+00
-1.000000000000000000e+00
-1.000000000000000000e+00
-1.000000000000000000e+00
-1.000000000000000000e+00
-1.000000000000000000e+00
-1.000000000000000000e+00
-1.000000000000000000e+00
-1.000000000000000000e+00
