9.084391452892540353e-151
4.208504979899224648e-153
1.403364781417974874e-155
4.005627692427144761e-158
8.858493331385131851e-161
8.836886077350466273e-164
3.381814590922318937e-167
1.075803264065000695e-170
2.321035717548266416e-174
1.345063399923396638e-171
9.282574926195208437e-168
1.681944126768720764e-163
3.983721940470257183e-159
2.466699048830516318e-154
5.811898612447927916e-149
6.752116888479264979e-143
5.091950768766227237e-136
2.978179657789561803e-128
1.902563943071834170e-119
8.611288746788167717e-110
-1.000000000000000000e+00
-1.000000000000000000e+00
-1.000000000000000000e+00
-1.000000000000000000e+00
-1.000000000000000000e+00
9.125510591454693010e-01
-1.000000000000000000e+00
-1.000000000000000000e+00
-1.000000000000000000e+00
-1.000000000000000000e+00
-1.000000000000000000e+00
-1.000000000000000000e+00
-1.000000000000000000e+00
-1.000000000000000000e+00
-1.000000000000000000e+00
-1.000000000000000000e+00
-1.000000000000000000e+00
-1.000000000000000000e+00
-1.000000000000000000e+00
-1.000000000000000000e+00
-1.000000000000000000e+00
-1.000000000000000000e+00
-1.000000000000000000e+00
-1.000000000000000000e+00
-1.000000000000000000e+00
-1.000000000000000000e+00
-1.000000000000000000e+00
-1.000000000000000000e+00
-1.000000000000000000e+00
-1.000000000000000000e+00
