4.002110840772367269e-193
1.062862205588305328e-191
3.708518255015239313e-190
1.698208336244111435e-188
1.056551321093372600e-186
9.277260484398760293e-185
1.189660609672400628e-182
2.288088638634709332e-180
7.058072565446364909e-178
3.642982136691852586e-175
3.386971817379101096e-172
6.261818261718875715e-169
2.372104768861251421e-165
1.930466582632207209e-161
1.992750445583919014e-157
2.135848207933721232e-159
1.683177582071395805e-162
4.162056544342065351e-166
1.015202708385937652e-169
1.450608637171309042e-173
1.610002707110933125e-177
1.482196937523739633e-323
-1.000000000000000000e+00
5.023513024144491778e-189
7.151706344349651821e-189
-1.000000000000000000e+00
-1.000000000000000000e+00
-1.000000000000000000e+00
-1.000000000000000000e+00
-1.000000000000000000e+00
-1.000000000000000000e+00
-1.000000000000000000e+00
-1.000000000000000000e+00
-1.000000000000000000e+00
-1.000000000000000000e+00
-1.000000000000000000e+00
-1.000000000000000000e+00
-1.000000000000000000e+00
-1.000000000000000000e+00
-1.000000000000000000e+00
-1.000000000000000000e+00
-1.000000000000000000e+00
-1.000000000000000000e+00
-1.000000000000000000e+00
-1.000000000000000000e+00
-1.000000000000000000e+00
-1.000000000000000000e+00
-1.000000000000000000e+00
-1.000000000000000000e+00
-1.000000000000000000e+00
