5.206411450774969913e-145
2.944539731057684425e-147
1.226737675866690368e-149
4.432227542510757598e-152
1.111324779355742365e-154
2.305144318519427991e-157
3.225588094829675416e-160
2.460937970583632218e-163
6.292628795099471318e-167
3.676802435875244906e-167
1.653915841503468212e-163
9.016134312835631918e-160
1.089618096203006849e-155
4.309843470436128181e-151
7.025992148206832362e-146
5.378823381966442375e-140
2.833048938630591771e-133
1.091903042515058156e-125
4.803266251821224812e-117
8.844561485446959429e-108
-1.000000000000000000e+00
-1.000000000000000000e+00
-1.000000000000000000e+00
-1.000000000000000000e+00
-1.000000000000000000e+00
8.647053899680995359e-01
-1.000000000000000000e+00
-1.000000000000000000e+00
-1.000000000000000000e+00
-1.000000000000000000e+00
-1.000000000000000000e+00
-1.000000000000000000e+00
-1.000000000000000000e+00
-1.000000000000000000e+00
-1.000000000000000000e+00
-1.000000000000000000e+00
-1.000000000000000000e+00
-1.000000000000000000e+00
-1.000000000000000000e+00
-1.000000000000000000e+00
-1.000000000000000000e+00
-1.000000000000000000e+00
-1.000000000000000000e+00
-1.000000000000000000e+00
-1.000000000000000000e+00
-1.000000000000000000e+00
-1.000000000000000000e+00
-1.000000000000000000e+00
-1.000000000000000000e+00
-1.000000000000000000e+00
