1.991589170778740379e-168
2.325433707579111980e-171
1.816769534532286486e-174
1.192465846211137974e-177
5.779179894456840304e-181
2.223239433782327208e-184
6.047058819566480013e-188
2.085223085012162274e-190
6.483064362943067667e-187
6.386368567565191438e-183
1.438872503041359674e-178
7.848658145589538708e-174
1.567787751482668692e-168
1.219308540840305033e-162
8.489310588095016551e-157
2.535296924328841184e-150
5.038615337741606376e-143
9.173180099243267986e-135
1.672866431487764051e-125
2.849313368281648537e-117
-1.000000000000000000e+00
-1.000000000000000000e+00
-1.000000000000000000e+00
-1.000000000000000000e+00
2.030539367412719051e-126
9.210753618374208918e-01
-1.000000000000000000e+00
-1.000000000000000000e+00
-1.000000000000000000e+00
-1.000000000000000000e+00
-1.000000000000000000e+00
-1.000000000000000000e+00
-1.000000000000000000e+00
-1.000000000000000000e+00
-1.000000000000000000e+00
-1.000000000000000000e+00
-1.000000000000000000e+00
-1.000000000000000000e+00
-1.000000000000000000e+00
-1.000000000000000000e+00
-1.000000000000000000e+00
-1.000000000000000000e+00
-1.000000000000000000e+00
-1.000000000000000000e+00
-1.000000000000000000e+00
-1.000000000000000000e+00
-1.000000000000000000e+00
-1.000000000000000000e+00
-1.000000000000000000e+00
-1.000000000000000000e+00
