1.774390243902439046e+00
1.736842105263157965e+00
1.703470031545741392e+00
1.678456591639871265e+00
1.635467980295566504e+00
1.593277310924369861e+00
1.562068965517241503e+00
1.521276595744680993e+00
1.483516483516483575e+00
1.434535104364326408e+00
1.388994307400379657e+00
1.342105263157894912e+00
1.293680297397769685e+00
1.255045871559633097e+00
1.204339963833634952e+00
1.142348754448398562e+00
1.078534031413612704e+00
1.025641025641025772e+00
9.515859766277129372e-01
8.857381150959133809e-01
8.106755629691410059e-01
7.306088407005838503e-01
6.305254378648874614e-01
5.154295246038366196e-01
3.603002502085070891e-01
0.000000000000000000e+00
-4.003336113427856391e-02
-4.003336113427856391e-02
-4.003336113427856391e-02
-4.003336113427856391e-02
-4.003336113427856391e-02
-4.003336113427856391e-02
-4.503753127606338613e-02
-4.003336113427856391e-02
-4.003336113427856391e-02
-4.003336113427856391e-02
-4.003336113427856391e-02
-4.003336113427856391e-02
-4.003336113427856391e-02
-4.003336113427856391e-02
-4.503753127606338613e-02
-4.503753127606338613e-02
-4.503753127606338613e-02
-4.503753127606338613e-02
-4.503753127606338613e-02
-4.003336113427856391e-02
-4.003336113427856391e-02
-4.003336113427856391e-02
-4.003336113427856391e-02
-4.003336113427856391e-02
