1.790909090909090784e+00
1.753846153846154055e+00
1.718309859154929731e+00
1.684210526315789380e+00
1.651465798045602673e+00
1.609999999999999876e+00
1.569230769230769429e+00
1.528998242530755780e+00
1.489130434782608647e+00
1.443609022556390897e+00
1.401869158878504829e+00
1.355555555555555625e+00
1.307692307692307709e+00
1.258589511754068857e+00
1.197860962566845044e+00
1.147368421052631815e+00
1.094664371772805511e+00
1.032040472175379531e+00
9.603960396039603609e-01
8.957464553794828310e-01
8.206839032527106781e-01
7.356130108423687419e-01
6.355296080066722419e-01
5.204336947456214002e-01
3.653044203502919252e-01
-2.001668056713928195e-02
-7.005838198498749725e-02
-7.005838198498749725e-02
-7.005838198498749725e-02
-7.005838198498749725e-02
-7.005838198498749725e-02
-7.005838198498749725e-02
-6.505421184320267503e-02
-7.005838198498749725e-02
-7.005838198498749725e-02
-7.005838198498749725e-02
-7.005838198498749725e-02
-7.005838198498749725e-02
-7.005838198498749725e-02
-7.005838198498749725e-02
-7.005838198498749725e-02
-7.005838198498749725e-02
-7.005838198498749725e-02
-6.505421184320267503e-02
-6.505421184320267503e-02
-6.505421184320267503e-02
-7.005838198498749725e-02
-7.005838198498749725e-02
-7.005838198498749725e-02
-7.005838198498749725e-02
