1.919655667144906763e+00
1.883720930232558155e+00
1.852289512555391537e+00
1.801801801801801828e+00
1.770642201834862650e+00
1.731669266770670790e+00
1.691082802547770658e+00
1.644371941272430693e+00
1.605351170568561914e+00
1.554817275747508276e+00
1.512355848434925987e+00
1.460784313725490335e+00
1.410048622366288473e+00
1.346153846153846256e+00
1.291139240506329333e+00
1.237500000000000044e+00
1.181538461538461648e+00
1.116490166414523477e+00
1.043090638930163516e+00
9.722627737226278155e-01
8.807339449541284893e-01
7.906588824020016615e-01
6.855713094245204919e-01
5.604670558798999780e-01
3.953294412010008307e-01
5.063291139240506250e-02
-1.851542952460383806e-01
-1.851542952460383806e-01
-1.851542952460383806e-01
-1.851542952460383806e-01
-1.851542952460383806e-01
-1.851542952460383806e-01
-1.901584653878231890e-01
-1.851542952460383806e-01
-1.851542952460383806e-01
-1.851542952460383806e-01
-1.851542952460383806e-01
-1.851542952460383806e-01
-1.851542952460383806e-01
-1.851542952460383806e-01
-1.851542952460383806e-01
-1.851542952460383806e-01
-1.901584653878231890e-01
-1.901584653878231890e-01
-1.901584653878231890e-01
-1.851542952460383806e-01
-1.851542952460383806e-01
-1.851542952460383806e-01
-1.851542952460383806e-01
-1.851542952460383806e-01
