2.033613445378151585e+00
1.988811188811188790e+00
1.948936170212766106e+00
1.910662824207492783e+00
1.871156661786237185e+00
1.824143070044709436e+00
1.778115501519756947e+00
1.734157650695517638e+00
1.689230769230769091e+00
1.642201834862385468e+00
1.593323216995447655e+00
1.545180722891566161e+00
1.488789237668161514e+00
1.437869822485207116e+00
1.379209370424597569e+00
1.304347826086956541e+00
1.244635193133047268e+00
1.176304654442877462e+00
1.100000000000000089e+00
1.027624309392265234e+00
9.357798165137615198e-01
8.356964136780651309e-01
7.256046705587990697e-01
5.954962468723936642e-01
5.294117647058824705e-01
6.434316353887399587e-02
-2.452043369474562196e-01
-2.452043369474562196e-01
-2.452043369474562196e-01
-2.452043369474562196e-01
-2.452043369474562196e-01
-2.452043369474562196e-01
-2.452043369474562196e-01
-2.452043369474562196e-01
-2.452043369474562196e-01
-2.452043369474562196e-01
-2.452043369474562196e-01
-2.452043369474562196e-01
-2.502085070892410279e-01
-2.452043369474562196e-01
-2.452043369474562196e-01
-2.452043369474562196e-01
-2.452043369474562196e-01
-2.452043369474562196e-01
-2.452043369474562196e-01
-2.452043369474562196e-01
-2.452043369474562196e-01
-2.452043369474562196e-01
-2.452043369474562196e-01
-2.452043369474562196e-01
