2.261682242990654235e+00
2.213414634146341431e+00
2.180206794682422622e+00
2.134285714285714342e+00
2.085517241379310605e+00
2.042553191489361986e+00
1.989556135770234935e+00
1.934725848563968675e+00
1.887728459530026326e+00
1.832898172323760067e+00
1.778067885117493363e+00
1.723237597911227104e+00
1.660574412532637156e+00
1.597402597402597380e+00
1.538659793814432852e+00
1.471264367816091934e+00
1.389873417721519067e+00
1.315789473684210620e+00
1.235732009925558428e+00
1.145806451612903398e+00
1.045871559633027692e+00
9.407839866555464114e-01
8.156797331109257865e-01
6.655546288573811475e-01
4.698795180722891707e-01
8.000000000000001554e-02
-3.452877397831526363e-01
-3.502919099249374724e-01
-3.452877397831526363e-01
-3.452877397831526363e-01
-3.452877397831526363e-01
-3.452877397831526363e-01
-3.502919099249374724e-01
-3.452877397831526363e-01
-3.452877397831526363e-01
-3.452877397831526363e-01
-3.452877397831526363e-01
-3.452877397831526363e-01
-3.452877397831526363e-01
-3.452877397831526363e-01
-3.452877397831526363e-01
-3.452877397831526363e-01
-3.452877397831526363e-01
-3.452877397831526363e-01
-3.452877397831526363e-01
-3.502919099249374724e-01
-3.502919099249374724e-01
-3.502919099249374724e-01
-3.502919099249374724e-01
-3.502919099249374724e-01
