1.817091454272863560e+00
1.780821917808219190e+00
1.746130030959752277e+00
1.703470031545741392e+00
1.671497584541062897e+00
1.638157894736842035e+00
1.588532883642495896e+00
1.549393414211438502e+00
1.500000000000000000e+00
1.466911764705882470e+00
1.423357664233576569e+00
1.367088607594936667e+00
1.330948121645796123e+00
1.272084805653710404e+00
1.222996515679442453e+00
1.162950257289879996e+00
1.102866779089376026e+00
1.051239669421487832e+00
9.789983844911147592e-01
9.062003179650239826e-01
8.306922435362803503e-01
7.456213511259383031e-01
6.455379482902419142e-01
5.254378648874062918e-01
3.703085904920767613e-01
-3.002502085070892293e-02
-9.507923269391159449e-02
-1.000834028356964167e-01
-1.000834028356964167e-01
-1.000834028356964167e-01
-1.000834028356964167e-01
-1.000834028356964167e-01
-1.000834028356964167e-01
-1.000834028356964167e-01
-9.507923269391159449e-02
-9.507923269391159449e-02
-1.000834028356964167e-01
-1.000834028356964167e-01
-1.000834028356964167e-01
-1.000834028356964167e-01
-1.000834028356964167e-01
-1.000834028356964167e-01
-1.000834028356964167e-01
-1.000834028356964167e-01
-1.000834028356964167e-01
-1.000834028356964167e-01
-1.000834028356964167e-01
-1.000834028356964167e-01
-9.507923269391159449e-02
-9.507923269391159449e-02
