2.983240223463687002e+00
2.916201117318435898e+00
2.849162011173184350e+00
2.782122905027933246e+00
2.748603351955307694e+00
2.681564245810055702e+00
2.614525139664804598e+00
2.547486033519553050e+00
2.480446927374301946e+00
2.413407821229050398e+00
2.379888268156424846e+00
2.312849162011173298e+00
2.212290502793296199e+00
2.145251396648045095e+00
2.044692737430167551e+00
1.944134078212290451e+00
1.843575418994413573e+00
1.776536312849162247e+00
1.642458100558659151e+00
1.541899441340782273e+00
1.407821229050279399e+00
1.273743016759776525e+00
1.072625698324022547e+00
9.050279329608938994e-01
6.033519553072625996e-01
-2.011173184357541999e-01
-6.033519553072625996e-01
-5.698324022346369366e-01
-6.033519553072625996e-01
-5.698324022346369366e-01
-5.698324022346369366e-01
-6.033519553072625996e-01
-6.033519553072625996e-01
-6.033519553072625996e-01
-6.033519553072625996e-01
-6.033519553072625996e-01
-6.033519553072625996e-01
-6.033519553072625996e-01
-6.033519553072625996e-01
-5.698324022346369366e-01
-5.698324022346369366e-01
-5.698324022346369366e-01
-5.698324022346369366e-01
-5.698324022346369366e-01
-5.698324022346369366e-01
-5.698324022346369366e-01
-5.698324022346369366e-01
-5.698324022346369366e-01
-5.698324022346369366e-01
-5.698324022346369366e-01
