3.099337748344370702e+00
3.019867549668874496e+00
2.980132450331125948e+00
2.940397350993377845e+00
2.860927152317880751e+00
2.821192052980132647e+00
2.741721854304635997e+00
2.662251655629139346e+00
2.622516556291390799e+00
2.543046357615894149e+00
2.463576158940397498e+00
2.384105960264900848e+00
2.344370860927152300e+00
2.225165562913907547e+00
2.145695364238410896e+00
2.066225165562913801e+00
1.947019867549668826e+00
1.867549668874172175e+00
1.748344370860927199e+00
1.589403973509933898e+00
1.430463576158940375e+00
1.311258278145695400e+00
1.152317880794702099e+00
9.139072847682119249e-01
6.357615894039735371e-01
-2.384105960264900903e-01
-5.960264900662252119e-01
-6.357615894039735371e-01
-6.357615894039735371e-01
-6.357615894039735371e-01
-6.357615894039735371e-01
-6.357615894039735371e-01
-6.357615894039735371e-01
-6.357615894039735371e-01
-6.357615894039735371e-01
-6.357615894039735371e-01
-6.357615894039735371e-01
-6.357615894039735371e-01
-6.357615894039735371e-01
-5.960264900662252119e-01
-5.960264900662252119e-01
-5.960264900662252119e-01
-5.960264900662252119e-01
-5.960264900662252119e-01
-5.960264900662252119e-01
-5.960264900662252119e-01
-5.960264900662252119e-01
-6.357615894039735371e-01
-6.357615894039735371e-01
-6.357615894039735371e-01
