-1.500000000000000000e+00
-1.500000000000000000e+00
-1.500000000000000000e+00
-1.500000000000000000e+00
0.000000000000000000e+00
-1.200000000000000178e+00
-1.200000000000000178e+00
-1.200000000000000178e+00
-1.200000000000000178e+00
-1.200000000000000178e+00
-2.000000000000000000e+00
-1.000000000000000000e+00
-1.000000000000000000e+00
-1.000000000000000000e+00
-1.000000000000000000e+00
-1.714285714285714191e+00
-1.714285714285714191e+00
-8.571428571428570953e-01
-8.571428571428570953e-01
-1.714285714285714191e+00
-1.500000000000000000e+00
-1.500000000000000000e+00
-1.500000000000000000e+00
-1.500000000000000000e+00
-1.500000000000000000e+00
-1.333333333333333259e+00
-1.333333333333333259e+00
-2.000000000000000000e+00
-1.333333333333333259e+00
-1.333333333333333259e+00
-1.800000000000000044e+00
-1.800000000000000044e+00
-1.800000000000000044e+00
-1.200000000000000178e+00
-1.800000000000000044e+00
-1.636363636363636243e+00
-1.636363636363636243e+00
-2.181818181818182101e+00
-1.636363636363636243e+00
-1.636363636363636243e+00
-2.000000000000000000e+00
-2.000000000000000000e+00
-1.500000000000000000e+00
-2.000000000000000000e+00
-2.000000000000000000e+00
-1.846153846153846256e+00
-1.846153846153846256e+00
-1.846153846153846256e+00
-1.846153846153846256e+00
-1.846153846153846256e+00
-2.142857142857143238e+00
-1.714285714285714191e+00
-1.714285714285714191e+00
-2.142857142857143238e+00
-1.714285714285714191e+00
-1.600000000000000089e+00
-2.000000000000000000e+00
-2.000000000000000000e+00
-1.600000000000000089e+00
-2.000000000000000000e+00
-1.875000000000000000e+00
-2.250000000000000000e+00
-2.250000000000000000e+00
-1.875000000000000000e+00
-2.250000000000000000e+00
-2.117647058823529882e+00
-2.117647058823529882e+00
-2.117647058823529882e+00
-2.117647058823529882e+00
-2.117647058823529882e+00
-2.333333333333333481e+00
-2.000000000000000000e+00
-2.000000000000000000e+00
-2.333333333333333481e+00
-2.000000000000000000e+00
-1.894736842105263053e+00
-2.210526315789473895e+00
-2.210526315789473895e+00
-2.210526315789473895e+00
-2.210526315789473895e+00
-2.100000000000000089e+00
-2.100000000000000089e+00
-2.100000000000000089e+00
-2.100000000000000089e+00
-2.100000000000000089e+00
-2.000000000000000000e+00
-2.285714285714285587e+00
-2.285714285714285587e+00
-2.000000000000000000e+00
-2.285714285714285587e+00
-2.181818181818182101e+00
-2.181818181818182101e+00
-2.181818181818182101e+00
-2.181818181818182101e+00
-2.454545454545455030e+00
-2.347826086956521952e+00
-2.086956521739130377e+00
-2.347826086956521952e+00
-2.347826086956521952e+00
-2.086956521739130377e+00
-2.250000000000000000e+00
-2.250000000000000000e+00
-2.250000000000000000e+00
-2.250000000000000000e+00
-2.250000000000000000e+00
-2.400000000000000355e+00
-2.160000000000000142e+00
-2.400000000000000355e+00
-2.400000000000000355e+00
-2.160000000000000142e+00
-2.307692307692307931e+00
-2.307692307692307931e+00
-2.307692307692307931e+00
-2.307692307692307931e+00
-2.307692307692307931e+00
-2.444444444444444642e+00
-2.222222222222222321e+00
-2.222222222222222321e+00
-2.444444444444444642e+00
-2.222222222222222321e+00
-2.357142857142857206e+00
-2.357142857142857206e+00
-2.142857142857143238e+00
-2.357142857142857206e+00
-2.357142857142857206e+00
-2.482758620689655249e+00
-2.275862068965517349e+00
-2.275862068965517349e+00
-2.482758620689655249e+00
-2.275862068965517349e+00
-2.400000000000000355e+00
-2.400000000000000355e+00
-2.200000000000000178e+00
-2.400000000000000355e+00
-2.400000000000000355e+00
-2.516129032258064946e+00
-2.322580645161290480e+00
-2.322580645161290480e+00
-2.322580645161290480e+00
-2.322580645161290480e+00
-2.437500000000000000e+00
-2.437500000000000000e+00
-2.250000000000000000e+00
-2.437500000000000000e+00
-2.250000000000000000e+00
-2.363636363636363757e+00
-2.363636363636363757e+00
-2.363636363636363757e+00
-2.363636363636363757e+00
-2.363636363636363757e+00
-2.470588235294117752e+00
-2.470588235294117752e+00
-2.470588235294117752e+00
-2.470588235294117752e+00
-2.294117647058823373e+00
-2.400000000000000355e+00
-2.400000000000000355e+00
-2.571428571428571619e+00
-2.400000000000000355e+00
-2.400000000000000355e+00
-2.500000000000000444e+00
-2.333333333333333481e+00
-2.500000000000000444e+00
-2.500000000000000444e+00
-2.333333333333333481e+00
-2.432432432432432901e+00
-2.432432432432432901e+00
-2.432432432432432901e+00
-2.432432432432432901e+00
-2.432432432432432901e+00
-2.526315789473684070e+00
-2.368421052631579204e+00
-2.526315789473684070e+00
-2.368421052631579204e+00
-2.526315789473684070e+00
-2.461538461538461675e+00
-2.461538461538461675e+00
-2.461538461538461675e+00
-2.461538461538461675e+00
-2.461538461538461675e+00
-2.400000000000000355e+00
-2.400000000000000355e+00
-2.550000000000000266e+00
-2.400000000000000355e+00
-2.550000000000000266e+00
-2.487804878048780477e+00
-2.487804878048780477e+00
-2.487804878048780477e+00
-2.487804878048780477e+00
-2.487804878048780477e+00
-2.428571428571428825e+00
-2.571428571428571619e+00
-2.428571428571428825e+00
-2.428571428571428825e+00
-2.428571428571428825e+00
-2.372093023255814170e+00
-2.511627906976744651e+00
-2.511627906976744651e+00
-2.511627906976744651e+00
-2.511627906976744651e+00
-2.454545454545455030e+00
-2.454545454545455030e+00
-2.454545454545455030e+00
-2.590909090909091272e+00
-2.454545454545455030e+00
-2.400000000000000355e+00
-2.533333333333333659e+00
-2.400000000000000355e+00
-2.533333333333333659e+00
-2.533333333333333659e+00
-2.608695652173913082e+00
-2.478260869565217739e+00
-2.478260869565217739e+00
-2.478260869565217739e+00
-2.478260869565217739e+00
-2.553191489361702260e+00
-2.553191489361702260e+00
-2.425531914893617191e+00
-2.553191489361702260e+00
-2.425531914893617191e+00
-2.500000000000000444e+00
-2.500000000000000444e+00
-2.500000000000000444e+00
-2.500000000000000444e+00
-2.500000000000000444e+00
-2.571428571428571619e+00
-2.448979591836734748e+00
-2.571428571428571619e+00
-2.448979591836734748e+00
-2.571428571428571619e+00
-2.520000000000000018e+00
-2.520000000000000018e+00
-2.520000000000000018e+00
-2.520000000000000018e+00
-2.520000000000000018e+00
-2.470588235294117752e+00
-2.588235294117647189e+00
-2.470588235294117752e+00
-2.470588235294117752e+00
-2.588235294117647189e+00
-2.538461538461538769e+00
-2.538461538461538769e+00
-2.538461538461538769e+00
-2.423076923076923350e+00
-2.538461538461538769e+00
-2.490566037735849392e+00
-2.603773584905660687e+00
-2.490566037735849392e+00
-2.603773584905660687e+00
-2.490566037735849392e+00
-2.444444444444444642e+00
-2.555555555555555802e+00
-2.444444444444444642e+00
-2.555555555555555802e+00
-2.555555555555555802e+00
-2.618181818181818166e+00
-2.509090909090909260e+00
-2.509090909090909260e+00
-2.509090909090909260e+00
-2.509090909090909260e+00
-2.571428571428571619e+00
-2.571428571428571619e+00
-2.571428571428571619e+00
-2.571428571428571619e+00
-2.464285714285714413e+00
-2.526315789473684070e+00
-2.526315789473684070e+00
-2.526315789473684070e+00
-2.526315789473684070e+00
-2.631578947368421240e+00
-2.586206896551724199e+00
-2.482758620689655249e+00
-2.586206896551724199e+00
-2.482758620689655249e+00
-2.586206896551724199e+00
-2.542372881355932090e+00
-2.644067796610169552e+00
-2.542372881355932090e+00
-2.542372881355932090e+00
-2.542372881355932090e+00
-2.500000000000000444e+00
-2.600000000000000089e+00
-2.500000000000000444e+00
-2.600000000000000089e+00
-2.600000000000000089e+00
-2.557377049180328044e+00
-2.557377049180328044e+00
-2.557377049180328044e+00
-2.557377049180328044e+00
-2.557377049180328044e+00
-2.612903225806451957e+00
-2.516129032258064946e+00
-2.516129032258064946e+00
-2.612903225806451957e+00
-2.516129032258064946e+00
-2.571428571428571619e+00
-2.571428571428571619e+00
-2.571428571428571619e+00
-2.571428571428571619e+00
-2.476190476190476275e+00
-2.531250000000000000e+00
-2.531250000000000000e+00
-2.625000000000000000e+00
-2.531250000000000000e+00
-2.625000000000000000e+00
-2.584615384615384759e+00
-2.492307692307692779e+00
-2.584615384615384759e+00
-2.584615384615384759e+00
-2.584615384615384759e+00
-2.545454545454545858e+00
-2.636363636363636687e+00
-2.545454545454545858e+00
-2.545454545454545858e+00
-2.545454545454545858e+00
-2.507462686567164312e+00
-2.597014925373134275e+00
-2.597014925373134275e+00
-2.597014925373134275e+00
-2.597014925373134275e+00
-2.558823529411764941e+00
-2.558823529411764941e+00
-2.558823529411764941e+00
-2.558823529411764941e+00
-2.558823529411764941e+00
-2.608695652173913082e+00
-2.608695652173913082e+00
-2.521739130434782705e+00
-2.608695652173913082e+00
-2.521739130434782705e+00
-2.571428571428571619e+00
-2.571428571428571619e+00
-2.571428571428571619e+00
-2.571428571428571619e+00
-2.571428571428571619e+00
-2.619718309859154992e+00
-2.535211267605633978e+00
-2.619718309859154992e+00
-2.535211267605633978e+00
-2.619718309859154992e+00
-2.583333333333333481e+00
-2.500000000000000444e+00
-2.583333333333333481e+00
-2.583333333333333481e+00
-2.583333333333333481e+00
-2.547945205479452024e+00
-2.630136986301369717e+00
-2.547945205479452024e+00
-2.547945205479452024e+00
-2.547945205479452024e+00
-2.513513513513513598e+00
-2.594594594594594739e+00
-2.594594594594594739e+00
-2.594594594594594739e+00
-2.594594594594594739e+00
-2.560000000000000497e+00
-2.560000000000000497e+00
-2.560000000000000497e+00
-2.560000000000000497e+00
-2.560000000000000497e+00
-2.605263157894737169e+00
-2.605263157894737169e+00
-2.526315789473684070e+00
-2.605263157894737169e+00
-2.526315789473684070e+00
-2.571428571428571619e+00
-2.571428571428571619e+00
-2.571428571428571619e+00
-2.571428571428571619e+00
-2.649350649350649345e+00
-2.615384615384615419e+00
-2.538461538461538769e+00
-2.615384615384615419e+00
-2.538461538461538769e+00
-2.615384615384615419e+00
-2.582278481012658666e+00
-2.582278481012658666e+00
-2.582278481012658666e+00
-2.582278481012658666e+00
-2.582278481012658666e+00
-2.550000000000000266e+00
-2.625000000000000000e+00
-2.550000000000000266e+00
-2.625000000000000000e+00
-2.550000000000000266e+00
-2.518518518518518601e+00
-2.592592592592592560e+00
-2.592592592592592560e+00
-2.592592592592592560e+00
-2.592592592592592560e+00
-2.634146341463414753e+00
-2.560975609756097615e+00
-2.560975609756097615e+00
-2.560975609756097615e+00
-2.560975609756097615e+00
-2.602409638554217253e+00
-2.602409638554217253e+00
-2.602409638554217253e+00
-2.602409638554217253e+00
-2.530120481927711218e+00
-2.571428571428571619e+00
-2.571428571428571619e+00
-2.571428571428571619e+00
-2.571428571428571619e+00
-2.642857142857142794e+00
-2.611764705882352988e+00
-2.611764705882352988e+00
-2.611764705882352988e+00
-2.541176470588235592e+00
-2.611764705882352988e+00
-2.581395348837209447e+00
-2.581395348837209447e+00
-2.581395348837209447e+00
-2.651162790697674687e+00
-2.581395348837209447e+00
-2.551724137931034697e+00
-2.620689655172414145e+00
-2.551724137931034697e+00
-2.620689655172414145e+00
-2.551724137931034697e+00
-2.590909090909091272e+00
-2.590909090909091272e+00
-2.590909090909091272e+00
-2.590909090909091272e+00
-2.590909090909091272e+00
-2.629213483146067620e+00
-2.561797752808988804e+00
-2.629213483146067620e+00
-2.561797752808988804e+00
-2.561797752808988804e+00
-2.600000000000000089e+00
-2.600000000000000089e+00
-2.600000000000000089e+00
-2.600000000000000089e+00
-2.600000000000000089e+00
-2.571428571428571619e+00
-2.637362637362637319e+00
-2.571428571428571619e+00
-2.571428571428571619e+00
-2.637362637362637319e+00
-2.608695652173913082e+00
-2.608695652173913082e+00
-2.608695652173913082e+00
-2.608695652173913082e+00
-2.608695652173913082e+00
-2.580645161290322953e+00
-2.580645161290322953e+00
-2.580645161290322953e+00
-2.645161290322580960e+00
-2.580645161290322953e+00
-2.617021276595744794e+00
-2.617021276595744794e+00
-2.553191489361702260e+00
-2.617021276595744794e+00
-2.553191489361702260e+00
-2.589473684210526372e+00
-2.589473684210526372e+00
-2.652631578947368673e+00
-2.589473684210526372e+00
-2.652631578947368673e+00
-2.625000000000000000e+00
-2.562500000000000000e+00
-2.625000000000000000e+00
-2.562500000000000000e+00
-2.625000000000000000e+00
-2.597938144329897003e+00
-2.597938144329897003e+00
-2.597938144329897003e+00
-2.597938144329897003e+00
-2.597938144329897003e+00
-2.571428571428571619e+00
-2.632653061224489832e+00
-2.571428571428571619e+00
-2.632653061224489832e+00
-2.571428571428571619e+00
-2.545454545454545858e+00
-2.606060606060606410e+00
-2.606060606060606410e+00
-2.606060606060606410e+00
-2.606060606060606410e+00
-2.640000000000000124e+00
-2.580000000000000071e+00
-2.640000000000000124e+00
-2.580000000000000071e+00
-2.580000000000000071e+00
-2.613861386138613963e+00
-2.613861386138613963e+00
-2.613861386138613963e+00
-2.613861386138613963e+00
-2.613861386138613963e+00
-2.588235294117647189e+00
-2.588235294117647189e+00
-2.588235294117647189e+00
-2.588235294117647189e+00
-2.647058823529411686e+00
-2.621359223300971042e+00
-2.621359223300971042e+00
-2.621359223300971042e+00
-2.563106796116505048e+00
-2.621359223300971042e+00
-2.596153846153846256e+00
-2.596153846153846256e+00
-2.596153846153846256e+00
-2.653846153846153744e+00
-2.596153846153846256e+00
-2.628571428571428559e+00
-2.628571428571428559e+00
-2.571428571428571619e+00
-2.628571428571428559e+00
-2.571428571428571619e+00
-2.603773584905660687e+00
-2.603773584905660687e+00
-2.603773584905660687e+00
-2.603773584905660687e+00
-2.603773584905660687e+00
-2.635514018691588856e+00
-2.579439252336448885e+00
-2.635514018691588856e+00
-2.579439252336448885e+00
-2.635514018691588856e+00
-2.611111111111111160e+00
-2.555555555555555802e+00
-2.611111111111111160e+00
-2.611111111111111160e+00
-2.611111111111111160e+00
-2.587155963302752770e+00
-2.642201834862385468e+00
-2.587155963302752770e+00
-2.642201834862385468e+00
-2.587155963302752770e+00
-2.563636363636363491e+00
-2.618181818181818166e+00
-2.618181818181818166e+00
-2.618181818181818166e+00
-2.618181818181818166e+00
-2.648648648648648685e+00
-2.594594594594594739e+00
-2.594594594594594739e+00
-2.594594594594594739e+00
-2.594594594594594739e+00
-2.625000000000000000e+00
-2.625000000000000000e+00
-2.625000000000000000e+00
-2.625000000000000000e+00
-2.625000000000000000e+00
-2.601769911504424826e+00
-2.601769911504424826e+00
-2.601769911504424826e+00
-2.601769911504424826e+00
-2.601769911504424826e+00
-2.578947368421052655e+00
-2.631578947368421240e+00
-2.631578947368421240e+00
-2.578947368421052655e+00
-2.631578947368421240e+00
-2.608695652173913082e+00
-2.608695652173913082e+00
-2.608695652173913082e+00
-2.608695652173913082e+00
-2.608695652173913082e+00
-2.586206896551724199e+00
-2.637931034482758896e+00
-2.586206896551724199e+00
-2.637931034482758896e+00
-2.586206896551724199e+00
-2.615384615384615419e+00
-2.615384615384615419e+00
-2.615384615384615419e+00
-2.615384615384615419e+00
-2.615384615384615419e+00
-2.644067796610169552e+00
-2.593220338983051043e+00
-2.644067796610169552e+00
-2.593220338983051043e+00
-2.644067796610169552e+00
-2.621848739495798331e+00
-2.571428571428571619e+00
-2.621848739495798331e+00
-2.571428571428571619e+00
-2.621848739495798331e+00
-2.600000000000000089e+00
-2.649999999999999911e+00
-2.600000000000000089e+00
-2.649999999999999911e+00
-2.600000000000000089e+00
-2.578512396694215170e+00
-2.628099173553719137e+00
-2.578512396694215170e+00
-2.628099173553719137e+00
-2.628099173553719137e+00
-2.655737704918033071e+00
-2.606557377049180335e+00
-2.606557377049180335e+00
-2.606557377049180335e+00
-2.606557377049180335e+00
-2.634146341463414753e+00
-2.585365853658536661e+00
-2.634146341463414753e+00
-2.634146341463414753e+00
-2.634146341463414753e+00
-2.612903225806451957e+00
-2.612903225806451957e+00
-2.612903225806451957e+00
-2.612903225806451957e+00
-2.612903225806451957e+00
-2.592000000000000082e+00
-2.640000000000000124e+00
-2.592000000000000082e+00
-2.592000000000000082e+00
-2.640000000000000124e+00
-2.619047619047619069e+00
-2.619047619047619069e+00
-2.619047619047619069e+00
-2.619047619047619069e+00
-2.619047619047619069e+00
-2.645669291338582862e+00
-2.598425196850393970e+00
-2.598425196850393970e+00
-2.645669291338582862e+00
-2.598425196850393970e+00
-2.625000000000000000e+00
-2.625000000000000000e+00
-2.625000000000000000e+00
-2.625000000000000000e+00
-2.578125000000000000e+00
-2.604651162790697860e+00
-2.604651162790697860e+00
-2.651162790697674687e+00
-2.604651162790697860e+00
-2.651162790697674687e+00
-2.630769230769230749e+00
-2.584615384615384759e+00
-2.630769230769230749e+00
-2.584615384615384759e+00
-2.630769230769230749e+00
-2.610687022900763488e+00
-2.610687022900763488e+00
-2.610687022900763488e+00
-2.656488549618321038e+00
-2.610687022900763488e+00
-2.590909090909091272e+00
-2.636363636363636687e+00
-2.590909090909091272e+00
-2.636363636363636687e+00
-2.590909090909091272e+00
-2.616541353383458723e+00
-2.616541353383458723e+00
-2.616541353383458723e+00
-2.616541353383458723e+00
-2.616541353383458723e+00
-2.641791044776119701e+00
-2.597014925373134275e+00
-2.641791044776119701e+00
-2.597014925373134275e+00
-2.641791044776119701e+00
-2.622222222222222676e+00
-2.622222222222222676e+00
-2.622222222222222676e+00
-2.622222222222222676e+00
-2.622222222222222676e+00
-2.602941176470588314e+00
-2.647058823529411686e+00
-2.602941176470588314e+00
-2.602941176470588314e+00
-2.602941176470588314e+00
-2.583941605839416233e+00
-2.627737226277372606e+00
-2.627737226277372606e+00
-2.627737226277372606e+00
-2.627737226277372606e+00
-2.652173913043478493e+00
-2.608695652173913082e+00
-2.608695652173913082e+00
-2.608695652173913082e+00
-2.608695652173913082e+00
-2.633093525179856176e+00
-2.633093525179856176e+00
-2.633093525179856176e+00
-2.633093525179856176e+00
-2.589928057553956720e+00
-2.614285714285714324e+00
-2.614285714285714324e+00
-2.614285714285714324e+00
-2.614285714285714324e+00
-2.614285714285714324e+00
-2.595744680851064246e+00
-2.638297872340425787e+00
-2.638297872340425787e+00
-2.595744680851064246e+00
-2.638297872340425787e+00
-2.619718309859154992e+00
-2.619718309859154992e+00
-2.619718309859154992e+00
-2.619718309859154992e+00
-2.619718309859154992e+00
-2.601398601398601240e+00
-2.643356643356643776e+00
-2.601398601398601240e+00
-2.643356643356643776e+00
-2.601398601398601240e+00
-2.625000000000000000e+00
-2.625000000000000000e+00
-2.625000000000000000e+00
-2.625000000000000000e+00
-2.625000000000000000e+00
-2.648275862068965480e+00
-2.606896551724137812e+00
-2.648275862068965480e+00
-2.606896551724137812e+00
-2.648275862068965480e+00
-2.630136986301369717e+00
-2.589041095890411093e+00
-2.630136986301369717e+00
-2.589041095890411093e+00
-2.630136986301369717e+00
-2.612244897959183909e+00
-2.653061224489796199e+00
-2.612244897959183909e+00
-2.653061224489796199e+00
-2.612244897959183909e+00
-2.594594594594594739e+00
-2.635135135135135531e+00
-2.594594594594594739e+00
-2.635135135135135531e+00
-2.635135135135135531e+00
-2.657718120805369288e+00
-2.617449664429530198e+00
-2.617449664429530198e+00
-2.617449664429530198e+00
-2.617449664429530198e+00
-2.640000000000000124e+00
-2.600000000000000089e+00
-2.640000000000000124e+00
-2.600000000000000089e+00
-2.640000000000000124e+00
-2.622516556291390799e+00
-2.622516556291390799e+00
-2.622516556291390799e+00
-2.622516556291390799e+00
-2.622516556291390799e+00
-2.605263157894737169e+00
-2.644736842105263275e+00
-2.605263157894737169e+00
-2.605263157894737169e+00
-2.644736842105263275e+00
-2.627450980392156854e+00
-2.627450980392156854e+00
-2.627450980392156854e+00
-2.627450980392156854e+00
-2.627450980392156854e+00
-2.649350649350649345e+00
-2.610389610389610482e+00
-2.610389610389610482e+00
-2.610389610389610482e+00
-2.610389610389610482e+00
-2.632258064516129092e+00
-2.632258064516129092e+00
-2.632258064516129092e+00
-2.632258064516129092e+00
-2.593548387096774377e+00
-2.615384615384615419e+00
-2.615384615384615419e+00
-2.615384615384615419e+00
-2.615384615384615419e+00
-2.653846153846153744e+00
-2.636942675159235971e+00
-2.636942675159235971e+00
-2.636942675159235971e+00
-2.598726114649681840e+00
-2.636942675159235971e+00
-2.620253164556962222e+00
-2.620253164556962222e+00
-2.620253164556962222e+00
-2.620253164556962222e+00
-2.620253164556962222e+00
-2.603773584905660687e+00
-2.641509433962264453e+00
-2.603773584905660687e+00
-2.641509433962264453e+00
-2.603773584905660687e+00
-2.625000000000000000e+00
-2.625000000000000000e+00
-2.625000000000000000e+00
-2.625000000000000000e+00
-2.625000000000000000e+00
-2.645962732919254989e+00
-2.608695652173913082e+00
-2.645962732919254989e+00
-2.608695652173913082e+00
-2.645962732919254989e+00
-2.629629629629629761e+00
-2.629629629629629761e+00
-2.629629629629629761e+00
-2.629629629629629761e+00
-2.629629629629629761e+00
-2.613496932515337434e+00
-2.650306748466257911e+00
-2.613496932515337434e+00
-2.650306748466257911e+00
-2.613496932515337434e+00
-2.597560975609756184e+00
-2.634146341463414753e+00
-2.597560975609756184e+00
-2.634146341463414753e+00
-2.634146341463414753e+00
-2.654545454545454763e+00
-2.618181818181818166e+00
-2.654545454545454763e+00
-2.618181818181818166e+00
-2.618181818181818166e+00
-2.638554216867469826e+00
-2.602409638554217253e+00
-2.638554216867469826e+00
-2.638554216867469826e+00
-2.638554216867469826e+00
-2.622754491017964096e+00
-2.622754491017964096e+00
-2.622754491017964096e+00
-2.622754491017964096e+00
-2.622754491017964096e+00
-2.607142857142857206e+00
-2.642857142857142794e+00
-2.607142857142857206e+00
-2.642857142857142794e+00
-2.642857142857142794e+00
-2.627218934911242698e+00
-2.627218934911242698e+00
-2.627218934911242698e+00
-2.627218934911242698e+00
-2.627218934911242698e+00
-2.647058823529411686e+00
-2.611764705882352988e+00
-2.611764705882352988e+00
-2.647058823529411686e+00
-2.611764705882352988e+00
-2.631578947368421240e+00
-2.631578947368421240e+00
-2.631578947368421240e+00
-2.631578947368421240e+00
-2.631578947368421240e+00
-2.616279069767442067e+00
-2.616279069767442067e+00
-2.616279069767442067e+00
-2.616279069767442067e+00
-2.651162790697674687e+00
-2.635838150289017356e+00
-2.635838150289017356e+00
-2.635838150289017356e+00
-2.601156069364161993e+00
-2.635838150289017356e+00
-2.620689655172414145e+00
-2.620689655172414145e+00
-2.620689655172414145e+00
-2.655172413793103647e+00
-2.620689655172414145e+00
-2.640000000000000124e+00
-2.640000000000000124e+00
-2.605714285714285872e+00
-2.640000000000000124e+00
-2.605714285714285872e+00
-2.625000000000000000e+00
-2.625000000000000000e+00
-2.625000000000000000e+00
-2.625000000000000000e+00
-2.625000000000000000e+00
-2.644067796610169552e+00
-2.610169491525423879e+00
-2.644067796610169552e+00
-2.610169491525423879e+00
-2.644067796610169552e+00
-2.629213483146067620e+00
-2.629213483146067620e+00
-2.629213483146067620e+00
-2.629213483146067620e+00
-2.629213483146067620e+00
-2.614525139664804598e+00
-2.648044692737430150e+00
-2.614525139664804598e+00
-2.648044692737430150e+00
-2.614525139664804598e+00
-2.633333333333333304e+00
-2.633333333333333304e+00
-2.600000000000000089e+00
-2.633333333333333304e+00
-2.633333333333333304e+00
-2.651933701657458453e+00
-2.618784530386740528e+00
-2.651933701657458453e+00
-2.618784530386740528e+00
-2.618784530386740528e+00
-2.637362637362637319e+00
-2.604395604395604469e+00
-2.637362637362637319e+00
-2.637362637362637319e+00
-2.637362637362637319e+00
-2.622950819672131395e+00
-2.655737704918033071e+00
-2.622950819672131395e+00
-2.622950819672131395e+00
-2.622950819672131395e+00
-2.608695652173913082e+00
-2.641304347826087362e+00
-2.608695652173913082e+00
-2.641304347826087362e+00
-2.641304347826087362e+00
-2.627027027027027284e+00
-2.627027027027027284e+00
-2.627027027027027284e+00
-2.627027027027027284e+00
-2.627027027027027284e+00
-2.645161290322580960e+00
-2.612903225806451957e+00
-2.645161290322580960e+00
-2.645161290322580960e+00
-2.612903225806451957e+00
-2.631016042780748521e+00
-2.631016042780748521e+00
-2.631016042780748521e+00
-2.631016042780748521e+00
-2.631016042780748521e+00
-2.617021276595744794e+00
-2.617021276595744794e+00
-2.617021276595744794e+00
-2.617021276595744794e+00
-2.648936170212766061e+00
-2.634920634920634885e+00
-2.634920634920634885e+00
-2.634920634920634885e+00
-2.634920634920634885e+00
-2.634920634920634885e+00
-2.621052631578947523e+00
-2.621052631578947523e+00
-2.621052631578947523e+00
-2.652631578947368673e+00
-2.621052631578947523e+00
-2.638743455497382318e+00
-2.638743455497382318e+00
-2.638743455497382318e+00
-2.638743455497382318e+00
-2.607329842931937591e+00
-2.625000000000000000e+00
-2.625000000000000000e+00
-2.625000000000000000e+00
-2.625000000000000000e+00
-2.656250000000000000e+00
-2.642487046632124414e+00
-2.611398963730569900e+00
-2.642487046632124414e+00
-2.611398963730569900e+00
-2.642487046632124414e+00
-2.628865979381443285e+00
-2.628865979381443285e+00
-2.628865979381443285e+00
-2.659793814432989567e+00
-2.628865979381443285e+00
-2.615384615384615419e+00
-2.646153846153846079e+00
-2.615384615384615419e+00
-2.646153846153846079e+00
-2.615384615384615419e+00
-2.632653061224489832e+00
-2.632653061224489832e+00
-2.602040816326530503e+00
-2.632653061224489832e+00
-2.632653061224489832e+00
-2.649746192893401187e+00
-2.619289340101522701e+00
-2.649746192893401187e+00
-2.619289340101522701e+00
-2.649746192893401187e+00
-2.636363636363636687e+00
-2.606060606060606410e+00
-2.636363636363636687e+00
-2.636363636363636687e+00
-2.636363636363636687e+00
-2.623115577889447270e+00
-2.653266331658291843e+00
-2.623115577889447270e+00
-2.623115577889447270e+00
-2.623115577889447270e+00
-2.610000000000000320e+00
-2.640000000000000124e+00
-2.610000000000000320e+00
-2.640000000000000124e+00
-2.640000000000000124e+00
-2.656716417910447881e+00
-2.626865671641791078e+00
-2.626865671641791078e+00
-2.626865671641791078e+00
-2.626865671641791078e+00
-2.643564356435643692e+00
-2.613861386138613963e+00
-2.643564356435643692e+00
-2.613861386138613963e+00
-2.643564356435643692e+00
-2.630541871921182384e+00
-2.630541871921182384e+00
-2.630541871921182384e+00
-2.630541871921182384e+00
-2.630541871921182384e+00
-2.617647058823529438e+00
-2.647058823529411686e+00
-2.617647058823529438e+00
-2.617647058823529438e+00
-2.647058823529411686e+00
-2.634146341463414753e+00
-2.634146341463414753e+00
-2.634146341463414753e+00
-2.634146341463414753e+00
-2.634146341463414753e+00
-2.650485436893204039e+00
-2.621359223300971042e+00
-2.621359223300971042e+00
-2.621359223300971042e+00
-2.621359223300971042e+00
-2.637681159420290022e+00
-2.637681159420290022e+00
-2.637681159420290022e+00
-2.637681159420290022e+00
-2.608695652173913082e+00
-2.625000000000000000e+00
-2.625000000000000000e+00
-2.625000000000000000e+00
-2.625000000000000000e+00
-2.653846153846153744e+00
-2.641148325358852134e+00
-2.641148325358852134e+00
-2.641148325358852134e+00
-2.612440191387559896e+00
-2.641148325358852134e+00
-2.628571428571428559e+00
-2.628571428571428559e+00
-2.628571428571428559e+00
-2.628571428571428559e+00
-2.628571428571428559e+00
-2.616113744075829750e+00
-2.644549763033175349e+00
-2.616113744075829750e+00
-2.644549763033175349e+00
-2.616113744075829750e+00
-2.632075471698113400e+00
-2.632075471698113400e+00
-2.632075471698113400e+00
-2.632075471698113400e+00
-2.632075471698113400e+00
-2.647887323943661997e+00
-2.619718309859154992e+00
-2.647887323943661997e+00
-2.619718309859154992e+00
-2.647887323943661997e+00
-2.635514018691588856e+00
-2.635514018691588856e+00
-2.635514018691588856e+00
-2.607476635514018870e+00
-2.635514018691588856e+00
-2.623255813953488502e+00
-2.651162790697674687e+00
-2.623255813953488502e+00
-2.651162790697674687e+00
-2.623255813953488502e+00
-2.611111111111111160e+00
-2.638888888888889284e+00
-2.611111111111111160e+00
-2.638888888888889284e+00
-2.638888888888889284e+00
-2.654377880184332295e+00
-2.626728110599078292e+00
-2.654377880184332295e+00
-2.626728110599078292e+00
-2.626728110599078292e+00
-2.642201834862385468e+00
-2.614678899082568897e+00
-2.642201834862385468e+00
-2.614678899082568897e+00
-2.642201834862385468e+00
-2.630136986301369717e+00
-2.630136986301369717e+00
-2.630136986301369717e+00
-2.630136986301369717e+00
-2.630136986301369717e+00
-2.618181818181818166e+00
-2.645454545454545503e+00
-2.618181818181818166e+00
-2.645454545454545503e+00
-2.645454545454545503e+00
-2.633484162895927572e+00
-2.633484162895927572e+00
-2.633484162895927572e+00
-2.633484162895927572e+00
-2.633484162895927572e+00
-2.648648648648648685e+00
-2.621621621621621490e+00
-2.648648648648648685e+00
-2.621621621621621490e+00
-2.621621621621621490e+00
-2.636771300448430555e+00
-2.636771300448430555e+00
-2.636771300448430555e+00
-2.636771300448430555e+00
-2.636771300448430555e+00
-2.625000000000000000e+00
-2.625000000000000000e+00
-2.625000000000000000e+00
-2.625000000000000000e+00
-2.625000000000000000e+00
-2.613333333333333286e+00
-2.640000000000000124e+00
-2.640000000000000124e+00
-2.640000000000000124e+00
-2.640000000000000124e+00
-2.628318584070796771e+00
-2.628318584070796771e+00
-2.628318584070796771e+00
-2.628318584070796771e+00
-2.628318584070796771e+00
-2.643171806167400995e+00
-2.643171806167400995e+00
-2.616740088105727224e+00
-2.643171806167400995e+00
-2.616740088105727224e+00
-2.631578947368421240e+00
-2.631578947368421240e+00
-2.631578947368421240e+00
-2.631578947368421240e+00
-2.631578947368421240e+00
-2.620087336244541820e+00
-2.620087336244541820e+00
-2.646288209606987074e+00
-2.620087336244541820e+00
-2.646288209606987074e+00
-2.634782608695652506e+00
-2.634782608695652506e+00
-2.634782608695652506e+00
-2.634782608695652506e+00
-2.634782608695652506e+00
-2.623376623376623584e+00
-2.649350649350649345e+00
-2.623376623376623584e+00
-2.649350649350649345e+00
-2.623376623376623584e+00
-2.637931034482758896e+00
-2.637931034482758896e+00
-2.612068965517241548e+00
-2.637931034482758896e+00
-2.612068965517241548e+00
-2.626609442060086064e+00
-2.626609442060086064e+00
-2.652360515021459531e+00
-2.626609442060086064e+00
-2.652360515021459531e+00
-2.641025641025640969e+00
-2.615384615384615419e+00
-2.641025641025640969e+00
-2.615384615384615419e+00
-2.641025641025640969e+00
-2.629787234042553656e+00
-2.655319148936170048e+00
-2.629787234042553656e+00
-2.655319148936170048e+00
-2.629787234042553656e+00
-2.618644067796610297e+00
-2.644067796610169552e+00
-2.618644067796610297e+00
-2.644067796610169552e+00
-2.618644067796610297e+00
-2.632911392405063555e+00
-2.632911392405063555e+00
-2.632911392405063555e+00
-2.632911392405063555e+00
-2.632911392405063555e+00
-2.647058823529411686e+00
-2.621848739495798331e+00
-2.647058823529411686e+00
-2.621848739495798331e+00
-2.647058823529411686e+00
-2.635983263598326243e+00
