4.006677796327212104e-01
3.205342237061770128e-01
1.502504173622704609e-01
-5.108514190317196002e-01
-6.110183639398998334e-01
-7.011686143572621877e-01
-7.913188647746244309e-01
-8.814691151919866741e-01
-9.616026711185309273e-01
-1.051752921535893170e+00
-1.121869782971619545e+00
-1.202003338898163687e+00
-1.292153589315526041e+00
-1.372287145242070183e+00
-1.452420701168614547e+00
-1.542570951585976902e+00
-1.632721202003339034e+00
-1.732888146911519378e+00
-1.833055091819699500e+00
-1.943238731218697835e+00
-2.067567567567567544e+00
-2.182795698924731465e+00
-2.315589353612167667e+00
-2.460606060606060463e+00
-2.619354838709677669e+00
-2.800000000000000266e+00
-3.007407407407407529e+00
-3.231999999999999762e+00
-3.575221238938052881e+00
-4.620437956204379581e+00
