4.006677796327212104e-01
3.105175292153589672e-01
1.602671118530885064e-01
-5.108514190317196002e-01
-6.110183639398998334e-01
-7.111853088480801777e-01
-8.013355592654424209e-01
-8.814691151919866741e-01
-9.616026711185309273e-01
-1.041736227045075180e+00
-1.121869782971619545e+00
-1.202003338898163687e+00
-1.282136894824708051e+00
-1.372287145242070183e+00
-1.462437395659432537e+00
-1.612687813021702832e+00
-2.301225919439579659e+00
-2.469902912621359192e+00
-2.538461538461538769e+00
-2.592901878914405156e+00
-2.633832976445396046e+00
-2.691466083150984900e+00
-2.738255033557047025e+00
-2.788154897494305118e+00
-2.832558139534883779e+00
-2.886255924170616272e+00
-2.934939759036144569e+00
-2.985294117647058876e+00
-3.037406483790523914e+00
-3.076142131979695549e+00
