4.006677796327212104e-01
3.205342237061770128e-01
1.602671118530885064e-01
-5.108514190317196002e-01
-6.210350584307179345e-01
-7.111853088480801777e-01
-7.913188647746244309e-01
-8.814691151919866741e-01
-9.616026711185309273e-01
-1.041736227045075180e+00
-1.121869782971619545e+00
-1.202003338898163687e+00
-1.282136894824708051e+00
-1.372287145242070183e+00
-1.462437395659432537e+00
-1.552587646076794892e+00
-1.642737896494157024e+00
-1.732888146911519378e+00
-1.843071786310517490e+00
-1.943238731218697835e+00
-2.071065989847715727e+00
-2.186714542190305366e+00
-2.324427480916030575e+00
-2.466257668711656859e+00
-3.331619537275064769e+00
-3.529411764705882693e+00
-3.620991253644315400e+00
-3.682634730538922430e+00
-3.754601226993865559e+00
-3.836990595611285304e+00
