4.006677796327212104e-01
3.205342237061770128e-01
1.602671118530885064e-01
-5.108514190317196002e-01
-6.210350584307179345e-01
-7.111853088480801777e-01
-7.913188647746244309e-01
-8.814691151919866741e-01
-9.616026711185309273e-01
-1.041736227045075180e+00
-1.121869782971619545e+00
-1.212020033388981677e+00
-1.292153589315526041e+00
-1.372287145242070183e+00
-1.452420701168614547e+00
-1.542570951585976902e+00
-1.642737896494157024e+00
-1.732888146911519378e+00
-1.833055091819699500e+00
-1.943238731218697835e+00
-2.077702702702702631e+00
-2.189624329159213012e+00
-2.322580645161290480e+00
-2.467741935483871440e+00
-2.632258064516129092e+00
-2.800000000000000266e+00
-3.000000000000000000e+00
-3.239361702127659726e+00
-3.502890173410404540e+00
-3.866666666666667140e+00
