4.006677796327212104e-01
3.205342237061770128e-01
1.602671118530885064e-01
-5.108514190317196002e-01
-6.210350584307179345e-01
-7.212020033388982787e-01
-8.313856427378965019e-01
-1.031719532554257190e+00
-1.682804674457428984e+00
-1.823038397328881510e+00
-1.863105175292153470e+00
-1.923205342237061855e+00
-1.963272120200334037e+00
-2.003338898163605997e+00
-2.043405676126878401e+00
-2.091836734693877542e+00
-2.125000000000000444e+00
-2.170212765957447054e+00
-2.206521739130435034e+00
-2.247232472324723229e+00
-2.289473684210526550e+00
-2.333333333333333481e+00
-2.374269005847953196e+00
-2.416666666666666963e+00
-2.455645161290322953e+00
-2.495901639344262346e+00
-2.537500000000000089e+00
-2.567796610169491789e+00
-2.606451612903225801e+00
-2.646288209606987074e+00
