4.006677796327212104e-01
3.205342237061770128e-01
1.602671118530885064e-01
-5.108514190317196002e-01
-6.110183639398998334e-01
-7.011686143572621877e-01
-7.913188647746244309e-01
-8.814691151919866741e-01
-9.716193656093489173e-01
-1.051752921535893170e+00
-1.131886477462437535e+00
-1.202003338898163687e+00
-1.282136894824708051e+00
-1.372287145242070183e+00
-1.452420701168614547e+00
-1.542570951585976902e+00
-1.632721202003339034e+00
-1.732888146911519378e+00
-1.833055091819699500e+00
-1.943238731218697835e+00
-2.064406779661017044e+00
-2.179856115107913883e+00
-2.335260115606936360e+00
-3.160194174757281704e+00
-3.351063829787233939e+00
-3.430939226519337470e+00
-3.511363636363636243e+00
-3.568513119533527789e+00
-3.642857142857142794e+00
-3.720364741641337236e+00
