4.006677796327212104e-01
3.205342237061770128e-01
1.502504173622704609e-01
-5.108514190317196002e-01
-6.110183639398998334e-01
-7.011686143572621877e-01
-7.913188647746244309e-01
-8.814691151919866741e-01
-9.616026711185309273e-01
-1.051752921535893170e+00
-1.121869782971619545e+00
-1.202003338898163687e+00
-1.292153589315526041e+00
-1.372287145242070183e+00
-1.452420701168614547e+00
-1.542570951585976902e+00
-1.642737896494157024e+00
-1.732888146911519378e+00
-1.833055091819699500e+00
-1.933222036727879845e+00
-2.077702702702702631e+00
-2.200357781753131015e+00
-2.315589353612167667e+00
-2.460606060606060463e+00
-2.619354838709677669e+00
-2.813793103448276156e+00
-2.992592592592592915e+00
-3.239361702127659726e+00
-3.495652173913043281e+00
-4.442906574394464236e+00
