4.006677796327212104e-01
3.205342237061770128e-01
1.602671118530885064e-01
-5.108514190317196002e-01
-6.110183639398998334e-01
-7.111853088480801777e-01
-7.913188647746244309e-01
-8.814691151919866741e-01
-9.616026711185309273e-01
-1.051752921535893170e+00
-1.131886477462437535e+00
-1.232053422370617879e+00
-1.472454090150250527e+00
-2.113522537562604331e+00
-2.196891191709844815e+00
-2.251346499102334420e+00
-2.295748613678373573e+00
-2.345351043643263633e+00
-2.388349514563107068e+00
-2.440476190476190688e+00
-2.477732793522267496e+00
-2.528925619834710758e+00
-2.576842105263158267e+00
-2.613733905579399330e+00
-2.659388646288209479e+00
-2.706666666666666998e+00
-2.742081447963800933e+00
-2.800000000000000266e+00
-2.845794392523364635e+00
-2.878859857482185536e+00
