4.006677796327212104e-01
3.105175292153589672e-01
1.502504173622704609e-01
-5.108514190317196002e-01
-6.110183639398998334e-01
-7.111853088480801777e-01
-8.013355592654424209e-01
-8.714524207011686840e-01
-9.716193656093489173e-01
-1.041736227045075180e+00
-1.131886477462437535e+00
-1.202003338898163687e+00
-1.282136894824708051e+00
-1.372287145242070183e+00
-1.462437395659432537e+00
-1.552587646076794892e+00
-1.632721202003339034e+00
-1.732888146911519378e+00
-1.833055091819699500e+00
-1.943238731218697835e+00
-2.067567567567567544e+00
-2.182795698924731465e+00
-2.315589353612167667e+00
-2.472727272727272663e+00
-2.625000000000000000e+00
-2.792626728110599199e+00
-3.000000000000000000e+00
-3.302452316076294636e+00
-4.277027027027027195e+00
-4.419928825622776003e+00
