4.006677796327212104e-01
3.105175292153589672e-01
1.502504173622704609e-01
-5.008347245409014992e-01
-6.110183639398998334e-01
-7.111853088480801777e-01
-8.013355592654424209e-01
-8.814691151919866741e-01
-9.616026711185309273e-01
-1.041736227045075180e+00
-1.131886477462437535e+00
-1.212020033388981677e+00
-1.292153589315526041e+00
-1.372287145242070183e+00
-1.452420701168614547e+00
-1.542570951585976902e+00
-1.642737896494157024e+00
-1.732888146911519378e+00
-1.843071786310517490e+00
-1.943238731218697835e+00
-2.071065989847715727e+00
-2.182795698924731465e+00
-2.326996197718631088e+00
-2.453441295546558543e+00
-2.625000000000000000e+00
-2.799076212471131697e+00
-3.671388101983003249e+00
-3.955835962145110685e+00
-4.072131147540983598e+00
-4.155405405405405261e+00
