6.141421461550065240e-72
7.483072530100645820e-73
7.146403593535340601e-74
7.018244768643036855e-75
5.638686165410304925e-76
4.311597526954869730e-77
2.860099006081023411e-78
1.709073982682712706e-79
2.823635366408650192e-80
2.684328898164539755e-78
3.968382911195483781e-76
9.278440353963756799e-74
3.919674042378705860e-71
2.726813112797385037e-68
3.218138811738804643e-65
8.262289857970062233e-62
4.291059287643802652e-58
4.741245843776915694e-54
1.440767570899767873e-49
9.426943697272374509e-47
1.077237677266448524e-47
1.116140926412279021e-48
1.588728144304044448e-49
4.048424836322974218e-50
5.523132386116263636e-29
9.027029003140246699e-01
-1.000000000000000000e+00
-1.000000000000000000e+00
-1.000000000000000000e+00
-1.000000000000000000e+00
-1.000000000000000000e+00
-1.000000000000000000e+00
-1.000000000000000000e+00
-1.000000000000000000e+00
-1.000000000000000000e+00
-1.000000000000000000e+00
-1.000000000000000000e+00
-1.000000000000000000e+00
-1.000000000000000000e+00
-1.000000000000000000e+00
-1.000000000000000000e+00
-1.000000000000000000e+00
-1.000000000000000000e+00
-1.000000000000000000e+00
-1.000000000000000000e+00
-1.000000000000000000e+00
-1.000000000000000000e+00
-1.000000000000000000e+00
-1.000000000000000000e+00
-1.000000000000000000e+00
