1.275786110521564468e-68
1.293073931412013686e-69
1.315884427716022460e-70
1.075834458742445345e-71
9.171988797047063289e-73
6.581855130191420948e-74
4.099815458285127888e-75
5.192099392408587974e-76
9.751819585548613812e-75
2.842793726104117433e-73
1.312008672225392806e-71
9.809582313402212083e-70
1.519909527927636283e-67
4.017319665542153794e-65
2.090714859557111918e-62
2.739125834582728384e-59
7.653698770508555127e-56
6.503906249898224730e-52
1.616426425267387251e-47
8.077124791678693509e-45
1.194076487891205718e-45
2.231500573448246180e-46
7.422723002388529345e-47
1.285096163553835474e-46
1.262199033139040951e-23
9.348963184601296605e-01
-1.000000000000000000e+00
-1.000000000000000000e+00
-1.000000000000000000e+00
-1.000000000000000000e+00
-1.000000000000000000e+00
-1.000000000000000000e+00
-1.000000000000000000e+00
-1.000000000000000000e+00
-1.000000000000000000e+00
-1.000000000000000000e+00
-1.000000000000000000e+00
-1.000000000000000000e+00
-1.000000000000000000e+00
-1.000000000000000000e+00
-1.000000000000000000e+00
-1.000000000000000000e+00
-1.000000000000000000e+00
-1.000000000000000000e+00
-1.000000000000000000e+00
-1.000000000000000000e+00
-1.000000000000000000e+00
-1.000000000000000000e+00
-1.000000000000000000e+00
-1.000000000000000000e+00
