8.803817193582911283e-66
8.511212881863290486e-67
8.222559596375658885e-68
6.407434351934186321e-69
4.613629785834617995e-70
3.142522406779736901e-71
1.426600081981054154e-71
6.729238104837871908e-71
5.420717797069645416e-70
6.090661464861885813e-69
1.095342102591732202e-67
4.030763038758453562e-66
2.515315101555903566e-64
3.075797675214965228e-62
8.520767148643853953e-60
6.185737622476419820e-57
1.235993123789504593e-53
7.974128166209945113e-50
1.797815828123855896e-45
3.277882905654591200e-43
6.841630970107311063e-44
2.052704993023695049e-44
1.862092013118796680e-44
2.336871732007064030e-43
3.142473566439463002e-15
9.249266443285679706e-01
-1.000000000000000000e+00
-1.000000000000000000e+00
-1.000000000000000000e+00
-1.000000000000000000e+00
-1.000000000000000000e+00
-1.000000000000000000e+00
-1.000000000000000000e+00
-1.000000000000000000e+00
-1.000000000000000000e+00
-1.000000000000000000e+00
-1.000000000000000000e+00
-1.000000000000000000e+00
-1.000000000000000000e+00
-1.000000000000000000e+00
-1.000000000000000000e+00
-1.000000000000000000e+00
-1.000000000000000000e+00
-1.000000000000000000e+00
-1.000000000000000000e+00
-1.000000000000000000e+00
-1.000000000000000000e+00
-1.000000000000000000e+00
-1.000000000000000000e+00
-1.000000000000000000e+00
