9.582748570692448988e-67
9.403702441281207371e-68
9.235018477331250672e-69
7.304394150286008129e-70
5.997870935191894009e-71
3.697298118063127497e-72
2.491602134205094311e-73
1.276137809661568924e-72
1.255321162136656643e-71
1.924170830108348480e-70
4.703942490216010229e-69
2.101712570787594603e-67
1.763142897310096323e-65
2.866407479703207163e-63
1.040582102680154932e-60
7.931864686739978545e-58
1.809859586988115392e-54
1.180347433574431170e-50
2.859135678372499010e-46
8.574586102439816518e-44
1.617047946646069142e-44
4.313700555705126802e-45
2.629726412984694344e-45
1.464249715711172224e-44
5.698747631378954435e-19
9.376362926874812764e-01
-1.000000000000000000e+00
-1.000000000000000000e+00
-1.000000000000000000e+00
-1.000000000000000000e+00
-1.000000000000000000e+00
-1.000000000000000000e+00
-1.000000000000000000e+00
-1.000000000000000000e+00
-1.000000000000000000e+00
-1.000000000000000000e+00
-1.000000000000000000e+00
-1.000000000000000000e+00
-1.000000000000000000e+00
-1.000000000000000000e+00
-1.000000000000000000e+00
-1.000000000000000000e+00
-1.000000000000000000e+00
-1.000000000000000000e+00
-1.000000000000000000e+00
-1.000000000000000000e+00
-1.000000000000000000e+00
-1.000000000000000000e+00
-1.000000000000000000e+00
-1.000000000000000000e+00
