2.146298380153782348e-75
2.742693201808162879e-76
2.725129032475969437e-77
2.796122726124106276e-78
2.333553423247538431e-79
1.854552554894523812e-80
1.274258838849845448e-81
8.922182893363854707e-83
4.571028521678485983e-84
1.171588570907067433e-83
5.751664313179282169e-81
3.850577451610437162e-78
4.033511376757316811e-75
6.009396951889758277e-72
1.642326503775649672e-68
7.552546508790415050e-65
6.079107639440264900e-61
9.026000445897070973e-57
3.224607492540908586e-52
5.209314336074051061e-49
3.881464055287654040e-50
2.535988957861580593e-51
1.377772242029097990e-52
9.056211843986776222e-54
1.569350699128917071e-33
8.163006166644036776e-01
-1.000000000000000000e+00
-1.000000000000000000e+00
-1.000000000000000000e+00
-1.000000000000000000e+00
-1.000000000000000000e+00
-1.000000000000000000e+00
-1.000000000000000000e+00
-1.000000000000000000e+00
-1.000000000000000000e+00
-1.000000000000000000e+00
-1.000000000000000000e+00
-1.000000000000000000e+00
-1.000000000000000000e+00
-1.000000000000000000e+00
-1.000000000000000000e+00
-1.000000000000000000e+00
-1.000000000000000000e+00
-1.000000000000000000e+00
-1.000000000000000000e+00
-1.000000000000000000e+00
-1.000000000000000000e+00
-1.000000000000000000e+00
-1.000000000000000000e+00
-1.000000000000000000e+00
