3.532005597281693517e-79
4.415243605743572525e-80
4.240353791699888029e-81
4.205942775619308659e-82
3.357861255728764361e-83
2.541981367252220088e-84
1.881611201823238769e-85
1.086859373583380524e-86
5.152501899819478834e-88
2.414129691470235384e-89
6.248340301960823304e-88
1.118179227071334064e-84
2.429789533473488204e-81
7.454281425362817099e-78
3.744048831407483281e-74
3.180762469383327081e-70
4.278732244424372193e-66
9.781867577138415755e-62
5.683747664279137566e-57
6.918442152218250428e-52
4.309988182902478783e-53
1.774253455873654831e-54
6.214143245755937751e-56
2.131602327170657795e-57
3.619389051677350360e-38
9.908161840263446374e-02
-1.000000000000000000e+00
-1.000000000000000000e+00
-1.000000000000000000e+00
-1.000000000000000000e+00
-1.000000000000000000e+00
-1.000000000000000000e+00
-1.000000000000000000e+00
-1.000000000000000000e+00
-1.000000000000000000e+00
-1.000000000000000000e+00
-1.000000000000000000e+00
-1.000000000000000000e+00
-1.000000000000000000e+00
-1.000000000000000000e+00
-1.000000000000000000e+00
-1.000000000000000000e+00
-1.000000000000000000e+00
-1.000000000000000000e+00
-1.000000000000000000e+00
-1.000000000000000000e+00
-1.000000000000000000e+00
-1.000000000000000000e+00
-1.000000000000000000e+00
-1.000000000000000000e+00
