3.311248084205637162e-67
3.274452592413782914e-68
3.243044516115866529e-69
2.585221492109403803e-70
2.141750226530585364e-71
1.494492716342152718e-72
9.051595495481939023e-74
1.920762942606542399e-73
2.212225855941556127e-72
3.966650987527180434e-71
1.132332885132833563e-69
5.894015836027883892e-68
5.151167109867456727e-66
9.688136133551154816e-64
3.643234645392265226e-61
3.511440088166806135e-58
8.183227747677614589e-55
5.407334692021976625e-51
1.312642223770754314e-46
4.950163975308174898e-44
8.481519419313085196e-45
2.107753621017609879e-45
1.065396558817093636e-45
6.614568514933442622e-45
1.716068999178898729e-20
9.381817359775345144e-01
-1.000000000000000000e+00
-1.000000000000000000e+00
-1.000000000000000000e+00
-1.000000000000000000e+00
-1.000000000000000000e+00
-1.000000000000000000e+00
-1.000000000000000000e+00
-1.000000000000000000e+00
-1.000000000000000000e+00
-1.000000000000000000e+00
-1.000000000000000000e+00
-1.000000000000000000e+00
-1.000000000000000000e+00
-1.000000000000000000e+00
-1.000000000000000000e+00
-1.000000000000000000e+00
-1.000000000000000000e+00
-1.000000000000000000e+00
-1.000000000000000000e+00
-1.000000000000000000e+00
-1.000000000000000000e+00
-1.000000000000000000e+00
-1.000000000000000000e+00
-1.000000000000000000e+00
