1.766871165644172015e+00
1.724999999999999867e+00
1.695238095238095211e+00
1.650485436893204039e+00
1.629139072847682224e+00
1.586440677966101775e+00
1.551724137931034697e+00
1.510344827586207028e+00
1.468965517241379359e+00
1.422680412371134073e+00
1.376712328767123461e+00
1.346938775510204245e+00
1.297297297297297369e+00
1.244147157190635511e+00
1.188118811881188286e+00
1.129870129870129913e+00
1.073482428115015930e+00
1.012500000000000178e+00
9.512195121951220189e-01
8.916408668730649856e-01
8.080808080808080662e-01
7.356321839080459668e-01
6.057692307692308376e-01
5.084745762711864181e-01
3.768115942028985588e-01
3.647416413373860689e-02
-2.203672787979966685e-01
-2.103505843071786230e-01
-2.103505843071786230e-01
-2.203672787979966685e-01
-2.103505843071786230e-01
-2.103505843071786230e-01
-2.203672787979966685e-01
-2.203672787979966685e-01
-2.103505843071786230e-01
-2.103505843071786230e-01
-2.103505843071786230e-01
-2.103505843071786230e-01
-2.103505843071786230e-01
-2.103505843071786230e-01
-2.203672787979966685e-01
-2.203672787979966685e-01
-2.203672787979966685e-01
-2.203672787979966685e-01
-2.203672787979966685e-01
-2.203672787979966685e-01
-2.203672787979966685e-01
-2.103505843071786230e-01
-2.103505843071786230e-01
-2.103505843071786230e-01
