1.766871165644172015e+00
1.719626168224299034e+00
1.695238095238095211e+00
1.669902912621359370e+00
1.629139072847682224e+00
1.586440677966101775e+00
1.562500000000000222e+00
1.521428571428571352e+00
1.461254612546125653e+00
1.425287356321839116e+00
1.396946564885496178e+00
1.343283582089552342e+00
1.291970802919708117e+00
1.238434163701067625e+00
1.191637630662021108e+00
1.142857142857142794e+00
1.072847682119205448e+00
1.006451612903225934e+00
9.433962264150943522e-01
8.834355828220860074e-01
7.973421926910300161e-01
7.218045112781954487e-01
6.111111111111111605e-01
5.413533834586465865e-01
3.802816901408450634e-01
9.625668449197861964e-02
-9.916527545909850083e-01
-1.001669449081802998e+00
-9.916527545909850083e-01
-9.916527545909850083e-01
-9.916527545909850083e-01
-9.916527545909850083e-01
-9.916527545909850083e-01
-9.916527545909850083e-01
-9.916527545909850083e-01
-9.916527545909850083e-01
-1.001669449081802998e+00
-9.916527545909850083e-01
-9.916527545909850083e-01
-9.916527545909850083e-01
-9.916527545909850083e-01
-9.916527545909850083e-01
-9.916527545909850083e-01
-9.916527545909850083e-01
-9.916527545909850083e-01
-9.916527545909850083e-01
-9.916527545909850083e-01
-1.001669449081802998e+00
-1.001669449081802998e+00
-1.001669449081802998e+00
