1.766871165644172015e+00
1.724999999999999867e+00
1.695238095238095211e+00
1.650485436893204039e+00
1.629139072847682224e+00
1.586440677966101775e+00
1.561643835616438380e+00
1.505154639175257714e+00
1.458904109589041154e+00
1.417808219178082307e+00
1.392491467576791875e+00
1.342372881355932357e+00
1.292929292929293039e+00
1.239999999999999991e+00
1.184210526315789602e+00
1.129870129870129913e+00
1.070063694267515908e+00
1.031250000000000000e+00
9.512195121951220189e-01
8.916408668730649856e-01
8.108108108108108558e-01
7.153846153846155076e-01
6.407766990291262621e-01
5.263157894736841813e-01
3.428571428571428603e-01
-7.011686143572622154e-02
-1.402337228714524431e-01
-1.402337228714524431e-01
-1.402337228714524431e-01
-1.402337228714524431e-01
-1.402337228714524431e-01
-1.402337228714524431e-01
-1.402337228714524431e-01
-1.402337228714524431e-01
-1.402337228714524431e-01
-1.402337228714524431e-01
-1.402337228714524431e-01
-1.402337228714524431e-01
-1.402337228714524431e-01
-1.402337228714524431e-01
-1.402337228714524431e-01
-1.402337228714524431e-01
-1.402337228714524431e-01
-1.402337228714524431e-01
-1.402337228714524431e-01
-1.402337228714524431e-01
-1.402337228714524431e-01
-1.402337228714524431e-01
-1.402337228714524431e-01
-1.402337228714524431e-01
