1.766871165644172015e+00
1.724999999999999867e+00
1.695238095238095211e+00
1.669902912621359370e+00
1.629139072847682224e+00
1.586440677966101775e+00
1.541666666666666519e+00
1.494661921708185126e+00
1.468085106382978733e+00
1.415492957746478986e+00
1.384615384615384803e+00
1.328719723183391155e+00
1.294520547945205546e+00
1.236486486486486625e+00
1.200000000000000178e+00
1.137254901960784270e+00
1.076923076923077094e+00
1.015673981191222541e+00
9.541284403669725300e-01
8.861538461538462919e-01
8.026755852842809569e-01
7.272727272727272929e-01
6.226415094339623479e-01
5.238095238095238360e-01
3.586956521739130821e-01
5.750798722044728195e-02
-4.507512520868113826e-01
-4.507512520868113826e-01
-4.507512520868113826e-01
-4.607679465776293726e-01
-4.507512520868113826e-01
-4.607679465776293726e-01
-4.607679465776293726e-01
-4.507512520868113826e-01
-4.507512520868113826e-01
-4.507512520868113826e-01
-4.507512520868113826e-01
-4.507512520868113826e-01
-4.607679465776293726e-01
-4.607679465776293726e-01
-4.607679465776293726e-01
-4.607679465776293726e-01
-4.607679465776293726e-01
-4.507512520868113826e-01
-4.507512520868113826e-01
-4.507512520868113826e-01
-4.507512520868113826e-01
-4.507512520868113826e-01
-4.507512520868113826e-01
-4.507512520868113826e-01
