1.766871165644172015e+00
1.724999999999999867e+00
1.695238095238095211e+00
1.650485436893204039e+00
1.629139072847682224e+00
1.586440677966101775e+00
1.557093425605536208e+00
1.515570934256055269e+00
1.468965517241379359e+00
1.427586206896551912e+00
1.397260273972602773e+00
1.331058020477815740e+00
1.297297297297297369e+00
1.244147157190635511e+00
1.188118811881188286e+00
1.133550488599348594e+00
1.073482428115015930e+00
1.012500000000000178e+00
9.512195121951220189e-01
8.730650154798761386e-01
8.080808080808080662e-01
7.126436781609195581e-01
6.057692307692308376e-01
5.042016806722690037e-01
3.529411764705882582e-01
5.487804878048780505e-02
-2.504173622704507496e-01
-2.404006677796327318e-01
-2.404006677796327318e-01
-2.504173622704507496e-01
-2.404006677796327318e-01
-2.504173622704507496e-01
-2.504173622704507496e-01
-2.504173622704507496e-01
-2.404006677796327318e-01
-2.404006677796327318e-01
-2.404006677796327318e-01
-2.404006677796327318e-01
-2.404006677796327318e-01
-2.504173622704507496e-01
-2.504173622704507496e-01
-2.504173622704507496e-01
-2.504173622704507496e-01
-2.504173622704507496e-01
-2.504173622704507496e-01
-2.504173622704507496e-01
-2.504173622704507496e-01
-2.504173622704507496e-01
-2.404006677796327318e-01
-2.404006677796327318e-01
