1.766871165644172015e+00
1.738317757009345765e+00
1.714285714285714191e+00
1.669902912621359370e+00
1.609271523178807950e+00
1.606779661016949134e+00
1.541666666666666519e+00
1.505376344086021501e+00
1.483394833948339597e+00
1.428571428571428603e+00
1.386281588447653590e+00
1.340425531914893664e+00
1.275261324041812028e+00
1.232876712328767166e+00
1.187919463087248273e+00
1.125000000000000000e+00
1.080385852090032239e+00
1.000000000000000000e+00
9.541284403669725300e-01
8.834355828220860074e-01
8.199999999999999512e-01
7.018867924528302549e-01
6.168224299065421246e-01
5.076923076923077760e-01
3.508771929824561209e-01
8.955223880597015795e-02
-6.711185308848079956e-01
-6.711185308848079956e-01
-6.711185308848079956e-01
-6.711185308848079956e-01
-6.711185308848079956e-01
-6.611018363939900055e-01
-6.711185308848079956e-01
-6.711185308848079956e-01
-6.711185308848079956e-01
-6.711185308848079956e-01
-6.711185308848079956e-01
-6.611018363939900055e-01
-6.711185308848079956e-01
-6.711185308848079956e-01
-6.711185308848079956e-01
-6.711185308848079956e-01
-6.711185308848079956e-01
-6.711185308848079956e-01
-6.711185308848079956e-01
-6.711185308848079956e-01
-6.711185308848079956e-01
-6.711185308848079956e-01
-6.711185308848079956e-01
-6.711185308848079956e-01
