1.766871165644172015e+00
1.724999999999999867e+00
1.695238095238095211e+00
1.669902912621359370e+00
1.629139072847682224e+00
1.586440677966101775e+00
1.562500000000000222e+00
1.515570934256055269e+00
1.474048442906574330e+00
1.427586206896551912e+00
1.381443298969072142e+00
1.331058020477815740e+00
1.297297297297297369e+00
1.244147157190635511e+00
1.192052980132450424e+00
1.133550488599348594e+00
1.073482428115015930e+00
1.012500000000000178e+00
9.512195121951220189e-01
8.703703703703704608e-01
8.080808080808080662e-01
7.126436781609195581e-01
6.315789473684210176e-01
5.000000000000000000e-01
3.564356435643564192e-01
3.658536585365854132e-02
-2.704507512520868406e-01
-2.604340567612687951e-01
-2.604340567612687951e-01
-2.704507512520868406e-01
-2.604340567612687951e-01
-2.604340567612687951e-01
-2.704507512520868406e-01
-2.604340567612687951e-01
-2.604340567612687951e-01
-2.604340567612687951e-01
-2.604340567612687951e-01
-2.604340567612687951e-01
-2.604340567612687951e-01
-2.604340567612687951e-01
-2.704507512520868406e-01
-2.704507512520868406e-01
-2.704507512520868406e-01
-2.704507512520868406e-01
-2.604340567612687951e-01
-2.604340567612687951e-01
-2.604340567612687951e-01
-2.604340567612687951e-01
-2.604340567612687951e-01
-2.604340567612687951e-01
