1.766871165644172015e+00
1.724999999999999867e+00
1.695238095238095211e+00
1.669902912621359370e+00
1.629139072847682224e+00
1.586440677966101775e+00
1.541666666666666519e+00
1.515789473684210575e+00
1.468531468531468764e+00
1.442508710801393867e+00
1.391003460207612452e+00
1.340206185567010433e+00
1.285714285714285809e+00
1.232323232323232487e+00
1.196013289036544913e+00
1.137254901960784270e+00
1.076923076923077094e+00
1.015673981191222541e+00
9.541284403669725300e-01
8.888888888888888395e-01
8.053691275167785824e-01
7.300380228136882366e-01
5.971563981042654623e-01
4.800000000000000377e-01
3.510638297872340496e-01
3.726708074534161586e-02
-3.706176961602671294e-01
-3.706176961602671294e-01
-3.706176961602671294e-01
-3.706176961602671294e-01
-3.706176961602671294e-01
-3.706176961602671294e-01
-3.706176961602671294e-01
-3.706176961602671294e-01
-3.706176961602671294e-01
-3.706176961602671294e-01
-3.706176961602671294e-01
-3.706176961602671294e-01
-3.706176961602671294e-01
-3.706176961602671294e-01
-3.706176961602671294e-01
-3.706176961602671294e-01
-3.706176961602671294e-01
-3.706176961602671294e-01
-3.706176961602671294e-01
-3.706176961602671294e-01
-3.706176961602671294e-01
-3.706176961602671294e-01
-3.706176961602671294e-01
-3.706176961602671294e-01
