0.000000000000000000e+00
1.500000000000000000e+00
1.500000000000000000e+00
1.500000000000000000e+00
1.500000000000000000e+00
1.200000000000000178e+00
0.000000000000000000e+00
0.000000000000000000e+00
0.000000000000000000e+00
0.000000000000000000e+00
1.000000000000000000e+00
1.000000000000000000e+00
1.000000000000000000e+00
1.000000000000000000e+00
1.000000000000000000e+00
8.571428571428570953e-01
8.571428571428570953e-01
0.000000000000000000e+00
0.000000000000000000e+00
8.571428571428570953e-01
7.500000000000000000e-01
7.500000000000000000e-01
7.500000000000000000e-01
7.500000000000000000e-01
7.500000000000000000e-01
6.666666666666666297e-01
6.666666666666666297e-01
6.666666666666666297e-01
0.000000000000000000e+00
6.666666666666666297e-01
6.000000000000000888e-01
6.000000000000000888e-01
6.000000000000000888e-01
6.000000000000000888e-01
6.000000000000000888e-01
5.454545454545455252e-01
5.454545454545455252e-01
5.454545454545455252e-01
1.090909090909091050e+00
1.090909090909091050e+00
1.000000000000000000e+00
5.000000000000000000e-01
5.000000000000000000e-01
5.000000000000000000e-01
5.000000000000000000e-01
4.615384615384615641e-01
4.615384615384615641e-01
9.230769230769231282e-01
9.230769230769231282e-01
9.230769230769231282e-01
8.571428571428570953e-01
8.571428571428570953e-01
4.285714285714285476e-01
4.285714285714285476e-01
4.285714285714285476e-01
4.000000000000000222e-01
8.000000000000000444e-01
8.000000000000000444e-01
8.000000000000000444e-01
8.000000000000000444e-01
7.500000000000000000e-01
7.500000000000000000e-01
7.500000000000000000e-01
3.750000000000000000e-01
3.750000000000000000e-01
7.058823529411765163e-01
7.058823529411765163e-01
7.058823529411765163e-01
7.058823529411765163e-01
7.058823529411765163e-01
6.666666666666666297e-01
6.666666666666666297e-01
6.666666666666666297e-01
6.666666666666666297e-01
3.333333333333333148e-01
6.315789473684210176e-01
6.315789473684210176e-01
6.315789473684210176e-01
6.315789473684210176e-01
6.315789473684210176e-01
6.000000000000000888e-01
6.000000000000000888e-01
6.000000000000000888e-01
6.000000000000000888e-01
9.000000000000000222e-01
8.571428571428570953e-01
5.714285714285713969e-01
5.714285714285713969e-01
5.714285714285713969e-01
5.714285714285713969e-01
5.454545454545455252e-01
5.454545454545455252e-01
5.454545454545455252e-01
8.181818181818181213e-01
8.181818181818181213e-01
7.826086956521739468e-01
7.826086956521739468e-01
7.826086956521739468e-01
5.217391304347825942e-01
5.217391304347825942e-01
5.000000000000000000e-01
5.000000000000000000e-01
7.500000000000000000e-01
7.500000000000000000e-01
7.500000000000000000e-01
7.199999999999999734e-01
7.199999999999999734e-01
7.199999999999999734e-01
7.199999999999999734e-01
4.800000000000000377e-01
4.615384615384615641e-01
6.923076923076924016e-01
6.923076923076924016e-01
6.923076923076924016e-01
6.923076923076924016e-01
6.666666666666666297e-01
6.666666666666666297e-01
6.666666666666666297e-01
6.666666666666666297e-01
6.666666666666666297e-01
8.571428571428570953e-01
6.428571428571429047e-01
6.428571428571429047e-01
6.428571428571429047e-01
6.428571428571429047e-01
6.206896551724138122e-01
6.206896551724138122e-01
6.206896551724138122e-01
6.206896551724138122e-01
6.206896551724138122e-01
8.000000000000000444e-01
8.000000000000000444e-01
6.000000000000000888e-01
6.000000000000000888e-01
6.000000000000000888e-01
5.806451612903226200e-01
5.806451612903226200e-01
5.806451612903226200e-01
5.806451612903226200e-01
7.741935483870967527e-01
7.500000000000000000e-01
7.500000000000000000e-01
7.500000000000000000e-01
5.625000000000000000e-01
5.625000000000000000e-01
5.454545454545455252e-01
5.454545454545455252e-01
5.454545454545455252e-01
7.272727272727272929e-01
7.272727272727272929e-01
7.058823529411765163e-01
7.058823529411765163e-01
7.058823529411765163e-01
7.058823529411765163e-01
5.294117647058824705e-01
5.142857142857143460e-01
5.142857142857143460e-01
6.857142857142857206e-01
6.857142857142857206e-01
6.857142857142857206e-01
6.666666666666666297e-01
6.666666666666666297e-01
6.666666666666666297e-01
6.666666666666666297e-01
6.666666666666666297e-01
6.486486486486486847e-01
8.108108108108108558e-01
6.486486486486486847e-01
6.486486486486486847e-01
6.486486486486486847e-01
6.315789473684210176e-01
6.315789473684210176e-01
6.315789473684210176e-01
6.315789473684210176e-01
6.315789473684210176e-01
7.692307692307691624e-01
7.692307692307691624e-01
7.692307692307691624e-01
6.153846153846154188e-01
6.153846153846154188e-01
6.000000000000000888e-01
6.000000000000000888e-01
6.000000000000000888e-01
6.000000000000000888e-01
6.000000000000000888e-01
7.317073170731707155e-01
7.317073170731707155e-01
7.317073170731707155e-01
7.317073170731707155e-01
5.853658536585366612e-01
5.714285714285713969e-01
5.714285714285713969e-01
5.714285714285713969e-01
5.714285714285713969e-01
7.142857142857143016e-01
6.976744186046511809e-01
6.976744186046511809e-01
6.976744186046511809e-01
6.976744186046511809e-01
6.976744186046511809e-01
6.818181818181818787e-01
5.454545454545455252e-01
5.454545454545455252e-01
6.818181818181818787e-01
6.818181818181818787e-01
6.666666666666666297e-01
6.666666666666666297e-01
6.666666666666666297e-01
6.666666666666666297e-01
6.666666666666666297e-01
6.521739130434782705e-01
6.521739130434782705e-01
6.521739130434782705e-01
6.521739130434782705e-01
6.521739130434782705e-01
6.382978723404255650e-01
6.382978723404255650e-01
6.382978723404255650e-01
6.382978723404255650e-01
6.382978723404255650e-01
6.250000000000001110e-01
7.500000000000000000e-01
7.500000000000000000e-01
6.250000000000001110e-01
6.250000000000001110e-01
6.122448979591836871e-01
6.122448979591836871e-01
6.122448979591836871e-01
6.122448979591836871e-01
6.122448979591836871e-01
6.000000000000000888e-01
7.199999999999999734e-01
7.199999999999999734e-01
7.199999999999999734e-01
7.199999999999999734e-01
7.058823529411765163e-01
5.882352941176470784e-01
5.882352941176470784e-01
5.882352941176470784e-01
5.882352941176470784e-01
6.923076923076924016e-01
6.923076923076924016e-01
6.923076923076924016e-01
6.923076923076924016e-01
6.923076923076924016e-01
6.792452830188679958e-01
6.792452830188679958e-01
5.660377358490567001e-01
5.660377358490567001e-01
6.792452830188679958e-01
6.666666666666666297e-01
6.666666666666666297e-01
6.666666666666666297e-01
6.666666666666666297e-01
6.666666666666666297e-01
6.545454545454545414e-01
6.545454545454545414e-01
6.545454545454545414e-01
6.545454545454545414e-01
6.545454545454545414e-01
6.428571428571429047e-01
6.428571428571429047e-01
6.428571428571429047e-01
6.428571428571429047e-01
6.428571428571429047e-01
6.315789473684210176e-01
6.315789473684210176e-01
7.368421052631578538e-01
7.368421052631578538e-01
6.315789473684210176e-01
6.206896551724138122e-01
6.206896551724138122e-01
6.206896551724138122e-01
6.206896551724138122e-01
6.206896551724138122e-01
6.101694915254237683e-01
7.118644067796611186e-01
7.118644067796611186e-01
7.118644067796611186e-01
7.118644067796611186e-01
7.000000000000000666e-01
6.000000000000000888e-01
6.000000000000000888e-01
6.000000000000000888e-01
6.000000000000000888e-01
5.901639344262294973e-01
6.885245901639345245e-01
6.885245901639345245e-01
6.885245901639345245e-01
6.885245901639345245e-01
6.774193548387097419e-01
6.774193548387097419e-01
6.774193548387097419e-01
5.806451612903226200e-01
5.806451612903226200e-01
6.666666666666666297e-01
6.666666666666666297e-01
6.666666666666666297e-01
6.666666666666666297e-01
6.666666666666666297e-01
6.562500000000000000e-01
6.562500000000000000e-01
6.562500000000000000e-01
6.562500000000000000e-01
6.562500000000000000e-01
6.461538461538461897e-01
6.461538461538461897e-01
6.461538461538461897e-01
6.461538461538461897e-01
6.461538461538461897e-01
6.363636363636364646e-01
6.363636363636364646e-01
6.363636363636364646e-01
7.272727272727272929e-01
7.272727272727272929e-01
7.164179104477612636e-01
6.268656716417910779e-01
6.268656716417910779e-01
6.268656716417910779e-01
6.268656716417910779e-01
6.176470588235294379e-01
6.176470588235294379e-01
7.058823529411765163e-01
7.058823529411765163e-01
7.058823529411765163e-01
6.956521739130435700e-01
6.956521739130435700e-01
6.086956521739130821e-01
6.086956521739130821e-01
6.086956521739130821e-01
6.000000000000000888e-01
6.857142857142857206e-01
6.857142857142857206e-01
6.857142857142857206e-01
6.857142857142857206e-01
6.760563380281691126e-01
6.760563380281691126e-01
6.760563380281691126e-01
5.915492957746478764e-01
5.915492957746478764e-01
5.833333333333333703e-01
6.666666666666666297e-01
6.666666666666666297e-01
6.666666666666666297e-01
6.666666666666666297e-01
6.575342465753424293e-01
6.575342465753424293e-01
6.575342465753424293e-01
6.575342465753424293e-01
5.753424657534246256e-01
6.486486486486486847e-01
6.486486486486486847e-01
6.486486486486486847e-01
6.486486486486486847e-01
6.486486486486486847e-01
6.400000000000001243e-01
6.400000000000001243e-01
6.400000000000001243e-01
6.400000000000001243e-01
7.199999999999999734e-01
7.105263157894736725e-01
7.105263157894736725e-01
6.315789473684210176e-01
6.315789473684210176e-01
6.315789473684210176e-01
6.233766233766234732e-01
6.233766233766234732e-01
6.233766233766234732e-01
7.012987012987013102e-01
7.012987012987013102e-01
6.923076923076924016e-01
6.923076923076924016e-01
6.923076923076924016e-01
6.153846153846154188e-01
6.153846153846154188e-01
6.075949367088607778e-01
6.075949367088607778e-01
6.835443037974683334e-01
6.835443037974683334e-01
6.835443037974683334e-01
6.750000000000000444e-01
6.750000000000000444e-01
6.750000000000000444e-01
6.750000000000000444e-01
6.000000000000000888e-01
5.925925925925925597e-01
6.666666666666666297e-01
6.666666666666666297e-01
6.666666666666666297e-01
6.666666666666666297e-01
6.585365853658536883e-01
6.585365853658536883e-01
6.585365853658536883e-01
6.585365853658536883e-01
6.585365853658536883e-01
6.506024096385543132e-01
6.506024096385543132e-01
6.506024096385543132e-01
6.506024096385543132e-01
6.506024096385543132e-01
6.428571428571429047e-01
6.428571428571429047e-01
6.428571428571429047e-01
6.428571428571429047e-01
6.428571428571429047e-01
7.058823529411765163e-01
7.058823529411765163e-01
6.352941176470588980e-01
6.352941176470588980e-01
6.352941176470588980e-01
6.279069767441861627e-01
6.279069767441861627e-01
6.279069767441861627e-01
6.279069767441861627e-01
6.976744186046511809e-01
6.896551724137931494e-01
6.896551724137931494e-01
6.896551724137931494e-01
6.206896551724138122e-01
6.206896551724138122e-01
6.136363636363637575e-01
6.136363636363637575e-01
6.136363636363637575e-01
6.818181818181818787e-01
6.818181818181818787e-01
6.741573033707864981e-01
6.741573033707864981e-01
6.741573033707864981e-01
6.741573033707864981e-01
6.741573033707864981e-01
6.666666666666666297e-01
6.000000000000000888e-01
6.666666666666666297e-01
6.666666666666666297e-01
6.666666666666666297e-01
6.593406593406593297e-01
6.593406593406593297e-01
6.593406593406593297e-01
6.593406593406593297e-01
6.593406593406593297e-01
6.521739130434782705e-01
7.173913043478261642e-01
6.521739130434782705e-01
6.521739130434782705e-01
6.521739130434782705e-01
6.451612903225807383e-01
6.451612903225807383e-01
6.451612903225807383e-01
6.451612903225807383e-01
6.451612903225807383e-01
6.382978723404255650e-01
7.021276595744680993e-01
7.021276595744680993e-01
6.382978723404255650e-01
6.382978723404255650e-01
6.315789473684210176e-01
6.315789473684210176e-01
6.315789473684210176e-01
6.315789473684210176e-01
6.315789473684210176e-01
6.875000000000000000e-01
6.875000000000000000e-01
6.875000000000000000e-01
6.875000000000000000e-01
6.250000000000001110e-01
6.185567010309278579e-01
6.185567010309278579e-01
6.185567010309278579e-01
6.185567010309278579e-01
6.804123711340206437e-01
6.734693877551021224e-01
6.734693877551021224e-01
6.734693877551021224e-01
6.734693877551021224e-01
6.734693877551021224e-01
6.666666666666666297e-01
6.060606060606060774e-01
6.060606060606060774e-01
6.666666666666666297e-01
6.666666666666666297e-01
6.600000000000000311e-01
6.600000000000000311e-01
6.600000000000000311e-01
6.600000000000000311e-01
6.600000000000000311e-01
6.534653465346534906e-01
6.534653465346534906e-01
6.534653465346534906e-01
6.534653465346534906e-01
6.534653465346534906e-01
6.470588235294117974e-01
6.470588235294117974e-01
6.470588235294117974e-01
6.470588235294117974e-01
6.470588235294117974e-01
6.407766990291262621e-01
6.990291262135922556e-01
6.990291262135922556e-01
6.990291262135922556e-01
6.407766990291262621e-01
6.346153846153846922e-01
6.346153846153846922e-01
6.346153846153846922e-01
6.346153846153846922e-01
6.346153846153846922e-01
6.285714285714286698e-01
6.857142857142857206e-01
6.857142857142857206e-01
6.857142857142857206e-01
6.857142857142857206e-01
6.792452830188679958e-01
6.226415094339623479e-01
6.226415094339623479e-01
6.226415094339623479e-01
6.226415094339623479e-01
6.728971962616823177e-01
6.728971962616823177e-01
6.728971962616823177e-01
6.728971962616823177e-01
6.728971962616823177e-01
6.666666666666666297e-01
6.666666666666666297e-01
6.111111111111111605e-01
6.111111111111111605e-01
6.666666666666666297e-01
6.605504587155963669e-01
6.605504587155963669e-01
6.605504587155963669e-01
6.605504587155963669e-01
6.605504587155963669e-01
6.545454545454545414e-01
6.545454545454545414e-01
6.545454545454545414e-01
6.545454545454545414e-01
6.545454545454545414e-01
6.486486486486486847e-01
6.486486486486486847e-01
6.486486486486486847e-01
6.486486486486486847e-01
6.486486486486486847e-01
6.428571428571429047e-01
6.428571428571429047e-01
6.964285714285715079e-01
6.964285714285715079e-01
6.428571428571429047e-01
6.371681415929203451e-01
6.371681415929203451e-01
6.371681415929203451e-01
6.371681415929203451e-01
6.371681415929203451e-01
6.315789473684210176e-01
6.315789473684210176e-01
6.842105263157894912e-01
6.842105263157894912e-01
6.842105263157894912e-01
6.782608695652174724e-01
6.260869565217391797e-01
6.260869565217391797e-01
6.260869565217391797e-01
6.260869565217391797e-01
6.206896551724138122e-01
6.724137931034482873e-01
6.724137931034482873e-01
6.724137931034482873e-01
6.724137931034482873e-01
6.666666666666666297e-01
6.666666666666666297e-01
6.666666666666666297e-01
6.153846153846154188e-01
6.153846153846154188e-01
6.610169491525423879e-01
6.610169491525423879e-01
6.610169491525423879e-01
6.610169491525423879e-01
6.610169491525423879e-01
6.554621848739495826e-01
6.554621848739495826e-01
6.554621848739495826e-01
6.554621848739495826e-01
6.554621848739495826e-01
6.500000000000000222e-01
6.500000000000000222e-01
6.500000000000000222e-01
6.500000000000000222e-01
6.500000000000000222e-01
6.446280991735537924e-01
6.446280991735537924e-01
6.446280991735537924e-01
6.942148760330578705e-01
6.942148760330578705e-01
6.885245901639345245e-01
6.393442622950820109e-01
6.393442622950820109e-01
6.393442622950820109e-01
6.393442622950820109e-01
6.341463414634147533e-01
6.341463414634147533e-01
6.829268292682927344e-01
6.829268292682927344e-01
6.829268292682927344e-01
6.774193548387097419e-01
6.774193548387097419e-01
6.290322580645162365e-01
6.290322580645162365e-01
6.290322580645162365e-01
6.239999999999999991e-01
6.239999999999999991e-01
6.720000000000000417e-01
6.720000000000000417e-01
6.720000000000000417e-01
6.666666666666666297e-01
6.666666666666666297e-01
6.666666666666666297e-01
6.190476190476190688e-01
6.190476190476190688e-01
6.141732283464567121e-01
6.614173228346457156e-01
6.614173228346457156e-01
6.614173228346457156e-01
6.614173228346457156e-01
6.562500000000000000e-01
6.562500000000000000e-01
6.562500000000000000e-01
6.562500000000000000e-01
6.093750000000000000e-01
6.511627906976744651e-01
6.511627906976744651e-01
6.511627906976744651e-01
6.511627906976744651e-01
6.511627906976744651e-01
6.461538461538461897e-01
6.461538461538461897e-01
6.461538461538461897e-01
6.461538461538461897e-01
6.923076923076924016e-01
6.870229007633588125e-01
6.870229007633588125e-01
6.412213740458015954e-01
6.412213740458015954e-01
6.412213740458015954e-01
6.363636363636364646e-01
6.363636363636364646e-01
6.363636363636364646e-01
6.818181818181818787e-01
6.818181818181818787e-01
6.766917293233082331e-01
6.766917293233082331e-01
6.766917293233082331e-01
6.315789473684210176e-01
6.315789473684210176e-01
6.268656716417910779e-01
6.268656716417910779e-01
6.716417910447761708e-01
6.716417910447761708e-01
6.716417910447761708e-01
6.666666666666666297e-01
6.666666666666666297e-01
6.666666666666666297e-01
6.666666666666666297e-01
6.222222222222222321e-01
6.176470588235294379e-01
6.176470588235294379e-01
6.617647058823529216e-01
6.617647058823529216e-01
6.617647058823529216e-01
6.569343065693431516e-01
6.569343065693431516e-01
6.569343065693431516e-01
6.569343065693431516e-01
6.569343065693431516e-01
6.521739130434782705e-01
6.521739130434782705e-01
6.521739130434782705e-01
6.521739130434782705e-01
6.521739130434782705e-01
6.474820143884891799e-01
6.474820143884891799e-01
6.474820143884891799e-01
6.474820143884891799e-01
6.474820143884891799e-01
6.857142857142857206e-01
6.857142857142857206e-01
6.428571428571429047e-01
6.428571428571429047e-01
6.428571428571429047e-01
6.382978723404255650e-01
6.382978723404255650e-01
6.382978723404255650e-01
6.382978723404255650e-01
6.808510638297872175e-01
6.760563380281691126e-01
6.760563380281691126e-01
6.760563380281691126e-01
6.760563380281691126e-01
6.338028169014084945e-01
6.293706293706293753e-01
6.293706293706293753e-01
6.293706293706293753e-01
6.713286713286713558e-01
6.713286713286713558e-01
6.666666666666666297e-01
6.666666666666666297e-01
6.666666666666666297e-01
6.666666666666666297e-01
6.666666666666666297e-01
6.620689655172413701e-01
6.206896551724138122e-01
6.620689655172413701e-01
6.620689655172413701e-01
6.620689655172413701e-01
6.575342465753424293e-01
6.575342465753424293e-01
6.575342465753424293e-01
6.575342465753424293e-01
6.575342465753424293e-01
6.530612244897959773e-01
6.530612244897959773e-01
6.530612244897959773e-01
6.530612244897959773e-01
6.530612244897959773e-01
6.486486486486486847e-01
6.486486486486486847e-01
6.486486486486486847e-01
6.486486486486486847e-01
6.486486486486486847e-01
6.442953020134228881e-01
6.845637583892617561e-01
6.845637583892617561e-01
6.442953020134228881e-01
6.442953020134228881e-01
6.400000000000001243e-01
6.400000000000001243e-01
6.400000000000001243e-01
6.400000000000001243e-01
6.400000000000001243e-01
6.754966887417219734e-01
6.754966887417219734e-01
6.754966887417219734e-01
6.754966887417219734e-01
6.357615894039735371e-01
6.315789473684210176e-01
6.315789473684210176e-01
6.315789473684210176e-01
6.315789473684210176e-01
6.710526315789474561e-01
6.666666666666666297e-01
6.666666666666666297e-01
6.666666666666666297e-01
6.666666666666666297e-01
6.666666666666666297e-01
6.623376623376623362e-01
6.233766233766234732e-01
6.233766233766234732e-01
6.623376623376623362e-01
6.623376623376623362e-01
6.580645161290322731e-01
6.580645161290322731e-01
6.580645161290322731e-01
6.580645161290322731e-01
6.580645161290322731e-01
6.538461538461538547e-01
6.538461538461538547e-01
6.923076923076924016e-01
6.538461538461538547e-01
6.538461538461538547e-01
6.496815286624204600e-01
6.496815286624204600e-01
6.496815286624204600e-01
6.496815286624204600e-01
6.496815286624204600e-01
6.455696202531646666e-01
6.835443037974683334e-01
6.835443037974683334e-01
6.835443037974683334e-01
6.455696202531646666e-01
6.415094339622642305e-01
6.415094339622642305e-01
6.415094339622642305e-01
6.415094339622642305e-01
6.415094339622642305e-01
6.375000000000000666e-01
6.750000000000000444e-01
6.750000000000000444e-01
6.750000000000000444e-01
6.750000000000000444e-01
6.708074534161491131e-01
6.335403726708075389e-01
6.335403726708075389e-01
6.335403726708075389e-01
6.335403726708075389e-01
6.666666666666666297e-01
6.666666666666666297e-01
6.666666666666666297e-01
6.666666666666666297e-01
6.666666666666666297e-01
6.625766871165644778e-01
6.625766871165644778e-01
6.257668711656442229e-01
6.257668711656442229e-01
6.625766871165644778e-01
6.585365853658536883e-01
6.585365853658536883e-01
6.585365853658536883e-01
6.585365853658536883e-01
6.585365853658536883e-01
6.545454545454545414e-01
6.545454545454545414e-01
6.545454545454545414e-01
6.545454545454545414e-01
6.545454545454545414e-01
6.506024096385543132e-01
6.506024096385543132e-01
6.506024096385543132e-01
6.506024096385543132e-01
6.506024096385543132e-01
6.467065868263474071e-01
6.467065868263474071e-01
6.826347305389222075e-01
6.826347305389222075e-01
6.467065868263474071e-01
6.428571428571429047e-01
6.428571428571429047e-01
6.428571428571429047e-01
6.428571428571429047e-01
6.428571428571429047e-01
6.390532544378698665e-01
6.745562130177515936e-01
6.745562130177515936e-01
6.745562130177515936e-01
6.745562130177515936e-01
6.705882352941177071e-01
6.705882352941177071e-01
6.352941176470588980e-01
6.352941176470588980e-01
6.352941176470588980e-01
6.315789473684210176e-01
6.666666666666666297e-01
6.666666666666666297e-01
6.666666666666666297e-01
6.666666666666666297e-01
6.627906976744186718e-01
6.627906976744186718e-01
6.627906976744186718e-01
6.279069767441861627e-01
6.279069767441861627e-01
6.589595375722543391e-01
6.589595375722543391e-01
6.589595375722543391e-01
6.589595375722543391e-01
6.589595375722543391e-01
6.551724137931035363e-01
6.551724137931035363e-01
6.551724137931035363e-01
6.551724137931035363e-01
6.551724137931035363e-01
6.514285714285714679e-01
6.514285714285714679e-01
6.514285714285714679e-01
6.514285714285714679e-01
6.514285714285714679e-01
6.477272727272728181e-01
6.477272727272728181e-01
6.477272727272728181e-01
6.818181818181818787e-01
6.818181818181818787e-01
6.779661016949153352e-01
6.440677966101695517e-01
6.440677966101695517e-01
6.440677966101695517e-01
6.440677966101695517e-01
6.404494382022472010e-01
6.404494382022472010e-01
6.741573033707864981e-01
6.741573033707864981e-01
6.741573033707864981e-01
6.703910614525139255e-01
6.703910614525139255e-01
6.368715083798882626e-01
6.368715083798882626e-01
6.368715083798882626e-01
6.333333333333334147e-01
6.666666666666666297e-01
6.666666666666666297e-01
6.666666666666666297e-01
6.666666666666666297e-01
6.629834254143646133e-01
6.629834254143646133e-01
6.629834254143646133e-01
6.298342541436464659e-01
6.298342541436464659e-01
6.263736263736264798e-01
6.593406593406593297e-01
6.593406593406593297e-01
6.593406593406593297e-01
6.593406593406593297e-01
6.557377049180328488e-01
6.557377049180328488e-01
6.557377049180328488e-01
6.557377049180328488e-01
6.557377049180328488e-01
6.847826086956522174e-01
6.521739130434782705e-01
6.521739130434782705e-01
6.521739130434782705e-01
6.521739130434782705e-01
6.486486486486486847e-01
6.486486486486486847e-01
6.486486486486486847e-01
6.486486486486486847e-01
6.810810810810811189e-01
6.774193548387097419e-01
6.774193548387097419e-01
6.451612903225807383e-01
6.451612903225807383e-01
6.451612903225807383e-01
6.417112299465240755e-01
6.417112299465240755e-01
6.417112299465240755e-01
6.737967914438502959e-01
6.737967914438502959e-01
6.702127659574468321e-01
6.702127659574468321e-01
6.702127659574468321e-01
6.382978723404255650e-01
6.382978723404255650e-01
6.349206349206348854e-01
6.349206349206348854e-01
6.666666666666666297e-01
6.666666666666666297e-01
6.666666666666666297e-01
6.631578947368421684e-01
6.631578947368421684e-01
6.631578947368421684e-01
6.631578947368421684e-01
6.315789473684210176e-01
6.282722513089005201e-01
6.596858638743455794e-01
6.596858638743455794e-01
6.596858638743455794e-01
6.596858638743455794e-01
6.562500000000000000e-01
6.562500000000000000e-01
6.562500000000000000e-01
6.562500000000000000e-01
6.562500000000000000e-01
6.528497409326424750e-01
6.528497409326424750e-01
6.528497409326424750e-01
6.528497409326424750e-01
6.528497409326424750e-01
6.494845360824742508e-01
6.494845360824742508e-01
6.494845360824742508e-01
6.494845360824742508e-01
6.494845360824742508e-01
6.769230769230769607e-01
6.769230769230769607e-01
6.461538461538461897e-01
6.461538461538461897e-01
6.461538461538461897e-01
6.428571428571429047e-01
6.428571428571429047e-01
6.428571428571429047e-01
6.428571428571429047e-01
6.734693877551021224e-01
6.700507614213198071e-01
6.700507614213198071e-01
6.700507614213198071e-01
6.395939086294416542e-01
6.395939086294416542e-01
6.363636363636364646e-01
6.363636363636364646e-01
6.363636363636364646e-01
6.666666666666666297e-01
6.666666666666666297e-01
6.633165829145729608e-01
6.633165829145729608e-01
6.633165829145729608e-01
6.633165829145729608e-01
6.633165829145729608e-01
6.600000000000000311e-01
6.300000000000000044e-01
6.600000000000000311e-01
6.600000000000000311e-01
6.600000000000000311e-01
6.567164179104477695e-01
6.567164179104477695e-01
6.567164179104477695e-01
6.567164179104477695e-01
6.567164179104477695e-01
6.534653465346534906e-01
6.831683168316832200e-01
6.534653465346534906e-01
6.534653465346534906e-01
6.534653465346534906e-01
6.502463054187193059e-01
6.502463054187193059e-01
6.502463054187193059e-01
6.502463054187193059e-01
6.502463054187193059e-01
6.470588235294117974e-01
6.764705882352941568e-01
6.764705882352941568e-01
6.470588235294117974e-01
6.470588235294117974e-01
6.439024390243902607e-01
6.439024390243902607e-01
6.439024390243902607e-01
6.439024390243902607e-01
6.439024390243902607e-01
6.699029126213592589e-01
6.699029126213592589e-01
6.699029126213592589e-01
6.699029126213592589e-01
6.407766990291262621e-01
6.376811594202899114e-01
6.376811594202899114e-01
6.376811594202899114e-01
6.376811594202899114e-01
6.666666666666666297e-01
6.634615384615384359e-01
6.634615384615384359e-01
6.634615384615384359e-01
6.634615384615384359e-01
6.634615384615384359e-01
6.602870813397130334e-01
6.315789473684210176e-01
6.315789473684210176e-01
6.602870813397130334e-01
6.602870813397130334e-01
6.571428571428571397e-01
6.571428571428571397e-01
6.571428571428571397e-01
6.571428571428571397e-01
6.571428571428571397e-01
6.540284360189574375e-01
6.540284360189574375e-01
6.540284360189574375e-01
6.540284360189574375e-01
6.540284360189574375e-01
6.509433962264151718e-01
6.509433962264151718e-01
6.509433962264151718e-01
6.509433962264151718e-01
6.509433962264151718e-01
6.478873239436619969e-01
6.760563380281691126e-01
6.760563380281691126e-01
6.760563380281691126e-01
6.478873239436619969e-01
6.448598130841122211e-01
6.448598130841122211e-01
6.448598130841122211e-01
6.448598130841122211e-01
6.448598130841122211e-01
6.418604651162791441e-01
6.697674418604651070e-01
6.697674418604651070e-01
6.697674418604651070e-01
6.697674418604651070e-01
6.666666666666666297e-01
6.388888888888889506e-01
6.388888888888889506e-01
6.388888888888889506e-01
6.388888888888889506e-01
6.635944700460830736e-01
6.635944700460830736e-01
6.635944700460830736e-01
6.635944700460830736e-01
6.635944700460830736e-01
6.605504587155963669e-01
6.605504587155963669e-01
6.330275229357799072e-01
6.330275229357799072e-01
6.605504587155963669e-01
6.575342465753424293e-01
6.575342465753424293e-01
6.575342465753424293e-01
6.575342465753424293e-01
6.575342465753424293e-01
6.545454545454545414e-01
6.545454545454545414e-01
6.545454545454545414e-01
6.545454545454545414e-01
6.545454545454545414e-01
6.515837104072398356e-01
6.515837104072398356e-01
6.515837104072398356e-01
6.515837104072398356e-01
6.515837104072398356e-01
6.486486486486486847e-01
6.486486486486486847e-01
6.756756756756757687e-01
6.756756756756757687e-01
6.486486486486486847e-01
6.457399103139014329e-01
6.457399103139014329e-01
6.457399103139014329e-01
6.457399103139014329e-01
6.457399103139014329e-01
6.428571428571429047e-01
6.696428571428572063e-01
6.696428571428572063e-01
6.696428571428572063e-01
6.696428571428572063e-01
6.666666666666666297e-01
6.400000000000001243e-01
6.400000000000001243e-01
6.400000000000001243e-01
6.400000000000001243e-01
6.637168141592920678e-01
6.637168141592920678e-01
6.637168141592920678e-01
6.637168141592920678e-01
6.637168141592920678e-01
6.607929515418502486e-01
6.607929515418502486e-01
6.607929515418502486e-01
6.343612334801762564e-01
6.343612334801762564e-01
6.578947368421053099e-01
6.578947368421053099e-01
6.578947368421053099e-01
6.578947368421053099e-01
6.578947368421053099e-01
6.550218340611354551e-01
6.550218340611354551e-01
6.550218340611354551e-01
6.550218340611354551e-01
6.550218340611354551e-01
6.521739130434782705e-01
6.521739130434782705e-01
6.521739130434782705e-01
6.521739130434782705e-01
6.521739130434782705e-01
6.493506493506493449e-01
6.493506493506493449e-01
6.493506493506493449e-01
6.753246753246754386e-01
6.753246753246754386e-01
6.724137931034482873e-01
6.465517241379310498e-01
6.465517241379310498e-01
6.465517241379310498e-01
6.465517241379310498e-01
6.437768240343347825e-01
6.437768240343347825e-01
6.695278969957082493e-01
6.695278969957082493e-01
6.695278969957082493e-01
6.666666666666666297e-01
6.666666666666666297e-01
6.410256410256410797e-01
6.410256410256410797e-01
6.410256410256410797e-01
6.382978723404255650e-01
6.638297872340425121e-01
6.638297872340425121e-01
6.638297872340425121e-01
6.638297872340425121e-01
6.610169491525423879e-01
6.610169491525423879e-01
6.610169491525423879e-01
6.355932203389830226e-01
6.355932203389830226e-01
6.582278481012658888e-01
6.582278481012658888e-01
6.582278481012658888e-01
6.582278481012658888e-01
6.582278481012658888e-01
6.554621848739495826e-01
6.554621848739495826e-01
6.554621848739495826e-01
6.554621848739495826e-01
6.302521008403362268e-01
6.527196652719665648e-01
6.527196652719665648e-01
6.527196652719665648e-01
6.527196652719665648e-01
6.527196652719665648e-01
6.500000000000000222e-01
6.500000000000000222e-01
6.500000000000000222e-01
6.500000000000000222e-01
6.750000000000000444e-01
6.721991701244813822e-01
6.721991701244813822e-01
6.473029045643153845e-01
6.473029045643153845e-01
6.473029045643153845e-01
6.446280991735537924e-01
6.446280991735537924e-01
6.446280991735537924e-01
6.694214876033058870e-01
6.694214876033058870e-01
6.666666666666666297e-01
6.666666666666666297e-01
6.666666666666666297e-01
6.419753086419753840e-01
6.419753086419753840e-01
6.393442622950820109e-01
6.393442622950820109e-01
6.639344262295082677e-01
6.639344262295082677e-01
6.639344262295082677e-01
6.612244897959184131e-01
6.612244897959184131e-01
6.612244897959184131e-01
6.612244897959184131e-01
6.367346938775509946e-01
6.341463414634147533e-01
6.585365853658536883e-01
6.585365853658536883e-01
6.585365853658536883e-01
6.585365853658536883e-01
6.558704453441296378e-01
6.558704453441296378e-01
6.558704453441296378e-01
6.558704453441296378e-01
6.558704453441296378e-01
6.774193548387097419e-01
6.532258064516129892e-01
6.532258064516129892e-01
6.532258064516129892e-01
6.532258064516129892e-01
6.506024096385543132e-01
6.506024096385543132e-01
6.506024096385543132e-01
6.506024096385543132e-01
6.506024096385543132e-01
6.720000000000000417e-01
6.720000000000000417e-01
6.480000000000000204e-01
6.480000000000000204e-01
6.480000000000000204e-01
6.454183266932271845e-01
6.454183266932271845e-01
6.454183266932271845e-01
6.454183266932271845e-01
6.693227091633466852e-01
6.666666666666666297e-01
6.666666666666666297e-01
6.666666666666666297e-01
6.428571428571429047e-01
6.428571428571429047e-01
6.403162055335968050e-01
6.403162055335968050e-01
6.403162055335968050e-01
6.640316205533597360e-01
6.640316205533597360e-01
6.614173228346457156e-01
6.614173228346457156e-01
6.614173228346457156e-01
6.614173228346457156e-01
6.614173228346457156e-01
6.588235294117646967e-01
6.352941176470588980e-01
6.588235294117646967e-01
6.588235294117646967e-01
6.588235294117646967e-01
6.562500000000000000e-01
6.562500000000000000e-01
6.562500000000000000e-01
6.562500000000000000e-01
6.562500000000000000e-01
6.536964980544747172e-01
6.770428015564202706e-01
6.536964980544747172e-01
6.536964980544747172e-01
6.536964980544747172e-01
6.511627906976744651e-01
6.511627906976744651e-01
6.511627906976744651e-01
6.511627906976744651e-01
6.511627906976744651e-01
6.718146718146718044e-01
6.718146718146718044e-01
6.718146718146718044e-01
6.486486486486486847e-01
6.486486486486486847e-01
6.461538461538461897e-01
6.461538461538461897e-01
6.461538461538461897e-01
6.461538461538461897e-01
6.692307692307692957e-01
6.666666666666666297e-01
6.666666666666666297e-01
6.666666666666666297e-01
6.666666666666666297e-01
6.436781609195403320e-01
6.412213740458015954e-01
6.412213740458015954e-01
6.412213740458015954e-01
6.412213740458015954e-01
6.641221374045802595e-01
6.615969581749049366e-01
6.615969581749049366e-01
6.615969581749049366e-01
6.615969581749049366e-01
6.615969581749049366e-01
6.590909090909091717e-01
6.363636363636364646e-01
6.363636363636364646e-01
6.590909090909091717e-01
6.590909090909091717e-01
6.566037735849057366e-01
6.566037735849057366e-01
6.566037735849057366e-01
6.566037735849057366e-01
6.566037735849057366e-01
6.541353383458646809e-01
6.541353383458646809e-01
6.541353383458646809e-01
6.541353383458646809e-01
6.541353383458646809e-01
6.516853932584270037e-01
6.516853932584270037e-01
6.516853932584270037e-01
6.516853932584270037e-01
6.516853932584270037e-01
6.492537313432835688e-01
6.716417910447761708e-01
6.716417910447761708e-01
6.716417910447761708e-01
6.492537313432835688e-01
6.468401486988848426e-01
6.468401486988848426e-01
6.468401486988848426e-01
6.468401486988848426e-01
6.468401486988848426e-01
6.666666666666666297e-01
6.666666666666666297e-01
6.666666666666666297e-01
6.666666666666666297e-01
6.666666666666666297e-01
6.642066420664206605e-01
6.420664206642066052e-01
6.420664206642066052e-01
6.420664206642066052e-01
6.642066420664206605e-01
6.617647058823529216e-01
6.617647058823529216e-01
6.617647058823529216e-01
6.617647058823529216e-01
6.617647058823529216e-01
6.593406593406593297e-01
6.593406593406593297e-01
6.373626373626374297e-01
6.373626373626374297e-01
6.593406593406593297e-01
6.569343065693431516e-01
6.569343065693431516e-01
6.569343065693431516e-01
6.569343065693431516e-01
6.569343065693431516e-01
6.545454545454545414e-01
6.545454545454545414e-01
6.545454545454545414e-01
6.545454545454545414e-01
6.545454545454545414e-01
6.521739130434782705e-01
6.521739130434782705e-01
6.521739130434782705e-01
6.521739130434782705e-01
6.521739130434782705e-01
6.498194945848375648e-01
6.498194945848375648e-01
6.714801444043321244e-01
6.714801444043321244e-01
6.498194945848375648e-01
6.474820143884891799e-01
6.474820143884891799e-01
6.474820143884891799e-01
6.474820143884891799e-01
6.474820143884891799e-01
6.451612903225807383e-01
6.666666666666666297e-01
6.666666666666666297e-01
6.666666666666666297e-01
6.666666666666666297e-01
6.642857142857142572e-01
6.428571428571429047e-01
6.428571428571429047e-01
6.428571428571429047e-01
6.428571428571429047e-01
6.619217081850534701e-01
6.619217081850534701e-01
6.619217081850534701e-01
6.619217081850534701e-01
6.619217081850534701e-01
6.595744680851064468e-01
6.595744680851064468e-01
6.382978723404255650e-01
6.382978723404255650e-01
6.595744680851064468e-01
6.572438162544169682e-01
6.572438162544169682e-01
6.572438162544169682e-01
6.572438162544169682e-01
6.572438162544169682e-01
6.549295774647887480e-01
6.549295774647887480e-01
6.549295774647887480e-01
6.760563380281691126e-01
6.549295774647887480e-01
6.526315789473684514e-01
6.526315789473684514e-01
6.526315789473684514e-01
6.526315789473684514e-01
6.526315789473684514e-01
6.503496503496503101e-01
6.503496503496503101e-01
6.503496503496503101e-01
6.713286713286713558e-01
6.713286713286713558e-01
6.689895470383275811e-01
6.480836236933797956e-01
6.480836236933797956e-01
6.480836236933797956e-01
6.480836236933797956e-01
6.458333333333333703e-01
6.458333333333333703e-01
6.666666666666666297e-01
6.666666666666666297e-01
6.666666666666666297e-01
6.643598615916955774e-01
6.643598615916955774e-01
6.435986159169551080e-01
6.435986159169551080e-01
6.435986159169551080e-01
6.413793103448276467e-01
6.620689655172413701e-01
6.620689655172413701e-01
6.620689655172413701e-01
6.620689655172413701e-01
6.597938144329896781e-01
6.597938144329896781e-01
6.597938144329896781e-01
6.391752577319588235e-01
6.391752577319588235e-01
6.575342465753424293e-01
6.575342465753424293e-01
6.575342465753424293e-01
6.575342465753424293e-01
6.575342465753424293e-01
6.552901023890785881e-01
6.552901023890785881e-01
6.552901023890785881e-01
6.552901023890785881e-01
6.552901023890785881e-01
6.530612244897959773e-01
6.530612244897959773e-01
6.530612244897959773e-01
6.530612244897959773e-01
6.530612244897959773e-01
6.508474576271187084e-01
6.508474576271187084e-01
6.508474576271187084e-01
6.711864406779661785e-01
6.711864406779661785e-01
6.689189189189189699e-01
6.486486486486486847e-01
6.486486486486486847e-01
6.486486486486486847e-01
6.486486486486486847e-01
6.464646464646465196e-01
6.464646464646465196e-01
6.464646464646465196e-01
6.666666666666666297e-01
6.666666666666666297e-01
6.644295302013423221e-01
6.644295302013423221e-01
6.644295302013423221e-01
6.442953020134228881e-01
6.442953020134228881e-01
6.421404682274247655e-01
6.421404682274247655e-01
6.622073578595317755e-01
6.622073578595317755e-01
6.622073578595317755e-01
6.600000000000000311e-01
6.600000000000000311e-01
6.600000000000000311e-01
6.600000000000000311e-01
6.400000000000001243e-01
6.378737541528239907e-01
6.578073089700996467e-01
6.578073089700996467e-01
6.578073089700996467e-01
6.578073089700996467e-01
6.556291390728476998e-01
6.556291390728476998e-01
6.556291390728476998e-01
6.556291390728476998e-01
6.556291390728476998e-01
6.732673267326733102e-01
6.534653465346534906e-01
6.534653465346534906e-01
6.534653465346534906e-01
6.534653465346534906e-01
6.513157894736842923e-01
6.513157894736842923e-01
6.513157894736842923e-01
6.513157894736842923e-01
6.710526315789474561e-01
6.688524590163934525e-01
6.688524590163934525e-01
6.491803278688524914e-01
6.491803278688524914e-01
6.491803278688524914e-01
6.470588235294117974e-01
6.470588235294117974e-01
6.470588235294117974e-01
6.666666666666666297e-01
6.666666666666666297e-01
6.644951140065146200e-01
6.644951140065146200e-01
6.644951140065146200e-01
6.449511400651466442e-01
6.449511400651466442e-01
6.428571428571429047e-01
6.428571428571429047e-01
6.623376623376623362e-01
6.623376623376623362e-01
6.623376623376623362e-01
6.601941747572815933e-01
6.601941747572815933e-01
6.601941747572815933e-01
6.601941747572815933e-01
6.407766990291262621e-01
6.387096774193548043e-01
6.387096774193548043e-01
6.580645161290322731e-01
6.580645161290322731e-01
6.580645161290322731e-01
6.559485530546624865e-01
6.559485530546624865e-01
6.559485530546624865e-01
6.559485530546624865e-01
6.559485530546624865e-01
6.538461538461538547e-01
6.730769230769231282e-01
6.538461538461538547e-01
6.538461538461538547e-01
6.538461538461538547e-01
6.517571884984025843e-01
6.517571884984025843e-01
6.517571884984025843e-01
6.517571884984025843e-01
6.517571884984025843e-01
6.687898089171975258e-01
6.687898089171975258e-01
6.687898089171975258e-01
6.496815286624204600e-01
6.496815286624204600e-01
6.476190476190476497e-01
6.476190476190476497e-01
6.476190476190476497e-01
6.476190476190476497e-01
6.666666666666666297e-01
6.645569620253164445e-01
6.645569620253164445e-01
6.645569620253164445e-01
6.645569620253164445e-01
6.455696202531646666e-01
6.435331230283911630e-01
6.435331230283911630e-01
6.435331230283911630e-01
6.624605678233438377e-01
6.624605678233438377e-01
6.603773584905661131e-01
6.603773584905661131e-01
6.603773584905661131e-01
6.603773584905661131e-01
6.603773584905661131e-01
6.583072100313480668e-01
6.394984326018808840e-01
6.583072100313480668e-01
6.583072100313480668e-01
6.583072100313480668e-01
6.562500000000000000e-01
6.562500000000000000e-01
6.562500000000000000e-01
6.562500000000000000e-01
6.562500000000000000e-01
6.542056074766355867e-01
6.542056074766355867e-01
6.542056074766355867e-01
6.542056074766355867e-01
6.542056074766355867e-01
6.521739130434782705e-01
6.521739130434782705e-01
6.521739130434782705e-01
6.521739130434782705e-01
6.521739130434782705e-01
6.501547987616099755e-01
6.687306501547988224e-01
6.687306501547988224e-01
6.501547987616099755e-01
6.501547987616099755e-01
6.481481481481481399e-01
6.481481481481481399e-01
6.481481481481481399e-01
6.481481481481481399e-01
6.481481481481481399e-01
6.646153846153847189e-01
6.646153846153847189e-01
6.646153846153847189e-01
6.646153846153847189e-01
6.461538461538461897e-01
6.441717791411043503e-01
6.441717791411043503e-01
6.441717791411043503e-01
6.441717791411043503e-01
6.625766871165644778e-01
6.605504587155963669e-01
6.605504587155963669e-01
6.605504587155963669e-01
6.605504587155963669e-01
6.605504587155963669e-01
6.585365853658536883e-01
6.585365853658536883e-01
6.402439024390244038e-01
6.585365853658536883e-01
6.585365853658536883e-01
6.565349544072949239e-01
6.565349544072949239e-01
6.565349544072949239e-01
6.565349544072949239e-01
6.565349544072949239e-01
6.545454545454545414e-01
6.545454545454545414e-01
6.727272727272727293e-01
6.545454545454545414e-01
6.545454545454545414e-01
6.525679758308157163e-01
6.525679758308157163e-01
6.525679758308157163e-01
6.525679758308157163e-01
6.525679758308157163e-01
6.506024096385543132e-01
6.686746987951807109e-01
6.686746987951807109e-01
6.686746987951807109e-01
6.506024096385543132e-01
6.486486486486486847e-01
6.486486486486486847e-01
6.486486486486486847e-01
6.486486486486486847e-01
6.486486486486486847e-01
6.467065868263474071e-01
6.646706586826347518e-01
6.646706586826347518e-01
6.646706586826347518e-01
6.646706586826347518e-01
6.626865671641791744e-01
6.447761194029850706e-01
6.447761194029850706e-01
6.447761194029850706e-01
6.447761194029850706e-01
6.607142857142856984e-01
6.607142857142856984e-01
6.607142857142856984e-01
6.607142857142856984e-01
6.607142857142856984e-01
6.587537091988131532e-01
6.587537091988131532e-01
6.409495548961424705e-01
6.409495548961424705e-01
6.587537091988131532e-01
6.568047337278106745e-01
6.568047337278106745e-01
6.568047337278106745e-01
6.568047337278106745e-01
6.568047337278106745e-01
6.548672566371681603e-01
6.548672566371681603e-01
6.548672566371681603e-01
6.548672566371681603e-01
6.548672566371681603e-01
6.529411764705882470e-01
6.529411764705882470e-01
6.529411764705882470e-01
6.529411764705882470e-01
6.529411764705882470e-01
6.510263929618769208e-01
6.510263929618769208e-01
6.686217008797654682e-01
6.686217008797654682e-01
6.686217008797654682e-01
6.666666666666666297e-01
6.491228070175438791e-01
6.491228070175438791e-01
6.491228070175438791e-01
6.491228070175438791e-01
6.472303206997085390e-01
6.647230320699709649e-01
6.647230320699709649e-01
6.647230320699709649e-01
6.647230320699709649e-01
6.627906976744186718e-01
6.627906976744186718e-01
6.453488372093023617e-01
6.453488372093023617e-01
6.453488372093023617e-01
6.434782608695652772e-01
6.608695652173913748e-01
6.608695652173913748e-01
6.608695652173913748e-01
6.608695652173913748e-01
6.589595375722543391e-01
6.589595375722543391e-01
6.589595375722543391e-01
6.416184971098266576e-01
6.416184971098266576e-01
6.570605187319885632e-01
6.570605187319885632e-01
6.570605187319885632e-01
6.570605187319885632e-01
6.570605187319885632e-01
6.551724137931035363e-01
6.551724137931035363e-01
6.551724137931035363e-01
6.551724137931035363e-01
6.551724137931035363e-01
6.532951289398281070e-01
6.532951289398281070e-01
6.532951289398281070e-01
6.532951289398281070e-01
6.532951289398281070e-01
6.514285714285714679e-01
6.514285714285714679e-01
6.514285714285714679e-01
6.685714285714285943e-01
6.685714285714285943e-01
6.666666666666666297e-01
6.495726495726495964e-01
6.495726495726495964e-01
6.495726495726495964e-01
6.495726495726495964e-01
6.477272727272728181e-01
6.477272727272728181e-01
6.647727272727272929e-01
6.647727272727272929e-01
6.647727272727272929e-01
6.628895184135977781e-01
6.628895184135977781e-01
6.458923512747876128e-01
6.458923512747876128e-01
6.458923512747876128e-01
6.440677966101695517e-01
6.610169491525423879e-01
6.610169491525423879e-01
6.610169491525423879e-01
6.610169491525423879e-01
6.591549295774649098e-01
6.591549295774649098e-01
6.591549295774649098e-01
6.422535211267605959e-01
6.422535211267605959e-01
6.573033707865169051e-01
6.573033707865169051e-01
6.573033707865169051e-01
6.573033707865169051e-01
6.573033707865169051e-01
6.554621848739495826e-01
6.554621848739495826e-01
6.554621848739495826e-01
6.554621848739495826e-01
6.554621848739495826e-01
6.703910614525139255e-01
6.536312849162011496e-01
6.536312849162011496e-01
6.536312849162011496e-01
6.536312849162011496e-01
6.518105849582173095e-01
6.518105849582173095e-01
6.518105849582173095e-01
6.518105849582173095e-01
6.685236768802228502e-01
6.666666666666666297e-01
6.666666666666666297e-01
6.500000000000000222e-01
6.500000000000000222e-01
6.500000000000000222e-01
6.481994459833795297e-01
6.481994459833795297e-01
6.481994459833795297e-01
6.648199445983379308e-01
6.648199445983379308e-01
6.629834254143646133e-01
6.629834254143646133e-01
6.629834254143646133e-01
6.464088397790055396e-01
6.464088397790055396e-01
6.446280991735537924e-01
6.446280991735537924e-01
6.611570247933884481e-01
6.611570247933884481e-01
6.611570247933884481e-01
6.593406593406593297e-01
6.593406593406593297e-01
6.593406593406593297e-01
6.593406593406593297e-01
6.428571428571429047e-01
6.410958904109589351e-01
6.575342465753424293e-01
6.575342465753424293e-01
6.575342465753424293e-01
6.575342465753424293e-01
6.557377049180328488e-01
6.557377049180328488e-01
6.557377049180328488e-01
6.557377049180328488e-01
6.557377049180328488e-01
6.702997275204359839e-01
6.539509536784741117e-01
6.539509536784741117e-01
6.539509536784741117e-01
6.539509536784741117e-01
6.521739130434782705e-01
6.521739130434782705e-01
6.521739130434782705e-01
6.521739130434782705e-01
6.684782608695651884e-01
6.666666666666666297e-01
6.666666666666666297e-01
6.504065040650407470e-01
6.504065040650407470e-01
6.504065040650407470e-01
6.486486486486486847e-01
6.486486486486486847e-01
6.486486486486486847e-01
6.486486486486486847e-01
6.648648648648649573e-01
6.630727762803234615e-01
6.630727762803234615e-01
6.630727762803234615e-01
6.630727762803234615e-01
6.469002695417790383e-01
6.451612903225807383e-01
6.451612903225807383e-01
6.451612903225807383e-01
6.612903225806452401e-01
6.612903225806452401e-01
6.595174262734585513e-01
6.595174262734585513e-01
6.595174262734585513e-01
6.595174262734585513e-01
6.595174262734585513e-01
6.577540106951871302e-01
6.417112299465240755e-01
6.577540106951871302e-01
6.577540106951871302e-01
6.577540106951871302e-01
6.560000000000000275e-01
6.560000000000000275e-01
6.560000000000000275e-01
6.560000000000000275e-01
6.560000000000000275e-01
6.542553191489361986e-01
6.702127659574468321e-01
6.542553191489361986e-01
6.542553191489361986e-01
6.542553191489361986e-01
6.525198938992042841e-01
6.525198938992042841e-01
6.525198938992042841e-01
6.525198938992042841e-01
6.525198938992042841e-01
6.666666666666666297e-01
6.666666666666666297e-01
6.666666666666666297e-01
6.507936507936508130e-01
6.507936507936508130e-01
6.490765171503958264e-01
6.490765171503958264e-01
6.490765171503958264e-01
6.490765171503958264e-01
6.649076517150396270e-01
6.631578947368421684e-01
6.631578947368421684e-01
6.631578947368421684e-01
6.631578947368421684e-01
6.473684210526315930e-01
6.456692913385827515e-01
6.456692913385827515e-01
6.456692913385827515e-01
6.456692913385827515e-01
6.614173228346457156e-01
6.596858638743455794e-01
6.596858638743455794e-01
6.596858638743455794e-01
6.596858638743455794e-01
6.596858638743455794e-01
6.579634464751958900e-01
6.422976501305482921e-01
6.422976501305482921e-01
6.579634464751958900e-01
6.579634464751958900e-01
6.562500000000000000e-01
6.562500000000000000e-01
6.562500000000000000e-01
6.562500000000000000e-01
6.562500000000000000e-01
6.545454545454545414e-01
6.545454545454545414e-01
6.545454545454545414e-01
6.545454545454545414e-01
6.545454545454545414e-01
6.528497409326424750e-01
6.528497409326424750e-01
6.528497409326424750e-01
6.528497409326424750e-01
6.528497409326424750e-01
6.511627906976744651e-01
6.666666666666666297e-01
6.666666666666666297e-01
6.666666666666666297e-01
6.511627906976744651e-01
6.494845360824742508e-01
6.494845360824742508e-01
6.494845360824742508e-01
6.494845360824742508e-01
6.494845360824742508e-01
6.632390745501285378e-01
6.632390745501285378e-01
6.632390745501285378e-01
6.632390745501285378e-01
6.632390745501285378e-01
6.615384615384615197e-01
6.461538461538461897e-01
6.461538461538461897e-01
6.461538461538461897e-01
6.615384615384615197e-01
6.598465473145780358e-01
6.598465473145780358e-01
6.598465473145780358e-01
6.598465473145780358e-01
6.598465473145780358e-01
6.581632653061224580e-01
6.581632653061224580e-01
6.428571428571429047e-01
6.581632653061224580e-01
6.581632653061224580e-01
6.564885496183207048e-01
6.564885496183207048e-01
6.564885496183207048e-01
6.564885496183207048e-01
6.564885496183207048e-01
6.548223350253806752e-01
6.548223350253806752e-01
6.548223350253806752e-01
6.548223350253806752e-01
6.548223350253806752e-01
6.531645569620253555e-01
6.531645569620253555e-01
6.531645569620253555e-01
6.531645569620253555e-01
6.531645569620253555e-01
6.515151515151516026e-01
6.515151515151516026e-01
6.666666666666666297e-01
6.666666666666666297e-01
6.515151515151516026e-01
6.498740554156171578e-01
6.498740554156171578e-01
6.498740554156171578e-01
6.498740554156171578e-01
6.498740554156171578e-01
6.482412060301507850e-01
6.633165829145729608e-01
6.633165829145729608e-01
6.633165829145729608e-01
6.633165829145729608e-01
6.616541353383458279e-01
6.466165413533834228e-01
6.466165413533834228e-01
6.466165413533834228e-01
6.466165413533834228e-01
6.600000000000000311e-01
6.600000000000000311e-01
6.600000000000000311e-01
6.600000000000000311e-01
6.600000000000000311e-01
6.583541147132169202e-01
6.583541147132169202e-01
6.583541147132169202e-01
6.433915211970074877e-01
6.583541147132169202e-01
6.567164179104477695e-01
6.567164179104477695e-01
6.567164179104477695e-01
6.567164179104477695e-01
6.567164179104477695e-01
6.550868486352358078e-01
6.550868486352358078e-01
6.550868486352358078e-01
6.699751861042183565e-01
6.550868486352358078e-01
6.534653465346534906e-01
6.534653465346534906e-01
6.534653465346534906e-01
6.534653465346534906e-01
6.534653465346534906e-01
6.518518518518519045e-01
6.518518518518519045e-01
6.666666666666666297e-01
6.666666666666666297e-01
6.666666666666666297e-01
6.650246305418719972e-01
6.502463054187193059e-01
6.502463054187193059e-01
6.502463054187193059e-01
6.502463054187193059e-01
6.486486486486486847e-01
6.486486486486486847e-01
6.633906633906634376e-01
6.633906633906634376e-01
6.633906633906634376e-01
6.617647058823529216e-01
6.617647058823529216e-01
6.470588235294117974e-01
6.470588235294117974e-01
6.470588235294117974e-01
6.454767726161368957e-01
6.601466992665037115e-01
6.601466992665037115e-01
6.601466992665037115e-01
6.601466992665037115e-01
6.585365853658536883e-01
6.585365853658536883e-01
6.585365853658536883e-01
6.439024390243902607e-01
6.439024390243902607e-01
6.569343065693431516e-01
6.569343065693431516e-01
6.569343065693431516e-01
6.569343065693431516e-01
6.569343065693431516e-01
6.553398058252427605e-01
6.553398058252427605e-01
6.553398058252427605e-01
6.553398058252427605e-01
6.553398058252427605e-01
6.537530266343826169e-01
6.537530266343826169e-01
6.537530266343826169e-01
6.537530266343826169e-01
6.537530266343826169e-01
6.521739130434782705e-01
6.521739130434782705e-01
6.521739130434782705e-01
6.666666666666666297e-01
6.666666666666666297e-01
6.650602409638554091e-01
6.506024096385543132e-01
6.506024096385543132e-01
6.506024096385543132e-01
6.506024096385543132e-01
6.490384615384615641e-01
6.490384615384615641e-01
6.634615384615384359e-01
6.634615384615384359e-01
6.634615384615384359e-01
6.618705035971222950e-01
6.618705035971222950e-01
6.618705035971222950e-01
6.474820143884891799e-01
6.474820143884891799e-01
6.459330143540670255e-01
6.602870813397130334e-01
6.602870813397130334e-01
6.602870813397130334e-01
6.602870813397130334e-01
6.587112171837709029e-01
6.587112171837709029e-01
6.587112171837709029e-01
6.587112171837709029e-01
6.443914081145585282e-01
6.428571428571429047e-01
6.571428571428571397e-01
6.571428571428571397e-01
6.571428571428571397e-01
6.571428571428571397e-01
6.555819477434680076e-01
6.555819477434680076e-01
6.555819477434680076e-01
6.555819477434680076e-01
6.555819477434680076e-01
6.682464454976303481e-01
6.540284360189574375e-01
6.540284360189574375e-01
6.540284360189574375e-01
6.540284360189574375e-01
6.524822695035461528e-01
6.524822695035461528e-01
6.524822695035461528e-01
6.524822695035461528e-01
6.666666666666666297e-01
6.650943396226415283e-01
6.650943396226415283e-01
6.509433962264151718e-01
6.509433962264151718e-01
6.509433962264151718e-01
6.494117647058823550e-01
6.494117647058823550e-01
6.494117647058823550e-01
6.635294117647059231e-01
6.635294117647059231e-01
6.619718309859154992e-01
6.619718309859154992e-01
6.619718309859154992e-01
6.478873239436619969e-01
6.478873239436619969e-01
6.463700234192037986e-01
6.463700234192037986e-01
6.604215456674473739e-01
6.604215456674473739e-01
6.604215456674473739e-01
6.588785046728972139e-01
6.588785046728972139e-01
6.588785046728972139e-01
6.588785046728972139e-01
6.448598130841122211e-01
6.433566433566434428e-01
6.573426573426573993e-01
6.573426573426573993e-01
6.573426573426573993e-01
6.573426573426573993e-01
6.558139534883721256e-01
6.558139534883721256e-01
6.558139534883721256e-01
6.558139534883721256e-01
6.558139534883721256e-01
6.682134570765660975e-01
6.682134570765660975e-01
6.542923433874709982e-01
6.542923433874709982e-01
6.542923433874709982e-01
6.527777777777777901e-01
6.527777777777777901e-01
6.527777777777777901e-01
6.527777777777777901e-01
6.527777777777777901e-01
6.651270207852194583e-01
6.651270207852194583e-01
6.651270207852194583e-01
6.512702078521940274e-01
6.512702078521940274e-01
6.497695852534562944e-01
6.497695852534562944e-01
6.497695852534562944e-01
6.497695852534562944e-01
6.635944700460830736e-01
6.620689655172413701e-01
6.620689655172413701e-01
6.620689655172413701e-01
6.620689655172413701e-01
6.482758620689655915e-01
6.467889908256881926e-01
6.467889908256881926e-01
6.467889908256881926e-01
6.605504587155963669e-01
6.605504587155963669e-01
6.590389016018306512e-01
6.590389016018306512e-01
6.590389016018306512e-01
6.590389016018306512e-01
6.590389016018306512e-01
6.575342465753424293e-01
6.438356164383561842e-01
6.575342465753424293e-01
6.575342465753424293e-01
6.575342465753424293e-01
6.560364464692483022e-01
6.560364464692483022e-01
6.560364464692483022e-01
6.560364464692483022e-01
6.560364464692483022e-01
6.545454545454545414e-01
6.681818181818182101e-01
6.545454545454545414e-01
6.545454545454545414e-01
6.545454545454545414e-01
6.530612244897959773e-01
6.530612244897959773e-01
6.530612244897959773e-01
6.530612244897959773e-01
6.530612244897959773e-01
6.651583710407239503e-01
6.651583710407239503e-01
6.651583710407239503e-01
6.515837104072398356e-01
6.515837104072398356e-01
6.501128668171557434e-01
6.501128668171557434e-01
6.501128668171557434e-01
6.501128668171557434e-01
6.501128668171557434e-01
6.621621621621621712e-01
6.621621621621621712e-01
6.621621621621621712e-01
6.621621621621621712e-01
6.486486486486486847e-01
6.471910112359551270e-01
6.471910112359551270e-01
6.471910112359551270e-01
6.471910112359551270e-01
6.606741573033708681e-01
6.591928251121076388e-01
6.591928251121076388e-01
6.591928251121076388e-01
6.591928251121076388e-01
6.591928251121076388e-01
6.577181208053691774e-01
6.577181208053691774e-01
6.442953020134228881e-01
6.577181208053691774e-01
6.577181208053691774e-01
6.562500000000000000e-01
6.562500000000000000e-01
6.562500000000000000e-01
6.562500000000000000e-01
6.562500000000000000e-01
6.547884187082405605e-01
6.547884187082405605e-01
6.681514476614700548e-01
6.547884187082405605e-01
6.547884187082405605e-01
6.533333333333333215e-01
6.533333333333333215e-01
6.533333333333333215e-01
6.533333333333333215e-01
6.533333333333333215e-01
6.518847006651884435e-01
6.651884700665189332e-01
6.651884700665189332e-01
6.651884700665189332e-01
6.518847006651884435e-01
6.504424778761062065e-01
6.504424778761062065e-01
6.504424778761062065e-01
6.504424778761062065e-01
6.504424778761062065e-01
6.622516556291391243e-01
6.622516556291391243e-01
6.622516556291391243e-01
6.622516556291391243e-01
6.622516556291391243e-01
6.607929515418502486e-01
6.475770925110132525e-01
6.475770925110132525e-01
6.475770925110132525e-01
6.607929515418502486e-01
6.593406593406593297e-01
6.593406593406593297e-01
6.593406593406593297e-01
6.593406593406593297e-01
6.593406593406593297e-01
6.578947368421053099e-01
6.578947368421053099e-01
6.447368421052631637e-01
6.447368421052631637e-01
6.578947368421053099e-01
6.564551422319475638e-01
6.564551422319475638e-01
6.564551422319475638e-01
6.564551422319475638e-01
6.564551422319475638e-01
6.550218340611354551e-01
6.550218340611354551e-01
6.550218340611354551e-01
6.550218340611354551e-01
6.550218340611354551e-01
6.535947712418301858e-01
6.535947712418301858e-01
6.535947712418301858e-01
6.535947712418301858e-01
6.535947712418301858e-01
6.521739130434782705e-01
6.521739130434782705e-01
6.652173913043478715e-01
6.652173913043478715e-01
6.521739130434782705e-01
6.507592190889371908e-01
6.507592190889371908e-01
6.507592190889371908e-01
6.507592190889371908e-01
6.507592190889371908e-01
6.493506493506493449e-01
6.623376623376623362e-01
6.623376623376623362e-01
6.623376623376623362e-01
6.623376623376623362e-01
6.609071274298056187e-01
6.609071274298056187e-01
6.479481641468682884e-01
6.479481641468682884e-01
6.479481641468682884e-01
6.594827586206897241e-01
6.594827586206897241e-01
6.594827586206897241e-01
6.594827586206897241e-01
6.594827586206897241e-01
6.580645161290322731e-01
6.580645161290322731e-01
6.580645161290322731e-01
6.451612903225807383e-01
6.580645161290322731e-01
6.566523605150215159e-01
6.566523605150215159e-01
6.566523605150215159e-01
6.566523605150215159e-01
6.566523605150215159e-01
6.552462526766595907e-01
6.552462526766595907e-01
6.552462526766595907e-01
6.680942184154176067e-01
6.552462526766595907e-01
6.538461538461538547e-01
6.538461538461538547e-01
6.538461538461538547e-01
