5.579458709229701441e+00
5.575589459084604904e+00
5.572815533980582714e+00
5.571725571725571591e+00
5.567867036011080017e+00
5.561245674740484368e+00
5.560165975103734226e+00
5.570145127850725686e+00
5.564616447823082623e+00
5.558011049723757147e+00
5.554175293305728012e+00
5.547586206896551353e+00
5.546519641626464825e+00
5.541006202618883769e+00
5.537190082644627864e+00
5.533379215416379004e+00
5.540577716643741546e+00
5.531271477663229241e+00
5.527472527472527375e+00
5.524725274725274637e+00
5.518188057652711365e+00
5.514403292181070171e+00
5.518848526387936992e+00
5.515068493150685036e+00
5.505817932922655977e+00
5.503080082135523909e+00
5.507523939808481650e+00
5.501025290498973597e+00
5.497267759562840972e+00
5.488054607508532357e+00
5.495225102319236221e+00
5.486025903203817222e+00
5.480572597137014057e+00
5.476839237057220977e+00
5.478556841388699361e+00
5.472108843537413669e+00
5.465669612508497366e+00
5.470108695652173836e+00
5.460964019008825332e+00
5.458248472505091264e+00
5.459972862957937600e+00
5.453559322033898482e+00
5.455284552845528268e+00
5.448882870683818602e+00
5.442489851150202895e+00
5.444219066937119322e+00
5.437837837837838251e+00
5.439567859554355067e+00
5.431465226198513463e+00
5.435897435897436125e+00
