5.558620689655172420e+00
5.505112474437627412e+00
5.435690235690235461e+00
5.369680851063829863e+00
5.302692055154301087e+00
5.208144796380090646e+00
5.154875717017208814e+00
5.080402010050251604e+00
5.012376237623762165e+00
4.933577087141986617e+00
4.859028194361127539e+00
4.785840707964601926e+00
4.703016241299303957e+00
4.615384615384614975e+00
4.502262443438914019e+00
4.440789473684210620e+00
4.347826086956521507e+00
4.258403361344537785e+00
4.162217659137576575e+00
4.068136272545090470e+00
3.932126696832578983e+00
3.849952516619183918e+00
3.745504840940525604e+00
3.630192050022331696e+00
3.509710832973672812e+00
3.382695507487520903e+00
3.250499400719137011e+00
3.111960259839511078e+00
2.961076755183702947e+00
2.803854094975911870e+00
2.636069812540400736e+00
2.456730769230769162e+00
2.259718775847808114e+00
2.005501375343835768e+00
1.751437859464866298e+00
1.451362840710177515e+00
1.065266316579144723e+00
5.671417854463616237e-01
-2.200550137534383263e-02
-2.901846452866860826e+00
-2.896891958559447477e+00
-2.898120672601384396e+00
-2.896483407627538309e+00
-2.895936570862239989e+00
-2.915989159891598792e+00
-2.954151177199504374e+00
-2.990291262135922334e+00
-3.025954198473282286e+00
-3.060580912863070324e+00
-3.091234347048300357e+00
