5.557692307692307487e+00
5.482781904118838590e+00
5.372262773722627394e+00
5.299479166666666963e+00
5.167622689611217623e+00
5.077978789769182377e+00
4.967032967032967150e+00
4.864477611940298374e+00
4.741258741258741694e+00
4.622727272727273018e+00
4.512990602542841678e+00
4.380032206119162552e+00
4.249739854318418608e+00
4.114630467571643635e+00
3.965116279069767380e+00
3.806421591437878504e+00
3.654804270462633564e+00
3.478628861616589241e+00
3.294399999999999995e+00
3.095273818454613579e+00
2.885177453027139904e+00
2.662424435252942700e+00
2.403643609450611951e+00
2.001500375093773432e+00
1.626406601650412620e+00
1.122280570142535572e+00
-2.300575143785946533e-02
-2.895596239485403345e+00
-2.894841269841269771e+00
-2.895181321410829511e+00
-2.896620278330019893e+00
-2.933333333333333126e+00
-2.988857938718663121e+00
-3.047154471544715637e+00
-3.106145251396648099e+00
-3.168940188877229946e+00
-3.234539089848308180e+00
-3.598971722365038595e+00
-5.537984496124031430e+00
-5.544186046511628163e+00
-5.544186046511628163e+00
-5.544186046511628163e+00
-5.537984496124031430e+00
-5.544186046511628163e+00
-5.544186046511628163e+00
-5.537984496124031430e+00
-5.544186046511628163e+00
-5.544186046511628163e+00
-5.544186046511628163e+00
-5.550387596899224896e+00
