5.554175293305728012e+00
5.496245733788396315e+00
5.430499325236167074e+00
5.368000000000000327e+00
5.301712779973649425e+00
5.232769830949284717e+00
5.162283515073765372e+00
5.105196451204055741e+00
5.043804755944931273e+00
4.983323038912908842e+00
4.919512195121951592e+00
4.854392298435620035e+00
4.790035587188611998e+00
4.700934579439252303e+00
4.578313253012048278e+00
4.470985915492957652e+00
4.382531785516859735e+00
4.294691224268689211e+00
4.203605514316012481e+00
4.109958506224065999e+00
4.012158054711246535e+00
3.911067193675889175e+00
3.805582290664100142e+00
3.698783910196445923e+00
3.584580498866213105e+00
3.466198419666373987e+00
3.347457627118644030e+00
3.214023644516918132e+00
3.079327862446268327e+00
2.936614466815809177e+00
2.783716814159292063e+00
2.619953286619952859e+00
2.443890274314214572e+00
2.252158894645941434e+00
2.041841004184100417e+00
1.797449362340585166e+00
1.518379594898724649e+00
1.172293073268316999e+00
7.161790447611902088e-01
1.990497624406101507e-01
-5.111277819454863591e-01
-2.870995670995671212e+00
-2.759568204121687796e+00
-2.751717369970559268e+00
-2.755642787046123310e+00
-2.763493621197251837e+00
-2.751717369970559268e+00
-2.751717369970559268e+00
-2.755642787046123310e+00
-2.759568204121687796e+00
