5.568953568953569189e+00
5.545893719806763045e+00
5.528522336769759349e+00
5.504109589041095596e+00
5.487039563437925871e+00
5.464673913043478493e+00
5.439783491204329025e+00
5.416835016835015892e+00
5.400402414486921820e+00
5.378757515030059722e+00
5.348404255319148426e+00
5.327152317880794463e+00
5.299934080421884630e+00
5.286089238845144145e+00
5.254082299150882207e+00
5.237971391417424627e+00
5.209061488673139451e+00
5.182227945911139777e+00
5.158974358974359298e+00
5.135928525845565140e+00
5.118170266836086668e+00
5.092979127134724671e+00
5.070528967254408492e+00
5.053291536050156907e+00
5.033707865168539186e+00
5.006211180124223503e+00
4.987012987012986898e+00
4.963054187192118327e+00
4.943627450980391913e+00
4.919512195121951592e+00
4.898058252427184733e+00
4.874396135265700813e+00
4.848557692307692513e+00
4.827751196172249237e+00
4.801903628792385526e+00
4.779159265837773951e+00
4.753828032979976470e+00
4.718969555035128494e+00
4.677532013969732283e+00
4.631578947368421240e+00
4.588505747126436773e+00
4.545973729297544175e+00
4.503972758229284779e+00
4.468996617812852179e+00
4.441209406494960987e+00
4.411568409343715302e+00
4.379900607399227042e+00
4.346491228070175517e+00
4.315732172019597357e+00
4.283243243243243015e+00
