5.542068965517241708e+00
5.477551020408163218e+00
5.395036887994633545e+00
5.319233311302047795e+00
5.239583333333333037e+00
5.155669442664958524e+00
5.082649842271293572e+00
5.014294592914853688e+00
4.937576499388004692e+00
4.859723058398555118e+00
4.779159265837773951e+00
4.657375145180023601e+00
4.513636363636363669e+00
4.404444444444444606e+00
4.299349240780911074e+00
4.188160676532769244e+00
4.076131687242797952e+00
3.956021989005497286e+00
3.831476997578692423e+00
3.700374531835206593e+00
3.563373928732521456e+00
3.424610051993067561e+00
3.272275176129300078e+00
3.110059171597633121e+00
2.941791044776119524e+00
2.752100840336134446e+00
2.554326610279765930e+00
2.332340678975580506e+00
2.086538461538461675e+00
1.797449362340585166e+00
1.454363590897724379e+00
9.962490622655664207e-01
2.670667666916728966e-01
0.000000000000000000e+00
0.000000000000000000e+00
0.000000000000000000e+00
0.000000000000000000e+00
0.000000000000000000e+00
-2.755403868031854220e+00
-2.758620689655172598e+00
-2.755488266464799274e+00
-2.756159728122344887e+00
-2.754221388367729340e+00
-2.751279426816786167e+00
-2.753591160220994372e+00
-2.745098039215686292e+00
-2.745098039215686292e+00
-2.745098039215686292e+00
-2.745098039215686292e+00
-2.755555555555555536e+00
