5.575589459084604904e+00
5.569550173010380689e+00
5.560773480662983381e+00
5.541006202618883769e+00
5.529573590096285685e+00
5.523678792038435148e+00
5.509589041095890316e+00
5.492822966507176830e+00
5.484311050477488791e+00
5.470388019060585805e+00
5.459239130434781373e+00
5.448135593220338357e+00
5.438810006761324978e+00
5.422402159244264830e+00
5.416835016835015892e+00
5.400537634408602017e+00
5.394101876675603258e+00
5.375250836120401665e+00
5.367156208277704010e+00
5.352862849533954304e+00
5.339534883720930658e+00
5.335984095427435570e+00
5.317460317460317221e+00
5.311345646437994894e+00
5.290322580645161032e+00
5.281680892974392805e+00
5.268676277850589784e+00
5.254901960784313708e+00
5.246414602346805900e+00
5.228366948601171238e+00
5.219987021414665307e+00
5.203883495145631422e+00
5.200774693350547651e+00
5.182227945911139777e+00
5.166345536287733076e+00
5.155669442664958524e+00
5.147603833865814771e+00
5.135204081632653406e+00
5.122137404580151987e+00
5.112380952380952692e+00
5.101963267891070686e+00
5.091598231206569736e+00
5.079445145018915753e+00
5.066666666666666430e+00
5.056461731493098632e+00
5.041953663118346363e+00
5.034353529044347297e+00
5.021806853582553742e+00
5.009322560596643825e+00
5.001859888406695376e+00
