5.573407202216065670e+00
5.539944903581266900e+00
5.509589041095890316e+00
5.476839237057220977e+00
5.448882870683818602e+00
5.411447811447811063e+00
5.381526104417670986e+00
5.357285429141716904e+00
5.320105820105820449e+00
5.288625904010519463e+00
5.261920313520574766e+00
5.219987021414665307e+00
5.186331399097356964e+00
5.153106982703395289e+00
5.125397835773393140e+00
5.096202531645569245e+00
5.066666666666666430e+00
5.037499999999999645e+00
5.008695652173913437e+00
4.975308641975308532e+00
4.946658491722869755e+00
4.916514320536258253e+00
4.886198547215496291e+00
4.850961538461538325e+00
4.816716417910448023e+00
4.784825133372851091e+00
4.751030017657445370e+00
4.698190309398715847e+00
4.641574985524029806e+00
4.576349024110218267e+00
4.521046643913537721e+00
4.473506200676437672e+00
4.428810720268006484e+00
4.387168141592920456e+00
4.343921139101862394e+00
4.301518438177874160e+00
4.253354804079441998e+00
4.210302708443972364e+00
4.163951655281135089e+00
4.116424116424115986e+00
4.071942446043165909e+00
4.022346368715083997e+00
3.969879518072289226e+00
3.920674268715914845e+00
3.870778267254038063e+00
3.820289855072463769e+00
3.767508337303477894e+00
3.714419915453264665e+00
3.659259259259259878e+00
3.604195166438668441e+00
