1.000e+00
1.000e+00
1.000e+00
1.000e+00
1.000e+00
1.000e+00
1.000e+00
1.000e+00
1.000e+00
1.000e+00
1.000e+00
1.000e+00
1.000e+00
1.000e+00
1.000e+00
1.000e+00
1.000e+00
1.000e+00
1.000e+00
1.000e+00
1.000e+00
1.000e+00
1.000e+00
1.000e+00
1.000e+00
1.000e+00
1.000e+00
1.000e+00
1.000e+00
1.000e+00
1.000e+00
1.000e+00
1.000e+00
1.000e+00
1.000e+00
1.000e+00
1.000e+00
1.000e+00
1.000e+00
1.000e+00
1.000e+00
1.000e+00
1.000e+00
1.000e+00
1.000e+00
1.000e+00
1.000e+00
1.000e+00
1.000e+00
1.000e+00
1.000e+00
1.000e+00
1.000e+00
1.000e+00
1.000e+00
1.000e+00
1.000e+00
1.000e+00
1.000e+00
1.000e+00
1.000e+00
1.000e+00
1.000e+00
1.000e+00
1.000e+00
1.000e+00
1.000e+00
1.000e+00
1.000e+00
1.000e+00
1.000e+00
1.000e+00
1.000e+00
1.000e+00
1.000e+00
1.000e+00
1.000e+00
1.000e+00
1.000e+00
1.000e+00
1.000e+00
1.000e+00
1.000e+00
1.000e+00
1.000e+00
1.000e+00
1.000e+00
1.000e+00
1.000e+00
1.000e+00
1.000e+00
1.000e+00
1.000e+00
1.000e+00
1.000e+00
1.000e+00
1.000e+00
1.000e+00
1.000e+00
1.000e+00
1.000e+00
1.000e+00
1.000e+00
1.000e+00
1.000e+00
1.000e+00
1.000e+00
1.000e+00
1.000e+00
1.000e+00
1.000e+00
1.000e+00
1.000e+00
1.000e+00
1.000e+00
1.000e+00
1.000e+00
1.000e+00
1.000e+00
1.000e+00
1.000e+00
1.000e+00
1.000e+00
1.000e+00
1.000e+00
1.000e+00
1.000e+00
1.000e+00
1.000e+00
1.000e+00
1.000e+00
1.000e+00
1.000e+00
1.000e+00
1.000e+00
1.000e+00
1.000e+00
1.000e+00
1.000e+00
1.000e+00
1.000e+00
1.000e+00
1.000e+00
1.000e+00
1.000e+00
1.000e+00
1.000e+00
1.000e+00
1.000e+00
1.000e+00
1.000e+00
1.000e+00
1.000e+00
1.000e+00
1.000e+00
1.000e+00
1.000e+00
1.000e+00
1.000e+00
1.000e+00
1.000e+00
1.000e+00
1.000e+00
1.000e+00
1.000e+00
1.000e+00
1.000e+00
1.000e+00
1.000e+00
1.000e+00
1.000e+00
1.000e+00
1.000e+00
1.000e+00
1.000e+00
1.000e+00
1.000e+00
1.000e+00
1.000e+00
1.000e+00
1.000e+00
1.000e+00
1.000e+00
1.000e+00
1.000e+00
1.000e+00
1.000e+00
1.000e+00
1.000e+00
1.000e+00
1.000e+00
1.000e+00
1.000e+00
1.000e+00
9.999e-01
9.999e-01
9.999e-01
9.999e-01
9.999e-01
9.998e-01
9.998e-01
9.997e-01
9.997e-01
9.996e-01
9.995e-01
9.993e-01
9.992e-01
9.990e-01
9.987e-01
9.984e-01
9.981e-01
9.976e-01
9.970e-01
9.964e-01
9.955e-01
9.945e-01
9.932e-01
9.917e-01
9.898e-01
9.875e-01
9.847e-01
9.812e-01
9.771e-01
9.720e-01
9.658e-01
9.583e-01
9.493e-01
9.384e-01
9.254e-01
9.098e-01
8.913e-01
8.694e-01
8.438e-01
8.139e-01
7.795e-01
7.403e-01
6.963e-01
6.476e-01
5.946e-01
5.382e-01
4.794e-01
4.197e-01
3.605e-01
3.035e-01
2.503e-01
2.021e-01
1.596e-01
1.234e-01
9.345e-02
6.934e-02
5.045e-02
3.604e-02
2.530e-02
1.747e-02
1.188e-02
7.962e-03
5.264e-03
3.435e-03
2.215e-03
1.411e-03
8.893e-04
5.545e-04
3.422e-04
2.091e-04
1.266e-04
7.591e-05
4.511e-05
2.657e-05
1.551e-05
8.979e-06
5.155e-06
2.935e-06
1.657e-06
9.285e-07
5.161e-07
2.846e-07
1.557e-07
8.458e-08
4.558e-08
2.438e-08
1.295e-08
6.824e-09
3.570e-09
1.855e-09
9.565e-10
4.898e-10
2.490e-10
1.257e-10
6.303e-11
3.138e-11
1.552e-11
7.620e-12
3.717e-12
1.801e-12
8.665e-13
4.142e-13
1.967e-13
9.278e-14
4.348e-14
2.024e-14
9.364e-15
4.304e-15
1.965e-15
8.918e-16
4.021e-16
1.801e-16
8.021e-17
3.549e-17
1.560e-17
6.819e-18
2.962e-18
1.279e-18
5.486e-19
2.340e-19
9.918e-20
4.179e-20
1.751e-20
7.289e-21
3.017e-21
1.242e-21
5.081e-22
2.067e-22
8.358e-23
3.361e-23
1.344e-23
5.342e-24
2.112e-24
8.300e-25
3.244e-25
1.261e-25
4.875e-26
1.874e-26
7.164e-27
2.724e-27
1.030e-27
3.875e-28
1.450e-28
5.394e-29
1.997e-29
7.351e-30
2.692e-30
9.808e-31
3.555e-31
1.282e-31
4.597e-32
1.640e-32
5.823e-33
2.057e-33
7.228e-34
2.527e-34
8.792e-35
3.043e-35
1.048e-35
3.593e-36
1.225e-36
4.158e-37
1.404e-37
4.720e-38
1.579e-38
5.256e-39
1.741e-39
5.741e-40
1.884e-40
6.153e-41
2.000e-41
6.471e-42
2.084e-42
6.682e-43
2.132e-43
6.773e-44
2.142e-44
6.741e-45
2.112e-45
6.589e-46
2.046e-46
6.327e-47
1.948e-47
5.968e-48
1.821e-48
5.532e-49
1.673e-49
5.040e-50
1.511e-50
4.513e-51
1.342e-51
3.972e-52
1.171e-52
3.438e-53
1.005e-53
2.927e-54
8.485e-55
2.450e-55
7.046e-56
2.018e-56
5.755e-57
1.635e-57
4.626e-58
1.304e-58
3.665e-59
1.045e-59
3.639e-60
