1.000e+00
1.000e+00
1.000e+00
1.000e+00
1.000e+00
1.000e+00
1.000e+00
1.000e+00
1.000e+00
1.000e+00
1.000e+00
1.000e+00
1.000e+00
1.000e+00
1.000e+00
1.000e+00
1.000e+00
1.000e+00
1.000e+00
1.000e+00
1.000e+00
1.000e+00
1.000e+00
1.000e+00
1.000e+00
1.000e+00
1.000e+00
1.000e+00
1.000e+00
1.000e+00
1.000e+00
1.000e+00
1.000e+00
1.000e+00
1.000e+00
1.000e+00
1.000e+00
1.000e+00
1.000e+00
1.000e+00
1.000e+00
1.000e+00
1.000e+00
1.000e+00
1.000e+00
1.000e+00
1.000e+00
1.000e+00
1.000e+00
1.000e+00
1.000e+00
1.000e+00
1.000e+00
1.000e+00
1.000e+00
1.000e+00
1.000e+00
1.000e+00
1.000e+00
1.000e+00
1.000e+00
1.000e+00
1.000e+00
1.000e+00
1.000e+00
1.000e+00
1.000e+00
1.000e+00
1.000e+00
1.000e+00
1.000e+00
1.000e+00
1.000e+00
1.000e+00
1.000e+00
1.000e+00
1.000e+00
1.000e+00
1.000e+00
1.000e+00
1.000e+00
1.000e+00
1.000e+00
1.000e+00
1.000e+00
1.000e+00
1.000e+00
1.000e+00
1.000e+00
1.000e+00
1.000e+00
1.000e+00
1.000e+00
1.000e+00
1.000e+00
1.000e+00
1.000e+00
1.000e+00
1.000e+00
1.000e+00
1.000e+00
1.000e+00
1.000e+00
1.000e+00
1.000e+00
1.000e+00
1.000e+00
1.000e+00
1.000e+00
1.000e+00
1.000e+00
1.000e+00
1.000e+00
1.000e+00
1.000e+00
1.000e+00
1.000e+00
1.000e+00
1.000e+00
1.000e+00
1.000e+00
1.000e+00
1.000e+00
1.000e+00
1.000e+00
1.000e+00
1.000e+00
1.000e+00
1.000e+00
1.000e+00
1.000e+00
1.000e+00
1.000e+00
1.000e+00
1.000e+00
1.000e+00
1.000e+00
1.000e+00
1.000e+00
1.000e+00
1.000e+00
1.000e+00
1.000e+00
1.000e+00
1.000e+00
1.000e+00
1.000e+00
1.000e+00
1.000e+00
1.000e+00
1.000e+00
1.000e+00
1.000e+00
1.000e+00
1.000e+00
1.000e+00
1.000e+00
1.000e+00
1.000e+00
1.000e+00
1.000e+00
1.000e+00
1.000e+00
1.000e+00
1.000e+00
1.000e+00
1.000e+00
1.000e+00
1.000e+00
1.000e+00
1.000e+00
1.000e+00
1.000e+00
1.000e+00
1.000e+00
1.000e+00
1.000e+00
1.000e+00
1.000e+00
1.000e+00
1.000e+00
1.000e+00
1.000e+00
1.000e+00
1.000e+00
1.000e+00
1.000e+00
1.000e+00
1.000e+00
1.000e+00
1.000e+00
1.000e+00
1.000e+00
1.000e+00
1.000e+00
1.000e+00
1.000e+00
1.000e+00
1.000e+00
1.000e+00
1.000e+00
1.000e+00
1.000e+00
1.000e+00
1.000e+00
1.000e+00
1.000e+00
1.000e+00
9.999e-01
9.999e-01
9.999e-01
9.999e-01
9.999e-01
9.999e-01
9.998e-01
9.998e-01
9.997e-01
9.997e-01
9.996e-01
9.995e-01
9.994e-01
9.993e-01
9.991e-01
9.989e-01
9.986e-01
9.983e-01
9.980e-01
9.975e-01
9.969e-01
9.963e-01
9.954e-01
9.944e-01
9.932e-01
9.917e-01
9.899e-01
9.878e-01
9.851e-01
9.819e-01
9.780e-01
9.732e-01
9.675e-01
9.606e-01
9.523e-01
9.423e-01
9.304e-01
9.162e-01
8.993e-01
8.793e-01
8.559e-01
8.287e-01
7.972e-01
7.613e-01
7.207e-01
6.755e-01
6.259e-01
5.726e-01
5.163e-01
4.583e-01
3.998e-01
3.424e-01
2.877e-01
2.369e-01
1.912e-01
1.512e-01
1.172e-01
8.908e-02
6.645e-02
4.870e-02
3.510e-02
2.490e-02
1.740e-02
1.200e-02
8.168e-03
5.494e-03
3.654e-03
2.404e-03
1.567e-03
1.011e-03
6.467e-04
4.101e-04
2.579e-04
1.609e-04
9.964e-05
6.123e-05
3.736e-05
2.263e-05
1.361e-05
8.134e-06
4.828e-06
2.847e-06
1.668e-06
9.708e-07
5.616e-07
3.229e-07
1.845e-07
1.048e-07
5.917e-08
3.321e-08
1.853e-08
1.028e-08
5.668e-09
3.108e-09
1.695e-09
9.188e-10
4.953e-10
2.656e-10
1.416e-10
7.508e-11
3.960e-11
2.077e-11
1.083e-11
5.621e-12
2.901e-12
1.489e-12
7.606e-13
3.864e-13
1.952e-13
9.815e-14
4.908e-14
2.442e-14
1.209e-14
5.952e-15
2.916e-15
1.422e-15
6.895e-16
3.327e-16
1.598e-16
7.633e-17
3.629e-17
1.717e-17
8.082e-18
3.786e-18
1.765e-18
8.188e-19
3.780e-19
1.737e-19
7.943e-20
3.614e-20
1.637e-20
7.380e-21
3.311e-21
1.478e-21
6.571e-22
2.907e-22
1.280e-22
5.611e-23
2.448e-23
1.063e-23
4.596e-24
1.978e-24
8.472e-25
3.613e-25
1.534e-25
6.482e-26
2.727e-26
1.142e-26
4.764e-27
1.978e-27
8.176e-28
3.365e-28
1.379e-28
5.624e-29
2.285e-29
9.240e-30
3.721e-30
1.492e-30
5.957e-31
2.368e-31
9.376e-32
3.696e-32
1.451e-32
5.673e-33
2.208e-33
8.561e-34
3.305e-34
1.271e-34
4.865e-35
1.855e-35
7.046e-36
2.665e-36
1.004e-36
3.766e-37
1.407e-37
5.238e-38
1.942e-38
7.168e-39
2.636e-39
9.656e-40
3.523e-40
1.280e-40
4.635e-41
1.671e-41
6.004e-42
2.148e-42
7.658e-43
2.719e-43
9.619e-44
3.391e-44
1.196e-44
4.335e-45
1.953e-45
