3.407932011331444855e+00
3.403111739745403597e+00
3.398305084745762539e+00
3.388732394366197553e+00
3.383966244725738814e+00
3.379213483146067176e+00
3.369747899159663884e+00
3.365034965034965353e+00
3.355648535564853319e+00
3.350974930362117021e+00
3.346314325452016458e+00
3.337031900138696106e+00
3.332409972299169354e+00
3.331491712707182362e+00
3.318620689655172651e+00
3.309491059147180447e+00
3.304945054945055194e+00
3.300411522633744710e+00
3.299589603283173744e+00
3.286885245901639330e+00
3.286103542234332320e+00
3.273469387755102211e+00
3.264586160108548185e+00
3.260162601626016343e+00
3.251351351351351671e+00
3.250673854447439393e+00
3.238223418573351609e+00
3.232142857142857206e+00
3.213622291021671629e+00
3.222614840989399543e+00
3.198529411764706065e+00
3.216730038022813876e+00
3.188976377952756458e+00
3.183673469387755528e+00
3.189873417721518667e+00
3.182608695652174191e+00
3.160714285714286031e+00
3.179723502304147686e+00
3.156398104265402793e+00
3.145631067961164984e+00
3.134328358208954945e+00
3.122448979591836871e+00
3.141361256544502822e+00
3.112299465240641716e+00
3.098901098901099438e+00
3.101123595505618447e+00
3.085714285714285410e+00
3.087719298245613864e+00
3.107142857142857650e+00
3.428571428571428381e+00
