2.874851013110846676e+00
2.864285714285714768e+00
2.864608076009501403e+00
2.854092526690391818e+00
2.854437869822485485e+00
2.847697756788666101e+00
2.837264150943396679e+00
2.837647058823529633e+00
2.830985915492957972e+00
2.824355971896955975e+00
2.821052631578947700e+00
2.814469078179696826e+00
2.807916181606519235e+00
2.804651162790697594e+00
2.798143851508120949e+00
2.791666666666666963e+00
2.785219399538106266e+00
2.778801843317972420e+00
2.775604142692750465e+00
2.762342135476464122e+00
2.762886597938144284e+00
2.756571428571428672e+00
2.750285062713797135e+00
2.744027303754266178e+00
2.737797956867196625e+00
2.731596828992072457e+00
2.725423728813559432e+00
2.719278466741826605e+00
2.723076923076923173e+00
2.734693877551020780e+00
2.703703703703703720e+00
2.727272727272727515e+00
2.684210526315789824e+00
2.702970297029703151e+00
2.691588785046729271e+00
2.678571428571428825e+00
2.680851063829787329e+00
2.680327868852458995e+00
2.656126482213438944e+00
2.656488549618321038e+00
2.654275092936802860e+00
2.642599277978339600e+00
2.628975265017667873e+00
2.622377622377622508e+00
2.615883306320907931e+00
2.611200000000000188e+00
2.601265822784810222e+00
2.599078341013825177e+00
2.586510263929619136e+00
2.588401697312588734e+00
