1.804451112778194810e+00
1.767441860465116532e+00
1.731432858214553727e+00
1.692423105776444059e+00
1.653413353338334613e+00
1.613403350837709471e+00
1.573393348337084330e+00
1.531382845711427798e+00
1.487371842960740098e+00
1.443360840210052398e+00
1.396349087271818057e+00
1.348337084271067798e+00
1.298324581145286372e+00
1.247311827956989250e+00
1.192298074518629569e+00
1.135283820955238721e+00
1.075268817204301008e+00
1.012253063265816433e+00
9.442360590147537147e-01
8.702175543885971587e-01
7.901975493873469869e-01
7.001750437609401967e-01
5.961490372593147846e-01
4.701175293823456336e-01
2.910727681920480259e-01
0.000000000000000000e+00
-3.027064538514920855e+00
-3.027223230490017958e+00
-3.027543150936466976e+00
-3.026228297007758083e+00
-3.025583982202447064e+00
-3.026384243775548377e+00
-3.027550260610573307e+00
-3.026462914647782831e+00
-3.026865671641790989e+00
-3.027269331341053693e+00
-3.026542056074766229e+00
-3.026178010471204161e+00
-3.026946107784431739e+00
-3.026581804567577638e+00
-3.026217228464419318e+00
-3.027351067815661434e+00
-3.028485757121439637e+00
-3.028121484814398023e+00
-3.026621672290963794e+00
-3.027756939234809153e+00
-3.027392120075047544e+00
-3.027392120075047544e+00
-3.025525525525525339e+00
-3.027027027027027195e+00
