1.802450612653163198e+00
1.764441110277569447e+00
1.724431107776944305e+00
1.684421105276319164e+00
1.642410602650662632e+00
1.599399849962490627e+00
1.555388847211802927e+00
1.509377344336084059e+00
1.462365591397849496e+00
1.414353588397099237e+00
1.364341085271317811e+00
1.310327581895473603e+00
1.256314078519629840e+00
1.198299574893723518e+00
1.138284571142785806e+00
1.074268567141785535e+00
1.005251312828207011e+00
9.322330582645661501e-01
8.532133033258315624e-01
7.651912978244562735e-01
6.651662915728931980e-01
5.471367841960490530e-01
3.949209639803058502e-01
1.054402692091979815e-01
-3.025792188651437176e+00
-3.025222551928783421e+00
-3.026423520655006083e+00
-3.025736665423349514e+00
-3.025775121404557400e+00
-3.027673896783844576e+00
-3.026946107784431739e+00
-3.026217228464419318e+00
-3.025487256371814038e+00
-3.028121484814398023e+00
-3.026256564141035277e+00
-3.027392120075047544e+00
-3.028528528528529051e+00
-3.028163725122043015e+00
-3.027798647633358264e+00
-3.026296018031555679e+00
-3.027433295753476639e+00
-3.025930101465614808e+00
-3.027067669172932352e+00
-3.027067669172932352e+00
-3.026701767581797764e+00
-3.026701767581797764e+00
-3.026701767581797764e+00
-3.026335590669676279e+00
-3.026335590669676279e+00
-3.027840481565086339e+00
