1.805451362840710283e+00
1.771442860715178869e+00
1.736434108527131759e+00
1.701425356339084871e+00
1.666416604151037761e+00
1.628407101775443788e+00
1.591397849462365510e+00
1.552388097024256064e+00
1.512378094523630923e+00
1.471367841960489864e+00
1.428357089272318081e+00
1.384346086521630159e+00
1.339334833708427208e+00
1.293323330832708118e+00
1.245311327831958081e+00
1.194298574643660960e+00
1.141285321330332669e+00
1.084271067766941821e+00
1.026256564141035277e+00
9.642410602650663964e-01
8.972243060765191514e-01
8.242060515128781795e-01
7.451862965741434808e-01
6.551637909477368016e-01
5.521380345086271957e-01
4.271067766941735733e-01
2.870717679419855228e-01
1.690422605651412946e-01
6.801700425106275982e-02
-2.300575143785946533e-02
-1.120280070017504320e-01
-2.030507626906726815e-01
-3.000750187546886716e-01
-4.141035258814704245e-01
-3.027848101265822933e+00
-3.026354319180087682e+00
-3.027225901398087338e+00
-3.026947212993724712e+00
-3.026267110617832046e+00
-3.025945144551519750e+00
-3.027468448403860535e+00
-3.026384243775548377e+00
-3.025660096690219625e+00
-3.027912169705991641e+00
-3.025698324022346508e+00
-3.024972046216921395e+00
-3.027591349739000570e+00
-3.025373134328358304e+00
-3.027995520716685540e+00
-3.026138909634055185e+00
