1.813453363340835178e+00
1.796449112278069471e+00
1.779444861215303764e+00
1.762440610152538056e+00
1.745436359089772571e+00
1.726431607901975473e+00
1.709427356839209766e+00
1.691422855713928808e+00
1.673418354588647183e+00
1.654413603400850530e+00
1.635408852213053210e+00
1.616404101025256335e+00
1.597399349837459459e+00
1.578394598649662361e+00
1.558389597399350013e+00
1.538384596149037220e+00
1.518379594898724649e+00
1.498374593648412079e+00
1.477369342335583813e+00
1.456364091022755547e+00
1.434358589647411586e+00
1.412353088272068069e+00
1.390347586896724108e+00
1.367341835458864674e+00
1.344336084021005240e+00
1.321330332583145584e+00
1.297324331082770454e+00
1.273318329582395325e+00
1.248312078019504945e+00
1.223305826456614120e+00
1.197299324831207823e+00
1.171292823205801525e+00
1.144286071517879533e+00
1.116279069767441845e+00
1.088272068017004157e+00
1.059264816204050996e+00
1.029257314328582140e+00
9.992498124531132841e-01
9.672418104526131488e-01
9.352338084521130135e-01
9.032258064516129892e-01
8.722180545136284380e-01
8.412103025756439978e-01
8.112028007001750307e-01
7.821955488872217588e-01
7.551887971992998771e-01
7.281820455113777735e-01
7.031757939484870601e-01
6.781695423855963467e-01
6.541635408852212175e-01
