1.810452613153288315e+00
1.789447361840460049e+00
1.767441860465116532e+00
1.745436359089772571e+00
1.722430607651912915e+00
1.700425106276569176e+00
1.676419104776194047e+00
1.652413103275818917e+00
1.628407101775443788e+00
1.604401100275068659e+00
1.579394848712178057e+00
1.554388597149287232e+00
1.528382095523880935e+00
1.502375593898474637e+00
1.475368842210552645e+00
1.448362090522630652e+00
1.421355338834708437e+00
1.392348087021755498e+00
1.363340835208802115e+00
1.334333583395848732e+00
1.304326081520380098e+00
1.273318329582395325e+00
1.241310327581895523e+00
1.208302075518879803e+00
1.175293823455863862e+00
1.140285071267816974e+00
1.105276319079769864e+00
1.068267066766691586e+00
1.030257564391097835e+00
9.902475618904726939e-01
9.482370592648161622e-01
9.062265566391597416e-01
8.622155538884721526e-01
8.152038009502377003e-01
7.701925481370343052e-01
7.271817954488621893e-01
6.851712928232057687e-01
6.461615403850963224e-01
6.091522880720180444e-01
5.741435358839710457e-01
5.401350337584396311e-01
5.071267816954238006e-01
4.771192798199550000e-01
4.471117779444861440e-01
4.191047761940485117e-01
3.900975243810952953e-01
3.630907726931733026e-01
3.370842710677669496e-01
3.110777694423605966e-01
2.860715178794698832e-01
