1.818454613653413432e+00
1.810452613153288315e+00
1.803450862715678893e+00
1.796449112278069471e+00
1.788447111777944576e+00
1.780445111277819681e+00
1.772443110777694342e+00
1.765441360340084920e+00
1.757439359839960025e+00
1.749437359339834908e+00
1.742435608902225486e+00
1.734433608402100591e+00
1.726431607901975473e+00
1.719429857464366274e+00
1.710427606901725461e+00
1.703425856464116039e+00
1.695423855963991144e+00
1.687421855463866027e+00
1.679419854963740910e+00
1.670417604401100320e+00
1.663415853963490898e+00
1.654413603400850530e+00
1.646411602900725191e+00
1.638409602400600074e+00
1.629407351837959483e+00
1.620405101275318893e+00
1.612403100775193776e+00
1.603400850212553186e+00
1.595398849712428291e+00
1.586396599149787479e+00
1.578394598649662361e+00
1.570392598149537466e+00
1.560390097524381181e+00
1.552388097024256064e+00
1.543385846461615696e+00
1.534383595898974884e+00
1.525381345336334071e+00
1.516379094773693481e+00
1.507376844211052669e+00
1.498374593648412079e+00
1.490372593148286962e+00
1.480370092523130676e+00
1.471367841960489864e+00
1.462365591397849496e+00
1.452363090772693210e+00
1.442360590147536925e+00
1.433358339584896335e+00
1.424356089022255523e+00
1.414353588397099237e+00
1.404351087771942952e+00
