2.748299319727891099e+00
2.699331848552338542e+00
2.638949671772429006e+00
2.595289079229122109e+00
2.533613445378151585e+00
2.488706365503080331e+00
2.433734939759036209e+00
2.371819960861056842e+00
2.312977099236641187e+00
2.248608534322820152e+00
2.183783783783784127e+00
2.115183246073298662e+00
2.043844856661045650e+00
1.963272120200334037e+00
1.883138564273789894e+00
1.803005008347245530e+00
1.712854757929883398e+00
1.612687813021702832e+00
1.522537562604340478e+00
1.412353923205342365e+00
1.292153589315526041e+00
1.161936560934891505e+00
1.001669449081802998e+00
8.414023372287144920e-01
6.711185308848079956e-01
5.108514190317196002e-01
3.405676126878130483e-01
1.702838063439065242e-01
0.000000000000000000e+00
-1.903171953255425597e-01
-4.006677796327212104e-01
-8.414023372287144920e-01
-2.380255941499086259e+00
-2.390977443609022757e+00
-2.393129770992366900e+00
-2.388461538461538414e+00
-2.390715667311412052e+00
-2.388349514563107068e+00
-2.392996108949416723e+00
-2.402343750000000000e+00
-2.390625000000000000e+00
-2.395303326810175992e+00
-2.400000000000000355e+00
-2.400000000000000355e+00
-2.392927308447937218e+00
-2.392927308447937218e+00
-2.397637795275590733e+00
-2.397637795275590733e+00
-2.397637795275590733e+00
-2.397637795275590733e+00
