2.107826086956521738e+00
2.068259385665529138e+00
2.026755852842809347e+00
1.983305509181970017e+00
1.943238731218697835e+00
1.893155258764607884e+00
1.843071786310517490e+00
1.803005008347245530e+00
1.752921535893155358e+00
1.702838063439064964e+00
1.652754590984975014e+00
1.592654424040066852e+00
1.542570951585976902e+00
1.482470784641068517e+00
1.422370617696160355e+00
1.362270450751252193e+00
1.292153589315526041e+00
1.222036727879799667e+00
1.141903171953255525e+00
1.061769616026711160e+00
9.716193656093489173e-01
8.714524207011686840e-01
7.512520868113522488e-01
6.110183639398998334e-01
4.607679465776293726e-01
2.804674457429048862e-01
9.015025041736228484e-02
-1.702838063439065242e-01
-1.312186978297162021e+00
-1.312186978297162021e+00
-1.312186978297162021e+00
-1.312186978297162021e+00
-1.312186978297162021e+00
-1.322203672787980011e+00
-1.312186978297162021e+00
-1.322203672787980011e+00
-1.312186978297162021e+00
-1.312186978297162021e+00
-1.312186978297162021e+00
-1.312186978297162021e+00
-1.312186978297162021e+00
-1.312186978297162021e+00
-1.312186978297162021e+00
-1.312186978297162021e+00
-1.312186978297162021e+00
-1.312186978297162021e+00
-1.312186978297162021e+00
-1.312186978297162021e+00
-1.312186978297162021e+00
-1.312186978297162021e+00
