2.203636363636363615e+00
2.164285714285714590e+00
2.118881118881118741e+00
2.078902229845626337e+00
2.033557046979865834e+00
1.983305509181970017e+00
1.933222036727879845e+00
1.883138564273789894e+00
1.833055091819699500e+00
1.782971619365609328e+00
1.732888146911519378e+00
1.672787979966610994e+00
1.612687813021702832e+00
1.562604340567612882e+00
1.492487479131886507e+00
1.422370617696160355e+00
1.362270450751252193e+00
1.282136894824708051e+00
1.191986644407345697e+00
1.111853088480801555e+00
1.011686143572620988e+00
9.115191986644407551e-01
7.913188647746244309e-01
6.510851419031720155e-01
4.908180300500835092e-01
3.205342237061770128e-01
1.402337228714524431e-01
-7.011686143572622154e-02
-4.106844741235392560e-01
-1.502504173622704498e+00
-1.502504173622704498e+00
-1.502504173622704498e+00
-1.502504173622704498e+00
-1.502504173622704498e+00
-1.502504173622704498e+00
-1.502504173622704498e+00
-1.502504173622704498e+00
-1.512520868113522488e+00
-1.502504173622704498e+00
-1.502504173622704498e+00
-1.512520868113522488e+00
-1.502504173622704498e+00
-1.502504173622704498e+00
-1.502504173622704498e+00
-1.502504173622704498e+00
-1.502504173622704498e+00
-1.502504173622704498e+00
-1.502504173622704498e+00
-1.502504173622704498e+00
-1.502504173622704498e+00
