2.030150753768844574e+00
1.993322203672788007e+00
1.953255425709515825e+00
1.913188647746243864e+00
1.863105175292153470e+00
1.823038397328881510e+00
1.782971619365609328e+00
1.732888146911519378e+00
1.682804674457428984e+00
1.642737896494157024e+00
1.592654424040066852e+00
1.542570951585976902e+00
1.482470784641068517e+00
1.432387312186978345e+00
1.362270450751252193e+00
1.302170283806344031e+00
1.242070116861435869e+00
1.181969949916527485e+00
1.101836393989983343e+00
1.021702838063439200e+00
9.315525876460767352e-01
8.313856427378965019e-01
7.212020033388982787e-01
6.010016694490818434e-01
4.307178631051753470e-01
2.504173622704507496e-01
3.005008347245409148e-02
-3.706176961602671294e-01
-1.141903171953255525e+00
-1.141903171953255525e+00
-1.141903171953255525e+00
-1.141903171953255525e+00
-1.141903171953255525e+00
-1.141903171953255525e+00
-1.141903171953255525e+00
-1.141903171953255525e+00
-1.151919866444073515e+00
-1.141903171953255525e+00
-1.151919866444073515e+00
-1.141903171953255525e+00
-1.141903171953255525e+00
-1.141903171953255525e+00
-1.141903171953255525e+00
-1.141903171953255525e+00
-1.141903171953255525e+00
-1.141903171953255525e+00
-1.141903171953255525e+00
-1.141903171953255525e+00
-1.141903171953255525e+00
-1.141903171953255525e+00
