1.776480400333611431e+00
1.766472060050041648e+00
1.756463719766472087e+00
1.741451209341117634e+00
1.731442869057548073e+00
1.716430358632193620e+00
1.701417848206838945e+00
1.686405337781484715e+00
1.676396997497914931e+00
1.661384487072560701e+00
1.651376146788990917e+00
1.641367806505421356e+00
1.621351125938282012e+00
1.611342785654712229e+00
1.596330275229357998e+00
1.581317764804003323e+00
1.571309424520433540e+00
1.556296914095079309e+00
1.541284403669724856e+00
1.526271893244370181e+00
1.511259382819015951e+00
1.496246872393661498e+00
1.481234361968307045e+00
1.466221851542952592e+00
1.451209341117598139e+00
1.436196830692243465e+00
1.416180150125104342e+00
1.401167639699749889e+00
1.386155129274395437e+00
1.371142618849040984e+00
1.356130108423686531e+00
1.336113427856547187e+00
1.321100917431192734e+00
1.306088407005838281e+00
1.286071726438698937e+00
1.266055045871559814e+00
1.251042535446205362e+00
1.231025854879066017e+00
1.216013344453711564e+00
1.190992493744787328e+00
1.170975813177647984e+00
1.150959132610508862e+00
1.130942452043369517e+00
1.110925771476230173e+00
1.090909090909091050e+00
1.070892410341951706e+00
1.045871559633027692e+00
1.025854879065888348e+00
1.005838198498749003e+00
9.758131776480400976e-01
