1.771476230191826762e+00
1.741451209341117634e+00
1.706422018348624059e+00
1.671392827356130262e+00
1.641367806505421356e+00
1.606338615512927559e+00
1.571309424520433540e+00
1.531276063386155295e+00
1.496246872393661498e+00
1.461217681401167701e+00
1.421184320266889234e+00
1.381150959132610545e+00
1.341117597998332078e+00
1.296080066722268720e+00
1.251042535446205362e+00
1.201000834028357112e+00
1.155963302752293753e+00
1.105921601334445503e+00
1.050875729774812584e+00
9.858215179316097698e-01
9.257714762301918476e-01
8.607172643869891449e-01
7.856547122602167699e-01
7.055879899916597253e-01
6.155129274395330086e-01
5.104253544620517280e-01
3.703085904920767613e-01
1.601334445371142556e-01
-4.153461217681401751e-01
-4.153461217681401751e-01
-4.153461217681401751e-01
-4.153461217681401751e-01
-4.153461217681401751e-01
-4.153461217681401751e-01
-4.153461217681401751e-01
-4.153461217681401751e-01
-4.153461217681401751e-01
-4.153461217681401751e-01
-4.153461217681401751e-01
-4.153461217681401751e-01
-4.153461217681401751e-01
-4.153461217681401751e-01
-4.153461217681401751e-01
-4.153461217681401751e-01
-4.153461217681401751e-01
-4.153461217681401751e-01
-4.153461217681401751e-01
-4.153461217681401751e-01
-4.153461217681401751e-01
-4.153461217681401751e-01
