1.766472060050041648e+00
1.741451209341117634e+00
1.711426188490408729e+00
1.676396997497914931e+00
1.641367806505421356e+00
1.611342785654712229e+00
1.576313594662218653e+00
1.541284403669724856e+00
1.506255212677231281e+00
1.471226021684737484e+00
1.431192660550458795e+00
1.391159299416180106e+00
1.351125938281901639e+00
1.311092577147623173e+00
1.266055045871559814e+00
1.221017514595496234e+00
1.175979983319432876e+00
1.125938281901584626e+00
1.070892410341951706e+00
1.015846538782318564e+00
9.608006672226855338e-01
8.957464553794828310e-01
8.306922435362803503e-01
7.556296914095079753e-01
6.755629691409508197e-01
5.804837364470393224e-01
4.653878231859883696e-01
3.152627189324437307e-01
6.505421184320267503e-02
-4.153461217681401751e-01
-4.153461217681401751e-01
-4.153461217681401751e-01
-4.153461217681401751e-01
-4.153461217681401751e-01
-4.153461217681401751e-01
-4.153461217681401751e-01
-4.153461217681401751e-01
-4.153461217681401751e-01
-4.153461217681401751e-01
-4.153461217681401751e-01
-4.153461217681401751e-01
-4.153461217681401751e-01
-4.153461217681401751e-01
-4.153461217681401751e-01
-4.153461217681401751e-01
-4.153461217681401751e-01
-4.153461217681401751e-01
-4.153461217681401751e-01
-4.153461217681401751e-01
-4.153461217681401751e-01
