1.776480400333611431e+00
1.756463719766472087e+00
1.736447039199332742e+00
1.721434528773978290e+00
1.701417848206838945e+00
1.681401167639699601e+00
1.661384487072560701e+00
1.641367806505421356e+00
1.621351125938282012e+00
1.601334445371142667e+00
1.581317764804003323e+00
1.561301084236864201e+00
1.541284403669724856e+00
1.516263552960800620e+00
1.496246872393661498e+00
1.476230191826522153e+00
1.451209341117598139e+00
1.431192660550458795e+00
1.406171809841534781e+00
1.381150959132610545e+00
1.356130108423686531e+00
1.331109257714762295e+00
1.301084236864053389e+00
1.276063386155129376e+00
1.251042535446205362e+00
1.226021684737281126e+00
1.195996663886572220e+00
1.165971643035863314e+00
1.135946622185154409e+00
1.105921601334445503e+00
1.075896580483736598e+00
1.040867389491242800e+00
1.005838198498749003e+00
9.708090075062552060e-01
9.357798165137615198e-01
9.007506255212677226e-01
8.607172643869891449e-01
8.156797331109257865e-01
7.706422018348624281e-01
7.256046705587990697e-01
6.705587989991660391e-01
6.205170975813177892e-01
5.604670558798999780e-01
5.004170141784820558e-01
4.353628023352794085e-01
3.653044203502919252e-01
2.852376980817348251e-01
1.851542952460383806e-01
-4.153461217681401751e-01
-4.153461217681401751e-01
