1.776480400333611431e+00
1.761467889908256979e+00
1.746455379482902304e+00
1.731442869057548073e+00
1.716430358632193620e+00
1.701417848206838945e+00
1.686405337781484715e+00
1.676396997497914931e+00
1.656380316930775587e+00
1.641367806505421356e+00
1.621351125938282012e+00
1.606338615512927559e+00
1.591326105087572884e+00
1.576313594662218653e+00
1.561301084236864201e+00
1.546288573811509526e+00
1.526271893244370181e+00
1.506255212677231281e+00
1.491242702251876606e+00
1.476230191826522153e+00
1.456213511259382809e+00
1.436196830692243465e+00
1.421184320266889234e+00
1.401167639699749889e+00
1.376146788990825875e+00
1.361134278565471423e+00
1.341117597998332078e+00
1.321100917431192734e+00
1.301084236864053389e+00
1.276063386155129376e+00
1.256046705587990031e+00
1.236030025020850687e+00
1.216013344453711564e+00
1.190992493744787328e+00
1.165971643035863314e+00
1.145954962468723970e+00
1.115929941618015064e+00
1.095913261050875942e+00
1.065888240200166814e+00
1.040867389491242800e+00
1.015846538782318564e+00
9.908256880733945504e-01
9.608006672226855338e-01
9.357798165137615198e-01
9.007506255212677226e-01
8.657214345287740365e-01
8.356964136780651309e-01
8.006672226855713337e-01
7.706422018348624281e-01
7.306088407005838503e-01
