1.776480400333611431e+00
1.771476230191826762e+00
1.761467889908256979e+00
1.756463719766472087e+00
1.746455379482902304e+00
1.736447039199332742e+00
1.731442869057548073e+00
1.721434528773978290e+00
1.711426188490408729e+00
1.701417848206838945e+00
1.691409507923269384e+00
1.681401167639699601e+00
1.676396997497914931e+00
1.666388657214345370e+00
1.656380316930775587e+00
1.646371976647206026e+00
1.636363636363636243e+00
1.631359466221851573e+00
1.616346955796497342e+00
1.611342785654712229e+00
1.601334445371142667e+00
1.586321934945788215e+00
1.581317764804003323e+00
1.571309424520433540e+00
1.561301084236864201e+00
1.551292743953294639e+00
1.541284403669724856e+00
1.531276063386155295e+00
1.521267723102585512e+00
1.511259382819015951e+00
1.501251042535446167e+00
1.491242702251876606e+00
1.476230191826522153e+00
1.471226021684737484e+00
1.456213511259382809e+00
1.446205170975813248e+00
1.436196830692243465e+00
1.421184320266889234e+00
1.411175979983319451e+00
1.401167639699749889e+00
1.391159299416180106e+00
1.381150959132610545e+00
1.366138448707256092e+00
1.361134278565471423e+00
1.346121768140116748e+00
1.331109257714762295e+00
1.321100917431192734e+00
1.311092577147623173e+00
1.296080066722268720e+00
1.286071726438698937e+00
