2.178944450122899390e-03
2.435434513861634009e-03
2.672787389029818161e-03
2.871314811475067508e-03
3.116592064392964545e-03
3.595880091276648649e-03
3.919803175529756878e-03
4.392024978748909625e-03
4.804713503007373987e-03
5.231239395677045323e-03
5.442819326362813293e-03
6.587826423329334879e-03
7.066856054274150978e-03
7.511001028212449526e-03
8.737809584011158037e-03
9.160838232655565960e-03
1.160099095948519121e-02
1.107158310311007199e-02
1.261586012737492268e-02
1.495148558650494230e-02
1.876519204159299292e-02
2.368620667184284656e-02
2.655401369733034755e-02
3.160795031436958169e-02
4.009050839714012326e-02
6.369393272500301073e-02
9.290877344912584768e-02
1.379228122407667456e-01
2.284827110601685973e-01
4.572116434610613567e-01
