2.231803268839982479e-03
2.493761947154893299e-03
2.735504417034850810e-03
2.933453122669793522e-03
3.208634950874311720e-03
3.690840607119771910e-03
3.980904125926665316e-03
4.501957738222484018e-03
4.857769106770382095e-03
5.229876900349261781e-03
5.738899718714440823e-03
6.636736870440196334e-03
6.832194387766277188e-03
7.749816904609074797e-03
9.347918042838410102e-03
9.918149774652995632e-03
1.167461590821972095e-02
1.310629467289503580e-02
1.518749077112380164e-02
1.721371752439315728e-02
2.017554907053575874e-02
2.070764425012905363e-02
2.790804058104257024e-02
3.438035524275395716e-02
3.652868284621968442e-02
6.404973184021955923e-02
7.530049333057942107e-02
1.591209654147140995e-01
1.975518339753925545e-01
4.587584878814552347e-01
