1.492487479131886507e+00
1.462437395659432537e+00
1.432387312186978345e+00
1.392320534223706163e+00
1.362270450751252193e+00
1.332220367278798001e+00
1.302170283806344031e+00
1.262103505843071849e+00
1.232053422370617879e+00
1.191986644407345697e+00
1.141903171953255525e+00
1.111853088480801555e+00
1.061769616026711160e+00
1.011686143572620988e+00
9.716193656093489173e-01
9.215358931552587451e-01
8.714524207011686840e-01
8.213689482470785119e-01
7.612687813021702388e-01
7.011686143572621877e-01
6.410684474123540255e-01
5.809682804674457524e-01
5.308848080133555802e-01
4.607679465776293726e-01
4.106844741235392560e-01
3.505843071786310938e-01
3.005008347245409217e-01
2.404006677796327318e-01
1.803005008347245697e-01
1.202003338898163659e-01
6.010016694490818295e-02
0.000000000000000000e+00
-7.011686143572622154e-02
-1.402337228714524431e-01
-2.103505843071786230e-01
-2.704507512520868406e-01
-3.606010016694491394e-01
-4.307178631051753470e-01
-5.108514190317196002e-01
-6.010016694490818434e-01
-7.011686143572621877e-01
-8.013355592654424209e-01
-9.215358931552587451e-01
-1.041736227045075180e+00
-1.191986644407345697e+00
-1.372287145242070183e+00
-1.562604340567612882e+00
-1.823038397328881510e+00
-2.185792349726776163e+00
-2.934624697336561727e+00
