1.492487479131886507e+00
1.452420701168614547e+00
1.432387312186978345e+00
1.402337228714524375e+00
1.372287145242070183e+00
1.332220367278798001e+00
1.292153589315526041e+00
1.262103505843071849e+00
1.222036727879799667e+00
1.191986644407345697e+00
1.141903171953255525e+00
1.111853088480801555e+00
1.061769616026711160e+00
1.021702838063439200e+00
9.716193656093489173e-01
9.215358931552587451e-01
8.714524207011686840e-01
8.113522537562604109e-01
7.512520868113522488e-01
6.911519198664440866e-01
6.210350584307179345e-01
5.409015025041736813e-01
4.707846410684474736e-01
3.806343906510851194e-01
3.005008347245409217e-01
2.203672787979966685e-01
1.302170283806343976e-01
3.005008347245409148e-02
-9.015025041736228484e-02
-2.404006677796327318e-01
-5.008347245409014992e-01
-1.963272120200334037e+00
-1.963272120200334037e+00
-1.963272120200334037e+00
-1.963272120200334037e+00
-1.963272120200334037e+00
-1.963272120200334037e+00
-1.963272120200334037e+00
-1.963272120200334037e+00
-1.963272120200334037e+00
-1.963272120200334037e+00
-1.973288814691152027e+00
-1.973288814691152027e+00
-1.963272120200334037e+00
-1.963272120200334037e+00
-1.963272120200334037e+00
-1.973288814691152027e+00
-1.963272120200334037e+00
-1.973288814691152027e+00
-1.963272120200334037e+00
