1.492487479131886507e+00
1.452420701168614547e+00
1.432387312186978345e+00
1.402337228714524375e+00
1.372287145242070183e+00
1.332220367278798001e+00
1.292153589315526041e+00
1.262103505843071849e+00
1.222036727879799667e+00
1.181969949916527485e+00
1.141903171953255525e+00
1.111853088480801555e+00
1.061769616026711160e+00
1.021702838063439200e+00
9.716193656093489173e-01
9.215358931552587451e-01
8.614357262103506940e-01
8.113522537562604109e-01
7.512520868113522488e-01
6.811352253756260966e-01
6.210350584307179345e-01
5.509181969949916713e-01
4.808013355592654636e-01
4.106844741235392560e-01
3.305509181969950028e-01
2.604340567612687951e-01
1.702838063439065242e-01
8.013355592654425319e-02
-1.001669449081803165e-02
-1.101836393989983343e-01
-2.504173622704507496e-01
-4.307178631051753470e-01
-2.228571428571428648e+00
-2.243478260869565588e+00
-2.236749116607773757e+00
-2.239285714285714324e+00
-2.244604316546762846e+00
-2.241877256317689415e+00
-2.243194192377495622e+00
-2.247272727272727533e+00
-2.240437158469945622e+00
-2.248628884826325613e+00
-2.248628884826325613e+00
-2.241758241758241788e+00
-2.245871559633027648e+00
-2.245871559633027648e+00
-2.238970588235294379e+00
-2.250000000000000000e+00
-2.243093922651933969e+00
-2.243093922651933969e+00
