6.027490019342480743e-01
5.964446715777038666e-01
5.903595640889957030e-01
5.846053666045463171e-01
5.793234365120388807e-01
5.746899852323275049e-01
5.709202352164269856e-01
5.682700060132354070e-01
5.670327901546822202e-01
5.675297836677717367e-01
5.700941219906415780e-01
5.750512402886547303e-01
5.827012248431200359e-01
5.933101741116796335e-01
6.071158500390124724e-01
6.243480276602623169e-01
6.452603354380221923e-01
6.701700330016259199e-01
6.995049196623748244e-01
7.338612300635896091e-01
7.740824452940215927e-01
8.213779928102287187e-01
8.775176890911379202e-01
-1.000000000000000000e+00
-1.000000000000000000e+00
-1.000000000000000000e+00
-1.000000000000000000e+00
-1.000000000000000000e+00
-1.000000000000000000e+00
-1.000000000000000000e+00
-1.000000000000000000e+00
-1.000000000000000000e+00
-1.000000000000000000e+00
-1.000000000000000000e+00
-1.000000000000000000e+00
-1.000000000000000000e+00
-1.000000000000000000e+00
-1.000000000000000000e+00
-1.000000000000000000e+00
-1.000000000000000000e+00
-1.000000000000000000e+00
-1.000000000000000000e+00
-1.000000000000000000e+00
-1.000000000000000000e+00
-1.000000000000000000e+00
-1.000000000000000000e+00
-1.000000000000000000e+00
-1.000000000000000000e+00
-1.000000000000000000e+00
-1.000000000000000000e+00
