1.814453613403350873e+00
1.798449612403100861e+00
1.781445361340335154e+00
1.765441360340084920e+00
1.748437109277319434e+00
1.731432858214553727e+00
1.714428607151788020e+00
1.697424356089022313e+00
1.680420105026256827e+00
1.662415603900975203e+00
1.645411352838209718e+00
1.626406601650412620e+00
1.608402100525131440e+00
1.590397599399850037e+00
1.571392848212053162e+00
1.553388347086771759e+00
1.534383595898974884e+00
1.514378594648662091e+00
1.494373593398349520e+00
1.474368592148036949e+00
1.454363590897724379e+00
1.434358589647411586e+00
1.413353338334583542e+00
1.392348087021755498e+00
1.370342585646411537e+00
1.349337334333583494e+00
1.326331582895723837e+00
1.304326081520380098e+00
1.281320330082520664e+00
1.258314578644661008e+00
1.234308577144286101e+00
1.209302325581395277e+00
1.185296324081020147e+00
1.159289822455613850e+00
1.133283320830207552e+00
1.106276569142285560e+00
1.079269817454363567e+00
1.052263065766441574e+00
1.023255813953488413e+00
9.942485621405351415e-01
9.642410602650663964e-01
9.342335583895974294e-01
9.042260565141285733e-01
8.752188047011753014e-01
8.472118029507377246e-01
8.192048012003000368e-01
7.921980495123781552e-01
7.661915478869718577e-01
7.411852963240809222e-01
7.181795448862215991e-01
