1.817454363590897959e+00
1.807451862965741451e+00
1.797449362340585166e+00
1.787446861715428881e+00
1.777444361090272595e+00
1.767441860465116532e+00
1.757439359839960025e+00
1.747436859214803739e+00
1.736434108527131759e+00
1.727431857964491169e+00
1.716429107276819188e+00
1.705426356589147208e+00
1.695423855963991144e+00
1.684421105276319164e+00
1.674418604651162878e+00
1.663415853963490898e+00
1.652413103275818917e+00
1.642410602650662632e+00
1.630407601900475401e+00
1.619404851212803420e+00
1.608402100525131440e+00
1.597399349837459459e+00
1.586396599149787479e+00
1.575393848462115498e+00
1.563390847711928044e+00
1.551387846961740369e+00
1.540385096274068610e+00
1.528382095523880935e+00
1.517379344836208954e+00
1.505376344086021501e+00
1.492373093273318352e+00
1.480370092523130676e+00
1.468367091772943223e+00
1.456364091022755547e+00
1.444361090272568093e+00
1.430357589397349249e+00
1.419354838709677269e+00
1.405351337834458647e+00
1.393348337084270971e+00
1.379344836209052350e+00
1.366341585396348979e+00
1.352338084521130357e+00
1.339334833708427208e+00
1.326331582895723837e+00
1.312328082020505216e+00
1.299324831207801623e+00
1.285321330332583223e+00
1.270317579394848684e+00
1.256314078519629840e+00
1.241310327581895523e+00
