1.809452363090772620e+00
1.783445861465366322e+00
1.757439359839960025e+00
1.730432608152038254e+00
1.703425856464116039e+00
1.676419104776194047e+00
1.648412103025756359e+00
1.620405101275318893e+00
1.590397599399850037e+00
1.561390347586896654e+00
1.531382845711427798e+00
1.500375093773443469e+00
1.468367091772943223e+00
1.436359089772443198e+00
1.403350837709427257e+00
1.369342335583895842e+00
1.334333583395848732e+00
1.298324581145286372e+00
1.261315328832208094e+00
1.224306076519129816e+00
1.184296074018504674e+00
1.144286071517879533e+00
1.101275318829707528e+00
1.058264566141535301e+00
1.011252813203300738e+00
9.642410602650663964e-01
9.132283070767691635e-01
8.602150537634408733e-01
8.032008002000501357e-01
7.431857964491123125e-01
6.821705426356589053e-01
6.221555388847211931e-01
5.671417854463616237e-01
5.171292823205801970e-01
4.691172793198299384e-01
4.251062765691422940e-01
3.830957739434859288e-01
3.430857714428607319e-01
3.060765191297824539e-01
2.700675168792198155e-01
2.340585146286571772e-01
2.000500125031257903e-01
1.680420105026256550e-01
1.370342585646411593e-01
1.060265066266566636e-01
7.501875468867216790e-02
4.601150287571893066e-02
1.700425106276568996e-02
-1.100275068767191632e-02
-3.900975243810952953e-02
