1.821517931609674790e+00
1.781484570475396323e+00
1.751459549624687417e+00
1.711426188490408729e+00
1.676396997497914931e+00
1.636363636363636243e+00
1.596330275229357998e+00
1.556296914095079309e+00
1.516263552960800620e+00
1.471226021684737484e+00
1.426188490408674125e+00
1.381150959132610545e+00
1.331109257714762295e+00
1.281067556296914045e+00
1.226021684737281126e+00
1.170975813177647984e+00
1.110925771476230173e+00
1.045871559633027692e+00
9.808173477898248782e-01
9.107589658048373948e-01
8.306922435362803503e-01
7.456213511259383031e-01
6.455379482902419142e-01
5.304420350291909614e-01
3.753127606338615418e-01
8.507089241034196392e-02
-1.050875729774812251e-01
-1.050875729774812251e-01
-1.100917431192660612e-01
-1.050875729774812251e-01
-1.050875729774812251e-01
-1.050875729774812251e-01
-1.050875729774812251e-01
-1.050875729774812251e-01
-1.050875729774812251e-01
-1.100917431192660612e-01
-1.050875729774812251e-01
-1.050875729774812251e-01
-1.050875729774812251e-01
-1.050875729774812251e-01
-1.050875729774812251e-01
-1.050875729774812251e-01
-1.050875729774812251e-01
-1.050875729774812251e-01
-1.100917431192660612e-01
-1.100917431192660612e-01
-1.100917431192660612e-01
-1.050875729774812251e-01
-1.050875729774812251e-01
-1.050875729774812251e-01
