0.000000000000000000e+00
7.500000000000000000e-01
1.500000000000000000e+00
2.250000000000000000e+00
3.000000000000000000e+00
3.750000000000000000e+00
4.500000000000000000e+00
5.250000000000000000e+00
6.000000000000000000e+00
6.750000000000000000e+00
7.500000000000000000e+00
8.250000000000000000e+00
9.000000000000000000e+00
9.750000000000000000e+00
1.050000000000000000e+01
1.125000000000000000e+01
1.200000000000000000e+01
1.275000000000000000e+01
1.350000000000000000e+01
1.425000000000000000e+01
1.500000000000000000e+01
1.575000000000000000e+01
1.650000000000000000e+01
1.725000000000000000e+01
1.800000000000000000e+01
1.875000000000000000e+01
1.950000000000000000e+01
2.025000000000000000e+01
2.100000000000000000e+01
2.175000000000000000e+01
2.250000000000000000e+01
2.325000000000000000e+01
2.400000000000000000e+01
2.475000000000000000e+01
2.550000000000000000e+01
2.625000000000000000e+01
2.700000000000000000e+01
2.775000000000000000e+01
2.850000000000000000e+01
2.925000000000000000e+01
3.000000000000000000e+01
3.075000000000000000e+01
3.150000000000000000e+01
3.225000000000000000e+01
3.300000000000000000e+01
3.375000000000000000e+01
3.450000000000000000e+01
3.525000000000000000e+01
3.600000000000000000e+01
3.675000000000000000e+01
3.750000000000000000e+01
3.825000000000000000e+01
3.900000000000000000e+01
3.975000000000000000e+01
4.050000000000000000e+01
4.125000000000000000e+01
4.200000000000000000e+01
4.275000000000000000e+01
4.350000000000000000e+01
4.425000000000000000e+01
4.500000000000000000e+01
4.575000000000000000e+01
4.650000000000000000e+01
4.725000000000000000e+01
4.800000000000000000e+01
4.875000000000000000e+01
4.950000000000000000e+01
5.025000000000000000e+01
5.100000000000000000e+01
5.175000000000000000e+01
5.250000000000000000e+01
5.325000000000000000e+01
5.400000000000000000e+01
5.475000000000000000e+01
5.550000000000000000e+01
5.625000000000000000e+01
5.700000000000000000e+01
5.775000000000000000e+01
5.850000000000000000e+01
5.925000000000000000e+01
6.000000000000000000e+01
6.075000000000000000e+01
6.150000000000000000e+01
6.225000000000000000e+01
6.300000000000000000e+01
6.375000000000000000e+01
6.450000000000000000e+01
6.525000000000000000e+01
6.600000000000000000e+01
6.675000000000000000e+01
6.750000000000000000e+01
6.825000000000000000e+01
6.900000000000000000e+01
6.975000000000000000e+01
7.050000000000000000e+01
7.125000000000000000e+01
7.200000000000000000e+01
7.275000000000000000e+01
7.350000000000000000e+01
7.425000000000000000e+01
7.500000000000000000e+01
7.575000000000000000e+01
7.650000000000000000e+01
7.725000000000000000e+01
7.800000000000000000e+01
7.875000000000000000e+01
7.950000000000000000e+01
8.025000000000000000e+01
8.100000000000000000e+01
8.175000000000000000e+01
8.250000000000000000e+01
8.325000000000000000e+01
8.400000000000000000e+01
8.475000000000000000e+01
8.550000000000000000e+01
8.625000000000000000e+01
8.700000000000000000e+01
8.775000000000000000e+01
8.850000000000000000e+01
8.925000000000000000e+01
9.000000000000000000e+01
9.075000000000000000e+01
9.150000000000000000e+01
9.225000000000000000e+01
9.300000000000000000e+01
9.375000000000000000e+01
9.450000000000000000e+01
9.525000000000000000e+01
9.600000000000000000e+01
9.675000000000000000e+01
9.750000000000000000e+01
9.825000000000000000e+01
9.900000000000000000e+01
9.975000000000000000e+01
1.005000000000000000e+02
1.012500000000000000e+02
1.020000000000000000e+02
1.027500000000000000e+02
1.035000000000000000e+02
1.042500000000000000e+02
1.050000000000000000e+02
1.057500000000000000e+02
1.065000000000000000e+02
1.072500000000000000e+02
1.080000000000000000e+02
1.087500000000000000e+02
1.095000000000000000e+02
1.102500000000000000e+02
1.110000000000000000e+02
1.117500000000000000e+02
1.125000000000000000e+02
1.132500000000000000e+02
1.140000000000000000e+02
1.147500000000000000e+02
1.155000000000000000e+02
1.162500000000000000e+02
1.170000000000000000e+02
1.177500000000000000e+02
1.185000000000000000e+02
1.192500000000000000e+02
1.200000000000000000e+02
1.207500000000000000e+02
1.215000000000000000e+02
1.222500000000000000e+02
1.230000000000000000e+02
1.237500000000000000e+02
1.245000000000000000e+02
1.252500000000000000e+02
1.260000000000000000e+02
1.267500000000000000e+02
1.275000000000000000e+02
1.282500000000000000e+02
1.290000000000000000e+02
1.297500000000000000e+02
1.305000000000000000e+02
1.312500000000000000e+02
1.320000000000000000e+02
1.327500000000000000e+02
1.335000000000000000e+02
1.342500000000000000e+02
1.350000000000000000e+02
1.357500000000000000e+02
1.365000000000000000e+02
1.372500000000000000e+02
1.380000000000000000e+02
1.387500000000000000e+02
1.395000000000000000e+02
1.402500000000000000e+02
1.410000000000000000e+02
1.417500000000000000e+02
1.425000000000000000e+02
1.432500000000000000e+02
1.440000000000000000e+02
1.447500000000000000e+02
1.455000000000000000e+02
1.462500000000000000e+02
1.470000000000000000e+02
1.477500000000000000e+02
