1.492487479131886507e+00
1.452420701168614547e+00
1.432387312186978345e+00
1.402337228714524375e+00
1.362270450751252193e+00
1.332220367278798001e+00
1.292153589315526041e+00
1.262103505843071849e+00
1.222036727879799667e+00
1.191986644407345697e+00
1.151919866444073515e+00
1.101836393989983343e+00
1.061769616026711160e+00
1.011686143572620988e+00
9.716193656093489173e-01
9.215358931552587451e-01
8.714524207011686840e-01
8.113522537562604109e-01
7.512520868113522488e-01
6.911519198664440866e-01
6.210350584307179345e-01
5.409015025041736813e-01
4.607679465776293726e-01
3.706176961602671294e-01
2.804674457429048862e-01
1.803005008347245697e-01
7.011686143572622154e-02
-5.008347245409015130e-02
-2.103505843071786230e-01
-1.710691823899370911e+00
-1.722871452420701388e+00
-1.722871452420701388e+00
-1.722871452420701388e+00
-1.722871452420701388e+00
-1.722871452420701388e+00
-1.722871452420701388e+00
-1.722871452420701388e+00
-1.722871452420701388e+00
-1.722871452420701388e+00
-1.722871452420701388e+00
-1.722871452420701388e+00
-1.722871452420701388e+00
-1.722871452420701388e+00
-1.722871452420701388e+00
-1.712854757929883398e+00
-1.722871452420701388e+00
-1.712854757929883398e+00
-1.722871452420701388e+00
-1.722871452420701388e+00
-1.722871452420701388e+00
