3.434770735865982247e-68
3.454939805836579303e-69
3.486582192136424832e-70
2.828342415040500257e-71
2.390046791185538435e-72
1.700325444167240450e-73
1.049973750173733794e-74
2.952425806485907958e-75
4.725463230830608707e-74
1.175428766927367119e-72
5.190107677480721617e-71
3.323424232799401070e-69
4.423536011308516720e-67
1.009684029676572826e-64
5.071885385832587031e-62
5.802381463646358150e-59
1.579654133194946621e-55
1.194290761974220499e-51
2.942619479886495655e-47
1.371500843542009152e-44
2.163962564814380758e-45
4.471400435690138075e-46
1.649178606541730548e-46
4.308809355114897030e-46
9.306245223939901790e-23
9.364924051105220082e-01
-1.000000000000000000e+00
-1.000000000000000000e+00
-1.000000000000000000e+00
-1.000000000000000000e+00
-1.000000000000000000e+00
-1.000000000000000000e+00
-1.000000000000000000e+00
-1.000000000000000000e+00
-1.000000000000000000e+00
-1.000000000000000000e+00
-1.000000000000000000e+00
-1.000000000000000000e+00
-1.000000000000000000e+00
-1.000000000000000000e+00
-1.000000000000000000e+00
-1.000000000000000000e+00
-1.000000000000000000e+00
-1.000000000000000000e+00
-1.000000000000000000e+00
-1.000000000000000000e+00
-1.000000000000000000e+00
-1.000000000000000000e+00
-1.000000000000000000e+00
-1.000000000000000000e+00
