1.271755934474812149e-65
1.226703806605879422e-66
1.182170440452928818e-67
9.191938161148138846e-69
6.603894113531534903e-70
4.487834875167693182e-71
2.841234547125621605e-71
1.322811477088096335e-70
9.402727191642767154e-70
1.042998815235683326e-68
2.065698491116262852e-67
6.039299047176302155e-66
3.728925505829654587e-64
4.517224266460940377e-62
1.376152766654840956e-59
8.966103533110592707e-57
1.787856437563263390e-53
1.052358488703379261e-49
2.632258743513907735e-45
4.151365196015208751e-43
8.509819650931281495e-44
2.834025794231296001e-44
2.506463396462535400e-44
3.677583919404824501e-43
1.529902032131795129e-14
-1.000000000000000000e+00
-1.000000000000000000e+00
-1.000000000000000000e+00
-1.000000000000000000e+00
-1.000000000000000000e+00
-1.000000000000000000e+00
-1.000000000000000000e+00
-1.000000000000000000e+00
-1.000000000000000000e+00
-1.000000000000000000e+00
-1.000000000000000000e+00
-1.000000000000000000e+00
-1.000000000000000000e+00
-1.000000000000000000e+00
-1.000000000000000000e+00
-1.000000000000000000e+00
-1.000000000000000000e+00
-1.000000000000000000e+00
-1.000000000000000000e+00
-1.000000000000000000e+00
-1.000000000000000000e+00
-1.000000000000000000e+00
-1.000000000000000000e+00
-1.000000000000000000e+00
-1.000000000000000000e+00
