2.323556004342089241e-65
2.233344097535751948e-66
2.144014660312399939e-67
1.661527015741975370e-68
1.189726685841091391e-69
8.057489826697195181e-71
8.858287996944580137e-71
4.039177712603682423e-70
2.810021178235124862e-69
2.731754515432586435e-68
4.750648491678847622e-67
1.517984948611108145e-65
8.266613612059166849e-64
9.857472693851125562e-62
2.675275975446894765e-59
1.732495356026454117e-56
3.455649529806295524e-53
2.054168379596140085e-49
5.259776046778226101e-45
5.720580319399424491e-43
1.237646612302782896e-43
4.420944301141663690e-44
4.460109238182856961e-44
7.043585570530721365e-43
3.274239472222526211e-13
-1.000000000000000000e+00
-1.000000000000000000e+00
-1.000000000000000000e+00
-1.000000000000000000e+00
-1.000000000000000000e+00
-1.000000000000000000e+00
-1.000000000000000000e+00
-1.000000000000000000e+00
-1.000000000000000000e+00
-1.000000000000000000e+00
-1.000000000000000000e+00
-1.000000000000000000e+00
-1.000000000000000000e+00
-1.000000000000000000e+00
-1.000000000000000000e+00
-1.000000000000000000e+00
-1.000000000000000000e+00
-1.000000000000000000e+00
-1.000000000000000000e+00
-1.000000000000000000e+00
-1.000000000000000000e+00
-1.000000000000000000e+00
-1.000000000000000000e+00
-1.000000000000000000e+00
-1.000000000000000000e+00
