7.492334360044970672e-66
7.250692917367547688e-67
7.012590689817783328e-68
5.469985024965115549e-69
3.942614802896329579e-70
2.688295843542364212e-71
9.756764780458365960e-72
5.183231639500600593e-71
3.756042699902746459e-70
4.746580260408200765e-69
8.586511680480746945e-68
3.178558633305399290e-66
1.994802587738158287e-64
2.723778413324987770e-62
7.566652991256685766e-60
5.502541263813393703e-57
1.099704311292126295e-53
6.442919411234264425e-50
1.588765828060184752e-45
2.861464482595573501e-43
5.836429894787014087e-44
1.820381130524758296e-44
1.646000199649129693e-44
1.883699438087786491e-43
1.598829544207051091e-15
9.219111606010772508e-01
-1.000000000000000000e+00
-1.000000000000000000e+00
-1.000000000000000000e+00
-1.000000000000000000e+00
-1.000000000000000000e+00
-1.000000000000000000e+00
-1.000000000000000000e+00
-1.000000000000000000e+00
-1.000000000000000000e+00
-1.000000000000000000e+00
-1.000000000000000000e+00
-1.000000000000000000e+00
-1.000000000000000000e+00
-1.000000000000000000e+00
-1.000000000000000000e+00
-1.000000000000000000e+00
-1.000000000000000000e+00
-1.000000000000000000e+00
-1.000000000000000000e+00
-1.000000000000000000e+00
-1.000000000000000000e+00
-1.000000000000000000e+00
-1.000000000000000000e+00
-1.000000000000000000e+00
