1.766871165644172015e+00
1.724999999999999867e+00
1.695238095238095211e+00
1.669902912621359370e+00
1.629139072847682224e+00
1.586440677966101775e+00
1.541666666666666519e+00
1.510489510489510634e+00
1.463414634146341431e+00
1.437500000000000222e+00
1.391003460207612452e+00
1.335616438356164393e+00
1.285714285714285809e+00
1.248322147651006908e+00
1.192052980132450424e+00
1.133550488599348594e+00
1.076923076923077094e+00
1.015673981191222541e+00
9.541284403669725300e-01
8.888888888888888395e-01
8.053691275167785824e-01
7.300380228136882366e-01
6.285714285714286698e-01
4.838709677419354982e-01
3.473684210526316041e-01
5.555555555555555247e-02
-3.405676126878130483e-01
-3.505843071786310938e-01
-3.505843071786310938e-01
-3.505843071786310938e-01
-3.405676126878130483e-01
-3.405676126878130483e-01
-3.505843071786310938e-01
-3.505843071786310938e-01
-3.505843071786310938e-01
-3.405676126878130483e-01
-3.405676126878130483e-01
-3.405676126878130483e-01
-3.405676126878130483e-01
-3.505843071786310938e-01
-3.505843071786310938e-01
-3.505843071786310938e-01
-3.505843071786310938e-01
-3.505843071786310938e-01
-3.505843071786310938e-01
-3.505843071786310938e-01
-3.505843071786310938e-01
-3.505843071786310938e-01
-3.505843071786310938e-01
-3.505843071786310938e-01
