1.766871165644172015e+00
1.738317757009345765e+00
1.714285714285714191e+00
1.669902912621359370e+00
1.609271523178807950e+00
1.606779661016949134e+00
1.541666666666666519e+00
1.505376344086021501e+00
1.483394833948339597e+00
1.416974169741697542e+00
1.374545454545454737e+00
1.328571428571428514e+00
1.284210526315789469e+00
1.237113402061855716e+00
1.171717171717171713e+00
1.128712871287128827e+00
1.083870967741935587e+00
1.000000000000000000e+00
9.570552147239264063e-01
8.650306748466257689e-01
8.199999999999999512e-01
7.018867924528302549e-01
6.139534883720930702e-01
5.076923076923077760e-01
3.592814371257485040e-01
7.003891050583657685e-02
-7.212020033388982787e-01
-7.111853088480801777e-01
-7.111853088480801777e-01
-7.212020033388982787e-01
-7.111853088480801777e-01
-7.111853088480801777e-01
-7.111853088480801777e-01
-7.111853088480801777e-01
-7.111853088480801777e-01
-7.111853088480801777e-01
-7.111853088480801777e-01
-7.212020033388982787e-01
-7.111853088480801777e-01
-7.111853088480801777e-01
-7.111853088480801777e-01
-7.111853088480801777e-01
-7.111853088480801777e-01
-7.111853088480801777e-01
-7.111853088480801777e-01
-7.111853088480801777e-01
-7.111853088480801777e-01
-7.111853088480801777e-01
-7.111853088480801777e-01
-7.111853088480801777e-01
