5.582813582813582087e+00
5.556323427781617141e+00
5.542699724517905935e+00
5.520933424845573256e+00
5.504787961696305132e+00
5.487039563437925871e+00
5.465669612508497366e+00
5.449864498644985567e+00
5.431465226198513463e+00
5.413189771197846945e+00
5.403085177733064626e+00
5.374331550802138757e+00
5.363515312916112165e+00
5.337757133377570185e+00
5.320105820105820449e+00
5.299077733860342754e+00
5.286933683519368543e+00
5.271419228253760636e+00
5.245602605863191492e+00
5.220779220779220964e+00
5.203104786545925009e+00
5.185567010309278579e+00
5.168164313222079365e+00
5.145780051150895318e+00
5.131210191082802297e+00
5.109137055837563501e+00
5.084017687934301755e+00
5.062303335431089124e+00
5.047619047619047450e+00
5.021223470661673183e+00
5.004350528278433963e+00
4.985148514851485579e+00
4.959309494451294320e+00
4.937998772252916169e+00
4.916870415647921710e+00
4.892944038929440076e+00
4.877044215626892942e+00
4.851628468033776009e+00
4.830732292917167214e+00
4.807646356033452584e+00
4.785246876859012843e+00
4.769686204854943767e+00
4.742486741308191256e+00
4.722157092614302165e+00
4.693115519253209023e+00
4.675958188153310324e+00
4.653957250144425295e+00
4.634482758620690035e+00
4.603773584905660243e+00
4.577929465301479262e+00
