5.559228650137740146e+00
5.469110658520027535e+00
5.385953177257524871e+00
5.303489137590520208e+00
5.227979274611398885e+00
5.138853503184713567e+00
5.043804755944931273e+00
4.955773955773955741e+00
4.860240963855421370e+00
4.757969303423848828e+00
4.658578856152512770e+00
4.553359683794466761e+00
4.445424476295479543e+00
4.341568206229860394e+00
4.221641400940930211e+00
4.099492385786802195e+00
3.978346456692913868e+00
3.843958135109419860e+00
3.706556625401192129e+00
3.561233480176211330e+00
3.409780775716695356e+00
3.248796147672552426e+00
3.079377136346372890e+00
2.895469140206921033e+00
2.690112806901128195e+00
2.470158343483556784e+00
2.224657534246575530e+00
1.929482370592648266e+00
1.596399099774943764e+00
1.172293073268316999e+00
7.541885471367842930e-01
4.131032758189547294e-01
1.230307576894223570e-01
-1.280320080020005136e-01
-3.510877719429857380e-01
-5.531382845711427798e-01
-7.351837959489871954e-01
-9.012253063265815989e-01
-1.053263315828957269e+00
-1.192298074518629569e+00
-1.318329582395598942e+00
-1.435358839709927503e+00
-1.543385846461615696e+00
-1.641410352588146937e+00
-1.732433108277069422e+00
-1.815453863465866791e+00
-1.893473368342085683e+00
-1.964491122780695154e+00
-2.033519553072625552e+00
-2.094191522762951507e+00
