5.538885065381967010e+00
5.432432432432432456e+00
5.328031809145128861e+00
5.225974025974025494e+00
5.108709472345836389e+00
4.998757763975155477e+00
4.880533656761674166e+00
4.758865248226950229e+00
4.623346751006325306e+00
4.495812395309882525e+00
4.354786371011357460e+00
4.206896551724137900e+00
4.056366381479617367e+00
3.893719806763284996e+00
3.719298245614035547e+00
3.538394032470382200e+00
3.340513670256834988e+00
3.129895308259015074e+00
2.900215362526920249e+00
2.646173969914976887e+00
2.356228172293364231e+00
2.008502125531382632e+00
1.596399099774943764e+00
1.017254313578394687e+00
-5.731303772336200808e+00
-5.730899256254225804e+00
-5.732240437158469426e+00
-5.729209621993127222e+00
-5.733609385783299039e+00
-5.732871972318339004e+00
-5.730929264909847554e+00
-5.736111111111110716e+00
-5.730180806675939209e+00
-5.731384829505914880e+00
-5.733797909407665649e+00
-5.735006973500696326e+00
-5.730635031402651514e+00
-5.730635031402651514e+00
-5.731843575418993808e+00
-5.730258560447239802e+00
-5.730258560447239802e+00
-5.734265734265734160e+00
-5.731468531468531857e+00
-5.729881035689293078e+00
-5.729881035689293078e+00
-5.731092436974789983e+00
-5.733893557422969245e+00
-5.731092436974789983e+00
-5.736694677871148507e+00
-5.729502452697968096e+00
