5.566782006920415249e+00
5.525773195876288568e+00
5.489071038251365664e+00
5.451831750339213301e+00
5.419528619528619195e+00
5.377926421404682245e+00
5.338645418326692926e+00
5.299934080421884630e+00
5.263570961412687765e+00
5.225974025974025494e+00
5.184803605924018122e+00
5.145047923322684014e+00
5.110970196575777003e+00
5.073047858942065780e+00
5.040000000000000036e+00
5.002481389578163906e+00
4.964923076923076550e+00
4.928527794746487167e+00
4.887272727272727657e+00
4.850961538461538325e+00
4.810488676996424573e+00
4.770685579196217496e+00
4.718969555035128494e+00
4.649275362318840976e+00
4.573394495412843597e+00
4.503972758229284779e+00
4.448933782267115333e+00
4.397336293007769292e+00
4.348684210526315930e+00
4.292524377031419647e+00
4.239700374531834903e+00
4.185948230322240171e+00
4.131386861313868231e+00
4.074035989717224027e+00
4.016218955904713894e+00
3.956021989005497286e+00
3.893700787401574992e+00
3.831395348837209891e+00
3.771210676835080822e+00
3.705716963448922208e+00
3.637200736648250388e+00
3.569814731134206998e+00
3.500000000000000000e+00
3.431798436142484920e+00
3.356869417269247258e+00
3.281198003327787660e+00
3.201950426655831183e+00
3.124851367419738679e+00
3.039382239382239170e+00
2.953060458129928456e+00
