5.577269577269577283e+00
5.552486187845302901e+00
5.530626290433585446e+00
5.514403292181070171e+00
5.494535519125682832e+00
5.473110959836622769e+00
5.453559322033898482e+00
5.435135135135134909e+00
5.410497981157469383e+00
5.399463806970508983e+00
5.368069472277888110e+00
5.354624085163007585e+00
5.338634857521536325e+00
5.312211221122112192e+00
5.285996055226824808e+00
5.274869109947643686e+00
5.243807040417210352e+00
5.220779220779220964e+00
5.207498383968972355e+00
5.181467181467181327e+00
5.158231902626521759e+00
5.135928525845565140e+00
5.118881118881118297e+00
5.099430018999366432e+00
5.081967213114753967e+00
5.062814070351758566e+00
5.043151969981238381e+00
5.021806853582553742e+00
5.002481389578163906e+00
4.983930778739184220e+00
4.962461538461538701e+00
4.938725490196078205e+00
4.920073215375229125e+00
4.899149453219926897e+00
4.878402903811251967e+00
4.859723058398555118e+00
4.836930455635491732e+00
4.816229116945107691e+00
4.793820558526441289e+00
4.775872264931992461e+00
4.748675691583284397e+00
4.716627634660421897e+00
4.680256260920209854e+00
4.639258830341632667e+00
4.601036269430052172e+00
4.558672009158557969e+00
4.521343198634035332e+00
4.488687782805429904e+00
4.458684654300168582e+00
4.433761878144214741e+00
