5.582234559333795865e+00
5.583911234396670586e+00
5.578363384188627094e+00
5.577269577269577283e+00
5.576177285318559385e+00
5.572318339100346130e+00
5.568464730290456188e+00
5.562932226832641547e+00
5.561852107809260204e+00
5.558011049723757147e+00
5.551414768806073319e+00
5.550344827586206620e+00
5.547586206896551353e+00
5.541006202618883769e+00
5.537190082644627864e+00
5.533379215416379004e+00
5.529573590096285685e+00
5.524071526822558198e+00
5.523024054982817788e+00
5.530219780219780112e+00
5.520933424845573256e+00
5.517146776406034903e+00
5.513365318711445973e+00
5.507882111034955841e+00
5.504109589041095596e+00
5.508555783709788045e+00
5.502051983584131278e+00
5.498291182501708896e+00
5.491803278688524692e+00
5.486338797814207524e+00
5.490784982935153380e+00
5.484311050477488791e+00
5.480572597137014057e+00
5.474114441416893406e+00
5.475833900612661509e+00
5.472108843537413669e+00
5.463945578231292899e+00
5.471108089734873836e+00
5.461956521739130821e+00
5.458248472505091264e+00
5.459972862957937600e+00
5.453559322033898482e+00
5.444444444444444642e+00
5.451591062965470691e+00
5.440758293838861448e+00
5.437077131258456930e+00
5.438810006761324978e+00
5.432432432432432456e+00
5.434166103983793406e+00
5.425101214574898911e+00
