5.556323427781617141e+00
5.500342231348391842e+00
5.447154471544715548e+00
5.397719651240778127e+00
5.335102853351028962e+00
5.286933683519368543e+00
5.228571428571428648e+00
5.163029525032092337e+00
5.112380952380952692e+00
5.060301507537688259e+00
5.011180124223602483e+00
4.953316953316953430e+00
4.901032179720703930e+00
4.845138055222088624e+00
4.787196206283343081e+00
4.713867758923346862e+00
4.608645533141210393e+00
4.503972758229284779e+00
4.426577331099943891e+00
4.353457738748628181e+00
4.276159654800431476e+00
4.194812069878242511e+00
4.116303219106957734e+00
4.030534351145037775e+00
3.942202291978076811e+00
3.853872381880175446e+00
3.764034253092293003e+00
3.667903525046382285e+00
3.568202348690153514e+00
3.467954345917471315e+00
3.361158432708688526e+00
3.251751133086114631e+00
3.136038186157517949e+00
3.011098354381936293e+00
2.887339449541284520e+00
2.753064798598948926e+00
2.609910209511140611e+00
2.459993724505805002e+00
2.296274567321795246e+00
2.119880661784648623e+00
1.918479619904976285e+00
1.698424606151537786e+00
1.444361090272568093e+00
1.133283320830207552e+00
7.771942985746436161e-01
3.950987746936734935e-01
-6.201550387596899139e-02
-8.132033008252063100e-01
-2.753914988814317510e+00
-2.758543417366946748e+00
