7.212020033388982787e-01
6.711185308848079956e-01
6.210350584307179345e-01
5.709515859766277623e-01
5.108514190317196002e-01
4.507512520868113826e-01
4.006677796327212104e-01
3.405676126878130483e-01
2.904841402337228762e-01
2.303839732888146863e-01
1.903171953255425597e-01
1.402337228714524431e-01
9.015025041736228484e-02
5.008347245409015130e-02
0.000000000000000000e+00
-3.005008347245409148e-02
-7.011686143572622154e-02
-1.202003338898163659e-01
-1.502504173622704609e-01
-1.903171953255425597e-01
-2.303839732888146863e-01
-2.704507512520868406e-01
-3.105175292153589672e-01
-3.405676126878130483e-01
-3.906510851419032204e-01
-4.307178631051753470e-01
-4.707846410684474736e-01
-5.108514190317196002e-01
-5.509181969949916713e-01
-5.909849749582637424e-01
-6.310517529215359245e-01
-6.811352253756260966e-01
-7.212020033388982787e-01
-7.813021702838064408e-01
-8.313856427378965019e-01
-8.814691151919866741e-01
-9.415692821368949472e-01
-1.001669449081802998e+00
-1.061769616026711160e+00
-1.131886477462437535e+00
-1.202003338898163687e+00
-1.282136894824708051e+00
-1.382303839732888173e+00
-1.482470784641068517e+00
-1.612687813021702832e+00
-1.752921535893155358e+00
-1.953255425709515825e+00
-2.226345083487940801e+00
-2.779816513761467878e+00
-4.459016393442623460e+00
