7.212020033388982787e-01
6.711185308848079956e-01
6.310517529215359245e-01
5.709515859766277623e-01
5.108514190317196002e-01
4.407345575959933370e-01
3.606010016694491394e-01
2.804674457429048862e-01
1.702838063439065242e-01
8.013355592654425319e-02
-5.008347245409015130e-02
-2.504173622704507496e-01
-9.916527545909850083e-01
-9.916527545909850083e-01
-9.916527545909850083e-01
-1.001669449081802998e+00
-9.916527545909850083e-01
-1.001669449081802998e+00
-1.001669449081802998e+00
-9.916527545909850083e-01
-1.001669449081802998e+00
-9.916527545909850083e-01
-1.001669449081802998e+00
-1.001669449081802998e+00
-9.916527545909850083e-01
-9.916527545909850083e-01
-1.001669449081802998e+00
-9.916527545909850083e-01
-1.001669449081802998e+00
-9.916527545909850083e-01
-9.916527545909850083e-01
-1.001669449081802998e+00
-9.916527545909850083e-01
-9.916527545909850083e-01
-1.001669449081802998e+00
-1.001669449081802998e+00
-9.916527545909850083e-01
-9.916527545909850083e-01
-9.916527545909850083e-01
-1.001669449081802998e+00
-1.001669449081802998e+00
-9.916527545909850083e-01
-9.916527545909850083e-01
-9.916527545909850083e-01
-9.916527545909850083e-01
-9.916527545909850083e-01
-1.001669449081802998e+00
-1.001669449081802998e+00
-1.001669449081802998e+00
-9.916527545909850083e-01
