7.212020033388982787e-01
6.711185308848079956e-01
6.210350584307179345e-01
5.609348914858097723e-01
5.108514190317196002e-01
4.407345575959933370e-01
3.906510851419032204e-01
3.205342237061770128e-01
2.704507512520868406e-01
2.203672787979966685e-01
1.702838063439065242e-01
1.202003338898163659e-01
7.011686143572622154e-02
3.005008347245409148e-02
-1.001669449081803165e-02
-6.010016694490818295e-02
-1.101836393989983343e-01
-1.502504173622704609e-01
-1.903171953255425597e-01
-2.303839732888146863e-01
-2.804674457429048862e-01
-3.205342237061770128e-01
-3.606010016694491394e-01
-4.006677796327212104e-01
-4.507512520868113826e-01
-5.008347245409014992e-01
-5.509181969949916713e-01
-6.010016694490818434e-01
-6.510851419031720155e-01
-7.111853088480801777e-01
-7.712854757929884508e-01
-8.414023372287144920e-01
-9.215358931552587451e-01
-1.001669449081802998e+00
-1.111853088480801555e+00
-1.252086811352253859e+00
-1.442404006677796557e+00
-1.772954924874791338e+00
-2.708502024291497889e+00
-2.853982300884955858e+00
-2.877272727272727426e+00
-2.882758620689655160e+00
-2.881670533642691545e+00
-2.881118881118881259e+00
-2.880562060889929832e+00
-2.887323943661971981e+00
-2.879999999999999893e+00
-2.886792452830188704e+00
-2.886792452830188704e+00
-2.893617021276595924e+00
