7.212020033388982787e-01
6.711185308848079956e-01
6.210350584307179345e-01
5.709515859766277623e-01
5.108514190317196002e-01
4.507512520868113826e-01
3.906510851419032204e-01
3.405676126878130483e-01
2.804674457429048862e-01
2.303839732888146863e-01
1.803005008347245697e-01
1.402337228714524431e-01
1.001669449081803026e-01
4.006677796327212659e-02
1.001669449081803165e-02
-4.006677796327212659e-02
-8.013355592654425319e-02
-1.202003338898163659e-01
-1.502504173622704609e-01
-2.003338898163606052e-01
-2.303839732888146863e-01
-2.704507512520868406e-01
-3.105175292153589672e-01
-3.505843071786310938e-01
-3.906510851419032204e-01
-4.307178631051753470e-01
-4.707846410684474736e-01
-5.108514190317196002e-01
-5.609348914858097723e-01
-5.909849749582637424e-01
-6.510851419031720155e-01
-6.811352253756260966e-01
-7.312186978297162687e-01
-7.813021702838064408e-01
-8.414023372287144920e-01
-8.914858096828046641e-01
-9.515859766277129372e-01
-1.011686143572620988e+00
-1.081803005008347363e+00
-1.151919866444073515e+00
-1.222036727879799667e+00
-1.312186978297162021e+00
-1.422370617696160355e+00
-1.532554257095158468e+00
-1.672787979966610994e+00
-1.863105175292153470e+00
-2.130742049469965149e+00
-2.629067245119305785e+00
-4.209523809523809668e+00
-4.326530612244898322e+00
