7.212020033388982787e-01
6.811352253756260966e-01
6.310517529215359245e-01
5.609348914858097723e-01
5.108514190317196002e-01
4.307178631051753470e-01
3.505843071786310938e-01
2.303839732888146863e-01
7.011686143572622154e-02
-4.507512520868113826e-01
-4.507512520868113826e-01
-4.507512520868113826e-01
-4.507512520868113826e-01
-4.507512520868113826e-01
-4.507512520868113826e-01
-4.507512520868113826e-01
-4.507512520868113826e-01
-4.507512520868113826e-01
-4.507512520868113826e-01
-4.507512520868113826e-01
-4.507512520868113826e-01
-4.407345575959933370e-01
-4.507512520868113826e-01
-4.507512520868113826e-01
-4.507512520868113826e-01
-4.507512520868113826e-01
-4.507512520868113826e-01
-4.507512520868113826e-01
-4.507512520868113826e-01
-4.507512520868113826e-01
-4.507512520868113826e-01
-4.507512520868113826e-01
-4.507512520868113826e-01
-4.507512520868113826e-01
-4.507512520868113826e-01
-4.507512520868113826e-01
-4.507512520868113826e-01
-4.507512520868113826e-01
-4.507512520868113826e-01
-4.507512520868113826e-01
-4.507512520868113826e-01
-4.507512520868113826e-01
-4.507512520868113826e-01
-4.507512520868113826e-01
-4.507512520868113826e-01
-4.507512520868113826e-01
-4.507512520868113826e-01
-4.507512520868113826e-01
-4.507512520868113826e-01
-4.507512520868113826e-01
