7.212020033388982787e-01
6.811352253756260966e-01
6.310517529215359245e-01
5.709515859766277623e-01
5.008347245409014992e-01
4.307178631051753470e-01
3.405676126878130483e-01
2.404006677796327318e-01
6.010016694490818295e-02
-3.806343906510851194e-01
-3.806343906510851194e-01
-3.906510851419032204e-01
-3.906510851419032204e-01
-3.906510851419032204e-01
-3.906510851419032204e-01
-3.906510851419032204e-01
-3.806343906510851194e-01
-3.906510851419032204e-01
-3.806343906510851194e-01
-3.906510851419032204e-01
-3.806343906510851194e-01
-3.906510851419032204e-01
-3.906510851419032204e-01
-3.906510851419032204e-01
-3.806343906510851194e-01
-3.906510851419032204e-01
-3.906510851419032204e-01
-3.906510851419032204e-01
-3.906510851419032204e-01
-3.906510851419032204e-01
-3.806343906510851194e-01
-3.806343906510851194e-01
-3.806343906510851194e-01
-3.906510851419032204e-01
-3.906510851419032204e-01
-3.906510851419032204e-01
-3.906510851419032204e-01
-3.906510851419032204e-01
-3.906510851419032204e-01
-3.906510851419032204e-01
-3.906510851419032204e-01
-3.906510851419032204e-01
-3.806343906510851194e-01
-3.806343906510851194e-01
-3.806343906510851194e-01
-3.806343906510851194e-01
-3.806343906510851194e-01
-3.806343906510851194e-01
-3.806343906510851194e-01
-3.906510851419032204e-01
