7.212020033388982787e-01
6.711185308848079956e-01
6.310517529215359245e-01
5.609348914858097723e-01
5.108514190317196002e-01
4.407345575959933370e-01
3.505843071786310938e-01
2.604340567612687951e-01
1.202003338898163659e-01
-5.008347245409015130e-02
-6.911519198664440866e-01
-7.011686143572621877e-01
-7.011686143572621877e-01
-7.011686143572621877e-01
-7.011686143572621877e-01
-6.911519198664440866e-01
-7.011686143572621877e-01
-7.011686143572621877e-01
-7.011686143572621877e-01
-7.011686143572621877e-01
-6.911519198664440866e-01
-7.011686143572621877e-01
-6.911519198664440866e-01
-7.011686143572621877e-01
-7.011686143572621877e-01
-7.011686143572621877e-01
-7.011686143572621877e-01
-7.011686143572621877e-01
-6.911519198664440866e-01
-7.011686143572621877e-01
-7.011686143572621877e-01
-7.011686143572621877e-01
-7.011686143572621877e-01
-6.911519198664440866e-01
-7.011686143572621877e-01
-7.011686143572621877e-01
-7.011686143572621877e-01
-7.011686143572621877e-01
-7.011686143572621877e-01
-7.011686143572621877e-01
-6.911519198664440866e-01
-6.911519198664440866e-01
-6.911519198664440866e-01
-7.011686143572621877e-01
-7.011686143572621877e-01
-7.011686143572621877e-01
-7.011686143572621877e-01
-7.011686143572621877e-01
-7.011686143572621877e-01
-7.011686143572621877e-01
