7.212020033388982787e-01
6.811352253756260966e-01
6.310517529215359245e-01
5.709515859766277623e-01
5.108514190317196002e-01
4.507512520868113826e-01
3.806343906510851194e-01
3.205342237061770128e-01
2.604340567612687951e-01
2.003338898163606052e-01
1.402337228714524431e-01
9.015025041736228484e-02
3.005008347245409148e-02
-2.003338898163606330e-02
-7.011686143572622154e-02
-1.202003338898163659e-01
-1.803005008347245697e-01
-2.404006677796327318e-01
-3.005008347245409217e-01
-3.606010016694491394e-01
-4.307178631051753470e-01
-5.108514190317196002e-01
-6.010016694490818434e-01
-7.212020033388982787e-01
-9.115191986644407551e-01
-1.312186978297162021e+00
-1.883138564273789894e+00
-1.953255425709515825e+00
-1.953255425709515825e+00
-1.963272120200334037e+00
-1.963272120200334037e+00
-1.963272120200334037e+00
-1.963272120200334037e+00
-1.963272120200334037e+00
-1.973288814691152027e+00
-1.973288814691152027e+00
-1.963272120200334037e+00
-1.973288814691152027e+00
-1.963272120200334037e+00
-1.963272120200334037e+00
-1.973288814691152027e+00
-1.973288814691152027e+00
-1.963272120200334037e+00
-1.963272120200334037e+00
-1.963272120200334037e+00
-1.963272120200334037e+00
-1.963272120200334037e+00
-1.963272120200334037e+00
-1.963272120200334037e+00
-1.973288814691152027e+00
