7.212020033388982787e-01
6.811352253756260966e-01
6.210350584307179345e-01
5.709515859766277623e-01
5.108514190317196002e-01
4.507512520868113826e-01
3.806343906510851194e-01
3.205342237061770128e-01
2.704507512520868406e-01
2.103505843071786230e-01
1.602671118530885064e-01
1.001669449081803026e-01
5.008347245409015130e-02
0.000000000000000000e+00
-5.008347245409015130e-02
-1.001669449081803026e-01
-1.402337228714524431e-01
-2.003338898163606052e-01
-2.404006677796327318e-01
-2.904841402337228762e-01
-3.405676126878130483e-01
-4.006677796327212104e-01
-4.607679465776293726e-01
-5.208681135225375902e-01
-5.909849749582637424e-01
-6.711185308848079956e-01
-7.612687813021702388e-01
-8.814691151919866741e-01
-1.041736227045075180e+00
-1.332220367278798001e+00
-2.073455759599332371e+00
-2.218057921635434582e+00
-2.238178633975481890e+00
-2.241992882562277689e+00
-2.236559139784946471e+00
-2.241877256317689415e+00
-2.239130434782608869e+00
-2.247272727272727533e+00
-2.240437158469945622e+00
-2.244525547445255675e+00
-2.248628884826325613e+00
-2.241758241758241788e+00
-2.245871559633027648e+00
-2.245871559633027648e+00
-2.238970588235294379e+00
-2.238970588235294379e+00
-2.238970588235294379e+00
-2.243093922651933969e+00
-2.243093922651933969e+00
-2.243093922651933969e+00
