7.212020033388982787e-01
6.711185308848079956e-01
6.310517529215359245e-01
5.709515859766277623e-01
5.108514190317196002e-01
4.507512520868113826e-01
3.906510851419032204e-01
3.305509181969950028e-01
2.804674457429048862e-01
2.203672787979966685e-01
1.702838063439065242e-01
1.302170283806343976e-01
9.015025041736228484e-02
4.006677796327212659e-02
0.000000000000000000e+00
-4.006677796327212659e-02
-9.015025041736228484e-02
-1.302170283806343976e-01
-1.702838063439065242e-01
-2.103505843071786230e-01
-2.504173622704507496e-01
-2.904841402337228762e-01
-3.305509181969950028e-01
-3.806343906510851194e-01
-4.106844741235392560e-01
-4.607679465776293726e-01
-5.008347245409014992e-01
-5.409015025041736813e-01
-5.909849749582637424e-01
-6.410684474123540255e-01
-6.911519198664440866e-01
-7.412353923205342587e-01
-8.013355592654424209e-01
-8.514190317195324820e-01
-9.215358931552587451e-01
-9.816360601001670183e-01
-1.061769616026711160e+00
-1.141903171953255525e+00
-1.252086811352253859e+00
-1.372287145242070183e+00
-1.522537562604340478e+00
-1.742904841402337368e+00
-2.144366197183098954e+00
-3.288888888888889195e+00
-3.433155080213903698e+00
-3.452054794520547976e+00
-3.457063711911357640e+00
-3.452513966480446950e+00
-3.462184873949579522e+00
-3.464788732394366466e+00
