1.762938230383973348e+00
1.732888146911519378e+00
1.702838063439064964e+00
1.662771285475793004e+00
1.622704507512520822e+00
1.582637729549248862e+00
1.552587646076794892e+00
1.512520868113522488e+00
1.472454090150250527e+00
1.432387312186978345e+00
1.382303839732888173e+00
1.332220367278798001e+00
1.292153589315526041e+00
1.242070116861435869e+00
1.191986644407345697e+00
1.131886477462437535e+00
1.071786310517529373e+00
1.021702838063439200e+00
9.616026711185309273e-01
8.914858096828046641e-01
8.313856427378965019e-01
7.612687813021702388e-01
7.011686143572621877e-01
6.310517529215359245e-01
5.709515859766277623e-01
5.108514190317196002e-01
4.407345575959933370e-01
3.906510851419032204e-01
3.205342237061770128e-01
2.604340567612687951e-01
1.903171953255425597e-01
1.302170283806343976e-01
7.011686143572622154e-02
0.000000000000000000e+00
-7.011686143572622154e-02
-1.502504173622704609e-01
-2.303839732888146863e-01
-3.305509181969950028e-01
-4.307178631051753470e-01
-5.509181969949916713e-01
-6.911519198664440866e-01
-8.914858096828046641e-01
-1.191986644407345697e+00
-1.863105175292153470e+00
-4.407766990291262843e+00
-4.580645161290322953e+00
-4.588235294117646745e+00
-4.592307692307691980e+00
-4.606741573033708015e+00
-4.601503759398496207e+00
