1.762938230383973348e+00
1.732888146911519378e+00
1.702838063439064964e+00
1.662771285475793004e+00
1.622704507512520822e+00
1.582637729549248862e+00
1.552587646076794892e+00
1.512520868113522488e+00
1.472454090150250527e+00
1.422370617696160355e+00
1.382303839732888173e+00
1.332220367278798001e+00
1.292153589315526041e+00
1.242070116861435869e+00
1.191986644407345697e+00
1.131886477462437535e+00
1.081803005008347363e+00
1.011686143572620988e+00
9.616026711185309273e-01
8.914858096828046641e-01
8.213689482470785119e-01
7.512520868113522488e-01
6.811352253756260966e-01
6.210350584307179345e-01
5.509181969949916713e-01
4.908180300500835092e-01
4.307178631051753470e-01
3.606010016694491394e-01
2.804674457429048862e-01
2.203672787979966685e-01
1.502504173622704609e-01
7.011686143572622154e-02
0.000000000000000000e+00
-8.013355592654425319e-02
-1.702838063439065242e-01
-2.704507512520868406e-01
-3.906510851419032204e-01
-5.308848080133555802e-01
-7.412353923205342587e-01
-1.111853088480801555e+00
-2.541176470588235592e+00
-3.619834710743801587e+00
-3.648414985590778148e+00
-3.659824046920821417e+00
-3.674556213017751816e+00
-3.660714285714286031e+00
-3.671641791044776060e+00
-3.664670658682635196e+00
-3.675675675675675436e+00
-3.668674698795181044e+00
