7.612687813021702388e-01
7.212020033388982787e-01
6.711185308848079956e-01
6.310517529215359245e-01
5.909849749582637424e-01
5.409015025041736813e-01
4.707846410684474736e-01
4.207011686143572460e-01
3.606010016694491394e-01
3.105175292153589672e-01
2.604340567612687951e-01
2.103505843071786230e-01
1.602671118530885064e-01
1.101836393989983343e-01
7.011686143572622154e-02
2.003338898163606330e-02
-2.003338898163606330e-02
-6.010016694490818295e-02
-1.101836393989983343e-01
-1.502504173622704609e-01
-1.903171953255425597e-01
-2.303839732888146863e-01
-2.704507512520868406e-01
-3.205342237061770128e-01
-3.606010016694491394e-01
-4.106844741235392560e-01
-4.607679465776293726e-01
-5.008347245409014992e-01
-5.509181969949916713e-01
-6.110183639398998334e-01
-6.611018363939900055e-01
-7.212020033388982787e-01
-7.913188647746244309e-01
-8.514190317195324820e-01
-9.315525876460767352e-01
-1.031719532554257190e+00
-1.141903171953255525e+00
-1.292153589315526041e+00
-1.512520868113522488e+00
-1.963272120200334037e+00
-2.960000000000000409e+00
-3.042654028436019065e+00
-3.050847457627118509e+00
-3.073529411764705621e+00
-3.066666666666666430e+00
-3.066997518610422357e+00
-3.059701492537313161e+00
-3.074999999999999734e+00
-3.060000000000000053e+00
-3.067669172932330657e+00
