0.000e+00  0.000e+00  1.381e-112
1.000e+00  0.000e+00  1.381e-112
2.000e+00  0.000e+00  1.381e-112
3.000e+00  0.000e+00  1.381e-112
4.000e+00  0.000e+00  1.381e-112
5.000e+00  0.000e+00  1.381e-112
6.000e+00  0.000e+00  1.381e-112
7.000e+00  0.000e+00  1.381e-112
8.000e+00  0.000e+00  1.381e-112
9.000e+00  0.000e+00  1.381e-112
1.000e+01  0.000e+00  1.381e-112
1.100e+01  0.000e+00  1.381e-112
1.200e+01  0.000e+00  1.381e-112
1.300e+01  0.000e+00  1.381e-112
1.400e+01  0.000e+00  1.381e-112
1.500e+01  0.000e+00  1.381e-112
1.600e+01  0.000e+00  1.381e-112
1.700e+01  0.000e+00  1.381e-112
1.800e+01  0.000e+00  1.381e-112
1.900e+01  0.000e+00  1.381e-112
2.000e+01  0.000e+00  1.381e-112
2.100e+01  0.000e+00  1.381e-112
2.200e+01  0.000e+00  1.381e-112
2.300e+01  0.000e+00  1.381e-112
2.400e+01  0.000e+00  1.381e-112
2.500e+01  0.000e+00  1.381e-112
2.600e+01  0.000e+00  1.381e-112
2.700e+01  0.000e+00  1.381e-112
2.800e+01  0.000e+00  1.381e-112
2.900e+01  0.000e+00  1.381e-112
3.000e+01  0.000e+00  1.381e-112
3.100e+01  0.000e+00  1.381e-112
3.200e+01  0.000e+00  1.381e-112
3.300e+01  0.000e+00  1.381e-112
3.400e+01  0.000e+00  1.381e-112
3.500e+01  0.000e+00  1.381e-112
3.600e+01  0.000e+00  1.381e-112
3.700e+01  0.000e+00  1.381e-112
3.800e+01  0.000e+00  1.381e-112
3.900e+01  0.000e+00  1.381e-112
4.000e+01  0.000e+00  1.381e-112
4.100e+01  0.000e+00  1.381e-112
4.200e+01  0.000e+00  1.381e-112
4.300e+01  0.000e+00  1.381e-112
4.400e+01  0.000e+00  1.381e-112
4.500e+01  0.000e+00  1.381e-112
4.600e+01  0.000e+00  1.381e-112
4.700e+01  0.000e+00  1.381e-112
4.800e+01  0.000e+00  1.381e-112
4.900e+01  0.000e+00  1.381e-112
5.000e+01  0.000e+00  1.381e-112
5.100e+01  0.000e+00  1.381e-112
5.200e+01  0.000e+00  1.381e-112
5.300e+01  0.000e+00  1.381e-112
5.400e+01  0.000e+00  1.381e-112
5.500e+01  0.000e+00  1.381e-112
5.600e+01  0.000e+00  1.381e-112
5.700e+01  0.000e+00  1.381e-112
5.800e+01  0.000e+00  1.381e-112
5.900e+01  0.000e+00  1.381e-112
6.000e+01  0.000e+00  1.381e-112
6.100e+01  0.000e+00  1.381e-112
6.200e+01  0.000e+00  1.381e-112
6.300e+01  0.000e+00  1.381e-112
6.400e+01  0.000e+00  1.381e-112
6.500e+01  0.000e+00  1.381e-112
6.600e+01  0.000e+00  1.381e-112
6.700e+01  0.000e+00  1.381e-112
6.800e+01  0.000e+00  1.381e-112
6.900e+01  0.000e+00  1.381e-112
7.000e+01  0.000e+00  1.381e-112
7.100e+01  0.000e+00  1.381e-112
7.200e+01  0.000e+00  1.381e-112
7.300e+01  0.000e+00  1.381e-112
7.400e+01  0.000e+00  1.381e-112
7.500e+01  0.000e+00  1.381e-112
7.600e+01  0.000e+00  1.381e-112
7.700e+01  0.000e+00  1.381e-112
7.800e+01  0.000e+00  1.381e-112
7.900e+01  0.000e+00  1.381e-112
8.000e+01  0.000e+00  1.381e-112
8.100e+01  0.000e+00  1.381e-112
8.200e+01  0.000e+00  1.381e-112
8.300e+01  0.000e+00  1.381e-112
8.400e+01  0.000e+00  1.381e-112
8.500e+01  0.000e+00  1.381e-112
8.600e+01  0.000e+00  1.381e-112
8.700e+01  0.000e+00  1.381e-112
8.800e+01  0.000e+00  1.381e-112
8.900e+01  0.000e+00  1.381e-112
9.000e+01  0.000e+00  1.381e-112
9.100e+01  0.000e+00  1.381e-112
9.200e+01  0.000e+00  1.381e-112
9.300e+01  0.000e+00  1.381e-112
9.400e+01  0.000e+00  1.381e-112
9.500e+01  0.000e+00  1.381e-112
9.600e+01  0.000e+00  1.381e-112
9.700e+01  0.000e+00  1.381e-112
9.800e+01  0.000e+00  1.381e-112
9.900e+01  0.000e+00  1.381e-112
1.000e+02  0.000e+00  1.381e-112
1.010e+02  0.000e+00  1.381e-112
1.020e+02  0.000e+00  1.381e-112
1.030e+02  0.000e+00  1.381e-112
1.040e+02  0.000e+00  1.381e-112
1.050e+02  0.000e+00  1.381e-112
1.060e+02  0.000e+00  1.381e-112
1.070e+02  0.000e+00  1.381e-112
1.080e+02  0.000e+00  1.381e-112
1.090e+02  0.000e+00  1.381e-112
1.100e+02  0.000e+00  1.381e-112
1.110e+02  0.000e+00  1.381e-112
1.120e+02  0.000e+00  1.381e-112
1.130e+02  0.000e+00  1.381e-112
1.140e+02  0.000e+00  1.381e-112
1.150e+02  0.000e+00  1.381e-112
1.160e+02  0.000e+00  1.381e-112
1.170e+02  0.000e+00  1.381e-112
1.180e+02  0.000e+00  1.381e-112
1.190e+02  0.000e+00  1.381e-112
1.200e+02  0.000e+00  1.381e-112
1.210e+02  0.000e+00  1.381e-112
1.220e+02  0.000e+00  1.381e-112
1.230e+02  0.000e+00  1.381e-112
1.240e+02  0.000e+00  1.381e-112
1.250e+02  0.000e+00  1.381e-112
1.260e+02  0.000e+00  1.381e-112
1.270e+02  0.000e+00  1.381e-112
1.280e+02  0.000e+00  1.381e-112
1.290e+02  0.000e+00  1.381e-112
1.300e+02  0.000e+00  1.381e-112
1.310e+02  0.000e+00  1.381e-112
1.320e+02  0.000e+00  1.381e-112
1.330e+02  0.000e+00  1.381e-112
1.340e+02  0.000e+00  1.381e-112
1.350e+02  0.000e+00  1.381e-112
1.360e+02  0.000e+00  1.381e-112
1.370e+02  0.000e+00  1.381e-112
1.380e+02  0.000e+00  1.381e-112
1.390e+02  0.000e+00  1.381e-112
1.400e+02  0.000e+00  1.381e-112
1.410e+02  0.000e+00  1.381e-112
1.420e+02  0.000e+00  1.381e-112
1.430e+02  0.000e+00  1.381e-112
1.440e+02  0.000e+00  1.381e-112
1.450e+02  0.000e+00  1.381e-112
1.460e+02  0.000e+00  1.381e-112
1.470e+02  0.000e+00  1.381e-112
1.480e+02  0.000e+00  1.381e-112
1.490e+02  0.000e+00  1.381e-112
1.500e+02  0.000e+00  1.381e-112
1.510e+02  0.000e+00  1.381e-112
1.520e+02  0.000e+00  1.381e-112
1.530e+02  0.000e+00  1.381e-112
1.540e+02  0.000e+00  1.381e-112
1.550e+02  0.000e+00  1.381e-112
1.560e+02  0.000e+00  1.381e-112
1.570e+02  0.000e+00  1.381e-112
1.580e+02  0.000e+00  1.381e-112
1.590e+02  0.000e+00  1.381e-112
1.600e+02  0.000e+00  1.381e-112
1.610e+02  0.000e+00  1.381e-112
1.620e+02  0.000e+00  1.381e-112
1.630e+02  0.000e+00  1.381e-112
1.640e+02  0.000e+00  1.381e-112
1.650e+02  0.000e+00  1.381e-112
1.660e+02  0.000e+00  1.381e-112
1.670e+02  0.000e+00  1.381e-112
1.680e+02  0.000e+00  1.381e-112
1.690e+02  0.000e+00  1.381e-112
1.700e+02  0.000e+00  1.381e-112
1.710e+02  0.000e+00  1.381e-112
1.720e+02  0.000e+00  1.381e-112
1.730e+02  0.000e+00  1.381e-112
1.740e+02  0.000e+00  1.381e-112
1.750e+02  0.000e+00  1.381e-112
1.760e+02  0.000e+00  1.381e-112
1.770e+02  0.000e+00  1.381e-112
1.780e+02  0.000e+00  1.381e-112
1.790e+02  0.000e+00  1.381e-112
1.800e+02  0.000e+00  1.381e-112
1.810e+02  0.000e+00  1.381e-112
1.820e+02  0.000e+00  1.381e-112
1.830e+02  0.000e+00  1.381e-112
1.840e+02  0.000e+00  1.381e-112
1.850e+02  0.000e+00  1.381e-112
1.860e+02  0.000e+00  1.381e-112
1.870e+02  0.000e+00  1.381e-112
1.880e+02  0.000e+00  1.381e-112
1.890e+02  0.000e+00  1.381e-112
1.900e+02  0.000e+00  1.381e-112
1.910e+02  0.000e+00  1.381e-112
1.920e+02  0.000e+00  1.381e-112
1.930e+02  0.000e+00  1.381e-112
1.940e+02  0.000e+00  1.381e-112
1.950e+02  0.000e+00  1.381e-112
1.960e+02  0.000e+00  1.381e-112
1.970e+02  0.000e+00  1.381e-112
1.980e+02  0.000e+00  1.381e-112
1.990e+02  0.000e+00  1.381e-112
2.000e+02  0.000e+00  1.381e-112
2.010e+02  0.000e+00  1.381e-112
2.020e+02  0.000e+00  1.381e-112
2.030e+02  0.000e+00  1.381e-112
2.040e+02  0.000e+00  1.381e-112
2.050e+02  0.000e+00  1.381e-112
2.060e+02  0.000e+00  1.381e-112
2.070e+02  0.000e+00  1.381e-112
2.080e+02  0.000e+00  1.381e-112
2.090e+02  0.000e+00  1.381e-112
2.100e+02  0.000e+00  1.381e-112
2.110e+02  0.000e+00  1.381e-112
2.120e+02  0.000e+00  1.381e-112
2.130e+02  0.000e+00  1.381e-112
2.140e+02  0.000e+00  1.381e-112
2.150e+02  0.000e+00  1.381e-112
2.160e+02  0.000e+00  1.381e-112
2.170e+02  0.000e+00  1.381e-112
2.180e+02  0.000e+00  1.381e-112
2.190e+02  0.000e+00  1.381e-112
2.200e+02  0.000e+00  1.381e-112
2.210e+02  0.000e+00  1.381e-112
2.220e+02  0.000e+00  1.381e-112
2.230e+02  0.000e+00  1.381e-112
2.240e+02  0.000e+00  1.381e-112
2.250e+02  0.000e+00  1.381e-112
2.260e+02  0.000e+00  1.381e-112
2.270e+02  0.000e+00  1.381e-112
2.280e+02  0.000e+00  1.381e-112
2.290e+02  0.000e+00  1.381e-112
2.300e+02  1.976e-323  1.381e-112
2.310e+02  8.893e-323  1.381e-112
2.320e+02  3.409e-322  1.381e-112
2.330e+02  1.210e-321  1.381e-112
2.340e+02  4.229e-321  1.381e-112
2.350e+02  1.476e-320  1.381e-112
2.360e+02  5.154e-320  1.381e-112
2.370e+02  1.800e-319  1.381e-112
2.380e+02  6.283e-319  1.381e-112
2.390e+02  2.194e-318  1.381e-112
2.400e+02  7.660e-318  1.381e-112
2.410e+02  2.674e-317  1.381e-112
2.420e+02  9.338e-317  1.381e-112
2.430e+02  3.260e-316  1.381e-112
2.440e+02  1.138e-315  1.381e-112
2.450e+02  3.975e-315  1.381e-112
2.460e+02  1.388e-314  1.381e-112
2.470e+02  4.846e-314  1.381e-112
2.480e+02  1.692e-313  1.381e-112
2.490e+02  5.907e-313  1.381e-112
2.500e+02  2.063e-312  1.381e-112
2.510e+02  7.202e-312  1.381e-112
2.520e+02  2.515e-311  1.381e-112
2.530e+02  8.780e-311  1.381e-112
2.540e+02  3.065e-310  1.381e-112
2.550e+02  1.070e-309  1.381e-112
2.560e+02  3.737e-309  1.381e-112
2.570e+02  1.305e-308  1.381e-112
2.580e+02  4.556e-308  1.381e-112
2.590e+02  1.591e-307  1.381e-112
2.600e+02  5.554e-307  1.381e-112
2.610e+02  1.939e-306  1.381e-112
2.620e+02  6.771e-306  1.381e-112
2.630e+02  2.364e-305  1.381e-112
2.640e+02  8.255e-305  1.381e-112
2.650e+02  2.882e-304  1.381e-112
2.660e+02  1.006e-303  1.381e-112
2.670e+02  3.514e-303  1.381e-112
2.680e+02  1.227e-302  1.381e-112
2.690e+02  4.284e-302  1.381e-112
2.700e+02  1.496e-301  1.381e-112
2.710e+02  5.223e-301  1.381e-112
2.720e+02  1.824e-300  1.381e-112
2.730e+02  6.367e-300  1.381e-112
2.740e+02  2.223e-299  1.381e-112
2.750e+02  7.762e-299  1.381e-112
2.760e+02  2.710e-298  1.381e-112
2.770e+02  9.464e-298  1.381e-112
2.780e+02  3.304e-297  1.381e-112
2.790e+02  1.154e-296  1.381e-112
2.800e+02  4.028e-296  1.381e-112
2.810e+02  1.407e-295  1.381e-112
2.820e+02  4.911e-295  1.381e-112
2.830e+02  1.715e-294  1.381e-112
2.840e+02  5.988e-294  1.381e-112
2.850e+02  2.091e-293  1.381e-112
2.860e+02  7.300e-293  1.381e-112
2.870e+02  2.549e-292  1.381e-112
2.880e+02  8.899e-292  1.381e-112
2.890e+02  3.107e-291  1.381e-112
2.900e+02  1.085e-290  1.381e-112
2.910e+02  3.788e-290  1.381e-112
2.920e+02  1.323e-289  1.381e-112
2.930e+02  4.619e-289  1.381e-112
2.940e+02  1.613e-288  1.381e-112
2.950e+02  5.631e-288  1.381e-112
2.960e+02  1.966e-287  1.381e-112
2.970e+02  6.865e-287  1.381e-112
2.980e+02  2.397e-286  1.381e-112
2.990e+02  8.370e-286  1.381e-112
3.000e+02  2.922e-285  1.381e-112
3.010e+02  1.020e-284  1.381e-112
3.020e+02  3.563e-284  1.381e-112
3.030e+02  1.244e-283  1.381e-112
3.040e+02  4.344e-283  1.381e-112
3.050e+02  1.517e-282  1.381e-112
3.060e+02  5.296e-282  1.381e-112
3.070e+02  1.849e-281  1.381e-112
3.080e+02  6.457e-281  1.381e-112
3.090e+02  2.254e-280  1.381e-112
3.100e+02  7.872e-280  1.381e-112
3.110e+02  2.749e-279  1.381e-112
3.120e+02  9.597e-279  1.381e-112
3.130e+02  3.351e-278  1.381e-112
3.140e+02  1.170e-277  1.381e-112
3.150e+02  4.086e-277  1.381e-112
3.160e+02  1.427e-276  1.381e-112
3.170e+02  4.981e-276  1.381e-112
3.180e+02  1.739e-275  1.381e-112
3.190e+02  6.073e-275  1.381e-112
3.200e+02  2.120e-274  1.381e-112
3.210e+02  7.404e-274  1.381e-112
3.220e+02  2.585e-273  1.381e-112
3.230e+02  9.027e-273  1.381e-112
3.240e+02  3.152e-272  1.381e-112
3.250e+02  1.101e-271  1.381e-112
3.260e+02  3.843e-271  1.381e-112
3.270e+02  1.342e-270  1.381e-112
3.280e+02  4.685e-270  1.381e-112
3.290e+02  1.636e-269  1.381e-112
3.300e+02  5.712e-269  1.381e-112
3.310e+02  1.995e-268  1.381e-112
3.320e+02  6.965e-268  1.381e-112
3.330e+02  2.432e-267  1.381e-112
3.340e+02  8.491e-267  1.381e-112
3.350e+02  2.965e-266  1.381e-112
3.360e+02  1.035e-265  1.381e-112
3.370e+02  3.615e-265  1.381e-112
3.380e+02  1.262e-264  1.381e-112
3.390e+02  4.407e-264  1.381e-112
3.400e+02  1.539e-263  1.381e-112
3.410e+02  5.374e-263  1.381e-112
3.420e+02  1.876e-262  1.381e-112
3.430e+02  6.552e-262  1.381e-112
3.440e+02  2.288e-261  1.381e-112
3.450e+02  7.988e-261  1.381e-112
3.460e+02  2.789e-260  1.381e-112
3.470e+02  9.739e-260  1.381e-112
3.480e+02  3.401e-259  1.381e-112
3.490e+02  1.187e-258  1.381e-112
3.500e+02  4.146e-258  1.381e-112
3.510e+02  1.448e-257  1.381e-112
3.520e+02  5.055e-257  1.381e-112
3.530e+02  1.765e-256  1.381e-112
3.540e+02  6.164e-256  1.381e-112
3.550e+02  2.152e-255  1.381e-112
3.560e+02  7.515e-255  1.381e-112
3.570e+02  2.624e-254  1.381e-112
3.580e+02  9.163e-254  1.381e-112
3.590e+02  3.199e-253  1.381e-112
3.600e+02  1.117e-252  1.381e-112
3.610e+02  3.901e-252  1.381e-112
3.620e+02  1.362e-251  1.381e-112
3.630e+02  4.756e-251  1.381e-112
3.640e+02  1.661e-250  1.381e-112
3.650e+02  5.799e-250  1.381e-112
3.660e+02  2.025e-249  1.381e-112
3.670e+02  7.070e-249  1.381e-112
3.680e+02  2.469e-248  1.381e-112
3.690e+02  8.621e-248  1.381e-112
3.700e+02  3.010e-247  1.381e-112
3.710e+02  1.051e-246  1.381e-112
3.720e+02  3.670e-246  1.381e-112
3.730e+02  1.282e-245  1.381e-112
3.740e+02  4.475e-245  1.381e-112
3.750e+02  1.563e-244  1.381e-112
3.760e+02  5.456e-244  1.381e-112
3.770e+02  1.905e-243  1.381e-112
3.780e+02  6.653e-243  1.381e-112
3.790e+02  2.323e-242  1.381e-112
3.800e+02  8.111e-242  1.381e-112
3.810e+02  2.832e-241  1.381e-112
3.820e+02  9.890e-241  1.381e-112
3.830e+02  3.453e-240  1.381e-112
3.840e+02  1.206e-239  1.381e-112
3.850e+02  4.211e-239  1.381e-112
3.860e+02  1.470e-238  1.381e-112
3.870e+02  5.134e-238  1.381e-112
3.880e+02  1.793e-237  1.381e-112
3.890e+02  6.260e-237  1.381e-112
3.900e+02  2.186e-236  1.381e-112
3.910e+02  7.633e-236  1.381e-112
3.920e+02  2.665e-235  1.381e-112
3.930e+02  9.306e-235  1.381e-112
3.940e+02  3.250e-234  1.381e-112
3.950e+02  1.135e-233  1.381e-112
3.960e+02  3.962e-233  1.381e-112
3.970e+02  1.384e-232  1.381e-112
3.980e+02  4.831e-232  1.381e-112
3.990e+02  1.687e-231  1.381e-112
4.000e+02  5.891e-231  1.381e-112
4.010e+02  2.057e-230  1.381e-112
4.020e+02  7.183e-230  1.381e-112
4.030e+02  2.508e-229  1.381e-112
4.040e+02  8.758e-229  1.381e-112
4.050e+02  3.058e-228  1.381e-112
4.060e+02  1.068e-227  1.381e-112
4.070e+02  3.729e-227  1.381e-112
4.080e+02  1.302e-226  1.381e-112
4.090e+02  4.547e-226  1.381e-112
4.100e+02  1.588e-225  1.381e-112
4.110e+02  5.544e-225  1.381e-112
4.120e+02  1.936e-224  1.381e-112
4.130e+02  6.759e-224  1.381e-112
4.140e+02  2.360e-223  1.381e-112
4.150e+02  8.242e-223  1.381e-112
4.160e+02  2.878e-222  1.381e-112
4.170e+02  1.005e-221  1.381e-112
4.180e+02  3.509e-221  1.381e-112
4.190e+02  1.225e-220  1.381e-112
4.200e+02  4.279e-220  1.381e-112
4.210e+02  1.494e-219  1.381e-112
4.220e+02  5.217e-219  1.381e-112
4.230e+02  1.822e-218  1.381e-112
4.240e+02  6.362e-218  1.381e-112
4.250e+02  2.221e-217  1.381e-112
4.260e+02  7.757e-217  1.381e-112
4.270e+02  2.709e-216  1.381e-112
4.280e+02  9.459e-216  1.381e-112
4.290e+02  3.303e-215  1.381e-112
4.300e+02  1.153e-214  1.381e-112
4.310e+02  4.027e-214  1.381e-112
4.320e+02  1.406e-213  1.381e-112
4.330e+02  4.911e-213  1.381e-112
4.340e+02  1.715e-212  1.381e-112
4.350e+02  5.988e-212  1.381e-112
4.360e+02  2.091e-211  1.381e-112
4.370e+02  7.301e-211  1.381e-112
4.380e+02  2.550e-210  1.381e-112
4.390e+02  8.903e-210  1.381e-112
4.400e+02  3.109e-209  1.381e-112
4.410e+02  1.086e-208  1.381e-112
4.420e+02  3.791e-208  1.381e-112
4.430e+02  1.324e-207  1.381e-112
4.440e+02  4.622e-207  1.381e-112
4.450e+02  1.614e-206  1.381e-112
4.460e+02  5.636e-206  1.381e-112
4.470e+02  1.968e-205  1.381e-112
4.480e+02  6.872e-205  1.381e-112
4.490e+02  2.400e-204  1.381e-112
4.500e+02  8.380e-204  1.381e-112
4.510e+02  2.926e-203  1.381e-112
4.520e+02  1.022e-202  1.381e-112
4.530e+02  3.568e-202  1.381e-112
4.540e+02  1.246e-201  1.381e-112
4.550e+02  4.351e-201  1.381e-112
4.560e+02  1.519e-200  1.381e-112
4.570e+02  5.305e-200  1.381e-112
4.580e+02  1.853e-199  1.381e-112
4.590e+02  6.469e-199  1.381e-112
4.600e+02  2.259e-198  1.381e-112
4.610e+02  7.889e-198  1.381e-112
4.620e+02  2.755e-197  1.381e-112
4.630e+02  9.619e-197  1.381e-112
4.640e+02  3.359e-196  1.381e-112
4.650e+02  1.173e-195  1.381e-112
4.660e+02  4.096e-195  1.381e-112
4.670e+02  1.430e-194  1.381e-112
4.680e+02  4.995e-194  1.381e-112
4.690e+02  1.744e-193  1.381e-112
4.700e+02  6.090e-193  1.381e-112
4.710e+02  2.127e-192  1.381e-112
4.720e+02  7.426e-192  1.381e-112
4.730e+02  2.593e-191  1.381e-112
4.740e+02  9.056e-191  1.381e-112
4.750e+02  3.162e-190  1.381e-112
4.760e+02  1.104e-189  1.381e-112
4.770e+02  3.856e-189  1.381e-112
4.780e+02  1.347e-188  1.381e-112
4.790e+02  4.702e-188  1.381e-112
4.800e+02  1.642e-187  1.381e-112
4.810e+02  5.734e-187  1.381e-112
4.820e+02  2.002e-186  1.381e-112
4.830e+02  6.992e-186  1.381e-112
4.840e+02  2.442e-185  1.381e-112
4.850e+02  8.526e-185  1.381e-112
4.860e+02  2.977e-184  1.381e-112
4.870e+02  1.040e-183  1.381e-112
4.880e+02  3.631e-183  1.381e-112
4.890e+02  1.268e-182  1.381e-112
4.900e+02  4.427e-182  1.381e-112
4.910e+02  1.546e-181  1.381e-112
4.920e+02  5.398e-181  1.381e-112
4.930e+02  1.885e-180  1.381e-112
4.940e+02  6.583e-180  1.381e-112
4.950e+02  2.299e-179  1.381e-112
4.960e+02  8.028e-179  1.381e-112
4.970e+02  2.803e-178  1.381e-112
4.980e+02  9.789e-178  1.381e-112
4.990e+02  3.418e-177  1.381e-112
5.000e+02  1.194e-176  1.381e-112
5.010e+02  4.168e-176  1.381e-112
5.020e+02  1.456e-175  1.381e-112
5.030e+02  5.083e-175  1.381e-112
5.040e+02  1.775e-174  1.381e-112
5.050e+02  6.199e-174  1.381e-112
5.060e+02  2.165e-173  1.381e-112
5.070e+02  7.559e-173  1.381e-112
5.080e+02  2.640e-172  1.381e-112
5.090e+02  9.217e-172  1.381e-112
5.100e+02  3.219e-171  1.381e-112
5.110e+02  1.124e-170  1.381e-112
5.120e+02  3.925e-170  1.381e-112
5.130e+02  1.371e-169  1.381e-112
5.140e+02  4.786e-169  1.381e-112
5.150e+02  1.671e-168  1.381e-112
5.160e+02  5.837e-168  1.381e-112
5.170e+02  2.038e-167  1.381e-112
5.180e+02  7.118e-167  1.381e-112
5.190e+02  2.486e-166  1.381e-112
5.200e+02  8.680e-166  1.381e-112
5.210e+02  3.031e-165  1.381e-112
5.220e+02  1.058e-164  1.381e-112
5.230e+02  3.696e-164  1.381e-112
5.240e+02  1.291e-163  1.381e-112
5.250e+02  4.507e-163  1.381e-112
5.260e+02  1.574e-162  1.381e-112
5.270e+02  5.497e-162  1.381e-112
5.280e+02  1.919e-161  1.381e-112
5.290e+02  6.703e-161  1.381e-112
5.300e+02  2.341e-160  1.381e-112
5.310e+02  8.174e-160  1.381e-112
5.320e+02  2.854e-159  1.381e-112
5.330e+02  9.968e-159  1.381e-112
5.340e+02  3.481e-158  1.381e-112
5.350e+02  1.216e-157  1.381e-112
5.360e+02  4.245e-157  1.381e-112
5.370e+02  1.482e-156  1.381e-112
5.380e+02  5.176e-156  1.381e-112
5.390e+02  1.808e-155  1.381e-112
5.400e+02  6.313e-155  1.381e-112
5.410e+02  2.204e-154  1.381e-112
5.420e+02  7.698e-154  1.381e-112
5.430e+02  2.688e-153  1.381e-112
5.440e+02  9.388e-153  1.381e-112
5.450e+02  3.278e-152  1.381e-112
5.460e+02  1.145e-151  1.381e-112
5.470e+02  3.998e-151  1.381e-112
5.480e+02  1.396e-150  1.381e-112
5.490e+02  4.875e-150  1.381e-112
5.500e+02  1.703e-149  1.381e-112
5.510e+02  5.945e-149  1.381e-112
5.520e+02  2.076e-148  1.381e-112
5.530e+02  7.250e-148  1.381e-112
5.540e+02  2.532e-147  1.381e-112
5.550e+02  8.842e-147  1.381e-112
5.560e+02  3.088e-146  1.381e-112
5.570e+02  1.078e-145  1.381e-112
5.580e+02  3.765e-145  1.381e-112
5.590e+02  1.315e-144  1.381e-112
5.600e+02  4.592e-144  1.381e-112
5.610e+02  1.604e-143  1.381e-112
5.620e+02  5.600e-143  1.381e-112
5.630e+02  1.956e-142  1.381e-112
5.640e+02  6.829e-142  1.381e-112
5.650e+02  2.385e-141  1.381e-112
5.660e+02  8.328e-141  1.381e-112
5.670e+02  2.908e-140  1.381e-112
5.680e+02  1.016e-139  1.381e-112
5.690e+02  3.547e-139  1.381e-112
5.700e+02  1.239e-138  1.381e-112
5.710e+02  4.325e-138  1.381e-112
5.720e+02  1.510e-137  1.381e-112
5.730e+02  5.275e-137  1.381e-112
5.740e+02  1.842e-136  1.381e-112
5.750e+02  6.433e-136  1.381e-112
5.760e+02  2.246e-135  1.381e-112
5.770e+02  7.845e-135  1.381e-112
5.780e+02  2.740e-134  1.381e-112
5.790e+02  9.567e-134  1.381e-112
5.800e+02  3.341e-133  1.381e-112
5.810e+02  1.167e-132  1.381e-112
5.820e+02  4.074e-132  1.381e-112
5.830e+02  1.423e-131  1.381e-112
5.840e+02  4.969e-131  1.381e-112
5.850e+02  1.735e-130  1.381e-112
5.860e+02  6.060e-130  1.381e-112
5.870e+02  2.116e-129  1.381e-112
5.880e+02  7.390e-129  1.381e-112
5.890e+02  2.581e-128  1.381e-112
5.900e+02  9.012e-128  1.381e-112
5.910e+02  3.147e-127  1.381e-112
5.920e+02  1.099e-126  1.381e-112
5.930e+02  3.838e-126  1.381e-112
5.940e+02  1.340e-125  1.381e-112
5.950e+02  4.679e-125  1.381e-112
5.960e+02  1.634e-124  1.381e-112
5.970e+02  5.704e-124  1.381e-112
5.980e+02  1.992e-123  1.381e-112
5.990e+02  6.952e-123  1.381e-112
6.000e+02  2.426e-122  1.381e-112
6.010e+02  8.466e-122  1.381e-112
6.020e+02  2.953e-121  1.381e-112
6.030e+02  1.030e-120  1.381e-112
6.040e+02  3.587e-120  1.381e-112
6.050e+02  1.249e-119  1.382e-112
6.060e+02  4.341e-119  1.382e-112
6.070e+02  1.506e-118  1.382e-112
6.080e+02  5.210e-118  1.383e-112
6.090e+02  1.795e-117  1.385e-112
6.100e+02  6.151e-117  1.389e-112
6.110e+02  2.090e-116  1.397e-112
6.120e+02  7.015e-116  1.413e-112
6.130e+02  2.313e-115  1.445e-112
6.140e+02  7.425e-115  1.505e-112
6.150e+02  2.294e-114  1.619e-112
6.160e+02  6.723e-114  1.834e-112
6.170e+02  1.841e-113  2.231e-112
6.180e+02  4.672e-113  2.960e-112
6.190e+02  1.098e-112  4.281e-112
6.200e+02  2.413e-112  6.652e-112
6.210e+02  5.013e-112  1.087e-111
6.220e+02  9.955e-112  1.829e-111
6.230e+02  1.908e-111  3.125e-111
6.240e+02  3.554e-111  5.371e-111
6.250e+02  6.472e-111  9.231e-111
6.260e+02  1.157e-110  1.582e-110
6.270e+02  2.036e-110  2.698e-110
6.280e+02  3.536e-110  4.577e-110
6.290e+02  6.073e-110  7.722e-110
6.300e+02  1.033e-109  1.295e-109
6.310e+02  1.743e-109  2.162e-109
6.320e+02  2.919e-109  3.589e-109
6.330e+02  4.858e-109  5.929e-109
6.340e+02  8.035e-109  9.752e-109
6.350e+02  1.322e-108  1.597e-108
6.360e+02  2.166e-108  2.606e-108
6.370e+02  3.532e-108  4.237e-108
6.380e+02  5.737e-108  6.864e-108
6.390e+02  9.284e-108  1.108e-107
6.400e+02  1.498e-107  1.785e-107
6.410e+02  2.408e-107  2.866e-107
6.420e+02  3.862e-107  4.589e-107
6.430e+02  6.177e-107  7.331e-107
6.440e+02  9.853e-107  1.168e-106
6.450e+02  1.568e-106  1.858e-106
6.460e+02  2.490e-106  2.948e-106
6.470e+02  3.947e-106  4.670e-106
6.480e+02  6.242e-106  7.382e-106
6.490e+02  9.855e-106  1.165e-105
6.500e+02  1.553e-105  1.835e-105
6.510e+02  2.443e-105  2.886e-105
6.520e+02  3.838e-105  4.532e-105
6.530e+02  6.019e-105  7.105e-105
6.540e+02  9.426e-105  1.112e-104
6.550e+02  1.474e-104  1.739e-104
6.560e+02  2.302e-104  2.716e-104
6.570e+02  3.591e-104  4.235e-104
6.580e+02  5.593e-104  6.596e-104
6.590e+02  8.702e-104  1.026e-103
6.600e+02  1.352e-103  1.594e-103
6.610e+02  2.099e-103  2.475e-103
6.620e+02  3.255e-103  3.837e-103
6.630e+02  5.041e-103  5.943e-103
6.640e+02  7.801e-103  9.194e-103
6.650e+02  1.206e-102  1.421e-102
6.660e+02  1.862e-102  2.194e-102
6.670e+02  2.873e-102  3.385e-102
6.680e+02  4.427e-102  5.217e-102
6.690e+02  6.818e-102  8.034e-102
6.700e+02  1.049e-101  1.236e-101
6.710e+02  1.612e-101  1.900e-101
6.720e+02  2.476e-101  2.918e-101
6.730e+02  3.800e-101  4.478e-101
6.740e+02  5.827e-101  6.866e-101
6.750e+02  8.928e-101  1.052e-100
6.760e+02  1.367e-100  1.610e-100
6.770e+02  2.091e-100  2.463e-100
6.780e+02  3.196e-100  3.765e-100
6.790e+02  4.881e-100  5.750e-100
6.800e+02  7.449e-100  8.776e-100
6.810e+02  1.136e-99  1.338e-99
6.820e+02  1.731e-99  2.040e-99
6.830e+02  2.637e-99  3.106e-99
6.840e+02  4.013e-99  4.727e-99
6.850e+02  6.103e-99  7.190e-99
6.860e+02  9.275e-99  1.093e-98
6.870e+02  1.409e-98  1.659e-98
6.880e+02  2.138e-98  2.519e-98
6.890e+02  3.243e-98  3.820e-98
6.900e+02  4.915e-98  5.790e-98
6.910e+02  7.445e-98  8.770e-98
6.920e+02  1.127e-97  1.328e-97
6.930e+02  1.705e-97  2.008e-97
6.940e+02  2.578e-97  3.036e-97
6.950e+02  3.895e-97  4.588e-97
6.960e+02  5.881e-97  6.928e-97
6.970e+02  8.875e-97  1.045e-96
6.980e+02  1.338e-96  1.577e-96
6.990e+02  2.017e-96  2.376e-96
7.000e+02  3.039e-96  3.580e-96
7.010e+02  4.575e-96  5.389e-96
7.020e+02  6.883e-96  8.107e-96
7.030e+02  1.035e-95  1.219e-95
7.040e+02  1.555e-95  1.832e-95
7.050e+02  2.336e-95  2.751e-95
7.060e+02  3.506e-95  4.130e-95
7.070e+02  5.260e-95  6.196e-95
7.080e+02  7.886e-95  9.289e-95
7.090e+02  1.182e-94  1.392e-94
7.100e+02  1.770e-94  2.085e-94
7.110e+02  2.649e-94  3.120e-94
7.120e+02  3.962e-94  4.668e-94
7.130e+02  5.924e-94  6.979e-94
7.140e+02  8.853e-94  1.043e-93
7.150e+02  1.322e-93  1.557e-93
7.160e+02  1.973e-93  2.325e-93
7.170e+02  2.944e-93  3.468e-93
7.180e+02  4.389e-93  5.170e-93
7.190e+02  6.541e-93  7.705e-93
7.200e+02  9.742e-93  1.148e-92
7.210e+02  1.450e-92  1.708e-92
7.220e+02  2.157e-92  2.541e-92
7.230e+02  3.208e-92  3.779e-92
7.240e+02  4.768e-92  5.616e-92
7.250e+02  7.082e-92  8.342e-92
7.260e+02  1.051e-91  1.238e-91
7.270e+02  1.560e-91  1.838e-91
7.280e+02  2.314e-91  2.725e-91
7.290e+02  3.429e-91  4.040e-91
7.300e+02  5.081e-91  5.985e-91
7.310e+02  7.523e-91  8.861e-91
7.320e+02  1.113e-90  1.311e-90
7.330e+02  1.647e-90  1.940e-90
7.340e+02  2.434e-90  2.868e-90
7.350e+02  3.597e-90  4.237e-90
7.360e+02  5.313e-90  6.258e-90
7.370e+02  7.842e-90  9.237e-90
7.380e+02  1.157e-89  1.363e-89
7.390e+02  1.706e-89  2.009e-89
7.400e+02  2.514e-89  2.962e-89
7.410e+02  3.704e-89  4.363e-89
7.420e+02  5.453e-89  6.423e-89
7.430e+02  8.024e-89  9.451e-89
7.440e+02  1.180e-88  1.390e-88
7.450e+02  1.735e-88  2.044e-88
7.460e+02  2.549e-88  3.003e-88
7.470e+02  3.743e-88  4.409e-88
7.480e+02  5.494e-88  6.472e-88
7.490e+02  8.060e-88  9.495e-88
7.500e+02  1.182e-87  1.392e-87
7.510e+02  1.732e-87  2.040e-87
7.520e+02  2.537e-87  2.989e-87
7.530e+02  3.715e-87  4.376e-87
7.540e+02  5.436e-87  6.403e-87
7.550e+02  7.951e-87  9.366e-87
7.560e+02  1.162e-86  1.369e-86
7.570e+02  1.698e-86  2.001e-86
7.580e+02  2.480e-86  2.922e-86
7.590e+02  3.620e-86  4.265e-86
7.600e+02  5.282e-86  6.222e-86
7.610e+02  7.702e-86  9.073e-86
7.620e+02  1.123e-85  1.322e-85
7.630e+02  1.635e-85  1.926e-85
7.640e+02  2.381e-85  2.805e-85
7.650e+02  3.465e-85  4.082e-85
7.660e+02  5.041e-85  5.938e-85
7.670e+02  7.329e-85  8.633e-85
7.680e+02  1.065e-84  1.254e-84
7.690e+02  1.547e-84  1.822e-84
7.700e+02  2.245e-84  2.645e-84
7.710e+02  3.258e-84  3.838e-84
7.720e+02  4.725e-84  5.566e-84
7.730e+02  6.849e-84  8.068e-84
7.740e+02  9.924e-84  1.169e-83
7.750e+02  1.437e-83  1.693e-83
7.760e+02  2.080e-83  2.450e-83
7.770e+02  3.009e-83  3.545e-83
7.780e+02  4.351e-83  5.125e-83
7.790e+02  6.288e-83  7.407e-83
7.800e+02  9.084e-83  1.070e-82
7.810e+02  1.312e-82  1.545e-82
7.820e+02  1.893e-82  2.230e-82
7.830e+02  2.730e-82  3.216e-82
7.840e+02  3.936e-82  4.636e-82
7.850e+02  5.672e-82  6.681e-82
7.860e+02  8.169e-82  9.623e-82
7.870e+02  1.176e-81  1.385e-81
7.880e+02  1.692e-81  1.993e-81
7.890e+02  2.433e-81  2.866e-81
7.900e+02  3.498e-81  4.120e-81
7.910e+02  5.026e-81  5.920e-81
7.920e+02  7.217e-81  8.501e-81
7.930e+02  1.036e-80  1.220e-80
7.940e+02  1.486e-80  1.751e-80
7.950e+02  2.131e-80  2.510e-80
7.960e+02  3.054e-80  3.598e-80
7.970e+02  4.375e-80  5.154e-80
7.980e+02  6.265e-80  7.379e-80
7.990e+02  8.966e-80  1.056e-79
8.000e+02  1.282e-79  1.511e-79
8.010e+02  1.834e-79  2.160e-79
8.020e+02  2.620e-79  3.086e-79
8.030e+02  3.743e-79  4.408e-79
8.040e+02  5.343e-79  6.294e-79
8.050e+02  7.624e-79  8.981e-79
8.060e+02  1.087e-78  1.281e-78
8.070e+02  1.550e-78  1.826e-78
8.080e+02  2.209e-78  2.602e-78
8.090e+02  3.145e-78  3.705e-78
8.100e+02  4.477e-78  5.274e-78
8.110e+02  6.370e-78  7.503e-78
8.120e+02  9.058e-78  1.067e-77
8.130e+02  1.288e-77  1.517e-77
8.140e+02  1.829e-77  2.155e-77
8.150e+02  2.597e-77  3.060e-77
8.160e+02  3.686e-77  4.342e-77
8.170e+02  5.229e-77  6.160e-77
8.180e+02  7.415e-77  8.734e-77
8.190e+02  1.051e-76  1.238e-76
8.200e+02  1.489e-76  1.753e-76
8.210e+02  2.107e-76  2.482e-76
8.220e+02  2.982e-76  3.513e-76
8.230e+02  4.218e-76  4.969e-76
8.240e+02  5.964e-76  7.025e-76
8.250e+02  8.427e-76  9.927e-76
8.260e+02  1.190e-75  1.402e-75
8.270e+02  1.680e-75  1.979e-75
8.280e+02  2.371e-75  2.793e-75
8.290e+02  3.344e-75  3.939e-75
8.300e+02  4.713e-75  5.552e-75
8.310e+02  6.641e-75  7.822e-75
8.320e+02  9.352e-75  1.102e-74
8.330e+02  1.316e-74  1.551e-74
8.340e+02  1.852e-74  2.181e-74
8.350e+02  2.604e-74  3.067e-74
8.360e+02  3.660e-74  4.311e-74
8.370e+02  5.142e-74  6.057e-74
8.380e+02  7.220e-74  8.504e-74
8.390e+02  1.013e-73  1.194e-73
8.400e+02  1.421e-73  1.674e-73
8.410e+02  1.993e-73  2.347e-73
8.420e+02  2.793e-73  3.290e-73
8.430e+02  3.912e-73  4.608e-73
8.440e+02  5.477e-73  6.452e-73
8.450e+02  7.664e-73  9.028e-73
8.460e+02  1.072e-72  1.263e-72
8.470e+02  1.499e-72  1.765e-72
8.480e+02  2.094e-72  2.467e-72
8.490e+02  2.925e-72  3.445e-72
8.500e+02  4.083e-72  4.809e-72
8.510e+02  5.696e-72  6.710e-72
8.520e+02  7.944e-72  9.358e-72
8.530e+02  1.107e-71  1.304e-71
8.540e+02  1.543e-71  1.817e-71
8.550e+02  2.148e-71  2.531e-71
8.560e+02  2.990e-71  3.523e-71
8.570e+02  4.160e-71  4.901e-71
8.580e+02  5.785e-71  6.814e-71
8.590e+02  8.040e-71  9.471e-71
8.600e+02  1.117e-70  1.316e-70
8.610e+02  1.551e-70  1.827e-70
8.620e+02  2.152e-70  2.535e-70
8.630e+02  2.986e-70  3.517e-70
8.640e+02  4.139e-70  4.876e-70
8.650e+02  5.736e-70  6.757e-70
8.660e+02  7.946e-70  9.360e-70
8.670e+02  1.100e-69  1.296e-69
8.680e+02  1.522e-69  1.793e-69
8.690e+02  2.105e-69  2.480e-69
8.700e+02  2.911e-69  3.428e-69
8.710e+02  4.022e-69  4.737e-69
8.720e+02  5.554e-69  6.542e-69
8.730e+02  7.667e-69  9.031e-69
8.740e+02  1.058e-68  1.246e-68
8.750e+02  1.459e-68  1.718e-68
8.760e+02  2.011e-68  2.369e-68
8.770e+02  2.770e-68  3.263e-68
8.780e+02  3.815e-68  4.494e-68
8.790e+02  5.251e-68  6.185e-68
8.800e+02  7.224e-68  8.509e-68
8.810e+02  9.933e-68  1.170e-67
8.820e+02  1.365e-67  1.608e-67
8.830e+02  1.875e-67  2.209e-67
8.840e+02  2.575e-67  3.033e-67
8.850e+02  3.534e-67  4.162e-67
8.860e+02  4.847e-67  5.709e-67
8.870e+02  6.645e-67  7.828e-67
8.880e+02  9.106e-67  1.073e-66
8.890e+02  1.247e-66  1.469e-66
8.900e+02  1.708e-66  2.011e-66
8.910e+02  2.337e-66  2.752e-66
8.920e+02  3.196e-66  3.764e-66
8.930e+02  4.369e-66  5.146e-66
8.940e+02  5.969e-66  7.031e-66
8.950e+02  8.152e-66  9.602e-66
8.960e+02  1.113e-65  1.311e-65
8.970e+02  1.518e-65  1.788e-65
8.980e+02  2.070e-65  2.439e-65
8.990e+02  2.822e-65  3.324e-65
9.000e+02  3.844e-65  4.528e-65
9.010e+02  5.235e-65  6.166e-65
9.020e+02  7.125e-65  8.393e-65
9.030e+02  9.693e-65  1.142e-64
9.040e+02  1.318e-64  1.552e-64
9.050e+02  1.791e-64  2.110e-64
9.060e+02  2.433e-64  2.866e-64
9.070e+02  3.303e-64  3.891e-64
9.080e+02  4.483e-64  5.280e-64
9.090e+02  6.080e-64  7.162e-64
9.100e+02  8.244e-64  9.710e-64
9.110e+02  1.117e-63  1.316e-63
9.120e+02  1.513e-63  1.782e-63
9.130e+02  2.048e-63  2.413e-63
9.140e+02  2.771e-63  3.265e-63
9.150e+02  3.748e-63  4.415e-63
9.160e+02  5.067e-63  5.968e-63
9.170e+02  6.846e-63  8.064e-63
9.180e+02  9.245e-63  1.089e-62
9.190e+02  1.248e-62  1.470e-62
9.200e+02  1.684e-62  1.983e-62
9.210e+02  2.270e-62  2.674e-62
9.220e+02  3.060e-62  3.604e-62
9.230e+02  4.122e-62  4.856e-62
9.240e+02  5.550e-62  6.538e-62
9.250e+02  7.470e-62  8.799e-62
9.260e+02  1.005e-61  1.184e-61
9.270e+02  1.351e-61  1.591e-61
9.280e+02  1.816e-61  2.139e-61
9.290e+02  2.439e-61  2.873e-61
9.300e+02  3.274e-61  3.857e-61
9.310e+02  4.394e-61  5.176e-61
9.320e+02  5.893e-61  6.942e-61
9.330e+02  7.901e-61  9.307e-61
9.340e+02  1.059e-60  1.247e-60
9.350e+02  1.418e-60  1.670e-60
9.360e+02  1.898e-60  2.236e-60
9.370e+02  2.540e-60  2.991e-60
9.380e+02  3.396e-60  4.001e-60
9.390e+02  4.540e-60  5.348e-60
9.400e+02  6.065e-60  7.145e-60
9.410e+02  8.100e-60  9.541e-60
9.420e+02  1.081e-59  1.273e-59
9.430e+02  1.442e-59  1.699e-59
9.440e+02  1.923e-59  2.265e-59
9.450e+02  2.563e-59  3.019e-59
9.460e+02  3.414e-59  4.022e-59
9.470e+02  4.546e-59  5.355e-59
9.480e+02  6.050e-59  7.127e-59
9.490e+02  8.048e-59  9.480e-59
9.500e+02  1.070e-58  1.260e-58
9.510e+02  1.422e-58  1.675e-58
9.520e+02  1.889e-58  2.225e-58
9.530e+02  2.507e-58  2.953e-58
9.540e+02  3.327e-58  3.919e-58
9.550e+02  4.413e-58  5.198e-58
9.560e+02  5.850e-58  6.890e-58
9.570e+02  7.751e-58  9.130e-58
9.580e+02  1.026e-57  1.209e-57
9.590e+02  1.359e-57  1.601e-57
9.600e+02  1.798e-57  2.118e-57
9.610e+02  2.377e-57  2.800e-57
9.620e+02  3.142e-57  3.701e-57
9.630e+02  4.151e-57  4.890e-57
9.640e+02  5.482e-57  6.457e-57
9.650e+02  7.235e-57  8.522e-57
9.660e+02  9.544e-57  1.124e-56
9.670e+02  1.258e-56  1.482e-56
9.680e+02  1.659e-56  1.954e-56
9.690e+02  2.185e-56  2.573e-56
9.700e+02  2.876e-56  3.388e-56
9.710e+02  3.785e-56  4.459e-56
9.720e+02  4.979e-56  5.865e-56
9.730e+02  6.546e-56  7.711e-56
9.740e+02  8.602e-56  1.013e-55
9.750e+02  1.130e-55  1.331e-55
9.760e+02  1.483e-55  1.747e-55
9.770e+02  1.946e-55  2.292e-55
9.780e+02  2.552e-55  3.006e-55
9.790e+02  3.346e-55  3.941e-55
9.800e+02  4.383e-55  5.163e-55
9.810e+02  5.740e-55  6.762e-55
9.820e+02  7.514e-55  8.851e-55
9.830e+02  9.830e-55  1.158e-54
9.840e+02  1.285e-54  1.514e-54
9.850e+02  1.680e-54  1.979e-54
9.860e+02  2.195e-54  2.586e-54
9.870e+02  2.866e-54  3.376e-54
9.880e+02  3.741e-54  4.406e-54
9.890e+02  4.879e-54  5.748e-54
9.900e+02  6.362e-54  7.494e-54
9.910e+02  8.291e-54  9.766e-54
9.920e+02  1.080e-53  1.272e-53
9.930e+02  1.406e-53  1.656e-53
9.940e+02  1.830e-53  2.155e-53
9.950e+02  2.380e-53  2.803e-53
9.960e+02  3.094e-53  3.644e-53
9.970e+02  4.020e-53  4.736e-53
9.980e+02  5.222e-53  6.151e-53
9.990e+02  6.778e-53  7.984e-53
1.000e+03  8.795e-53  1.036e-52
1.001e+03  1.141e-52  1.344e-52
1.002e+03  1.479e-52  1.742e-52
1.003e+03  1.916e-52  2.256e-52
1.004e+03  2.481e-52  2.922e-52
1.005e+03  3.211e-52  3.782e-52
1.006e+03  4.154e-52  4.893e-52
1.007e+03  5.372e-52  6.327e-52
1.008e+03  6.943e-52  8.178e-52
1.009e+03  8.969e-52  1.056e-51
1.010e+03  1.158e-51  1.364e-51
1.011e+03  1.495e-51  1.761e-51
1.012e+03  1.928e-51  2.271e-51
1.013e+03  2.486e-51  2.928e-51
1.014e+03  3.204e-51  3.774e-51
1.015e+03  4.126e-51  4.861e-51
1.016e+03  5.313e-51  6.258e-51
1.017e+03  6.837e-51  8.053e-51
1.018e+03  8.793e-51  1.036e-50
1.019e+03  1.130e-50  1.332e-50
1.020e+03  1.453e-50  1.711e-50
1.021e+03  1.866e-50  2.198e-50
1.022e+03  2.395e-50  2.821e-50
1.023e+03  3.073e-50  3.620e-50
1.024e+03  3.941e-50  4.642e-50
1.025e+03  5.052e-50  5.951e-50
1.026e+03  6.473e-50  7.624e-50
1.027e+03  8.289e-50  9.764e-50
1.028e+03  1.061e-49  1.250e-49
1.029e+03  1.357e-49  1.599e-49
1.030e+03  1.736e-49  2.045e-49
1.031e+03  2.219e-49  2.613e-49
1.032e+03  2.834e-49  3.339e-49
1.033e+03  3.619e-49  4.263e-49
1.034e+03  4.619e-49  5.441e-49
1.035e+03  5.893e-49  6.941e-49
1.036e+03  7.514e-49  8.851e-49
1.037e+03  9.576e-49  1.128e-48
1.038e+03  1.220e-48  1.437e-48
1.039e+03  1.553e-48  1.829e-48
1.040e+03  1.977e-48  2.328e-48
1.041e+03  2.514e-48  2.961e-48
1.042e+03  3.196e-48  3.765e-48
1.043e+03  4.062e-48  4.785e-48
1.044e+03  5.159e-48  6.077e-48
1.045e+03  6.550e-48  7.715e-48
1.046e+03  8.312e-48  9.791e-48
1.047e+03  1.054e-47  1.242e-47
1.048e+03  1.336e-47  1.574e-47
1.049e+03  1.693e-47  1.995e-47
1.050e+03  2.145e-47  2.526e-47
1.051e+03  2.715e-47  3.198e-47
1.052e+03  3.435e-47  4.047e-47
1.053e+03  4.345e-47  5.118e-47
1.054e+03  5.492e-47  6.469e-47
1.055e+03  6.939e-47  8.174e-47
1.056e+03  8.763e-47  1.032e-46
1.057e+03  1.106e-46  1.303e-46
1.058e+03  1.396e-46  1.644e-46
1.059e+03  1.760e-46  2.073e-46
1.060e+03  2.218e-46  2.613e-46
1.061e+03  2.795e-46  3.292e-46
1.062e+03  3.519e-46  4.146e-46
1.063e+03  4.430e-46  5.218e-46
1.064e+03  5.573e-46  6.565e-46
1.065e+03  7.008e-46  8.255e-46
1.066e+03  8.808e-46  1.038e-45
1.067e+03  1.107e-45  1.303e-45
1.068e+03  1.389e-45  1.637e-45
1.069e+03  1.744e-45  2.054e-45
1.070e+03  2.188e-45  2.577e-45
1.071e+03  2.743e-45  3.231e-45
1.072e+03  3.438e-45  4.050e-45
1.073e+03  4.307e-45  5.073e-45
1.074e+03  5.393e-45  6.352e-45
1.075e+03  6.749e-45  7.950e-45
1.076e+03  8.443e-45  9.945e-45
1.077e+03  1.056e-44  1.244e-44
1.078e+03  1.319e-44  1.554e-44
1.079e+03  1.648e-44  1.941e-44
1.080e+03  2.058e-44  2.424e-44
1.081e+03  2.568e-44  3.025e-44
1.082e+03  3.204e-44  3.774e-44
1.083e+03  3.995e-44  4.705e-44
1.084e+03  4.978e-44  5.864e-44
1.085e+03  6.201e-44  7.305e-44
1.086e+03  7.721e-44  9.095e-44
1.087e+03  9.609e-44  1.132e-43
1.088e+03  1.195e-43  1.408e-43
1.089e+03  1.486e-43  1.751e-43
1.090e+03  1.847e-43  2.176e-43
1.091e+03  2.294e-43  2.703e-43
1.092e+03  2.849e-43  3.356e-43
1.093e+03  3.536e-43  4.165e-43
1.094e+03  4.386e-43  5.166e-43
1.095e+03  5.438e-43  6.405e-43
1.096e+03  6.739e-43  7.939e-43
1.097e+03  8.349e-43  9.834e-43
1.098e+03  1.034e-42  1.218e-42
1.099e+03  1.279e-42  1.507e-42
1.100e+03  1.583e-42  1.864e-42
1.101e+03  1.957e-42  2.305e-42
1.102e+03  2.419e-42  2.849e-42
1.103e+03  2.988e-42  3.520e-42
1.104e+03  3.690e-42  4.346e-42
1.105e+03  4.554e-42  5.364e-42
1.106e+03  5.618e-42  6.618e-42
1.107e+03  6.928e-42  8.160e-42
1.108e+03  8.539e-42  1.006e-41
1.109e+03  1.052e-41  1.239e-41
1.110e+03  1.296e-41  1.526e-41
1.111e+03  1.595e-41  1.878e-41
1.112e+03  1.962e-41  2.311e-41
1.113e+03  2.413e-41  2.842e-41
1.114e+03  2.966e-41  3.494e-41
1.115e+03  3.644e-41  4.293e-41
1.116e+03  4.476e-41  5.272e-41
1.117e+03  5.495e-41  6.472e-41
1.118e+03  6.742e-41  7.942e-41
1.119e+03  8.270e-41  9.741e-41
1.120e+03  1.014e-40  1.194e-40
1.121e+03  1.242e-40  1.463e-40
1.122e+03  1.522e-40  1.793e-40
1.123e+03  1.863e-40  2.195e-40
1.124e+03  2.280e-40  2.686e-40
1.125e+03  2.790e-40  3.286e-40
1.126e+03  3.411e-40  4.018e-40
1.127e+03  4.169e-40  4.911e-40
1.128e+03  5.094e-40  6.000e-40
1.129e+03  6.220e-40  7.327e-40
1.130e+03  7.593e-40  8.944e-40
1.131e+03  9.264e-40  1.091e-39
1.132e+03  1.130e-39  1.331e-39
1.133e+03  1.377e-39  1.623e-39
1.134e+03  1.679e-39  1.977e-39
1.135e+03  2.045e-39  2.408e-39
1.136e+03  2.489e-39  2.932e-39
1.137e+03  3.030e-39  3.569e-39
1.138e+03  3.686e-39  4.342e-39
1.139e+03  4.482e-39  5.280e-39
1.140e+03  5.448e-39  6.417e-39
1.141e+03  6.620e-39  7.797e-39
1.142e+03  8.040e-39  9.470e-39
1.143e+03  9.760e-39  1.150e-38
1.144e+03  1.184e-38  1.395e-38
1.145e+03  1.437e-38  1.692e-38
1.146e+03  1.742e-38  2.052e-38
1.147e+03  2.112e-38  2.487e-38
1.148e+03  2.558e-38  3.013e-38
1.149e+03  3.098e-38  3.649e-38
1.150e+03  3.751e-38  4.418e-38
1.151e+03  4.539e-38  5.346e-38
1.152e+03  5.490e-38  6.467e-38
1.153e+03  6.639e-38  7.820e-38
1.154e+03  8.024e-38  9.452e-38
1.155e+03  9.695e-38  1.142e-37
1.156e+03  1.171e-37  1.379e-37
1.157e+03  1.414e-37  1.665e-37
1.158e+03  1.706e-37  2.009e-37
1.159e+03  2.058e-37  2.424e-37
1.160e+03  2.482e-37  2.923e-37
1.161e+03  2.992e-37  3.524e-37
1.162e+03  3.605e-37  4.246e-37
1.163e+03  4.342e-37  5.115e-37
1.164e+03  5.229e-37  6.159e-37
1.165e+03  6.293e-37  7.413e-37
1.166e+03  7.572e-37  8.920e-37
1.167e+03  9.108e-37  1.073e-36
1.168e+03  1.095e-36  1.290e-36
1.169e+03  1.316e-36  1.550e-36
1.170e+03  1.581e-36  1.863e-36
1.171e+03  1.899e-36  2.237e-36
1.172e+03  2.281e-36  2.686e-36
1.173e+03  2.737e-36  3.224e-36
1.174e+03  3.284e-36  3.868e-36
1.175e+03  3.939e-36  4.640e-36
1.176e+03  4.723e-36  5.563e-36
1.177e+03  5.661e-36  6.668e-36
1.178e+03  6.783e-36  7.990e-36
1.179e+03  8.125e-36  9.570e-36
1.180e+03  9.729e-36  1.146e-35
1.181e+03  1.165e-35  1.372e-35
1.182e+03  1.394e-35  1.641e-35
1.183e+03  1.667e-35  1.964e-35
1.184e+03  1.994e-35  2.348e-35
1.185e+03  2.383e-35  2.807e-35
1.186e+03  2.848e-35  3.355e-35
1.187e+03  3.403e-35  4.009e-35
1.188e+03  4.065e-35  4.788e-35
1.189e+03  4.854e-35  5.717e-35
1.190e+03  5.794e-35  6.824e-35
1.191e+03  6.914e-35  8.144e-35
1.192e+03  8.248e-35  9.716e-35
1.193e+03  9.837e-35  1.159e-34
1.194e+03  1.173e-34  1.382e-34
1.195e+03  1.398e-34  1.647e-34
1.196e+03  1.666e-34  1.962e-34
1.197e+03  1.985e-34  2.338e-34
1.198e+03  2.364e-34  2.784e-34
1.199e+03  2.815e-34  3.315e-34
1.200e+03  3.350e-34  3.946e-34
1.201e+03  3.987e-34  4.696e-34
1.202e+03  4.743e-34  5.587e-34
1.203e+03  5.642e-34  6.646e-34
1.204e+03  6.709e-34  7.903e-34
1.205e+03  7.976e-34  9.395e-34
1.206e+03  9.480e-34  1.117e-33
1.207e+03  1.126e-33  1.327e-33
1.208e+03  1.338e-33  1.576e-33
1.209e+03  1.589e-33  1.872e-33
1.210e+03  1.887e-33  2.223e-33
1.211e+03  2.241e-33  2.639e-33
1.212e+03  2.659e-33  3.132e-33
1.213e+03  3.156e-33  3.717e-33
1.214e+03  3.744e-33  4.410e-33
1.215e+03  4.440e-33  5.230e-33
1.216e+03  5.266e-33  6.202e-33
1.217e+03  6.243e-33  7.354e-33
1.218e+03  7.401e-33  8.717e-33
1.219e+03  8.771e-33  1.033e-32
1.220e+03  1.039e-32  1.224e-32
1.221e+03  1.231e-32  1.450e-32
1.222e+03  1.458e-32  1.718e-32
1.223e+03  1.727e-32  2.034e-32
1.224e+03  2.045e-32  2.408e-32
1.225e+03  2.420e-32  2.851e-32
1.226e+03  2.865e-32  3.374e-32
1.227e+03  3.390e-32  3.993e-32
1.228e+03  4.011e-32  4.724e-32
1.229e+03  4.745e-32  5.589e-32
1.230e+03  5.612e-32  6.610e-32
1.231e+03  6.637e-32  7.817e-32
1.232e+03  7.847e-32  9.242e-32
1.233e+03  9.277e-32  1.093e-31
1.234e+03  1.096e-31  1.291e-31
1.235e+03  1.296e-31  1.526e-31
1.236e+03  1.531e-31  1.804e-31
1.237e+03  1.809e-31  2.131e-31
1.238e+03  2.137e-31  2.517e-31
1.239e+03  2.524e-31  2.973e-31
1.240e+03  2.981e-31  3.511e-31
1.241e+03  3.520e-31  4.146e-31
1.242e+03  4.155e-31  4.894e-31
1.243e+03  4.905e-31  5.778e-31
1.244e+03  5.790e-31  6.819e-31
1.245e+03  6.833e-31  8.048e-31
1.246e+03  8.063e-31  9.496e-31
1.247e+03  9.512e-31  1.120e-30
1.248e+03  1.122e-30  1.322e-30
1.249e+03  1.324e-30  1.559e-30
1.250e+03  1.561e-30  1.839e-30
1.251e+03  1.841e-30  2.168e-30
1.252e+03  2.171e-30  2.557e-30
1.253e+03  2.559e-30  3.014e-30
1.254e+03  3.017e-30  3.553e-30
1.255e+03  3.556e-30  4.188e-30
1.256e+03  4.191e-30  4.936e-30
1.257e+03  4.939e-30  5.817e-30
1.258e+03  5.819e-30  6.854e-30
1.259e+03  6.856e-30  8.075e-30
1.260e+03  8.077e-30  9.513e-30
1.261e+03  9.514e-30  1.121e-29
1.262e+03  1.121e-29  1.320e-29
1.263e+03  1.320e-29  1.554e-29
1.264e+03  1.554e-29  1.830e-29
1.265e+03  1.830e-29  2.155e-29
1.266e+03  2.154e-29  2.537e-29
1.267e+03  2.536e-29  2.986e-29
1.268e+03  2.984e-29  3.515e-29
1.269e+03  3.512e-29  4.137e-29
1.270e+03  4.134e-29  4.868e-29
1.271e+03  4.864e-29  5.728e-29
1.272e+03  5.723e-29  6.740e-29
1.273e+03  6.733e-29  7.929e-29
1.274e+03  7.920e-29  9.327e-29
1.275e+03  9.315e-29  1.097e-28
1.276e+03  1.096e-28  1.290e-28
1.277e+03  1.288e-28  1.517e-28
1.278e+03  1.515e-28  1.784e-28
1.279e+03  1.781e-28  2.098e-28
1.280e+03  2.094e-28  2.466e-28
1.281e+03  2.462e-28  2.899e-28
1.282e+03  2.894e-28  3.408e-28
1.283e+03  3.401e-28  4.005e-28
1.284e+03  3.997e-28  4.707e-28
1.285e+03  4.696e-28  5.531e-28
1.286e+03  5.518e-28  6.498e-28
1.287e+03  6.483e-28  7.635e-28
1.288e+03  7.616e-28  8.969e-28
1.289e+03  8.946e-28  1.053e-27
1.290e+03  1.051e-27  1.237e-27
1.291e+03  1.234e-27  1.453e-27
1.292e+03  1.449e-27  1.706e-27
1.293e+03  1.701e-27  2.004e-27
1.294e+03  1.998e-27  2.352e-27
1.295e+03  2.345e-27  2.762e-27
1.296e+03  2.753e-27  3.242e-27
1.297e+03  3.231e-27  3.805e-27
1.298e+03  3.792e-27  4.466e-27
1.299e+03  4.450e-27  5.241e-27
1.300e+03  5.222e-27  6.149e-27
1.301e+03  6.127e-27  7.215e-27
1.302e+03  7.188e-27  8.465e-27
1.303e+03  8.433e-27  9.930e-27
1.304e+03  9.892e-27  1.165e-26
1.305e+03  1.160e-26  1.366e-26
1.306e+03  1.361e-26  1.602e-26
1.307e+03  1.596e-26  1.879e-26
1.308e+03  1.871e-26  2.203e-26
1.309e+03  2.194e-26  2.583e-26
1.310e+03  2.572e-26  3.028e-26
1.311e+03  3.015e-26  3.550e-26
1.312e+03  3.533e-26  4.161e-26
1.313e+03  4.141e-26  4.876e-26
1.314e+03  4.853e-26  5.715e-26
1.315e+03  5.687e-26  6.696e-26
1.316e+03  6.664e-26  7.846e-26
1.317e+03  7.807e-26  9.193e-26
1.318e+03  9.147e-26  1.077e-25
1.319e+03  1.071e-25  1.262e-25
1.320e+03  1.255e-25  1.478e-25
1.321e+03  1.470e-25  1.731e-25
1.322e+03  1.721e-25  2.027e-25
1.323e+03  2.016e-25  2.373e-25
1.324e+03  2.360e-25  2.779e-25
1.325e+03  2.763e-25  3.253e-25
1.326e+03  3.235e-25  3.809e-25
1.327e+03  3.787e-25  4.459e-25
1.328e+03  4.433e-25  5.219e-25
1.329e+03  5.188e-25  6.108e-25
1.330e+03  6.072e-25  7.148e-25
1.331e+03  7.105e-25  8.365e-25
1.332e+03  8.314e-25  9.788e-25
1.333e+03  9.728e-25  1.145e-24
1.334e+03  1.138e-24  1.340e-24
1.335e+03  1.331e-24  1.567e-24
1.336e+03  1.557e-24  1.833e-24
1.337e+03  1.822e-24  2.144e-24
1.338e+03  2.130e-24  2.508e-24
1.339e+03  2.492e-24  2.933e-24
1.340e+03  2.914e-24  3.430e-24
1.341e+03  3.407e-24  4.010e-24
1.342e+03  3.983e-24  4.689e-24
1.343e+03  4.657e-24  5.482e-24
1.344e+03  5.444e-24  6.408e-24
1.345e+03  6.364e-24  7.491e-24
1.346e+03  7.438e-24  8.755e-24
1.347e+03  8.693e-24  1.023e-23
1.348e+03  1.016e-23  1.196e-23
1.349e+03  1.187e-23  1.397e-23
1.350e+03  1.387e-23  1.633e-23
1.351e+03  1.621e-23  1.908e-23
1.352e+03  1.894e-23  2.229e-23
1.353e+03  2.213e-23  2.604e-23
1.354e+03  2.585e-23  3.042e-23
1.355e+03  3.019e-23  3.553e-23
1.356e+03  3.526e-23  4.150e-23
1.357e+03  4.119e-23  4.847e-23
1.358e+03  4.810e-23  5.661e-23
1.359e+03  5.617e-23  6.610e-23
1.360e+03  6.559e-23  7.718e-23
1.361e+03  7.658e-23  9.012e-23
1.362e+03  8.941e-23  1.052e-22
1.363e+03  1.044e-22  1.228e-22
1.364e+03  1.219e-22  1.434e-22
1.365e+03  1.423e-22  1.674e-22
1.366e+03  1.660e-22  1.954e-22
1.367e+03  1.938e-22  2.280e-22
1.368e+03  2.262e-22  2.661e-22
1.369e+03  2.640e-22  3.106e-22
1.370e+03  3.080e-22  3.624e-22
1.371e+03  3.594e-22  4.229e-22
1.372e+03  4.194e-22  4.934e-22
1.373e+03  4.893e-22  5.757e-22
1.374e+03  5.709e-22  6.716e-22
1.375e+03  6.660e-22  7.835e-22
1.376e+03  7.769e-22  9.140e-22
1.377e+03  9.063e-22  1.066e-21
1.378e+03  1.057e-21  1.243e-21
1.379e+03  1.233e-21  1.450e-21
1.380e+03  1.438e-21  1.691e-21
1.381e+03  1.677e-21  1.972e-21
1.382e+03  1.955e-21  2.300e-21
1.383e+03  2.280e-21  2.682e-21
1.384e+03  2.659e-21  3.127e-21
1.385e+03  3.100e-21  3.646e-21
1.386e+03  3.614e-21  4.251e-21
1.387e+03  4.214e-21  4.955e-21
1.388e+03  4.912e-21  5.777e-21
1.389e+03  5.726e-21  6.734e-21
1.390e+03  6.674e-21  7.849e-21
1.391e+03  7.779e-21  9.148e-21
1.392e+03  9.067e-21  1.066e-20
1.393e+03  1.057e-20  1.243e-20
1.394e+03  1.232e-20  1.448e-20
1.395e+03  1.435e-20  1.687e-20
1.396e+03  1.672e-20  1.966e-20
1.397e+03  1.949e-20  2.291e-20
1.398e+03  2.271e-20  2.669e-20
1.399e+03  2.645e-20  3.110e-20
1.400e+03  3.082e-20  3.623e-20
1.401e+03  3.591e-20  4.221e-20
1.402e+03  4.183e-20  4.917e-20
1.403e+03  4.873e-20  5.727e-20
1.404e+03  5.676e-20  6.671e-20
1.405e+03  6.611e-20  7.770e-20
1.406e+03  7.700e-20  9.049e-20
1.407e+03  8.968e-20  1.054e-19
1.408e+03  1.044e-19  1.227e-19
1.409e+03  1.216e-19  1.429e-19
1.410e+03  1.416e-19  1.664e-19
1.411e+03  1.649e-19  1.938e-19
1.412e+03  1.921e-19  2.256e-19
1.413e+03  2.236e-19  2.627e-19
1.414e+03  2.604e-19  3.059e-19
1.415e+03  3.031e-19  3.561e-19
1.416e+03  3.529e-19  4.145e-19
1.417e+03  4.108e-19  4.826e-19
1.418e+03  4.783e-19  5.617e-19
1.419e+03  5.567e-19  6.538e-19
1.420e+03  6.480e-19  7.610e-19
1.421e+03  7.543e-19  8.858e-19
1.422e+03  8.779e-19  1.031e-18
1.423e+03  1.022e-18  1.200e-18
1.424e+03  1.189e-18  1.396e-18
1.425e+03  1.384e-18  1.625e-18
1.426e+03  1.610e-18  1.891e-18
1.427e+03  1.874e-18  2.200e-18
1.428e+03  2.181e-18  2.560e-18
1.429e+03  2.537e-18  2.978e-18
1.430e+03  2.952e-18  3.465e-18
1.431e+03  3.435e-18  4.031e-18
1.432e+03  3.996e-18  4.689e-18
1.433e+03  4.649e-18  5.455e-18
1.434e+03  5.409e-18  6.346e-18
1.435e+03  6.292e-18  7.382e-18
1.436e+03  7.319e-18  8.586e-18
1.437e+03  8.513e-18  9.986e-18
1.438e+03  9.902e-18  1.161e-17
1.439e+03  1.152e-17  1.351e-17
1.440e+03  1.340e-17  1.571e-17
1.441e+03  1.558e-17  1.827e-17
1.442e+03  1.812e-17  2.124e-17
1.443e+03  2.107e-17  2.470e-17
1.444e+03  2.450e-17  2.872e-17
1.445e+03  2.849e-17  3.340e-17
1.446e+03  3.313e-17  3.883e-17
1.447e+03  3.852e-17  4.515e-17
1.448e+03  4.479e-17  5.249e-17
1.449e+03  5.208e-17  6.102e-17
1.450e+03  6.055e-17  7.094e-17
1.451e+03  7.039e-17  8.246e-17
1.452e+03  8.183e-17  9.586e-17
1.453e+03  9.513e-17  1.114e-16
1.454e+03  1.106e-16  1.295e-16
1.455e+03  1.285e-16  1.505e-16
1.456e+03  1.494e-16  1.749e-16
1.457e+03  1.737e-16  2.033e-16
1.458e+03  2.018e-16  2.363e-16
1.459e+03  2.346e-16  2.746e-16
1.460e+03  2.726e-16  3.191e-16
1.461e+03  3.168e-16  3.707e-16
1.462e+03  3.682e-16  4.308e-16
1.463e+03  4.279e-16  5.005e-16
1.464e+03  4.972e-16  5.816e-16
1.465e+03  5.777e-16  6.757e-16
1.466e+03  6.713e-16  7.850e-16
1.467e+03  7.799e-16  9.119e-16
1.468e+03  9.062e-16  1.059e-15
1.469e+03  1.053e-15  1.231e-15
1.470e+03  1.223e-15  1.429e-15
1.471e+03  1.421e-15  1.660e-15
1.472e+03  1.651e-15  1.928e-15
1.473e+03  1.917e-15  2.240e-15
1.474e+03  2.227e-15  2.601e-15
1.475e+03  2.587e-15  3.021e-15
1.476e+03  3.005e-15  3.508e-15
1.477e+03  3.490e-15  4.074e-15
1.478e+03  4.053e-15  4.730e-15
1.479e+03  4.707e-15  5.493e-15
1.480e+03  5.466e-15  6.377e-15
1.481e+03  6.348e-15  7.405e-15
1.482e+03  7.371e-15  8.597e-15
1.483e+03  8.559e-15  9.980e-15
1.484e+03  9.939e-15  1.159e-14
1.485e+03  1.154e-14  1.345e-14
1.486e+03  1.340e-14  1.561e-14
1.487e+03  1.556e-14  1.812e-14
1.488e+03  1.806e-14  2.103e-14
1.489e+03  2.096e-14  2.441e-14
1.490e+03  2.434e-14  2.834e-14
1.491e+03  2.825e-14  3.288e-14
1.492e+03  3.279e-14  3.816e-14
1.493e+03  3.806e-14  4.429e-14
1.494e+03  4.418e-14  5.139e-14
1.495e+03  5.127e-14  5.963e-14
1.496e+03  5.951e-14  6.919e-14
1.497e+03  6.906e-14  8.027e-14
1.498e+03  8.014e-14  9.313e-14
1.499e+03  9.300e-14  1.080e-13
1.500e+03  1.079e-13  1.253e-13
1.501e+03  1.252e-13  1.454e-13
1.502e+03  1.453e-13  1.686e-13
1.503e+03  1.686e-13  1.956e-13
1.504e+03  1.956e-13  2.269e-13
1.505e+03  2.269e-13  2.631e-13
1.506e+03  2.632e-13  3.052e-13
1.507e+03  3.053e-13  3.539e-13
1.508e+03  3.542e-13  4.104e-13
1.509e+03  4.108e-13  4.758e-13
1.510e+03  4.765e-13  5.517e-13
1.511e+03  5.527e-13  6.397e-13
1.512e+03  6.410e-13  7.416e-13
1.513e+03  7.433e-13  8.598e-13
1.514e+03  8.620e-13  9.967e-13
1.515e+03  9.996e-13  1.155e-12
1.516e+03  1.159e-12  1.339e-12
1.517e+03  1.344e-12  1.552e-12
1.518e+03  1.558e-12  1.799e-12
1.519e+03  1.807e-12  2.085e-12
1.520e+03  2.094e-12  2.416e-12
1.521e+03  2.428e-12  2.800e-12
1.522e+03  2.814e-12  3.244e-12
1.523e+03  3.262e-12  3.759e-12
1.524e+03  3.781e-12  4.355e-12
1.525e+03  4.383e-12  5.045e-12
1.526e+03  5.079e-12  5.844e-12
1.527e+03  5.886e-12  6.769e-12
1.528e+03  6.821e-12  7.841e-12
1.529e+03  7.904e-12  9.081e-12
1.530e+03  9.158e-12  1.052e-11
1.531e+03  1.061e-11  1.218e-11
1.532e+03  1.229e-11  1.410e-11
1.533e+03  1.424e-11  1.633e-11
1.534e+03  1.650e-11  1.891e-11
1.535e+03  1.911e-11  2.189e-11
1.536e+03  2.214e-11  2.534e-11
1.537e+03  2.564e-11  2.933e-11
1.538e+03  2.969e-11  3.395e-11
1.539e+03  3.439e-11  3.930e-11
1.540e+03  3.982e-11  4.548e-11
1.541e+03  4.611e-11  5.263e-11
1.542e+03  5.339e-11  6.090e-11
1.543e+03  6.181e-11  7.046e-11
1.544e+03  7.155e-11  8.152e-11
1.545e+03  8.283e-11  9.430e-11
1.546e+03  9.588e-11  1.091e-10
1.547e+03  1.110e-10  1.262e-10
1.548e+03  1.284e-10  1.459e-10
1.549e+03  1.486e-10  1.687e-10
1.550e+03  1.720e-10  1.951e-10
1.551e+03  1.990e-10  2.256e-10
1.552e+03  2.303e-10  2.608e-10
1.553e+03  2.664e-10  3.015e-10
1.554e+03  3.082e-10  3.486e-10
1.555e+03  3.565e-10  4.029e-10
1.556e+03  4.124e-10  4.656e-10
1.557e+03  4.769e-10  5.380e-10
1.558e+03  5.515e-10  6.217e-10
1.559e+03  6.378e-10  7.183e-10
1.560e+03  7.374e-10  8.298e-10
1.561e+03  8.526e-10  9.585e-10
1.562e+03  9.856e-10  1.107e-09
1.563e+03  1.139e-09  1.278e-09
1.564e+03  1.317e-09  1.476e-09
1.565e+03  1.522e-09  1.704e-09
1.566e+03  1.759e-09  1.968e-09
1.567e+03  2.032e-09  2.271e-09
1.568e+03  2.348e-09  2.622e-09
1.569e+03  2.713e-09  3.026e-09
1.570e+03  3.134e-09  3.491e-09
1.571e+03  3.620e-09  4.028e-09
1.572e+03  4.180e-09  4.647e-09
1.573e+03  4.827e-09  5.360e-09
1.574e+03  5.574e-09  6.182e-09
1.575e+03  6.436e-09  7.128e-09
1.576e+03  7.429e-09  8.219e-09
1.577e+03  8.576e-09  9.475e-09
1.578e+03  9.897e-09  1.092e-08
1.579e+03  1.142e-08  1.259e-08
1.580e+03  1.318e-08  1.450e-08
1.581e+03  1.520e-08  1.671e-08
1.582e+03  1.754e-08  1.925e-08
1.583e+03  2.023e-08  2.217e-08
1.584e+03  2.333e-08  2.553e-08
1.585e+03  2.690e-08  2.940e-08
1.586e+03  3.102e-08  3.385e-08
1.587e+03  3.576e-08  3.896e-08
1.588e+03  4.122e-08  4.484e-08
1.589e+03  4.750e-08  5.159e-08
1.590e+03  5.474e-08  5.935e-08
1.591e+03  6.307e-08  6.827e-08
1.592e+03  7.265e-08  7.851e-08
1.593e+03  8.368e-08  9.027e-08
1.594e+03  9.636e-08  1.038e-07
1.595e+03  1.110e-07  1.193e-07
1.596e+03  1.277e-07  1.370e-07
1.597e+03  1.470e-07  1.574e-07
1.598e+03  1.692e-07  1.808e-07
1.599e+03  1.947e-07  2.077e-07
1.600e+03  2.240e-07  2.384e-07
1.601e+03  2.576e-07  2.737e-07
1.602e+03  2.963e-07  3.141e-07
1.603e+03  3.407e-07  3.604e-07
1.604e+03  3.916e-07  4.134e-07
1.605e+03  4.501e-07  4.741e-07
1.606e+03  5.172e-07  5.435e-07
1.607e+03  5.942e-07  6.230e-07
1.608e+03  6.826e-07  7.139e-07
1.609e+03  7.838e-07  8.179e-07
1.610e+03  9.000e-07  9.368e-07
1.611e+03  1.033e-06  1.073e-06
1.612e+03  1.186e-06  1.228e-06
1.613e+03  1.360e-06  1.405e-06
1.614e+03  1.560e-06  1.607e-06
1.615e+03  1.790e-06  1.838e-06
1.616e+03  2.052e-06  2.102e-06
1.617e+03  2.352e-06  2.402e-06
1.618e+03  2.695e-06  2.745e-06
1.619e+03  3.088e-06  3.136e-06
1.620e+03  3.537e-06  3.580e-06
1.621e+03  4.049e-06  4.087e-06
1.622e+03  4.636e-06  4.664e-06
1.623e+03  5.305e-06  5.320e-06
1.624e+03  6.069e-06  6.066e-06
1.625e+03  6.941e-06  6.915e-06
1.626e+03  7.937e-06  7.879e-06
1.627e+03  9.072e-06  8.974e-06
1.628e+03  1.037e-05  1.022e-05
1.629e+03  1.184e-05  1.163e-05
1.630e+03  1.352e-05  1.323e-05
1.631e+03  1.543e-05  1.504e-05
1.632e+03  1.761e-05  1.710e-05
1.633e+03  2.009e-05  1.943e-05
1.634e+03  2.291e-05  2.206e-05
1.635e+03  2.612e-05  2.504e-05
1.636e+03  2.976e-05  2.841e-05
1.637e+03  3.389e-05  3.222e-05
1.638e+03  3.859e-05  3.652e-05
1.639e+03  4.392e-05  4.137e-05
1.640e+03  4.996e-05  4.685e-05
1.641e+03  5.682e-05  5.302e-05
1.642e+03  6.458e-05  5.997e-05
1.643e+03  7.337e-05  6.779e-05
1.644e+03  8.333e-05  7.660e-05
1.645e+03  9.459e-05  8.649e-05
1.646e+03  1.073e-04  9.761e-05
1.647e+03  1.217e-04  1.101e-04
1.648e+03  1.379e-04  1.241e-04
1.649e+03  1.563e-04  1.398e-04
1.650e+03  1.769e-04  1.573e-04
1.651e+03  2.002e-04  1.770e-04
1.652e+03  2.265e-04  1.990e-04
1.653e+03  2.560e-04  2.235e-04
1.654e+03  2.893e-04  2.509e-04
1.655e+03  3.266e-04  2.814e-04
1.656e+03  3.686e-04  3.155e-04
1.657e+03  4.157e-04  3.533e-04
1.658e+03  4.685e-04  3.955e-04
1.659e+03  5.277e-04  4.422e-04
1.660e+03  5.940e-04  4.941e-04
1.661e+03  6.682e-04  5.516e-04
1.662e+03  7.511e-04  6.153e-04
1.663e+03  8.438e-04  6.858e-04
1.664e+03  9.472e-04  7.636e-04
1.665e+03  1.062e-03  8.494e-04
1.666e+03  1.191e-03  9.440e-04
1.667e+03  1.334e-03  1.048e-03
1.668e+03  1.493e-03  1.163e-03
1.669e+03  1.670e-03  1.288e-03
1.670e+03  1.866e-03  1.426e-03
1.671e+03  2.083e-03  1.577e-03
1.672e+03  2.324e-03  1.742e-03
1.673e+03  2.590e-03  1.922e-03
1.674e+03  2.885e-03  2.119e-03
1.675e+03  3.210e-03  2.332e-03
1.676e+03  3.568e-03  2.565e-03
1.677e+03  3.963e-03  2.817e-03
1.678e+03  4.398e-03  3.090e-03
1.679e+03  4.876e-03  3.386e-03
1.680e+03  5.401e-03  3.705e-03
1.681e+03  5.976e-03  4.049e-03
1.682e+03  6.606e-03  4.419e-03
1.683e+03  7.296e-03  4.817e-03
1.684e+03  8.049e-03  5.244e-03
1.685e+03  8.871e-03  5.700e-03
1.686e+03  9.768e-03  6.188e-03
1.687e+03  1.074e-02  6.708e-03
1.688e+03  1.180e-02  7.262e-03
1.689e+03  1.296e-02  7.850e-03
1.690e+03  1.421e-02  8.473e-03
1.691e+03  1.556e-02  9.131e-03
1.692e+03  1.703e-02  9.827e-03
1.693e+03  1.861e-02  1.056e-02
1.694e+03  2.032e-02  1.133e-02
1.695e+03  2.216e-02  1.214e-02
1.696e+03  2.415e-02  1.298e-02
1.697e+03  2.628e-02  1.386e-02
1.698e+03  2.857e-02  1.478e-02
1.699e+03  3.103e-02  1.573e-02
1.700e+03  3.366e-02  1.672e-02
1.701e+03  3.648e-02  1.774e-02
1.702e+03  3.950e-02  1.879e-02
1.703e+03  4.272e-02  1.987e-02
1.704e+03  4.615e-02  2.098e-02
1.705e+03  4.980e-02  2.211e-02
1.706e+03  5.370e-02  2.326e-02
1.707e+03  5.783e-02  2.444e-02
1.708e+03  6.222e-02  2.563e-02
1.709e+03  6.688e-02  2.683e-02
1.710e+03  7.182e-02  2.804e-02
1.711e+03  7.704e-02  2.926e-02
1.712e+03  8.256e-02  3.047e-02
1.713e+03  8.840e-02  3.168e-02
1.714e+03  9.455e-02  3.288e-02
1.715e+03  1.010e-01  3.407e-02
1.716e+03  1.079e-01  3.524e-02
1.717e+03  1.151e-01  3.638e-02
1.718e+03  1.226e-01  3.749e-02
1.719e+03  1.305e-01  3.857e-02
1.720e+03  1.388e-01  3.961e-02
1.721e+03  1.475e-01  4.060e-02
1.722e+03  1.566e-01  4.154e-02
1.723e+03  1.662e-01  4.242e-02
1.724e+03  1.761e-01  4.324e-02
1.725e+03  1.865e-01  4.400e-02
1.726e+03  1.973e-01  4.468e-02
1.727e+03  2.085e-01  4.529e-02
1.728e+03  2.202e-01  4.582e-02
1.729e+03  2.323e-01  4.627e-02
1.730e+03  2.448e-01  4.663e-02
1.731e+03  2.578e-01  4.690e-02
1.732e+03  2.713e-01  4.708e-02
1.733e+03  2.852e-01  4.717e-02
1.734e+03  2.995e-01  4.716e-02
1.735e+03  3.142e-01  4.705e-02
1.736e+03  3.293e-01  4.685e-02
1.737e+03  3.448e-01  4.656e-02
1.738e+03  3.608e-01  4.617e-02
1.739e+03  3.770e-01  4.568e-02
1.740e+03  3.936e-01  4.511e-02
1.741e+03  4.105e-01  4.444e-02
1.742e+03  4.277e-01  4.369e-02
1.743e+03  4.452e-01  4.287e-02
1.744e+03  4.629e-01  4.196e-02
1.745e+03  4.808e-01  4.098e-02
1.746e+03  4.988e-01  3.994e-02
1.747e+03  5.170e-01  3.884e-02
1.748e+03  5.353e-01  3.768e-02
1.749e+03  5.535e-01  3.647e-02
1.750e+03  5.718e-01  3.523e-02
1.751e+03  5.901e-01  3.395e-02
1.752e+03  6.082e-01  3.264e-02
1.753e+03  6.262e-01  3.131e-02
1.754e+03  6.440e-01  2.996e-02
1.755e+03  6.616e-01  2.861e-02
1.756e+03  6.789e-01  2.726e-02
1.757e+03  6.960e-01  2.591e-02
1.758e+03  7.126e-01  2.457e-02
1.759e+03  7.289e-01  2.324e-02
1.760e+03  7.448e-01  2.194e-02
1.761e+03  7.602e-01  2.067e-02
1.762e+03  7.751e-01  1.942e-02
1.763e+03  7.895e-01  1.821e-02
1.764e+03  8.034e-01  1.704e-02
1.765e+03  8.168e-01  1.591e-02
1.766e+03  8.295e-01  1.482e-02
1.767e+03  8.417e-01  1.377e-02
1.768e+03  8.534e-01  1.277e-02
1.769e+03  8.644e-01  1.182e-02
1.770e+03  8.749e-01  1.092e-02
1.771e+03  8.848e-01  1.006e-02
1.772e+03  8.941e-01  9.254e-03
1.773e+03  9.028e-01  8.494e-03
1.774e+03  9.111e-01  7.780e-03
1.775e+03  9.187e-01  7.113e-03
1.776e+03  9.259e-01  6.490e-03
1.777e+03  9.325e-01  5.910e-03
1.778e+03  9.387e-01  5.372e-03
1.779e+03  9.444e-01  4.874e-03
1.780e+03  9.496e-01  4.414e-03
1.781e+03  9.545e-01  3.991e-03
1.782e+03  9.589e-01  3.602e-03
1.783e+03  9.630e-01  3.245e-03
1.784e+03  9.667e-01  2.918e-03
1.785e+03  9.701e-01  2.620e-03
1.786e+03  9.732e-01  2.349e-03
1.787e+03  9.760e-01  2.103e-03
1.788e+03  9.786e-01  1.879e-03
1.789e+03  9.809e-01  1.677e-03
1.790e+03  9.830e-01  1.494e-03
1.791e+03  9.849e-01  1.329e-03
1.792e+03  9.865e-01  1.181e-03
1.793e+03  9.881e-01  1.048e-03
1.794e+03  9.894e-01  9.283e-04
1.795e+03  9.906e-01  8.214e-04
1.796e+03  9.917e-01  7.259e-04
1.797e+03  9.927e-01  6.407e-04
1.798e+03  9.936e-01  5.648e-04
1.799e+03  9.943e-01  4.972e-04
1.800e+03  9.950e-01  4.373e-04
1.801e+03  9.956e-01  3.841e-04
1.802e+03  9.962e-01  3.370e-04
1.803e+03  9.966e-01  2.954e-04
1.804e+03  9.971e-01  2.586e-04
1.805e+03  9.974e-01  2.262e-04
1.806e+03  9.977e-01  1.976e-04
1.807e+03  9.980e-01  1.724e-04
1.808e+03  9.983e-01  1.504e-04
1.809e+03  9.985e-01  1.310e-04
1.810e+03  9.987e-01  1.140e-04
1.811e+03  9.989e-01  9.909e-05
1.812e+03  9.990e-01  8.607e-05
1.813e+03  9.991e-01  7.469e-05
1.814e+03  9.993e-01  6.476e-05
1.815e+03  9.994e-01  5.610e-05
1.816e+03  9.994e-01  4.856e-05
1.817e+03  9.995e-01  4.199e-05
1.818e+03  9.996e-01  3.629e-05
1.819e+03  9.996e-01  3.133e-05
1.820e+03  9.997e-01  2.703e-05
1.821e+03  9.997e-01  2.330e-05
1.822e+03  9.998e-01  2.007e-05
1.823e+03  9.998e-01  1.727e-05
1.824e+03  9.998e-01  1.485e-05
1.825e+03  9.999e-01  1.276e-05
1.826e+03  9.999e-01  1.096e-05
1.827e+03  9.999e-01  9.403e-06
1.828e+03  9.999e-01  8.063e-06
1.829e+03  9.999e-01  6.908e-06
1.830e+03  9.999e-01  5.915e-06
1.831e+03  9.999e-01  5.061e-06
1.832e+03  1.000e+00  4.327e-06
1.833e+03  1.000e+00  3.697e-06
1.834e+03  1.000e+00  3.157e-06
1.835e+03  1.000e+00  2.693e-06
1.836e+03  1.000e+00  2.297e-06
1.837e+03  1.000e+00  1.957e-06
1.838e+03  1.000e+00  1.666e-06
1.839e+03  1.000e+00  1.418e-06
1.840e+03  1.000e+00  1.206e-06
1.841e+03  1.000e+00  1.025e-06
1.842e+03  1.000e+00  8.705e-07
1.843e+03  1.000e+00  7.388e-07
1.844e+03  1.000e+00  6.267e-07
1.845e+03  1.000e+00  5.313e-07
1.846e+03  1.000e+00  4.501e-07
1.847e+03  1.000e+00  3.811e-07
1.848e+03  1.000e+00  3.224e-07
1.849e+03  1.000e+00  2.726e-07
1.850e+03  1.000e+00  2.304e-07
1.851e+03  1.000e+00  1.946e-07
1.852e+03  1.000e+00  1.642e-07
1.853e+03  1.000e+00  1.386e-07
1.854e+03  1.000e+00  1.168e-07
1.855e+03  1.000e+00  9.842e-08
1.856e+03  1.000e+00  8.287e-08
1.857e+03  1.000e+00  6.974e-08
1.858e+03  1.000e+00  5.865e-08
1.859e+03  1.000e+00  4.930e-08
1.860e+03  1.000e+00  4.142e-08
1.861e+03  1.000e+00  3.477e-08
1.862e+03  1.000e+00  2.918e-08
1.863e+03  1.000e+00  2.447e-08
1.864e+03  1.000e+00  2.051e-08
1.865e+03  1.000e+00  1.718e-08
1.866e+03  1.000e+00  1.438e-08
1.867e+03  1.000e+00  1.203e-08
1.868e+03  1.000e+00  1.006e-08
1.869e+03  1.000e+00  8.409e-09
1.870e+03  1.000e+00  7.024e-09
1.871e+03  1.000e+00  5.864e-09
1.872e+03  1.000e+00  4.892e-09
1.873e+03  1.000e+00  4.080e-09
1.874e+03  1.000e+00  3.400e-09
1.875e+03  1.000e+00  2.832e-09
1.876e+03  1.000e+00  2.358e-09
1.877e+03  1.000e+00  1.962e-09
1.878e+03  1.000e+00  1.631e-09
1.879e+03  1.000e+00  1.356e-09
1.880e+03  1.000e+00  1.126e-09
1.881e+03  1.000e+00  9.348e-10
1.882e+03  1.000e+00  7.757e-10
1.883e+03  1.000e+00  6.432e-10
1.884e+03  1.000e+00  5.331e-10
1.885e+03  1.000e+00  4.416e-10
1.886e+03  1.000e+00  3.657e-10
1.887e+03  1.000e+00  3.026e-10
1.888e+03  1.000e+00  2.502e-10
1.889e+03  1.000e+00  2.068e-10
1.890e+03  1.000e+00  1.709e-10
1.891e+03  1.000e+00  1.411e-10
1.892e+03  1.000e+00  1.164e-10
1.893e+03  1.000e+00  9.605e-11
1.894e+03  1.000e+00  7.918e-11
1.895e+03  1.000e+00  6.524e-11
1.896e+03  1.000e+00  5.372e-11
1.897e+03  1.000e+00  4.422e-11
1.898e+03  1.000e+00  3.638e-11
1.899e+03  1.000e+00  2.991e-11
1.900e+03  1.000e+00  2.458e-11
1.901e+03  1.000e+00  2.019e-11
1.902e+03  1.000e+00  1.657e-11
1.903e+03  1.000e+00  1.359e-11
1.904e+03  1.000e+00  1.115e-11
1.905e+03  1.000e+00  9.137e-12
1.906e+03  1.000e+00  7.485e-12
1.907e+03  1.000e+00  6.128e-12
1.908e+03  1.000e+00  5.014e-12
1.909e+03  1.000e+00  4.101e-12
1.910e+03  1.000e+00  3.353e-12
1.911e+03  1.000e+00  2.739e-12
1.912e+03  1.000e+00  2.237e-12
1.913e+03  1.000e+00  1.826e-12
1.914e+03  1.000e+00  1.489e-12
1.915e+03  1.000e+00  1.214e-12
1.916e+03  1.000e+00  9.894e-13
1.917e+03  1.000e+00  8.058e-13
1.918e+03  1.000e+00  6.560e-13
1.919e+03  1.000e+00  5.337e-13
1.920e+03  1.000e+00  4.340e-13
1.921e+03  1.000e+00  3.528e-13
1.922e+03  1.000e+00  2.866e-13
1.923e+03  1.000e+00  2.327e-13
1.924e+03  1.000e+00  1.888e-13
1.925e+03  1.000e+00  1.532e-13
1.926e+03  1.000e+00  1.242e-13
1.927e+03  1.000e+00  1.006e-13
1.928e+03  1.000e+00  8.149e-14
1.929e+03  1.000e+00  6.596e-14
1.930e+03  1.000e+00  5.337e-14
1.931e+03  1.000e+00  4.315e-14
1.932e+03  1.000e+00  3.488e-14
1.933e+03  1.000e+00  2.817e-14
1.934e+03  1.000e+00  2.275e-14
1.935e+03  1.000e+00  1.836e-14
1.936e+03  1.000e+00  1.480e-14
1.937e+03  1.000e+00  1.193e-14
1.938e+03  1.000e+00  9.616e-15
1.939e+03  1.000e+00  7.744e-15
1.940e+03  1.000e+00  6.233e-15
1.941e+03  1.000e+00  5.015e-15
1.942e+03  1.000e+00  4.032e-15
1.943e+03  1.000e+00  3.241e-15
1.944e+03  1.000e+00  2.603e-15
1.945e+03  1.000e+00  2.090e-15
1.946e+03  1.000e+00  1.677e-15
1.947e+03  1.000e+00  1.345e-15
1.948e+03  1.000e+00  1.078e-15
1.949e+03  1.000e+00  8.641e-16
1.950e+03  1.000e+00  6.920e-16
1.951e+03  1.000e+00  5.539e-16
1.952e+03  1.000e+00  4.432e-16
1.953e+03  1.000e+00  3.544e-16
1.954e+03  1.000e+00  2.832e-16
1.955e+03  1.000e+00  2.262e-16
1.956e+03  1.000e+00  1.806e-16
1.957e+03  1.000e+00  1.442e-16
1.958e+03  1.000e+00  1.150e-16
1.959e+03  1.000e+00  9.166e-17
1.960e+03  1.000e+00  7.304e-17
1.961e+03  1.000e+00  5.817e-17
1.962e+03  1.000e+00  4.630e-17
1.963e+03  1.000e+00  3.684e-17
1.964e+03  1.000e+00  2.930e-17
1.965e+03  1.000e+00  2.328e-17
1.966e+03  1.000e+00  1.850e-17
1.967e+03  1.000e+00  1.469e-17
1.968e+03  1.000e+00  1.166e-17
1.969e+03  1.000e+00  9.246e-18
1.970e+03  1.000e+00  7.331e-18
1.971e+03  1.000e+00  5.809e-18
1.972e+03  1.000e+00  4.601e-18
1.973e+03  1.000e+00  3.642e-18
1.974e+03  1.000e+00  2.882e-18
1.975e+03  1.000e+00  2.279e-18
1.976e+03  1.000e+00  1.802e-18
1.977e+03  1.000e+00  1.423e-18
1.978e+03  1.000e+00  1.124e-18
1.979e+03  1.000e+00  8.872e-19
1.980e+03  1.000e+00  6.999e-19
1.981e+03  1.000e+00  5.519e-19
1.982e+03  1.000e+00  4.349e-19
1.983e+03  1.000e+00  3.426e-19
1.984e+03  1.000e+00  2.697e-19
1.985e+03  1.000e+00  2.123e-19
1.986e+03  1.000e+00  1.669e-19
1.987e+03  1.000e+00  1.312e-19
1.988e+03  1.000e+00  1.031e-19
1.989e+03  1.000e+00  8.099e-20
1.990e+03  1.000e+00  6.357e-20
1.991e+03  1.000e+00  4.988e-20
1.992e+03  1.000e+00  3.911e-20
1.993e+03  1.000e+00  3.066e-20
1.994e+03  1.000e+00  2.402e-20
1.995e+03  1.000e+00  1.881e-20
1.996e+03  1.000e+00  1.472e-20
1.997e+03  1.000e+00  1.151e-20
1.998e+03  1.000e+00  9.002e-21
1.999e+03  1.000e+00  7.035e-21
2.000e+03  1.000e+00  5.495e-21
2.001e+03  1.000e+00  4.290e-21
2.002e+03  1.000e+00  3.347e-21
2.003e+03  1.000e+00  2.611e-21
2.004e+03  1.000e+00  2.035e-21
2.005e+03  1.000e+00  1.586e-21
2.006e+03  1.000e+00  1.235e-21
2.007e+03  1.000e+00  9.613e-22
2.008e+03  1.000e+00  7.479e-22
2.009e+03  1.000e+00  5.816e-22
2.010e+03  1.000e+00  4.520e-22
2.011e+03  1.000e+00  3.511e-22
2.012e+03  1.000e+00  2.727e-22
2.013e+03  1.000e+00  2.116e-22
2.014e+03  1.000e+00  1.641e-22
2.015e+03  1.000e+00  1.273e-22
2.016e+03  1.000e+00  9.862e-23
2.017e+03  1.000e+00  7.639e-23
2.018e+03  1.000e+00  5.914e-23
2.019e+03  1.000e+00  4.576e-23
2.020e+03  1.000e+00  3.539e-23
2.021e+03  1.000e+00  2.736e-23
2.022e+03  1.000e+00  2.114e-23
2.023e+03  1.000e+00  1.633e-23
2.024e+03  1.000e+00  1.260e-23
2.025e+03  1.000e+00  9.723e-24
2.026e+03  1.000e+00  7.498e-24
2.027e+03  1.000e+00  5.779e-24
2.028e+03  1.000e+00  4.452e-24
2.029e+03  1.000e+00  3.428e-24
2.030e+03  1.000e+00  2.638e-24
2.031e+03  1.000e+00  2.030e-24
2.032e+03  1.000e+00  1.561e-24
2.033e+03  1.000e+00  1.199e-24
2.034e+03  1.000e+00  9.212e-25
2.035e+03  1.000e+00  7.072e-25
2.036e+03  1.000e+00  5.427e-25
2.037e+03  1.000e+00  4.163e-25
2.038e+03  1.000e+00  3.191e-25
2.039e+03  1.000e+00  2.445e-25
2.040e+03  1.000e+00  1.873e-25
2.041e+03  1.000e+00  1.434e-25
2.042e+03  1.000e+00  1.097e-25
2.043e+03  1.000e+00  8.388e-26
2.044e+03  1.000e+00  6.412e-26
2.045e+03  1.000e+00  4.899e-26
2.046e+03  1.000e+00  3.741e-26
2.047e+03  1.000e+00  2.855e-26
2.048e+03  1.000e+00  2.178e-26
2.049e+03  1.000e+00  1.661e-26
2.050e+03  1.000e+00  1.266e-26
2.051e+03  1.000e+00  9.642e-27
2.052e+03  1.000e+00  7.342e-27
2.053e+03  1.000e+00  5.587e-27
2.054e+03  1.000e+00  4.250e-27
2.055e+03  1.000e+00  3.231e-27
2.056e+03  1.000e+00  2.455e-27
2.057e+03  1.000e+00  1.865e-27
2.058e+03  1.000e+00  1.416e-27
2.059e+03  1.000e+00  1.074e-27
2.060e+03  1.000e+00  8.148e-28
2.061e+03  1.000e+00  6.177e-28
2.062e+03  1.000e+00  4.680e-28
2.063e+03  1.000e+00  3.544e-28
2.064e+03  1.000e+00  2.683e-28
2.065e+03  1.000e+00  2.030e-28
2.066e+03  1.000e+00  1.535e-28
2.067e+03  1.000e+00  1.160e-28
2.068e+03  1.000e+00  8.765e-29
2.069e+03  1.000e+00  6.619e-29
2.070e+03  1.000e+00  4.996e-29
2.071e+03  1.000e+00  3.769e-29
2.072e+03  1.000e+00  2.842e-29
2.073e+03  1.000e+00  2.142e-29
2.074e+03  1.000e+00  1.613e-29
2.075e+03  1.000e+00  1.215e-29
2.076e+03  1.000e+00  9.141e-30
2.077e+03  1.000e+00  6.876e-30
2.078e+03  1.000e+00  5.169e-30
2.079e+03  1.000e+00  3.884e-30
2.080e+03  1.000e+00  2.918e-30
2.081e+03  1.000e+00  2.190e-30
2.082e+03  1.000e+00  1.644e-30
2.083e+03  1.000e+00  1.233e-30
2.084e+03  1.000e+00  9.241e-31
2.085e+03  1.000e+00  6.924e-31
2.086e+03  1.000e+00  5.185e-31
2.087e+03  1.000e+00  3.881e-31
2.088e+03  1.000e+00  2.904e-31
2.089e+03  1.000e+00  2.172e-31
2.090e+03  1.000e+00  1.623e-31
2.091e+03  1.000e+00  1.213e-31
2.092e+03  1.000e+00  9.056e-32
2.093e+03  1.000e+00  6.760e-32
2.094e+03  1.000e+00  5.043e-32
2.095e+03  1.000e+00  3.760e-32
2.096e+03  1.000e+00  2.803e-32
2.097e+03  1.000e+00  2.088e-32
2.098e+03  1.000e+00  1.554e-32
2.099e+03  1.000e+00  1.157e-32
2.100e+03  1.000e+00  8.605e-33
2.101e+03  1.000e+00  6.398e-33
2.102e+03  1.000e+00  4.755e-33
2.103e+03  1.000e+00  3.532e-33
2.104e+03  1.000e+00  2.622e-33
2.105e+03  1.000e+00  1.946e-33
2.106e+03  1.000e+00  1.443e-33
2.107e+03  1.000e+00  1.070e-33
2.108e+03  1.000e+00  7.928e-34
2.109e+03  1.000e+00  5.872e-34
2.110e+03  1.000e+00  4.347e-34
2.111e+03  1.000e+00  3.216e-34
2.112e+03  1.000e+00  2.379e-34
2.113e+03  1.000e+00  1.758e-34
2.114e+03  1.000e+00  1.299e-34
2.115e+03  1.000e+00  9.594e-35
2.116e+03  1.000e+00  7.082e-35
2.117e+03  1.000e+00  5.225e-35
2.118e+03  1.000e+00  3.853e-35
2.119e+03  1.000e+00  2.840e-35
2.120e+03  1.000e+00  2.092e-35
2.121e+03  1.000e+00  1.541e-35
2.122e+03  1.000e+00  1.134e-35
2.123e+03  1.000e+00  8.343e-36
2.124e+03  1.000e+00  6.134e-36
2.125e+03  1.000e+00  4.509e-36
2.126e+03  1.000e+00  3.312e-36
2.127e+03  1.000e+00  2.432e-36
2.128e+03  1.000e+00  1.785e-36
2.129e+03  1.000e+00  1.309e-36
2.130e+03  1.000e+00  9.599e-37
2.131e+03  1.000e+00  7.034e-37
2.132e+03  1.000e+00  5.153e-37
2.133e+03  1.000e+00  3.772e-37
2.134e+03  1.000e+00  2.761e-37
2.135e+03  1.000e+00  2.019e-37
2.136e+03  1.000e+00  1.476e-37
2.137e+03  1.000e+00  1.079e-37
2.138e+03  1.000e+00  7.879e-38
2.139e+03  1.000e+00  5.752e-38
2.140e+03  1.000e+00  4.197e-38
2.141e+03  1.000e+00  3.061e-38
2.142e+03  1.000e+00  2.231e-38
2.143e+03  1.000e+00  1.626e-38
2.144e+03  1.000e+00  1.184e-38
2.145e+03  1.000e+00  8.620e-39
2.146e+03  1.000e+00  6.272e-39
2.147e+03  1.000e+00  4.561e-39
2.148e+03  1.000e+00  3.315e-39
2.149e+03  1.000e+00  2.409e-39
2.150e+03  1.000e+00  1.749e-39
2.151e+03  1.000e+00  1.270e-39
2.152e+03  1.000e+00  9.212e-40
2.153e+03  1.000e+00  6.680e-40
2.154e+03  1.000e+00  4.842e-40
2.155e+03  1.000e+00  3.508e-40
2.156e+03  1.000e+00  2.540e-40
2.157e+03  1.000e+00  1.838e-40
2.158e+03  1.000e+00  1.330e-40
2.159e+03  1.000e+00  9.616e-41
2.160e+03  1.000e+00  6.950e-41
2.161e+03  1.000e+00  5.021e-41
2.162e+03  1.000e+00  3.625e-41
2.163e+03  1.000e+00  2.616e-41
2.164e+03  1.000e+00  1.887e-41
2.165e+03  1.000e+00  1.361e-41
2.166e+03  1.000e+00  9.806e-42
2.167e+03  1.000e+00  7.064e-42
2.168e+03  1.000e+00  5.086e-42
2.169e+03  1.000e+00  3.660e-42
2.170e+03  1.000e+00  2.633e-42
2.171e+03  1.000e+00  1.893e-42
2.172e+03  1.000e+00  1.360e-42
2.173e+03  1.000e+00  9.769e-43
2.174e+03  1.000e+00  7.013e-43
2.175e+03  1.000e+00  5.033e-43
2.176e+03  1.000e+00  3.610e-43
2.177e+03  1.000e+00  2.588e-43
2.178e+03  1.000e+00  1.854e-43
2.179e+03  1.000e+00  1.328e-43
2.180e+03  1.000e+00  9.508e-44
2.181e+03  1.000e+00  6.803e-44
2.182e+03  1.000e+00  4.865e-44
2.183e+03  1.000e+00  3.478e-44
2.184e+03  1.000e+00  2.485e-44
2.185e+03  1.000e+00  1.775e-44
2.186e+03  1.000e+00  1.267e-44
2.187e+03  1.000e+00  9.040e-45
2.188e+03  1.000e+00  6.447e-45
2.189e+03  1.000e+00  4.595e-45
2.190e+03  1.000e+00  3.274e-45
2.191e+03  1.000e+00  2.332e-45
2.192e+03  1.000e+00  1.660e-45
2.193e+03  1.000e+00  1.181e-45
2.194e+03  1.000e+00  8.397e-46
2.195e+03  1.000e+00  5.969e-46
2.196e+03  1.000e+00  4.241e-46
2.197e+03  1.000e+00  3.011e-46
2.198e+03  1.000e+00  2.137e-46
2.199e+03  1.000e+00  1.516e-46
2.200e+03  1.000e+00  1.075e-46
2.201e+03  1.000e+00  7.621e-47
2.202e+03  1.000e+00  5.399e-47
2.203e+03  1.000e+00  3.823e-47
2.204e+03  1.000e+00  2.706e-47
2.205e+03  1.000e+00  1.914e-47
2.206e+03  1.000e+00  1.354e-47
2.207e+03  1.000e+00  9.566e-48
2.208e+03  1.000e+00  6.758e-48
2.209e+03  1.000e+00  4.772e-48
2.210e+03  1.000e+00  3.368e-48
2.211e+03  1.000e+00  2.376e-48
2.212e+03  1.000e+00  1.675e-48
2.213e+03  1.000e+00  1.180e-48
2.214e+03  1.000e+00  8.316e-49
2.215e+03  1.000e+00  5.855e-49
2.216e+03  1.000e+00  4.121e-49
2.217e+03  1.000e+00  2.898e-49
2.218e+03  1.000e+00  2.038e-49
2.219e+03  1.000e+00  1.432e-49
2.220e+03  1.000e+00  1.006e-49
2.221e+03  1.000e+00  7.063e-50
2.222e+03  1.000e+00  4.957e-50
2.223e+03  1.000e+00  3.477e-50
2.224e+03  1.000e+00  2.438e-50
2.225e+03  1.000e+00  1.708e-50
2.226e+03  1.000e+00  1.196e-50
2.227e+03  1.000e+00  8.377e-51
2.228e+03  1.000e+00  5.862e-51
2.229e+03  1.000e+00  4.100e-51
2.230e+03  1.000e+00  2.866e-51
2.231e+03  1.000e+00  2.003e-51
2.232e+03  1.000e+00  1.399e-51
2.233e+03  1.000e+00  9.767e-52
2.234e+03  1.000e+00  6.816e-52
2.235e+03  1.000e+00  4.754e-52
2.236e+03  1.000e+00  3.314e-52
2.237e+03  1.000e+00  2.309e-52
2.238e+03  1.000e+00  1.608e-52
2.239e+03  1.000e+00  1.120e-52
2.240e+03  1.000e+00  7.792e-53
2.241e+03  1.000e+00  5.419e-53
2.242e+03  1.000e+00  3.767e-53
2.243e+03  1.000e+00  2.618e-53
2.244e+03  1.000e+00  1.818e-53
2.245e+03  1.000e+00  1.262e-53
2.246e+03  1.000e+00  8.757e-54
2.247e+03  1.000e+00  6.074e-54
2.248e+03  1.000e+00  4.210e-54
2.249e+03  1.000e+00  2.917e-54
2.250e+03  1.000e+00  2.020e-54
2.251e+03  1.000e+00  1.399e-54
2.252e+03  1.000e+00  9.678e-55
2.253e+03  1.000e+00  6.693e-55
2.254e+03  1.000e+00  4.627e-55
2.255e+03  1.000e+00  3.197e-55
2.256e+03  1.000e+00  2.208e-55
2.257e+03  1.000e+00  1.524e-55
2.258e+03  1.000e+00  1.052e-55
2.259e+03  1.000e+00  7.252e-56
2.260e+03  1.000e+00  4.999e-56
2.261e+03  1.000e+00  3.444e-56
2.262e+03  1.000e+00  2.372e-56
2.263e+03  1.000e+00  1.633e-56
2.264e+03  1.000e+00  1.123e-56
2.265e+03  1.000e+00  7.726e-57
2.266e+03  1.000e+00  5.311e-57
2.267e+03  1.000e+00  3.649e-57
2.268e+03  1.000e+00  2.506e-57
2.269e+03  1.000e+00  1.720e-57
2.270e+03  1.000e+00  1.180e-57
2.271e+03  1.000e+00  8.094e-58
2.272e+03  1.000e+00  5.548e-58
2.273e+03  1.000e+00  3.801e-58
2.274e+03  1.000e+00  2.603e-58
2.275e+03  1.000e+00  1.782e-58
2.276e+03  1.000e+00  1.219e-58
2.277e+03  1.000e+00  8.337e-59
2.278e+03  1.000e+00  5.699e-59
2.279e+03  1.000e+00  3.893e-59
2.280e+03  1.000e+00  2.659e-59
2.281e+03  1.000e+00  1.815e-59
2.282e+03  1.000e+00  1.238e-59
2.283e+03  1.000e+00  8.444e-60
2.284e+03  1.000e+00  5.756e-60
2.285e+03  1.000e+00  3.921e-60
2.286e+03  1.000e+00  2.671e-60
2.287e+03  1.000e+00  1.818e-60
2.288e+03  1.000e+00  1.237e-60
2.289e+03  1.000e+00  8.410e-61
2.290e+03  1.000e+00  5.717e-61
2.291e+03  1.000e+00  3.884e-61
2.292e+03  1.000e+00  2.638e-61
2.293e+03  1.000e+00  1.790e-61
2.294e+03  1.000e+00  1.215e-61
2.295e+03  1.000e+00  8.237e-62
2.296e+03  1.000e+00  5.583e-62
2.297e+03  1.000e+00  3.783e-62
2.298e+03  1.000e+00  2.562e-62
2.299e+03  1.000e+00  1.734e-62
2.300e+03  1.000e+00  1.173e-62
2.301e+03  1.000e+00  7.933e-63
2.302e+03  1.000e+00  5.362e-63
2.303e+03  1.000e+00  3.623e-63
2.304e+03  1.000e+00  2.447e-63
2.305e+03  1.000e+00  1.651e-63
2.306e+03  1.000e+00  1.114e-63
2.307e+03  1.000e+00  7.513e-64
2.308e+03  1.000e+00  5.064e-64
2.309e+03  1.000e+00  3.412e-64
2.310e+03  1.000e+00  2.298e-64
2.311e+03  1.000e+00  1.547e-64
2.312e+03  1.000e+00  1.041e-64
2.313e+03  1.000e+00  6.998e-65
2.314e+03  1.000e+00  4.704e-65
2.315e+03  1.000e+00  3.160e-65
2.316e+03  1.000e+00  2.122e-65
2.317e+03  1.000e+00  1.425e-65
2.318e+03  1.000e+00  9.558e-66
2.319e+03  1.000e+00  6.410e-66
2.320e+03  1.000e+00  4.296e-66
2.321e+03  1.000e+00  2.879e-66
2.322e+03  1.000e+00  1.928e-66
2.323e+03  1.000e+00  1.290e-66
2.324e+03  1.000e+00  8.634e-67
2.325e+03  1.000e+00  5.774e-67
2.326e+03  1.000e+00  3.859e-67
2.327e+03  1.000e+00  2.579e-67
2.328e+03  1.000e+00  1.722e-67
2.329e+03  1.000e+00  1.149e-67
2.330e+03  1.000e+00  7.670e-68
2.331e+03  1.000e+00  5.115e-68
2.332e+03  1.000e+00  3.409e-68
2.333e+03  1.000e+00  2.272e-68
2.334e+03  1.000e+00  1.513e-68
2.335e+03  1.000e+00  1.007e-68
2.336e+03  1.000e+00  6.701e-69
2.337e+03  1.000e+00  4.456e-69
2.338e+03  1.000e+00  2.962e-69
2.339e+03  1.000e+00  1.968e-69
2.340e+03  1.000e+00  1.307e-69
2.341e+03  1.000e+00  8.677e-70
2.342e+03  1.000e+00  5.757e-70
2.343e+03  1.000e+00  3.818e-70
2.344e+03  1.000e+00  2.531e-70
2.345e+03  1.000e+00  1.677e-70
2.346e+03  1.000e+00  1.111e-70
2.347e+03  1.000e+00  7.353e-71
2.348e+03  1.000e+00  4.865e-71
2.349e+03  1.000e+00  3.218e-71
2.350e+03  1.000e+00  2.127e-71
2.351e+03  1.000e+00  1.406e-71
2.352e+03  1.000e+00  9.283e-72
2.353e+03  1.000e+00  6.129e-72
2.354e+03  1.000e+00  4.044e-72
2.355e+03  1.000e+00  2.667e-72
2.356e+03  1.000e+00  1.758e-72
2.357e+03  1.000e+00  1.159e-72
2.358e+03  1.000e+00  7.631e-73
2.359e+03  1.000e+00  5.024e-73
2.360e+03  1.000e+00  3.306e-73
2.361e+03  1.000e+00  2.174e-73
2.362e+03  1.000e+00  1.429e-73
2.363e+03  1.000e+00  9.393e-74
2.364e+03  1.000e+00  6.170e-74
2.365e+03  1.000e+00  4.051e-74
2.366e+03  1.000e+00  2.658e-74
2.367e+03  1.000e+00  1.743e-74
2.368e+03  1.000e+00  1.143e-74
2.369e+03  1.000e+00  7.491e-75
2.370e+03  1.000e+00  4.906e-75
2.371e+03  1.000e+00  3.212e-75
2.372e+03  1.000e+00  2.102e-75
2.373e+03  1.000e+00  1.375e-75
2.374e+03  1.000e+00  8.990e-76
2.375e+03  1.000e+00  5.875e-76
2.376e+03  1.000e+00  3.838e-76
2.377e+03  1.000e+00  2.506e-76
2.378e+03  1.000e+00  1.635e-76
2.379e+03  1.000e+00  1.067e-76
2.380e+03  1.000e+00  6.955e-77
2.381e+03  1.000e+00  4.533e-77
2.382e+03  1.000e+00  2.953e-77
2.383e+03  1.000e+00  1.923e-77
2.384e+03  1.000e+00  1.251e-77
2.385e+03  1.000e+00  8.139e-78
2.386e+03  1.000e+00  5.292e-78
2.387e+03  1.000e+00  3.440e-78
2.388e+03  1.000e+00  2.235e-78
2.389e+03  1.000e+00  1.451e-78
2.390e+03  1.000e+00  9.417e-79
2.391e+03  1.000e+00  6.109e-79
2.392e+03  1.000e+00  3.961e-79
2.393e+03  1.000e+00  2.568e-79
2.394e+03  1.000e+00  1.663e-79
2.395e+03  1.000e+00  1.077e-79
2.396e+03  1.000e+00  6.972e-80
2.397e+03  1.000e+00  4.511e-80
2.398e+03  1.000e+00  2.917e-80
2.399e+03  1.000e+00  1.885e-80
2.400e+03  1.000e+00  1.218e-80
2.401e+03  1.000e+00  7.866e-81
2.402e+03  1.000e+00  5.077e-81
2.403e+03  1.000e+00  3.276e-81
2.404e+03  1.000e+00  2.113e-81
2.405e+03  1.000e+00  1.362e-81
2.406e+03  1.000e+00  8.774e-82
2.407e+03  1.000e+00  5.651e-82
2.408e+03  1.000e+00  3.637e-82
2.409e+03  1.000e+00  2.340e-82
2.410e+03  1.000e+00  1.505e-82
2.411e+03  1.000e+00  9.676e-83
2.412e+03  1.000e+00  6.217e-83
2.413e+03  1.000e+00  3.993e-83
2.414e+03  1.000e+00  2.563e-83
2.415e+03  1.000e+00  1.645e-83
2.416e+03  1.000e+00  1.055e-83
2.417e+03  1.000e+00  6.763e-84
2.418e+03  1.000e+00  4.334e-84
2.419e+03  1.000e+00  2.776e-84
2.420e+03  1.000e+00  1.777e-84
2.421e+03  1.000e+00  1.137e-84
2.422e+03  1.000e+00  7.274e-85
2.423e+03  1.000e+00  4.651e-85
2.424e+03  1.000e+00  2.972e-85
2.425e+03  1.000e+00  1.898e-85
2.426e+03  1.000e+00  1.212e-85
2.427e+03  1.000e+00  7.735e-86
2.428e+03  1.000e+00  4.934e-86
2.429e+03  1.000e+00  3.146e-86
2.430e+03  1.000e+00  2.005e-86
2.431e+03  1.000e+00  1.277e-86
2.432e+03  1.000e+00  8.132e-87
2.433e+03  1.000e+00  5.176e-87
2.434e+03  1.000e+00  3.292e-87
2.435e+03  1.000e+00  2.094e-87
2.436e+03  1.000e+00  1.331e-87
2.437e+03  1.000e+00  8.453e-88
2.438e+03  1.000e+00  5.368e-88
2.439e+03  1.000e+00  3.407e-88
2.440e+03  1.000e+00  2.162e-88
2.441e+03  1.000e+00  1.371e-88
2.442e+03  1.000e+00  8.688e-89
2.443e+03  1.000e+00  5.505e-89
2.444e+03  1.000e+00  3.486e-89
2.445e+03  1.000e+00  2.207e-89
2.446e+03  1.000e+00  1.396e-89
2.447e+03  1.000e+00  8.829e-90
2.448e+03  1.000e+00  5.581e-90
2.449e+03  1.000e+00  3.526e-90
2.450e+03  1.000e+00  2.227e-90
2.451e+03  1.000e+00  1.406e-90
2.452e+03  1.000e+00  8.871e-91
2.453e+03  1.000e+00  5.595e-91
2.454e+03  1.000e+00  3.527e-91
2.455e+03  1.000e+00  2.223e-91
2.456e+03  1.000e+00  1.400e-91
2.457e+03  1.000e+00  8.814e-92
2.458e+03  1.000e+00  5.546e-92
2.459e+03  1.000e+00  3.489e-92
2.460e+03  1.000e+00  2.193e-92
2.461e+03  1.000e+00  1.378e-92
2.462e+03  1.000e+00  8.658e-93
2.463e+03  1.000e+00  5.436e-93
2.464e+03  1.000e+00  3.412e-93
2.465e+03  1.000e+00  2.140e-93
2.466e+03  1.000e+00  1.342e-93
2.467e+03  1.000e+00  8.410e-94
2.468e+03  1.000e+00  5.269e-94
2.469e+03  1.000e+00  3.299e-94
2.470e+03  1.000e+00  2.065e-94
2.471e+03  1.000e+00  1.292e-94
2.472e+03  1.000e+00  8.078e-95
2.473e+03  1.000e+00  5.049e-95
2.474e+03  1.000e+00  3.154e-95
2.475e+03  1.000e+00  1.970e-95
2.476e+03  1.000e+00  1.230e-95
2.477e+03  1.000e+00  7.671e-96
2.478e+03  1.000e+00  4.784e-96
2.479e+03  1.000e+00  2.982e-96
2.480e+03  1.000e+00  1.858e-96
2.481e+03  1.000e+00  1.157e-96
2.482e+03  1.000e+00  7.204e-97
2.483e+03  1.000e+00  4.483e-97
2.484e+03  1.000e+00  2.788e-97
2.485e+03  1.000e+00  1.733e-97
2.486e+03  1.000e+00  1.077e-97
2.487e+03  1.000e+00  6.690e-98
2.488e+03  1.000e+00  4.154e-98
2.489e+03  1.000e+00  2.578e-98
2.490e+03  1.000e+00  1.599e-98
2.491e+03  1.000e+00  9.913e-99
2.492e+03  1.000e+00  6.143e-99
2.493e+03  1.000e+00  3.805e-99
2.494e+03  1.000e+00  2.356e-99
2.495e+03  1.000e+00  1.458e-99
2.496e+03  1.000e+00  9.021e-100
2.497e+03  1.000e+00  5.578e-100
2.498e+03  1.000e+00  3.448e-100
2.499e+03  1.000e+00  2.130e-100
2.500e+03  1.000e+00  1.315e-100
2.501e+03  1.000e+00  8.119e-101
2.502e+03  1.000e+00  5.009e-101
2.503e+03  1.000e+00  3.089e-101
2.504e+03  1.000e+00  1.904e-101
2.505e+03  1.000e+00  1.173e-101
2.506e+03  1.000e+00  7.225e-102
2.507e+03  1.000e+00  4.448e-102
2.508e+03  1.000e+00  2.737e-102
2.509e+03  1.000e+00  1.683e-102
2.510e+03  1.000e+00  1.035e-102
2.511e+03  1.000e+00  6.358e-103
2.512e+03  1.000e+00  3.905e-103
2.513e+03  1.000e+00  2.398e-103
2.514e+03  1.000e+00  1.471e-103
2.515e+03  1.000e+00  9.025e-104
2.516e+03  1.000e+00  5.534e-104
2.517e+03  1.000e+00  3.391e-104
2.518e+03  1.000e+00  2.077e-104
2.519e+03  1.000e+00  1.272e-104
2.520e+03  1.000e+00  7.785e-105
2.521e+03  1.000e+00  4.762e-105
2.522e+03  1.000e+00  2.912e-105
2.523e+03  1.000e+00  1.780e-105
2.524e+03  1.000e+00  1.087e-105
2.525e+03  1.000e+00  6.640e-106
2.526e+03  1.000e+00  4.053e-106
2.527e+03  1.000e+00  2.473e-106
2.528e+03  1.000e+00  1.508e-106
2.529e+03  1.000e+00  9.194e-107
2.530e+03  1.000e+00  5.602e-107
2.531e+03  1.000e+00  3.412e-107
2.532e+03  1.000e+00  2.077e-107
2.533e+03  1.000e+00  1.264e-107
2.534e+03  1.000e+00  7.687e-108
2.535e+03  1.000e+00  4.673e-108
2.536e+03  1.000e+00  2.840e-108
2.537e+03  1.000e+00  1.725e-108
2.538e+03  1.000e+00  1.047e-108
2.539e+03  1.000e+00  6.356e-109
2.540e+03  1.000e+00  3.856e-109
2.541e+03  1.000e+00  2.338e-109
2.542e+03  1.000e+00  1.417e-109
2.543e+03  1.000e+00  8.583e-110
2.544e+03  1.000e+00  5.197e-110
2.545e+03  1.000e+00  3.146e-110
2.546e+03  1.000e+00  1.903e-110
2.547e+03  1.000e+00  1.151e-110
2.548e+03  1.000e+00  6.957e-111
2.549e+03  1.000e+00  4.203e-111
2.550e+03  1.000e+00  2.539e-111
2.551e+03  1.000e+00  1.532e-111
2.552e+03  1.000e+00  9.246e-112
2.553e+03  1.000e+00  5.577e-112
2.554e+03  1.000e+00  3.362e-112
2.555e+03  1.000e+00  2.026e-112
2.556e+03  1.000e+00  1.220e-112
2.557e+03  1.000e+00  7.347e-113
2.558e+03  1.000e+00  4.421e-113
2.559e+03  1.000e+00  2.659e-113
2.560e+03  1.000e+00  1.599e-113
2.561e+03  1.000e+00  9.610e-114
2.562e+03  1.000e+00  5.773e-114
2.563e+03  1.000e+00  3.467e-114
2.564e+03  1.000e+00  2.081e-114
2.565e+03  1.000e+00  1.248e-114
2.566e+03  1.000e+00  7.485e-115
2.567e+03  1.000e+00  4.487e-115
2.568e+03  1.000e+00  2.688e-115
2.569e+03  1.000e+00  1.610e-115
2.570e+03  1.000e+00  9.637e-116
2.571e+03  1.000e+00  5.766e-116
2.572e+03  1.000e+00  3.449e-116
2.573e+03  1.000e+00  2.062e-116
2.574e+03  1.000e+00  1.232e-116
2.575e+03  1.000e+00  7.359e-117
2.576e+03  1.000e+00  4.394e-117
2.577e+03  1.000e+00  2.622e-117
2.578e+03  1.000e+00  1.564e-117
2.579e+03  1.000e+00  9.325e-118
2.580e+03  1.000e+00  5.558e-118
2.581e+03  1.000e+00  3.311e-118
2.582e+03  1.000e+00  1.972e-118
2.583e+03  1.000e+00  1.173e-118
2.584e+03  1.000e+00  6.981e-119
2.585e+03  1.000e+00  4.152e-119
2.586e+03  1.000e+00  2.468e-119
2.587e+03  1.000e+00  1.466e-119
2.588e+03  1.000e+00  8.708e-120
2.589e+03  1.000e+00  5.169e-120
2.590e+03  1.000e+00  3.067e-120
2.591e+03  1.000e+00  1.819e-120
2.592e+03  1.000e+00  1.079e-120
2.593e+03  1.000e+00  6.391e-121
2.594e+03  1.000e+00  3.786e-121
2.595e+03  1.000e+00  2.241e-121
2.596e+03  1.000e+00  1.327e-121
2.597e+03  1.000e+00  7.847e-122
2.598e+03  1.000e+00  4.640e-122
2.599e+03  1.000e+00  2.742e-122
2.600e+03  1.000e+00  1.620e-122
2.601e+03  1.000e+00  9.567e-123
2.602e+03  1.000e+00  5.647e-123
2.603e+03  1.000e+00  3.332e-123
2.604e+03  1.000e+00  1.965e-123
2.605e+03  1.000e+00  1.158e-123
2.606e+03  1.000e+00  6.825e-124
2.607e+03  1.000e+00  4.020e-124
2.608e+03  1.000e+00  2.366e-124
2.609e+03  1.000e+00  1.393e-124
2.610e+03  1.000e+00  8.191e-125
2.611e+03  1.000e+00  4.816e-125
2.612e+03  1.000e+00  2.830e-125
2.613e+03  1.000e+00  1.663e-125
2.614e+03  1.000e+00  9.762e-126
2.615e+03  1.000e+00  5.730e-126
2.616e+03  1.000e+00  3.361e-126
2.617e+03  1.000e+00  1.971e-126
2.618e+03  1.000e+00  1.155e-126
2.619e+03  1.000e+00  6.769e-127
2.620e+03  1.000e+00  3.964e-127
2.621e+03  1.000e+00  2.321e-127
2.622e+03  1.000e+00  1.358e-127
2.623e+03  1.000e+00  7.942e-128
2.624e+03  1.000e+00  4.643e-128
2.625e+03  1.000e+00  2.713e-128
2.626e+03  1.000e+00  1.585e-128
2.627e+03  1.000e+00  9.253e-129
2.628e+03  1.000e+00  5.400e-129
2.629e+03  1.000e+00  3.150e-129
2.630e+03  1.000e+00  1.837e-129
2.631e+03  1.000e+00  1.071e-129
2.632e+03  1.000e+00  6.237e-130
2.633e+03  1.000e+00  3.632e-130
2.634e+03  1.000e+00  2.114e-130
2.635e+03  1.000e+00  1.230e-130
2.636e+03  1.000e+00  7.153e-131
2.637e+03  1.000e+00  4.158e-131
2.638e+03  1.000e+00  2.416e-131
2.639e+03  1.000e+00  1.403e-131
2.640e+03  1.000e+00  8.148e-132
2.641e+03  1.000e+00  4.728e-132
2.642e+03  1.000e+00  2.743e-132
2.643e+03  1.000e+00  1.590e-132
2.644e+03  1.000e+00  9.217e-133
2.645e+03  1.000e+00  5.339e-133
2.646e+03  1.000e+00  3.092e-133
2.647e+03  1.000e+00  1.790e-133
2.648e+03  1.000e+00  1.035e-133
2.649e+03  1.000e+00  5.987e-134
2.650e+03  1.000e+00  3.461e-134
2.651e+03  1.000e+00  2.000e-134
2.652e+03  1.000e+00  1.155e-134
2.653e+03  1.000e+00  6.668e-135
2.654e+03  1.000e+00  3.848e-135
2.655e+03  1.000e+00  2.219e-135
2.656e+03  1.000e+00  1.280e-135
2.657e+03  1.000e+00  7.375e-136
2.658e+03  1.000e+00  4.248e-136
2.659e+03  1.000e+00  2.446e-136
2.660e+03  1.000e+00  1.408e-136
2.661e+03  1.000e+00  8.100e-137
2.662e+03  1.000e+00  4.658e-137
2.663e+03  1.000e+00  2.677e-137
2.664e+03  1.000e+00  1.538e-137
2.665e+03  1.000e+00  8.835e-138
2.666e+03  1.000e+00  5.072e-138
2.667e+03  1.000e+00  2.910e-138
2.668e+03  1.000e+00  1.669e-138
2.669e+03  1.000e+00  9.571e-139
2.670e+03  1.000e+00  5.485e-139
2.671e+03  1.000e+00  3.142e-139
2.672e+03  1.000e+00  1.799e-139
2.673e+03  1.000e+00  1.030e-139
2.674e+03  1.000e+00  5.891e-140
2.675e+03  1.000e+00  3.369e-140
2.676e+03  1.000e+00  1.926e-140
2.677e+03  1.000e+00  1.100e-140
2.678e+03  1.000e+00  6.283e-141
2.679e+03  1.000e+00  3.587e-141
2.680e+03  1.000e+00  2.047e-141
2.681e+03  1.000e+00  1.167e-141
2.682e+03  1.000e+00  6.656e-142
2.683e+03  1.000e+00  3.793e-142
2.684e+03  1.000e+00  2.161e-142
2.685e+03  1.000e+00  1.230e-142
2.686e+03  1.000e+00  7.002e-143
2.687e+03  1.000e+00  3.984e-143
2.688e+03  1.000e+00  2.265e-143
2.689e+03  1.000e+00  1.288e-143
2.690e+03  1.000e+00  7.316e-144
2.691e+03  1.000e+00  4.155e-144
2.692e+03  1.000e+00  2.359e-144
2.693e+03  1.000e+00  1.338e-144
2.694e+03  1.000e+00  7.592e-145
2.695e+03  1.000e+00  4.304e-145
2.696e+03  1.000e+00  2.439e-145
2.697e+03  1.000e+00  1.382e-145
2.698e+03  1.000e+00  7.824e-146
2.699e+03  1.000e+00  4.428e-146
2.700e+03  1.000e+00  2.505e-146
2.701e+03  1.000e+00  1.417e-146
2.702e+03  1.000e+00  8.009e-147
2.703e+03  1.000e+00  4.525e-147
2.704e+03  1.000e+00  2.556e-147
2.705e+03  1.000e+00  1.443e-147
2.706e+03  1.000e+00  8.142e-148
2.707e+03  1.000e+00  4.592e-148
2.708e+03  1.000e+00  2.589e-148
2.709e+03  1.000e+00  1.459e-148
2.710e+03  1.000e+00  8.220e-149
2.711e+03  1.000e+00  4.629e-149
2.712e+03  1.000e+00  2.605e-149
2.713e+03  1.000e+00  1.466e-149
2.714e+03  1.000e+00  8.243e-150
2.715e+03  1.000e+00  4.634e-150
2.716e+03  1.000e+00  2.604e-150
2.717e+03  1.000e+00  1.462e-150
2.718e+03  1.000e+00  8.210e-151
2.719e+03  1.000e+00  4.607e-151
2.720e+03  1.000e+00  2.584e-151
2.721e+03  1.000e+00  1.449e-151
2.722e+03  1.000e+00  8.121e-152
2.723e+03  1.000e+00  4.550e-152
2.724e+03  1.000e+00  2.548e-152
2.725e+03  1.000e+00  1.426e-152
2.726e+03  1.000e+00  7.979e-153
2.727e+03  1.000e+00  4.462e-153
2.728e+03  1.000e+00  2.495e-153
2.729e+03  1.000e+00  1.394e-153
2.730e+03  1.000e+00  7.786e-154
2.731e+03  1.000e+00  4.347e-154
2.732e+03  1.000e+00  2.426e-154
2.733e+03  1.000e+00  1.353e-154
2.734e+03  1.000e+00  7.546e-155
2.735e+03  1.000e+00  4.206e-155
2.736e+03  1.000e+00  2.343e-155
2.737e+03  1.000e+00  1.305e-155
2.738e+03  1.000e+00  7.264e-156
2.739e+03  1.000e+00  4.042e-156
2.740e+03  1.000e+00  2.248e-156
2.741e+03  1.000e+00  1.250e-156
2.742e+03  1.000e+00  6.946e-157
2.743e+03  1.000e+00  3.858e-157
2.744e+03  1.000e+00  2.142e-157
2.745e+03  1.000e+00  1.189e-157
2.746e+03  1.000e+00  6.596e-158
2.747e+03  1.000e+00  3.658e-158
2.748e+03  1.000e+00  2.028e-158
2.749e+03  1.000e+00  1.123e-158
2.750e+03  1.000e+00  6.222e-159
2.751e+03  1.000e+00  3.444e-159
2.752e+03  1.000e+00  1.906e-159
2.753e+03  1.000e+00  1.054e-159
2.754e+03  1.000e+00  5.829e-160
2.755e+03  1.000e+00  3.222e-160
2.756e+03  1.000e+00  1.780e-160
2.757e+03  1.000e+00  9.828e-161
2.758e+03  1.000e+00  5.425e-161
2.759e+03  1.000e+00  2.993e-161
2.760e+03  1.000e+00  1.651e-161
2.761e+03  1.000e+00  9.100e-162
2.762e+03  1.000e+00  5.014e-162
2.763e+03  1.000e+00  2.762e-162
2.764e+03  1.000e+00  1.521e-162
2.765e+03  1.000e+00  8.369e-163
2.766e+03  1.000e+00  4.604e-163
2.767e+03  1.000e+00  2.531e-163
2.768e+03  1.000e+00  1.391e-163
2.769e+03  1.000e+00  7.645e-164
2.770e+03  1.000e+00  4.198e-164
2.771e+03  1.000e+00  2.305e-164
2.772e+03  1.000e+00  1.265e-164
2.773e+03  1.000e+00  6.936e-165
2.774e+03  1.000e+00  3.803e-165
2.775e+03  1.000e+00  2.084e-165
2.776e+03  1.000e+00  1.142e-165
2.777e+03  1.000e+00  6.251e-166
2.778e+03  1.000e+00  3.422e-166
2.779e+03  1.000e+00  1.872e-166
2.780e+03  1.000e+00  1.024e-166
2.781e+03  1.000e+00  5.596e-167
2.782e+03  1.000e+00  3.058e-167
2.783e+03  1.000e+00  1.670e-167
2.784e+03  1.000e+00  9.119e-168
2.785e+03  1.000e+00  4.977e-168
2.786e+03  1.000e+00  2.715e-168
2.787e+03  1.000e+00  1.480e-168
2.788e+03  1.000e+00  8.068e-169
2.789e+03  1.000e+00  4.396e-169
2.790e+03  1.000e+00  2.394e-169
2.791e+03  1.000e+00  1.303e-169
2.792e+03  1.000e+00  7.091e-170
2.793e+03  1.000e+00  3.857e-170
2.794e+03  1.000e+00  2.097e-170
2.795e+03  1.000e+00  1.140e-170
2.796e+03  1.000e+00  6.190e-171
2.797e+03  1.000e+00  3.361e-171
2.798e+03  1.000e+00  1.824e-171
2.799e+03  1.000e+00  9.898e-172
2.800e+03  1.000e+00  5.368e-172
2.801e+03  1.000e+00  2.910e-172
2.802e+03  1.000e+00  1.577e-172
2.803e+03  1.000e+00  8.540e-173
2.804e+03  1.000e+00  4.624e-173
2.805e+03  1.000e+00  2.502e-173
2.806e+03  1.000e+00  1.354e-173
2.807e+03  1.000e+00  7.320e-174
2.808e+03  1.000e+00  3.956e-174
2.809e+03  1.000e+00  2.138e-174
2.810e+03  1.000e+00  1.154e-174
2.811e+03  1.000e+00  6.232e-175
2.812e+03  1.000e+00  3.363e-175
2.813e+03  1.000e+00  1.814e-175
2.814e+03  1.000e+00  9.780e-176
2.815e+03  1.000e+00  5.271e-176
2.816e+03  1.000e+00  2.839e-176
2.817e+03  1.000e+00  1.529e-176
2.818e+03  1.000e+00  8.230e-177
2.819e+03  1.000e+00  4.428e-177
2.820e+03  1.000e+00  2.381e-177
2.821e+03  1.000e+00  1.280e-177
2.822e+03  1.000e+00  6.879e-178
2.823e+03  1.000e+00  3.695e-178
2.824e+03  1.000e+00  1.984e-178
2.825e+03  1.000e+00  1.065e-178
2.826e+03  1.000e+00  5.713e-179
2.827e+03  1.000e+00  3.063e-179
2.828e+03  1.000e+00  1.642e-179
2.829e+03  1.000e+00  8.798e-180
2.830e+03  1.000e+00  4.712e-180
2.831e+03  1.000e+00  2.523e-180
2.832e+03  1.000e+00  1.350e-180
2.833e+03  1.000e+00  7.221e-181
2.834e+03  1.000e+00  3.861e-181
2.835e+03  1.000e+00  2.064e-181
2.836e+03  1.000e+00  1.103e-181
2.837e+03  1.000e+00  5.888e-182
2.838e+03  1.000e+00  3.143e-182
2.839e+03  1.000e+00  1.677e-182
2.840e+03  1.000e+00  8.945e-183
2.841e+03  1.000e+00  4.769e-183
2.842e+03  1.000e+00  2.542e-183
2.843e+03  1.000e+00  1.354e-183
2.844e+03  1.000e+00  7.210e-184
2.845e+03  1.000e+00  3.838e-184
2.846e+03  1.000e+00  2.042e-184
2.847e+03  1.000e+00  1.086e-184
2.848e+03  1.000e+00  5.773e-185
2.849e+03  1.000e+00  3.067e-185
2.850e+03  1.000e+00  1.629e-185
2.851e+03  1.000e+00  8.651e-186
2.852e+03  1.000e+00  4.591e-186
2.853e+03  1.000e+00  2.436e-186
2.854e+03  1.000e+00  1.292e-186
2.855e+03  1.000e+00  6.847e-187
2.856e+03  1.000e+00  3.628e-187
2.857e+03  1.000e+00  1.921e-187
2.858e+03  1.000e+00  1.017e-187
2.859e+03  1.000e+00  5.383e-188
2.860e+03  1.000e+00  2.848e-188
2.861e+03  1.000e+00  1.506e-188
2.862e+03  1.000e+00  7.959e-189
2.863e+03  1.000e+00  4.205e-189
2.864e+03  1.000e+00  2.221e-189
2.865e+03  1.000e+00  1.172e-189
2.866e+03  1.000e+00  6.186e-190
2.867e+03  1.000e+00  3.263e-190
2.868e+03  1.000e+00  1.720e-190
2.869e+03  1.000e+00  9.067e-191
2.870e+03  1.000e+00  4.776e-191
2.871e+03  1.000e+00  2.515e-191
2.872e+03  1.000e+00  1.324e-191
2.873e+03  1.000e+00  6.966e-192
2.874e+03  1.000e+00  3.664e-192
2.875e+03  1.000e+00  1.926e-192
2.876e+03  1.000e+00  1.012e-192
2.877e+03  1.000e+00  5.317e-193
2.878e+03  1.000e+00  2.792e-193
2.879e+03  1.000e+00  1.466e-193
2.880e+03  1.000e+00  7.689e-194
2.881e+03  1.000e+00  4.032e-194
2.882e+03  1.000e+00  2.114e-194
2.883e+03  1.000e+00  1.108e-194
2.884e+03  1.000e+00  5.802e-195
2.885e+03  1.000e+00  3.038e-195
2.886e+03  1.000e+00  1.590e-195
2.887e+03  1.000e+00  8.318e-196
2.888e+03  1.000e+00  4.350e-196
2.889e+03  1.000e+00  2.274e-196
2.890e+03  1.000e+00  1.188e-196
2.891e+03  1.000e+00  6.205e-197
2.892e+03  1.000e+00  3.240e-197
2.893e+03  1.000e+00  1.691e-197
2.894e+03  1.000e+00  8.820e-198
2.895e+03  1.000e+00  4.599e-198
2.896e+03  1.000e+00  2.397e-198
2.897e+03  1.000e+00  1.249e-198
2.898e+03  1.000e+00  6.505e-199
2.899e+03  1.000e+00  3.386e-199
2.900e+03  1.000e+00  1.762e-199
2.901e+03  1.000e+00  9.167e-200
2.902e+03  1.000e+00  4.766e-200
2.903e+03  1.000e+00  2.477e-200
2.904e+03  1.000e+00  1.287e-200
2.905e+03  1.000e+00  6.684e-201
2.906e+03  1.000e+00  3.470e-201
2.907e+03  1.000e+00  1.800e-201
2.908e+03  1.000e+00  9.339e-202
2.909e+03  1.000e+00  4.842e-202
2.910e+03  1.000e+00  2.509e-202
2.911e+03  1.000e+00  1.300e-202
2.912e+03  1.000e+00  6.732e-203
2.913e+03  1.000e+00  3.485e-203
2.914e+03  1.000e+00  1.803e-203
2.915e+03  1.000e+00  9.326e-204
2.916e+03  1.000e+00  4.822e-204
2.917e+03  1.000e+00  2.492e-204
2.918e+03  1.000e+00  1.287e-204
2.919e+03  1.000e+00  6.647e-205
2.920e+03  1.000e+00  3.431e-205
2.921e+03  1.000e+00  1.770e-205
2.922e+03  1.000e+00  9.130e-206
2.923e+03  1.000e+00  4.707e-206
2.924e+03  1.000e+00  2.426e-206
2.925e+03  1.000e+00  1.250e-206
2.926e+03  1.000e+00  6.434e-207
2.927e+03  1.000e+00  3.312e-207
2.928e+03  1.000e+00  1.704e-207
2.929e+03  1.000e+00  8.763e-208
2.930e+03  1.000e+00  4.505e-208
2.931e+03  1.000e+00  2.315e-208
2.932e+03  1.000e+00  1.189e-208
2.933e+03  1.000e+00  6.105e-209
2.934e+03  1.000e+00  3.134e-209
2.935e+03  1.000e+00  1.608e-209
2.936e+03  1.000e+00  8.245e-210
2.937e+03  1.000e+00  4.227e-210
2.938e+03  1.000e+00  2.166e-210
2.939e+03  1.000e+00  1.109e-210
2.940e+03  1.000e+00  5.680e-211
2.941e+03  1.000e+00  2.907e-211
2.942e+03  1.000e+00  1.487e-211
2.943e+03  1.000e+00  7.605e-212
2.944e+03  1.000e+00  3.888e-212
2.945e+03  1.000e+00  1.987e-212
2.946e+03  1.000e+00  1.015e-212
2.947e+03  1.000e+00  5.181e-213
2.948e+03  1.000e+00  2.644e-213
2.949e+03  1.000e+00  1.349e-213
2.950e+03  1.000e+00  6.878e-214
2.951e+03  1.000e+00  3.506e-214
2.952e+03  1.000e+00  1.787e-214
2.953e+03  1.000e+00  9.099e-215
2.954e+03  1.000e+00  4.633e-215
2.955e+03  1.000e+00  2.358e-215
2.956e+03  1.000e+00  1.199e-215
2.957e+03  1.000e+00  6.099e-216
2.958e+03  1.000e+00  3.100e-216
2.959e+03  1.000e+00  1.575e-216
2.960e+03  1.000e+00  8.001e-217
2.961e+03  1.000e+00  4.062e-217
2.962e+03  1.000e+00  2.062e-217
2.963e+03  1.000e+00  1.046e-217
2.964e+03  1.000e+00  5.303e-218
2.965e+03  1.000e+00  2.688e-218
2.966e+03  1.000e+00  1.362e-218
2.967e+03  1.000e+00  6.898e-219
2.968e+03  1.000e+00  3.492e-219
2.969e+03  1.000e+00  1.767e-219
2.970e+03  1.000e+00  8.941e-220
2.971e+03  1.000e+00  4.521e-220
2.972e+03  1.000e+00  2.285e-220
2.973e+03  1.000e+00  1.155e-220
2.974e+03  1.000e+00  5.832e-221
2.975e+03  1.000e+00  2.944e-221
2.976e+03  1.000e+00  1.486e-221
2.977e+03  1.000e+00  7.495e-222
2.978e+03  1.000e+00  3.779e-222
2.979e+03  1.000e+00  1.905e-222
2.980e+03  1.000e+00  9.598e-223
2.981e+03  1.000e+00  4.834e-223
2.982e+03  1.000e+00  2.434e-223
2.983e+03  1.000e+00  1.225e-223
2.984e+03  1.000e+00  6.161e-224
2.985e+03  1.000e+00  3.098e-224
2.986e+03  1.000e+00  1.557e-224
2.987e+03  1.000e+00  7.824e-225
2.988e+03  1.000e+00  3.930e-225
2.989e+03  1.000e+00  1.973e-225
2.990e+03  1.000e+00  9.901e-226
2.991e+03  1.000e+00  4.967e-226
2.992e+03  1.000e+00  2.491e-226
2.993e+03  1.000e+00  1.248e-226
2.994e+03  1.000e+00  6.256e-227
2.995e+03  1.000e+00  3.134e-227
2.996e+03  1.000e+00  1.571e-227
2.997e+03  1.000e+00  7.910e-228
2.998e+03  1.000e+00  4.049e-228
2.999e+03  1.000e+00  2.208e-228
3.000e+03  1.000e+00  1.472e-228
