1.492487479131886507e+00
1.462437395659432537e+00
1.432387312186978345e+00
1.402337228714524375e+00
1.372287145242070183e+00
1.332220367278798001e+00
1.302170283806344031e+00
1.262103505843071849e+00
1.222036727879799667e+00
1.181969949916527485e+00
1.151919866444073515e+00
1.101836393989983343e+00
1.061769616026711160e+00
1.021702838063439200e+00
9.716193656093489173e-01
9.215358931552587451e-01
8.714524207011686840e-01
8.213689482470785119e-01
7.512520868113522488e-01
7.011686143572621877e-01
6.310517529215359245e-01
5.709515859766277623e-01
5.008347245409014992e-01
4.307178631051753470e-01
3.706176961602671294e-01
3.005008347245409217e-01
2.303839732888146863e-01
1.702838063439065242e-01
1.001669449081803026e-01
2.003338898163606330e-02
-6.010016694490818295e-02
-1.402337228714524431e-01
-2.303839732888146863e-01
-3.305509181969950028e-01
-4.507512520868113826e-01
-6.010016694490818434e-01
-8.213689482470785119e-01
-1.332220367278798001e+00
-2.696498054474708361e+00
-2.856521739130434945e+00
-2.871910112359550737e+00
-2.883295194508009196e+00
-2.882217090069284282e+00
-2.888372093023256149e+00
-2.887850467289719614e+00
-2.894613583138173407e+00
-2.887323943661971981e+00
-2.879999999999999893e+00
-2.886792452830188704e+00
-2.879432624113475558e+00
