1.482470784641068517e+00
1.462437395659432537e+00
1.432387312186978345e+00
1.402337228714524375e+00
1.362270450751252193e+00
1.332220367278798001e+00
1.302170283806344031e+00
1.262103505843071849e+00
1.222036727879799667e+00
1.181969949916527485e+00
1.141903171953255525e+00
1.111853088480801555e+00
1.061769616026711160e+00
1.011686143572620988e+00
9.716193656093489173e-01
9.215358931552587451e-01
8.614357262103506940e-01
8.113522537562604109e-01
7.512520868113522488e-01
6.911519198664440866e-01
6.110183639398998334e-01
5.308848080133555802e-01
4.307178631051753470e-01
3.205342237061770128e-01
1.903171953255425597e-01
3.005008347245409148e-02
-2.504173622704507496e-01
-1.061769616026711160e+00
-1.071786310517529373e+00
-1.071786310517529373e+00
-1.061769616026711160e+00
-1.071786310517529373e+00
-1.071786310517529373e+00
-1.071786310517529373e+00
-1.071786310517529373e+00
-1.061769616026711160e+00
-1.071786310517529373e+00
-1.061769616026711160e+00
-1.071786310517529373e+00
-1.061769616026711160e+00
-1.071786310517529373e+00
-1.071786310517529373e+00
-1.061769616026711160e+00
-1.061769616026711160e+00
-1.071786310517529373e+00
-1.071786310517529373e+00
-1.061769616026711160e+00
-1.061769616026711160e+00
-1.061769616026711160e+00
-1.071786310517529373e+00
