1.772954924874791338e+00
1.742904841402337368e+00
1.722871452420701388e+00
1.702838063439064964e+00
1.682804674457428984e+00
1.652754590984975014e+00
1.622704507512520822e+00
1.602671118530884842e+00
1.572621035058430872e+00
1.542570951585976902e+00
1.512520868113522488e+00
1.492487479131886507e+00
1.452420701168614547e+00
1.422370617696160355e+00
1.392320534223706163e+00
1.362270450751252193e+00
1.332220367278798001e+00
1.302170283806344031e+00
1.272120200333890061e+00
1.232053422370617879e+00
1.191986644407345697e+00
1.161936560934891505e+00
1.111853088480801555e+00
1.071786310517529373e+00
1.041736227045075180e+00
9.916527545909850083e-01
9.415692821368949472e-01
8.914858096828046641e-01
8.514190317195324820e-01
8.013355592654424209e-01
7.412353923205342587e-01
6.811352253756260966e-01
6.310517529215359245e-01
5.709515859766277623e-01
5.308848080133555802e-01
4.808013355592654636e-01
4.307178631051753470e-01
4.006677796327212104e-01
3.606010016694491394e-01
3.205342237061770128e-01
2.904841402337228762e-01
2.604340567612687951e-01
2.203672787979966685e-01
2.003338898163606052e-01
1.602671118530885064e-01
1.402337228714524431e-01
1.101836393989983343e-01
8.013355592654425319e-02
6.010016694490818295e-02
3.005008347245409148e-02
