1.775147928994083024e+00
1.737313432835820848e+00
1.711711711711711770e+00
1.672727272727272840e+00
1.614678899082568675e+00
1.574074074074074181e+00
1.551401869158878455e+00
1.509433962264151052e+00
1.466666666666666785e+00
1.418530351437699677e+00
1.393548387096774421e+00
1.344155844155844104e+00
1.294117647058823595e+00
1.243421052631578982e+00
1.188118811881188286e+00
1.148514851485148647e+00
1.065789473684210620e+00
1.019607843137255054e+00
9.514563106796116720e-01
8.766233766233766378e-01
8.013355592654424209e-01
7.212020033388982787e-01
6.210350584307179345e-01
5.008347245409014992e-01
3.505843071786310938e-01
1.001669449081803026e-01
-1.582637729549248862e+00
-1.572621035058430872e+00
-1.582637729549248862e+00
-1.582637729549248862e+00
-1.572621035058430872e+00
-1.572621035058430872e+00
-1.582637729549248862e+00
-1.572621035058430872e+00
-1.582637729549248862e+00
-1.582637729549248862e+00
-1.572621035058430872e+00
-1.582637729549248862e+00
-1.582637729549248862e+00
-1.582637729549248862e+00
-1.572621035058430872e+00
-1.572621035058430872e+00
-1.572621035058430872e+00
-1.572621035058430872e+00
-1.582637729549248862e+00
-1.582637729549248862e+00
-1.582637729549248862e+00
-1.582637729549248862e+00
-1.582637729549248862e+00
-1.582637729549248862e+00
