1.766666666666666829e+00
1.731092436974789761e+00
1.694915254237288282e+00
1.675213675213675257e+00
1.620689655172413923e+00
1.587209302325581550e+00
1.552941176470588491e+00
1.517857142857142794e+00
1.463855421686747205e+00
1.426829268292682862e+00
1.388888888888889062e+00
1.331250000000000044e+00
1.295238095238095299e+00
1.234726688102893988e+00
1.192182410423452854e+00
1.128712871287128827e+00
1.076411960132890533e+00
1.006711409395973256e+00
9.677419354838709964e-01
8.814691151919866741e-01
8.013355592654424209e-01
7.212020033388982787e-01
6.210350584307179345e-01
5.008347245409014992e-01
3.505843071786310938e-01
1.101836393989983343e-01
-2.025000000000000355e+00
-2.033388981636059967e+00
-2.033388981636059967e+00
-2.026755852842809347e+00
-2.030150753768844574e+00
-2.033557046979865834e+00
-2.026890756302521357e+00
-2.036974789915966699e+00
-2.026890756302521357e+00
-2.030303030303030720e+00
-2.030303030303030720e+00
-2.030303030303030720e+00
-2.030303030303030720e+00
-2.033726812816189167e+00
-2.033726812816189167e+00
-2.033726812816189167e+00
-2.033726812816189167e+00
-2.033726812816189167e+00
-2.033726812816189167e+00
-2.033726812816189167e+00
-2.033726812816189167e+00
-2.033726812816189167e+00
-2.033726812816189167e+00
-2.033726812816189167e+00
