0.000000000000000000e+00
5.000625078134923740e-03
0.000000000000000000e+00
5.000625078134923740e-03
1.500187523440421611e-02
3.000375046880865426e-02
5.500687585948238478e-02
6.500812601575201022e-02
8.001000125015622633e-02
9.501187648456055346e-02
1.100137517189648806e-01
1.050131266408301789e-01
1.150143767970996378e-01
1.100137517189648806e-01
1.150143767970996378e-01
1.100137517189648806e-01
1.000125015626953245e-01
9.001125140642579625e-02
7.500937617202151075e-02
6.000750093761719056e-02
3.500437554694335596e-02
1.500187523440429938e-02
1.500187523440429938e-02
5.000625078134762758e-02
1.000125015626953107e-01
1.500187523440429382e-01
2.100262532816601913e-01
2.950368796099513413e-01
3.950493811726464854e-01
5.400675084385546665e-01
