3.000000000000000000e+00
3.000000000000000000e+00
4.500000000000000000e+00
3.000000000000000000e+00
4.500000000000000000e+00
4.800000000000000711e+00
3.600000000000000089e+00
3.600000000000000089e+00
3.600000000000000089e+00
3.600000000000000089e+00
4.000000000000000000e+00
3.000000000000000000e+00
4.000000000000000000e+00
3.000000000000000000e+00
4.000000000000000000e+00
4.285714285714286476e+00
3.428571428571428381e+00
3.428571428571428381e+00
3.428571428571428381e+00
3.428571428571428381e+00
3.750000000000000000e+00
3.750000000000000000e+00
3.750000000000000000e+00
3.000000000000000000e+00
3.750000000000000000e+00
4.000000000000000000e+00
3.333333333333333481e+00
4.000000000000000000e+00
3.333333333333333481e+00
3.333333333333333481e+00
3.600000000000000089e+00
3.600000000000000089e+00
3.600000000000000089e+00
3.600000000000000089e+00
3.600000000000000089e+00
3.818181818181818343e+00
3.272727272727272485e+00
3.818181818181818343e+00
3.272727272727272485e+00
3.818181818181818343e+00
4.000000000000000000e+00
3.500000000000000444e+00
3.500000000000000444e+00
3.500000000000000444e+00
3.500000000000000444e+00
3.692307692307692513e+00
3.692307692307692513e+00
3.692307692307692513e+00
3.230769230769230838e+00
3.692307692307692513e+00
3.857142857142857650e+00
3.428571428571428381e+00
3.857142857142857650e+00
3.857142857142857650e+00
3.428571428571428381e+00
3.600000000000000089e+00
3.600000000000000089e+00
3.600000000000000089e+00
4.000000000000000000e+00
3.600000000000000089e+00
3.750000000000000000e+00
3.375000000000000000e+00
3.750000000000000000e+00
3.750000000000000000e+00
3.750000000000000000e+00
3.882352941176471006e+00
3.529411764705882693e+00
3.529411764705882693e+00
3.882352941176471006e+00
3.529411764705882693e+00
3.666666666666666963e+00
3.333333333333333481e+00
3.666666666666666963e+00
3.666666666666666963e+00
3.666666666666666963e+00
3.789473684210526105e+00
3.473684210526315930e+00
3.473684210526315930e+00
3.789473684210526105e+00
3.473684210526315930e+00
3.600000000000000089e+00
3.600000000000000089e+00
3.600000000000000089e+00
3.600000000000000089e+00
3.600000000000000089e+00
3.714285714285714413e+00
3.428571428571428381e+00
3.714285714285714413e+00
3.714285714285714413e+00
3.428571428571428381e+00
3.545454545454545858e+00
3.545454545454545858e+00
3.545454545454545858e+00
3.818181818181818343e+00
3.545454545454545858e+00
3.652173913043478493e+00
3.652173913043478493e+00
3.652173913043478493e+00
3.652173913043478493e+00
3.652173913043478493e+00
3.750000000000000000e+00
3.750000000000000000e+00
3.500000000000000444e+00
3.750000000000000000e+00
3.500000000000000444e+00
3.600000000000000089e+00
3.840000000000000302e+00
3.600000000000000089e+00
3.600000000000000089e+00
3.600000000000000089e+00
3.692307692307692513e+00
3.692307692307692513e+00
3.692307692307692513e+00
3.692307692307692513e+00
3.461538461538461231e+00
3.555555555555555358e+00
3.777777777777778123e+00
3.555555555555555358e+00
3.777777777777778123e+00
3.555555555555555358e+00
3.642857142857142794e+00
3.642857142857142794e+00
3.642857142857142794e+00
3.642857142857142794e+00
3.428571428571428381e+00
3.517241379310344751e+00
3.724137931034483096e+00
3.517241379310344751e+00
3.724137931034483096e+00
3.517241379310344751e+00
3.600000000000000089e+00
3.600000000000000089e+00
3.600000000000000089e+00
3.600000000000000089e+00
3.600000000000000089e+00
3.677419354838709964e+00
3.677419354838709964e+00
3.483870967741935942e+00
3.677419354838709964e+00
3.677419354838709964e+00
3.562500000000000000e+00
3.750000000000000000e+00
3.562500000000000000e+00
3.562500000000000000e+00
3.750000000000000000e+00
3.636363636363636687e+00
3.636363636363636687e+00
3.636363636363636687e+00
3.636363636363636687e+00
3.636363636363636687e+00
3.529411764705882693e+00
3.705882352941176627e+00
3.529411764705882693e+00
3.705882352941176627e+00
3.705882352941176627e+00
3.600000000000000089e+00
3.600000000000000089e+00
3.600000000000000089e+00
3.600000000000000089e+00
3.771428571428571352e+00
3.666666666666666963e+00
3.666666666666666963e+00
3.500000000000000444e+00
3.666666666666666963e+00
3.666666666666666963e+00
3.567567567567567988e+00
3.729729729729729826e+00
3.567567567567567988e+00
3.567567567567567988e+00
3.729729729729729826e+00
3.631578947368421240e+00
3.631578947368421240e+00
3.631578947368421240e+00
3.631578947368421240e+00
3.631578947368421240e+00
3.538461538461538769e+00
3.692307692307692513e+00
3.538461538461538769e+00
3.538461538461538769e+00
3.692307692307692513e+00
3.600000000000000089e+00
3.600000000000000089e+00
3.750000000000000000e+00
3.600000000000000089e+00
3.600000000000000089e+00
3.512195121951219523e+00
3.658536585365853799e+00
3.658536585365853799e+00
3.658536585365853799e+00
3.658536585365853799e+00
3.571428571428571619e+00
3.571428571428571619e+00
3.714285714285714413e+00
3.571428571428571619e+00
3.714285714285714413e+00
3.627906976744185830e+00
3.627906976744185830e+00
3.627906976744185830e+00
3.627906976744185830e+00
3.627906976744185830e+00
3.545454545454545858e+00
3.681818181818182101e+00
3.681818181818182101e+00
3.545454545454545858e+00
3.681818181818182101e+00
3.600000000000000089e+00
3.600000000000000089e+00
3.733333333333333393e+00
3.600000000000000089e+00
3.600000000000000089e+00
3.521739130434783149e+00
3.652173913043478493e+00
3.652173913043478493e+00
3.652173913043478493e+00
3.652173913043478493e+00
3.574468085106382809e+00
3.574468085106382809e+00
3.702127659574468321e+00
3.574468085106382809e+00
3.702127659574468321e+00
3.625000000000000000e+00
3.625000000000000000e+00
3.625000000000000000e+00
3.625000000000000000e+00
3.625000000000000000e+00
3.673469387755102122e+00
3.673469387755102122e+00
3.673469387755102122e+00
3.551020408163265252e+00
3.673469387755102122e+00
3.720000000000000195e+00
3.600000000000000089e+00
3.600000000000000089e+00
3.600000000000000089e+00
3.600000000000000089e+00
3.647058823529411686e+00
3.647058823529411686e+00
3.647058823529411686e+00
3.529411764705882693e+00
3.647058823529411686e+00
3.692307692307692513e+00
3.576923076923077094e+00
3.692307692307692513e+00
3.576923076923077094e+00
3.576923076923077094e+00
3.622641509433962348e+00
3.622641509433962348e+00
3.622641509433962348e+00
3.622641509433962348e+00
3.622641509433962348e+00
3.666666666666666963e+00
3.555555555555555358e+00
3.666666666666666963e+00
3.555555555555555358e+00
3.666666666666666963e+00
3.709090909090908994e+00
3.600000000000000089e+00
3.600000000000000089e+00
3.600000000000000089e+00
3.600000000000000089e+00
3.642857142857142794e+00
3.642857142857142794e+00
3.642857142857142794e+00
3.535714285714286031e+00
3.642857142857142794e+00
3.684210526315789824e+00
3.578947368421052655e+00
3.684210526315789824e+00
3.684210526315789824e+00
3.578947368421052655e+00
3.620689655172413701e+00
3.620689655172413701e+00
3.620689655172413701e+00
3.724137931034483096e+00
3.620689655172413701e+00
3.661016949152542832e+00
3.559322033898304927e+00
3.661016949152542832e+00
3.661016949152542832e+00
3.661016949152542832e+00
3.700000000000000178e+00
3.600000000000000089e+00
3.600000000000000089e+00
3.700000000000000178e+00
3.600000000000000089e+00
3.639344262295082011e+00
3.540983606557376984e+00
3.639344262295082011e+00
3.639344262295082011e+00
3.639344262295082011e+00
3.677419354838709964e+00
3.580645161290322953e+00
3.580645161290322953e+00
3.677419354838709964e+00
3.580645161290322953e+00
3.619047619047619069e+00
3.619047619047619069e+00
3.619047619047619069e+00
3.619047619047619069e+00
3.619047619047619069e+00
3.656250000000000000e+00
3.562500000000000000e+00
3.656250000000000000e+00
3.656250000000000000e+00
3.562500000000000000e+00
3.600000000000000089e+00
3.692307692307692513e+00
3.600000000000000089e+00
3.692307692307692513e+00
3.600000000000000089e+00
3.636363636363636687e+00
3.636363636363636687e+00
3.636363636363636687e+00
3.636363636363636687e+00
3.636363636363636687e+00
3.671641791044776060e+00
3.671641791044776060e+00
3.582089552238805652e+00
3.671641791044776060e+00
3.582089552238805652e+00
3.617647058823529438e+00
3.705882352941176627e+00
3.617647058823529438e+00
3.617647058823529438e+00
3.617647058823529438e+00
3.652173913043478493e+00
3.652173913043478493e+00
3.652173913043478493e+00
3.652173913043478493e+00
3.565217391304347672e+00
3.600000000000000089e+00
3.685714285714285943e+00
3.600000000000000089e+00
3.685714285714285943e+00
3.600000000000000089e+00
3.633802816901408494e+00
3.633802816901408494e+00
3.633802816901408494e+00
3.633802816901408494e+00
3.549295774647887480e+00
3.583333333333333481e+00
3.666666666666666963e+00
3.583333333333333481e+00
3.666666666666666963e+00
3.583333333333333481e+00
3.616438356164383361e+00
3.616438356164383361e+00
3.616438356164383361e+00
3.616438356164383361e+00
3.698630136986301498e+00
3.648648648648648685e+00
3.648648648648648685e+00
3.567567567567567988e+00
3.648648648648648685e+00
3.648648648648648685e+00
3.600000000000000089e+00
3.679999999999999716e+00
3.600000000000000089e+00
3.600000000000000089e+00
3.679999999999999716e+00
3.631578947368421240e+00
3.631578947368421240e+00
3.631578947368421240e+00
3.631578947368421240e+00
3.631578947368421240e+00
3.584415584415584277e+00
3.662337662337662447e+00
3.584415584415584277e+00
3.662337662337662447e+00
3.662337662337662447e+00
3.615384615384615419e+00
3.615384615384615419e+00
3.615384615384615419e+00
3.615384615384615419e+00
3.692307692307692513e+00
3.645569620253164889e+00
3.645569620253164889e+00
3.569620253164556889e+00
3.645569620253164889e+00
3.645569620253164889e+00
3.600000000000000089e+00
3.675000000000000266e+00
3.600000000000000089e+00
3.600000000000000089e+00
3.675000000000000266e+00
3.629629629629629761e+00
3.629629629629629761e+00
3.555555555555555358e+00
3.629629629629629761e+00
3.629629629629629761e+00
3.585365853658536661e+00
3.658536585365853799e+00
3.658536585365853799e+00
3.585365853658536661e+00
3.658536585365853799e+00
3.614457831325301740e+00
3.614457831325301740e+00
3.686746987951807331e+00
3.614457831325301740e+00
3.614457831325301740e+00
3.571428571428571619e+00
3.642857142857142794e+00
3.642857142857142794e+00
3.642857142857142794e+00
3.642857142857142794e+00
3.600000000000000089e+00
3.600000000000000089e+00
3.670588235294117929e+00
3.600000000000000089e+00
3.670588235294117929e+00
3.627906976744185830e+00
3.627906976744185830e+00
3.627906976744185830e+00
3.627906976744185830e+00
3.627906976744185830e+00
3.586206896551724643e+00
3.655172413793103647e+00
3.655172413793103647e+00
3.586206896551724643e+00
3.655172413793103647e+00
3.613636363636363757e+00
3.613636363636363757e+00
3.681818181818182101e+00
3.613636363636363757e+00
3.613636363636363757e+00
3.573033707865168829e+00
3.640449438202247645e+00
3.640449438202247645e+00
3.640449438202247645e+00
3.640449438202247645e+00
3.666666666666666963e+00
3.600000000000000089e+00
3.666666666666666963e+00
3.600000000000000089e+00
3.666666666666666963e+00
3.692307692307692513e+00
3.626373626373626369e+00
3.626373626373626369e+00
3.626373626373626369e+00
3.626373626373626369e+00
3.652173913043478493e+00
3.586956521739130377e+00
3.652173913043478493e+00
3.586956521739130377e+00
3.652173913043478493e+00
3.677419354838709964e+00
3.612903225806451957e+00
3.612903225806451957e+00
3.612903225806451957e+00
3.612903225806451957e+00
3.638297872340425787e+00
3.638297872340425787e+00
3.638297872340425787e+00
3.574468085106382809e+00
3.638297872340425787e+00
3.663157894736842390e+00
3.600000000000000089e+00
3.663157894736842390e+00
3.600000000000000089e+00
3.600000000000000089e+00
3.625000000000000000e+00
3.625000000000000000e+00
3.625000000000000000e+00
3.625000000000000000e+00
3.625000000000000000e+00
3.649484536082474140e+00
3.587628865979381576e+00
3.649484536082474140e+00
3.587628865979381576e+00
3.649484536082474140e+00
3.673469387755102122e+00
3.612244897959183909e+00
3.612244897959183909e+00
3.673469387755102122e+00
3.612244897959183909e+00
3.636363636363636687e+00
3.636363636363636687e+00
3.636363636363636687e+00
3.636363636363636687e+00
3.636363636363636687e+00
3.660000000000000142e+00
3.600000000000000089e+00
3.660000000000000142e+00
3.660000000000000142e+00
3.600000000000000089e+00
3.623762376237623872e+00
3.623762376237623872e+00
3.623762376237623872e+00
3.683168316831683331e+00
3.623762376237623872e+00
3.647058823529411686e+00
3.588235294117647189e+00
3.647058823529411686e+00
3.647058823529411686e+00
3.588235294117647189e+00
3.611650485436892932e+00
3.611650485436892932e+00
3.611650485436892932e+00
3.669902912621358926e+00
3.611650485436892932e+00
3.634615384615384581e+00
3.576923076923077094e+00
3.634615384615384581e+00
3.634615384615384581e+00
3.634615384615384581e+00
3.657142857142857473e+00
3.600000000000000089e+00
3.600000000000000089e+00
3.657142857142857473e+00
3.600000000000000089e+00
3.622641509433962348e+00
3.679245283018867774e+00
3.622641509433962348e+00
3.622641509433962348e+00
3.622641509433962348e+00
3.644859813084111888e+00
3.644859813084111888e+00
3.644859813084111888e+00
3.644859813084111888e+00
3.588785046728971917e+00
3.611111111111111160e+00
3.666666666666666963e+00
3.611111111111111160e+00
3.666666666666666963e+00
3.611111111111111160e+00
3.633027522935780240e+00
3.633027522935780240e+00
3.633027522935780240e+00
3.633027522935780240e+00
3.633027522935780240e+00
3.654545454545454763e+00
3.654545454545454763e+00
3.600000000000000089e+00
3.654545454545454763e+00
3.600000000000000089e+00
3.621621621621621934e+00
3.675675675675675436e+00
3.621621621621621934e+00
3.621621621621621934e+00
3.621621621621621934e+00
3.642857142857142794e+00
3.642857142857142794e+00
3.589285714285714413e+00
3.642857142857142794e+00
3.589285714285714413e+00
3.610619469026548956e+00
3.663716814159291957e+00
3.610619469026548956e+00
3.610619469026548956e+00
3.610619469026548956e+00
3.631578947368421240e+00
3.631578947368421240e+00
3.631578947368421240e+00
3.631578947368421240e+00
3.631578947368421240e+00
3.600000000000000089e+00
3.652173913043478493e+00
3.600000000000000089e+00
3.652173913043478493e+00
3.652173913043478493e+00
3.620689655172413701e+00
3.620689655172413701e+00
3.620689655172413701e+00
3.620689655172413701e+00
3.672413793103447954e+00
3.641025641025640969e+00
3.641025641025640969e+00
3.589743589743589869e+00
3.641025641025640969e+00
3.641025641025640969e+00
3.610169491525423435e+00
3.661016949152542832e+00
3.610169491525423435e+00
3.610169491525423435e+00
3.661016949152542832e+00
3.630252100840336116e+00
3.630252100840336116e+00
3.630252100840336116e+00
3.630252100840336116e+00
3.630252100840336116e+00
3.600000000000000089e+00
3.649999999999999911e+00
3.600000000000000089e+00
3.649999999999999911e+00
3.649999999999999911e+00
3.619834710743801587e+00
3.619834710743801587e+00
3.619834710743801587e+00
3.619834710743801587e+00
3.669421487603305554e+00
3.639344262295082011e+00
3.639344262295082011e+00
3.639344262295082011e+00
3.639344262295082011e+00
3.639344262295082011e+00
3.609756097560976151e+00
3.609756097560976151e+00
3.658536585365853799e+00
3.609756097560976151e+00
3.658536585365853799e+00
3.629032258064516459e+00
3.629032258064516459e+00
3.629032258064516459e+00
3.629032258064516459e+00
3.629032258064516459e+00
3.600000000000000089e+00
3.648000000000000131e+00
3.648000000000000131e+00
3.600000000000000089e+00
3.648000000000000131e+00
3.619047619047619069e+00
3.619047619047619069e+00
3.666666666666666963e+00
3.619047619047619069e+00
3.619047619047619069e+00
3.590551181102362488e+00
3.637795275590551380e+00
3.637795275590551380e+00
3.637795275590551380e+00
3.637795275590551380e+00
3.609375000000000000e+00
3.609375000000000000e+00
3.656250000000000000e+00
3.609375000000000000e+00
3.656250000000000000e+00
3.627906976744185830e+00
3.627906976744185830e+00
3.627906976744185830e+00
3.627906976744185830e+00
3.627906976744185830e+00
3.646153846153846079e+00
3.646153846153846079e+00
3.646153846153846079e+00
3.600000000000000089e+00
3.646153846153846079e+00
3.664122137404580482e+00
3.618320610687022931e+00
3.664122137404580482e+00
3.618320610687022931e+00
3.618320610687022931e+00
3.636363636363636687e+00
3.636363636363636687e+00
3.636363636363636687e+00
3.590909090909091272e+00
3.636363636363636687e+00
3.654135338345864792e+00
3.609022556390977243e+00
3.654135338345864792e+00
3.609022556390977243e+00
3.609022556390977243e+00
3.626865671641791078e+00
3.626865671641791078e+00
3.626865671641791078e+00
3.626865671641791078e+00
3.626865671641791078e+00
3.644444444444444375e+00
3.600000000000000089e+00
3.644444444444444375e+00
3.600000000000000089e+00
3.644444444444444375e+00
3.661764705882353255e+00
3.617647058823529438e+00
3.617647058823529438e+00
3.617647058823529438e+00
3.617647058823529438e+00
3.635036496350365187e+00
3.635036496350365187e+00
3.635036496350365187e+00
3.635036496350365187e+00
3.635036496350365187e+00
3.652173913043478493e+00
3.608695652173913082e+00
3.652173913043478493e+00
3.652173913043478493e+00
3.608695652173913082e+00
3.625899280575539674e+00
3.625899280575539674e+00
3.625899280575539674e+00
3.669064748201438686e+00
3.625899280575539674e+00
3.642857142857142794e+00
3.600000000000000089e+00
3.642857142857142794e+00
3.642857142857142794e+00
3.642857142857142794e+00
3.659574468085106336e+00
3.617021276595744794e+00
3.617021276595744794e+00
3.659574468085106336e+00
3.617021276595744794e+00
3.633802816901408494e+00
3.633802816901408494e+00
3.633802816901408494e+00
3.633802816901408494e+00
3.633802816901408494e+00
3.650349650349650865e+00
3.608391608391608329e+00
3.608391608391608329e+00
3.650349650349650865e+00
3.608391608391608329e+00
3.625000000000000000e+00
3.625000000000000000e+00
3.625000000000000000e+00
3.625000000000000000e+00
3.625000000000000000e+00
3.641379310344827758e+00
3.600000000000000089e+00
3.641379310344827758e+00
3.641379310344827758e+00
3.600000000000000089e+00
3.616438356164383361e+00
3.657534246575342429e+00
3.616438356164383361e+00
3.657534246575342429e+00
3.616438356164383361e+00
3.632653061224489832e+00
3.632653061224489832e+00
3.632653061224489832e+00
3.632653061224489832e+00
3.632653061224489832e+00
3.648648648648648685e+00
3.648648648648648685e+00
3.608108108108107892e+00
3.648648648648648685e+00
3.608108108108107892e+00
3.624161073825503454e+00
3.664429530201342544e+00
3.624161073825503454e+00
3.624161073825503454e+00
3.624161073825503454e+00
3.640000000000000124e+00
3.640000000000000124e+00
3.640000000000000124e+00
3.640000000000000124e+00
3.600000000000000089e+00
3.615894039735099152e+00
3.655629139072847700e+00
3.615894039735099152e+00
3.655629139072847700e+00
3.615894039735099152e+00
3.631578947368421240e+00
3.631578947368421240e+00
3.631578947368421240e+00
3.631578947368421240e+00
3.592105263157895134e+00
3.607843137254902022e+00
3.647058823529411686e+00
3.607843137254902022e+00
3.647058823529411686e+00
3.647058823529411686e+00
3.623376623376623584e+00
3.623376623376623584e+00
3.623376623376623584e+00
3.623376623376623584e+00
3.662337662337662447e+00
3.638709677419354804e+00
3.638709677419354804e+00
3.600000000000000089e+00
3.638709677419354804e+00
3.638709677419354804e+00
3.615384615384615419e+00
3.653846153846153744e+00
3.615384615384615419e+00
3.615384615384615419e+00
3.653846153846153744e+00
3.630573248407643394e+00
3.630573248407643394e+00
3.630573248407643394e+00
3.630573248407643394e+00
3.630573248407643394e+00
3.607594936708860889e+00
3.645569620253164889e+00
3.607594936708860889e+00
3.645569620253164889e+00
3.645569620253164889e+00
3.622641509433962348e+00
3.622641509433962348e+00
3.622641509433962348e+00
3.622641509433962348e+00
3.660377358490566113e+00
3.637499999999999734e+00
3.637499999999999734e+00
3.600000000000000089e+00
3.637499999999999734e+00
3.637499999999999734e+00
3.614906832298137029e+00
3.652173913043478493e+00
3.652173913043478493e+00
3.614906832298137029e+00
3.652173913043478493e+00
3.629629629629629761e+00
3.629629629629629761e+00
3.629629629629629761e+00
3.629629629629629761e+00
3.629629629629629761e+00
3.607361963190184095e+00
3.644171779141104572e+00
3.644171779141104572e+00
3.607361963190184095e+00
3.644171779141104572e+00
3.621951219512195230e+00
3.621951219512195230e+00
3.658536585365853799e+00
3.621951219512195230e+00
3.621951219512195230e+00
3.600000000000000089e+00
3.636363636363636687e+00
3.636363636363636687e+00
3.636363636363636687e+00
3.636363636363636687e+00
3.614457831325301740e+00
3.614457831325301740e+00
3.650602409638554313e+00
3.614457831325301740e+00
3.650602409638554313e+00
3.628742514970059840e+00
3.628742514970059840e+00
3.628742514970059840e+00
3.628742514970059840e+00
3.628742514970059840e+00
3.607142857142857206e+00
3.642857142857142794e+00
3.642857142857142794e+00
3.607142857142857206e+00
3.642857142857142794e+00
3.656804733727810675e+00
3.621301775147928836e+00
3.656804733727810675e+00
3.621301775147928836e+00
3.621301775147928836e+00
3.635294117647058787e+00
3.635294117647058787e+00
3.635294117647058787e+00
3.635294117647058787e+00
3.635294117647058787e+00
3.649122807017543657e+00
3.614035087719298378e+00
3.649122807017543657e+00
3.614035087719298378e+00
3.614035087719298378e+00
3.627906976744185830e+00
3.627906976744185830e+00
3.627906976744185830e+00
3.627906976744185830e+00
3.627906976744185830e+00
3.641618497109826436e+00
3.606936416184971517e+00
3.641618497109826436e+00
3.606936416184971517e+00
3.641618497109826436e+00
3.655172413793103647e+00
3.620689655172413701e+00
3.620689655172413701e+00
3.620689655172413701e+00
3.620689655172413701e+00
3.634285714285714786e+00
3.634285714285714786e+00
3.634285714285714786e+00
3.600000000000000089e+00
3.634285714285714786e+00
3.647727272727272485e+00
3.613636363636363757e+00
3.647727272727272485e+00
3.647727272727272485e+00
3.613636363636363757e+00
3.627118644067796716e+00
3.627118644067796716e+00
3.627118644067796716e+00
3.661016949152542832e+00
3.627118644067796716e+00
3.640449438202247645e+00
3.606741573033708015e+00
3.640449438202247645e+00
3.640449438202247645e+00
3.640449438202247645e+00
3.653631284916201150e+00
3.620111731843575598e+00
3.620111731843575598e+00
3.653631284916201150e+00
3.620111731843575598e+00
3.633333333333333304e+00
3.633333333333333304e+00
3.633333333333333304e+00
3.633333333333333304e+00
3.633333333333333304e+00
3.646408839779005540e+00
3.613259668508287614e+00
3.646408839779005540e+00
3.646408839779005540e+00
3.613259668508287614e+00
3.626373626373626369e+00
3.626373626373626369e+00
3.626373626373626369e+00
3.626373626373626369e+00
3.626373626373626369e+00
3.639344262295082011e+00
3.606557377049180335e+00
3.639344262295082011e+00
3.639344262295082011e+00
3.606557377049180335e+00
3.619565217391304657e+00
3.652173913043478493e+00
3.619565217391304657e+00
3.652173913043478493e+00
3.619565217391304657e+00
3.632432432432432634e+00
3.632432432432432634e+00
3.632432432432432634e+00
3.632432432432432634e+00
3.632432432432432634e+00
3.645161290322580960e+00
3.645161290322580960e+00
3.612903225806451957e+00
3.645161290322580960e+00
3.612903225806451957e+00
3.625668449197860799e+00
3.657754010695187130e+00
3.625668449197860799e+00
3.625668449197860799e+00
3.625668449197860799e+00
3.638297872340425787e+00
3.638297872340425787e+00
3.638297872340425787e+00
3.638297872340425787e+00
3.606382978723404520e+00
3.619047619047619069e+00
3.650793650793651146e+00
3.619047619047619069e+00
3.650793650793651146e+00
3.619047619047619069e+00
3.631578947368421240e+00
3.631578947368421240e+00
3.631578947368421240e+00
3.631578947368421240e+00
3.631578947368421240e+00
3.643979057591622883e+00
3.643979057591622883e+00
3.612565445026178157e+00
3.643979057591622883e+00
3.643979057591622883e+00
3.625000000000000000e+00
3.625000000000000000e+00
3.625000000000000000e+00
3.625000000000000000e+00
3.656250000000000000e+00
3.637305699481865773e+00
3.637305699481865773e+00
3.606217616580311258e+00
3.637305699481865773e+00
3.637305699481865773e+00
3.618556701030927858e+00
3.649484536082474140e+00
3.618556701030927858e+00
3.618556701030927858e+00
3.649484536082474140e+00
3.630769230769230749e+00
3.630769230769230749e+00
3.630769230769230749e+00
3.630769230769230749e+00
3.630769230769230749e+00
3.612244897959183909e+00
3.642857142857142794e+00
3.612244897959183909e+00
3.642857142857142794e+00
3.642857142857142794e+00
3.624365482233502966e+00
3.624365482233502966e+00
3.624365482233502966e+00
3.624365482233502966e+00
3.654822335025381008e+00
3.636363636363636687e+00
3.636363636363636687e+00
3.606060606060605966e+00
3.636363636363636687e+00
3.636363636363636687e+00
3.618090452261306211e+00
3.648241206030150785e+00
3.648241206030150785e+00
3.618090452261306211e+00
3.648241206030150785e+00
3.629999999999999893e+00
3.629999999999999893e+00
3.660000000000000142e+00
3.629999999999999893e+00
3.629999999999999893e+00
3.611940298507462899e+00
3.641791044776119701e+00
3.641791044776119701e+00
3.611940298507462899e+00
3.641791044776119701e+00
3.623762376237623872e+00
3.623762376237623872e+00
3.653465346534653602e+00
3.623762376237623872e+00
3.623762376237623872e+00
3.605911330049261565e+00
3.635467980295566726e+00
3.635467980295566726e+00
3.635467980295566726e+00
3.635467980295566726e+00
3.617647058823529438e+00
3.617647058823529438e+00
3.647058823529411686e+00
3.617647058823529438e+00
3.647058823529411686e+00
3.629268292682926944e+00
3.629268292682926944e+00
3.629268292682926944e+00
3.629268292682926944e+00
3.629268292682926944e+00
3.611650485436892932e+00
3.640776699029125929e+00
3.640776699029125929e+00
3.611650485436892932e+00
3.640776699029125929e+00
3.652173913043478493e+00
3.623188405797101552e+00
3.652173913043478493e+00
3.623188405797101552e+00
3.623188405797101552e+00
3.634615384615384581e+00
3.634615384615384581e+00
3.634615384615384581e+00
3.634615384615384581e+00
3.634615384615384581e+00
3.645933014354066692e+00
3.617224880382775343e+00
3.645933014354066692e+00
3.617224880382775343e+00
3.645933014354066692e+00
3.657142857142857473e+00
3.628571428571428559e+00
3.628571428571428559e+00
3.628571428571428559e+00
3.628571428571428559e+00
3.639810426540284638e+00
3.611374407582938595e+00
3.639810426540284638e+00
3.611374407582938595e+00
3.639810426540284638e+00
3.650943396226415505e+00
3.622641509433962348e+00
3.622641509433962348e+00
3.622641509433962348e+00
3.622641509433962348e+00
3.633802816901408494e+00
3.633802816901408494e+00
3.633802816901408494e+00
3.605633802816901490e+00
3.633802816901408494e+00
3.644859813084111888e+00
3.616822429906542347e+00
3.644859813084111888e+00
3.644859813084111888e+00
3.616822429906542347e+00
3.627906976744185830e+00
3.627906976744185830e+00
3.627906976744185830e+00
3.655813953488372015e+00
3.627906976744185830e+00
3.638888888888889284e+00
3.611111111111111160e+00
3.638888888888889284e+00
3.638888888888889284e+00
3.638888888888889284e+00
3.649769585253456405e+00
3.622119815668203291e+00
3.622119815668203291e+00
3.649769585253456405e+00
3.622119815668203291e+00
3.633027522935780240e+00
3.633027522935780240e+00
3.633027522935780240e+00
3.633027522935780240e+00
3.633027522935780240e+00
3.643835616438356517e+00
3.616438356164383361e+00
3.643835616438356517e+00
3.643835616438356517e+00
3.616438356164383361e+00
3.627272727272726982e+00
3.627272727272726982e+00
3.627272727272726982e+00
3.627272727272726982e+00
3.627272727272726982e+00
3.638009049773755610e+00
3.610859728506787381e+00
3.638009049773755610e+00
3.638009049773755610e+00
3.610859728506787381e+00
3.621621621621621934e+00
3.648648648648648685e+00
3.621621621621621934e+00
3.648648648648648685e+00
3.621621621621621934e+00
3.632286995515694894e+00
3.632286995515694894e+00
3.632286995515694894e+00
3.632286995515694894e+00
3.632286995515694894e+00
3.642857142857142794e+00
3.642857142857142794e+00
3.616071428571428381e+00
3.642857142857142794e+00
3.616071428571428381e+00
3.626666666666666927e+00
3.653333333333333766e+00
3.626666666666666927e+00
3.626666666666666927e+00
3.626666666666666927e+00
3.637168141592920900e+00
3.637168141592920900e+00
3.637168141592920900e+00
3.637168141592920900e+00
3.610619469026548956e+00
3.621145374449339371e+00
3.647577092511013142e+00
3.621145374449339371e+00
3.647577092511013142e+00
3.621145374449339371e+00
3.631578947368421240e+00
3.631578947368421240e+00
3.631578947368421240e+00
3.631578947368421240e+00
3.631578947368421240e+00
3.641921397379912495e+00
3.641921397379912495e+00
3.615720524017467241e+00
3.641921397379912495e+00
3.641921397379912495e+00
3.626086956521739069e+00
3.626086956521739069e+00
3.626086956521739069e+00
3.626086956521739069e+00
3.652173913043478493e+00
3.636363636363636687e+00
3.636363636363636687e+00
3.610389610389610926e+00
3.636363636363636687e+00
3.636363636363636687e+00
3.620689655172413701e+00
3.646551724137931050e+00
3.620689655172413701e+00
3.620689655172413701e+00
3.646551724137931050e+00
3.630901287553648160e+00
3.630901287553648160e+00
3.630901287553648160e+00
3.630901287553648160e+00
3.630901287553648160e+00
3.615384615384615419e+00
3.641025641025640969e+00
3.615384615384615419e+00
3.641025641025640969e+00
3.641025641025640969e+00
3.625531914893616925e+00
3.625531914893616925e+00
3.625531914893616925e+00
3.625531914893616925e+00
3.651063829787234205e+00
3.635593220338983578e+00
3.635593220338983578e+00
3.610169491525423435e+00
3.635593220338983578e+00
3.635593220338983578e+00
3.620253164556961778e+00
3.645569620253164889e+00
3.645569620253164889e+00
3.620253164556961778e+00
3.645569620253164889e+00
3.630252100840336116e+00
3.630252100840336116e+00
3.655462184873949472e+00
3.630252100840336116e+00
3.630252100840336116e+00
3.615062761506276257e+00
3.640167364016736240e+00
3.640167364016736240e+00
3.615062761506276257e+00
3.640167364016736240e+00
3.625000000000000000e+00
3.625000000000000000e+00
3.649999999999999911e+00
3.625000000000000000e+00
3.625000000000000000e+00
3.609958506224066443e+00
3.634854771784232330e+00
3.634854771784232330e+00
3.634854771784232330e+00
3.634854771784232330e+00
3.619834710743801587e+00
3.619834710743801587e+00
3.644628099173553792e+00
3.619834710743801587e+00
3.644628099173553792e+00
3.629629629629629761e+00
3.629629629629629761e+00
3.629629629629629761e+00
3.629629629629629761e+00
3.629629629629629761e+00
3.614754098360655643e+00
3.639344262295082011e+00
3.639344262295082011e+00
3.614754098360655643e+00
3.639344262295082011e+00
3.648979591836734482e+00
3.624489795918367729e+00
3.648979591836734482e+00
3.624489795918367729e+00
3.624489795918367729e+00
3.634146341463414753e+00
3.634146341463414753e+00
3.634146341463414753e+00
3.634146341463414753e+00
3.634146341463414753e+00
3.643724696356275050e+00
3.619433198380566985e+00
3.643724696356275050e+00
3.619433198380566985e+00
3.643724696356275050e+00
3.653225806451612989e+00
3.629032258064516459e+00
3.629032258064516459e+00
3.629032258064516459e+00
3.629032258064516459e+00
3.638554216867469826e+00
3.614457831325301740e+00
3.638554216867469826e+00
3.614457831325301740e+00
3.638554216867469826e+00
3.648000000000000131e+00
3.624000000000000110e+00
3.624000000000000110e+00
3.624000000000000110e+00
3.624000000000000110e+00
3.633466135458167656e+00
3.633466135458167656e+00
3.633466135458167656e+00
3.609561752988048156e+00
3.633466135458167656e+00
3.642857142857142794e+00
3.619047619047619069e+00
3.642857142857142794e+00
3.642857142857142794e+00
3.619047619047619069e+00
3.628458498023715340e+00
3.628458498023715340e+00
3.628458498023715340e+00
3.652173913043478493e+00
3.628458498023715340e+00
3.637795275590551380e+00
3.614173228346456934e+00
3.637795275590551380e+00
3.637795275590551380e+00
3.637795275590551380e+00
3.647058823529411686e+00
3.623529411764705888e+00
3.623529411764705888e+00
3.647058823529411686e+00
3.623529411764705888e+00
3.632812500000000000e+00
3.632812500000000000e+00
3.632812500000000000e+00
3.632812500000000000e+00
3.632812500000000000e+00
3.642023346303501885e+00
3.618677042801556443e+00
3.642023346303501885e+00
3.642023346303501885e+00
3.618677042801556443e+00
3.627906976744185830e+00
3.627906976744185830e+00
3.627906976744185830e+00
3.627906976744185830e+00
3.627906976744185830e+00
3.637065637065637347e+00
3.613899613899614227e+00
3.637065637065637347e+00
3.637065637065637347e+00
3.613899613899614227e+00
3.623076923076923084e+00
3.646153846153846079e+00
3.623076923076923084e+00
3.646153846153846079e+00
3.623076923076923084e+00
3.632183908045977017e+00
3.632183908045977017e+00
3.632183908045977017e+00
3.632183908045977017e+00
3.632183908045977017e+00
3.641221374045801262e+00
3.641221374045801262e+00
3.618320610687022931e+00
3.641221374045801262e+00
3.618320610687022931e+00
3.627376425855513009e+00
3.650190114068441183e+00
3.627376425855513009e+00
3.627376425855513009e+00
3.627376425855513009e+00
3.636363636363636687e+00
3.636363636363636687e+00
3.636363636363636687e+00
3.636363636363636687e+00
3.613636363636363757e+00
3.622641509433962348e+00
3.645283018867924607e+00
3.622641509433962348e+00
3.645283018867924607e+00
3.622641509433962348e+00
3.631578947368421240e+00
3.631578947368421240e+00
3.631578947368421240e+00
3.631578947368421240e+00
3.631578947368421240e+00
3.640449438202247645e+00
3.640449438202247645e+00
3.617977528089888040e+00
3.640449438202247645e+00
3.640449438202247645e+00
3.626865671641791078e+00
3.626865671641791078e+00
3.626865671641791078e+00
3.626865671641791078e+00
3.649253731343284013e+00
3.635687732342007372e+00
3.635687732342007372e+00
3.613382899628253320e+00
3.635687732342007372e+00
3.635687732342007372e+00
3.622222222222222676e+00
3.644444444444444375e+00
3.622222222222222676e+00
3.622222222222222676e+00
3.644444444444444375e+00
3.630996309963099744e+00
3.630996309963099744e+00
3.630996309963099744e+00
3.630996309963099744e+00
3.630996309963099744e+00
3.617647058823529438e+00
3.639705882352941124e+00
3.617647058823529438e+00
3.639705882352941124e+00
3.639705882352941124e+00
3.626373626373626369e+00
3.626373626373626369e+00
3.626373626373626369e+00
3.626373626373626369e+00
3.648351648351648269e+00
3.635036496350365187e+00
3.635036496350365187e+00
3.635036496350365187e+00
3.635036496350365187e+00
3.635036496350365187e+00
3.621818181818182047e+00
3.643636363636364006e+00
3.643636363636364006e+00
3.621818181818182047e+00
3.643636363636364006e+00
3.630434782608695787e+00
3.630434782608695787e+00
3.652173913043478493e+00
3.630434782608695787e+00
3.630434782608695787e+00
3.617328519855596003e+00
3.638989169675090007e+00
3.638989169675090007e+00
3.617328519855596003e+00
3.638989169675090007e+00
3.625899280575539674e+00
3.625899280575539674e+00
3.647482014388489180e+00
3.625899280575539674e+00
3.625899280575539674e+00
3.612903225806451957e+00
3.634408602150537959e+00
3.634408602150537959e+00
3.634408602150537959e+00
3.634408602150537959e+00
3.621428571428571441e+00
3.621428571428571441e+00
3.642857142857142794e+00
3.621428571428571441e+00
3.642857142857142794e+00
3.629893238434164005e+00
3.629893238434164005e+00
3.629893238434164005e+00
3.629893238434164005e+00
3.629893238434164005e+00
3.638297872340425787e+00
3.638297872340425787e+00
3.638297872340425787e+00
3.617021276595744794e+00
3.638297872340425787e+00
3.646643109540636196e+00
3.625441696113074208e+00
3.646643109540636196e+00
3.625441696113074208e+00
3.625441696113074208e+00
3.633802816901408494e+00
3.633802816901408494e+00
3.633802816901408494e+00
3.633802816901408494e+00
3.633802816901408494e+00
3.642105263157894957e+00
3.621052631578947523e+00
3.642105263157894957e+00
3.621052631578947523e+00
3.642105263157894957e+00
3.650349650349650865e+00
3.629370629370629597e+00
3.629370629370629597e+00
3.629370629370629597e+00
3.629370629370629597e+00
3.637630662020906236e+00
3.616724738675958672e+00
3.637630662020906236e+00
3.616724738675958672e+00
3.637630662020906236e+00
3.645833333333333037e+00
3.625000000000000000e+00
3.625000000000000000e+00
3.625000000000000000e+00
3.625000000000000000e+00
3.633217993079584485e+00
3.633217993079584485e+00
3.633217993079584485e+00
3.633217993079584485e+00
3.633217993079584485e+00
3.641379310344827758e+00
3.620689655172413701e+00
3.641379310344827758e+00
3.641379310344827758e+00
3.620689655172413701e+00
3.628865979381443285e+00
3.628865979381443285e+00
3.628865979381443285e+00
3.649484536082474140e+00
3.628865979381443285e+00
3.636986301369863117e+00
3.616438356164383361e+00
3.636986301369863117e+00
3.636986301369863117e+00
3.636986301369863117e+00
3.645051194539249639e+00
3.624573378839590632e+00
3.624573378839590632e+00
3.645051194539249639e+00
3.624573378839590632e+00
3.632653061224489832e+00
3.632653061224489832e+00
3.632653061224489832e+00
3.632653061224489832e+00
3.632653061224489832e+00
3.640677966101694807e+00
3.620338983050847670e+00
3.640677966101694807e+00
3.640677966101694807e+00
3.620338983050847670e+00
3.628378378378378510e+00
3.628378378378378510e+00
3.628378378378378510e+00
3.628378378378378510e+00
3.628378378378378510e+00
3.636363636363636687e+00
3.636363636363636687e+00
3.636363636363636687e+00
3.636363636363636687e+00
3.616161616161616355e+00
3.624161073825503454e+00
3.644295302013422777e+00
3.624161073825503454e+00
3.644295302013422777e+00
3.624161073825503454e+00
3.632107023411371483e+00
3.632107023411371483e+00
3.632107023411371483e+00
3.632107023411371483e+00
3.632107023411371483e+00
3.640000000000000124e+00
3.640000000000000124e+00
3.620000000000000551e+00
3.640000000000000124e+00
3.620000000000000551e+00
3.627906976744185830e+00
3.647840531561461930e+00
3.627906976744185830e+00
3.627906976744185830e+00
3.627906976744185830e+00
3.635761589403973648e+00
3.635761589403973648e+00
3.635761589403973648e+00
3.635761589403973648e+00
3.615894039735099152e+00
3.623762376237623872e+00
3.643564356435643692e+00
3.623762376237623872e+00
3.643564356435643692e+00
3.623762376237623872e+00
3.631578947368421240e+00
3.631578947368421240e+00
3.631578947368421240e+00
3.631578947368421240e+00
3.651315789473684070e+00
3.639344262295082011e+00
3.639344262295082011e+00
3.619672131147541272e+00
3.639344262295082011e+00
3.639344262295082011e+00
3.627450980392156854e+00
3.627450980392156854e+00
3.627450980392156854e+00
3.627450980392156854e+00
3.647058823529411686e+00
3.635179153094462823e+00
3.635179153094462823e+00
3.615635179153094736e+00
3.635179153094462823e+00
3.635179153094462823e+00
3.623376623376623584e+00
3.642857142857142794e+00
3.623376623376623584e+00
3.623376623376623584e+00
3.642857142857142794e+00
3.631067961165048708e+00
3.631067961165048708e+00
3.631067961165048708e+00
3.631067961165048708e+00
3.631067961165048708e+00
3.619354838709677669e+00
3.638709677419354804e+00
3.619354838709677669e+00
3.638709677419354804e+00
3.638709677419354804e+00
3.627009646302250534e+00
3.627009646302250534e+00
3.646302250803858946e+00
3.627009646302250534e+00
3.646302250803858946e+00
3.634615384615384581e+00
3.634615384615384581e+00
3.634615384615384581e+00
3.634615384615384581e+00
3.634615384615384581e+00
3.623003194888178680e+00
3.642172523961661579e+00
3.642172523961661579e+00
3.623003194888178680e+00
3.642172523961661579e+00
3.630573248407643394e+00
3.630573248407643394e+00
3.649681528662420238e+00
3.630573248407643394e+00
3.630573248407643394e+00
3.619047619047619069e+00
3.638095238095238049e+00
3.638095238095238049e+00
3.619047619047619069e+00
3.638095238095238049e+00
3.626582278481012889e+00
3.626582278481012889e+00
3.645569620253164889e+00
3.626582278481012889e+00
3.626582278481012889e+00
3.615141955835962317e+00
3.634069400630914881e+00
3.634069400630914881e+00
3.634069400630914881e+00
3.634069400630914881e+00
3.622641509433962348e+00
3.622641509433962348e+00
3.641509433962264008e+00
3.622641509433962348e+00
3.641509433962264008e+00
3.648902821316614364e+00
3.630094043887147848e+00
3.630094043887147848e+00
3.630094043887147848e+00
3.630094043887147848e+00
3.637499999999999734e+00
3.637499999999999734e+00
3.637499999999999734e+00
3.618750000000000355e+00
3.637499999999999734e+00
3.644859813084111888e+00
3.626168224299065379e+00
3.644859813084111888e+00
3.626168224299065379e+00
3.626168224299065379e+00
3.633540372670807539e+00
3.633540372670807539e+00
3.633540372670807539e+00
3.633540372670807539e+00
3.633540372670807539e+00
3.640866873065015774e+00
3.622291021671826705e+00
3.640866873065015774e+00
3.622291021671826705e+00
3.640866873065015774e+00
3.648148148148148362e+00
3.629629629629629761e+00
3.629629629629629761e+00
3.629629629629629761e+00
3.629629629629629761e+00
3.636923076923077147e+00
3.618461538461538396e+00
3.636923076923077147e+00
3.618461538461538396e+00
3.636923076923077147e+00
3.644171779141104572e+00
3.625766871165644112e+00
3.625766871165644112e+00
3.644171779141104572e+00
3.625766871165644112e+00
3.633027522935780240e+00
3.633027522935780240e+00
3.633027522935780240e+00
3.633027522935780240e+00
3.633027522935780240e+00
3.640243902439024293e+00
3.621951219512195230e+00
3.640243902439024293e+00
3.640243902439024293e+00
3.621951219512195230e+00
3.629179331306990886e+00
3.629179331306990886e+00
3.629179331306990886e+00
3.647416413373860244e+00
3.629179331306990886e+00
3.636363636363636687e+00
3.618181818181818166e+00
3.636363636363636687e+00
3.636363636363636687e+00
3.636363636363636687e+00
3.643504531722054907e+00
3.625377643504531733e+00
3.625377643504531733e+00
3.643504531722054907e+00
3.625377643504531733e+00
3.632530120481927582e+00
3.632530120481927582e+00
3.632530120481927582e+00
3.632530120481927582e+00
3.632530120481927582e+00
3.639639639639639768e+00
3.639639639639639768e+00
3.639639639639639768e+00
3.639639639639639768e+00
3.621621621621621934e+00
3.628742514970059840e+00
3.646706586826347074e+00
3.628742514970059840e+00
3.628742514970059840e+00
3.628742514970059840e+00
3.635820895522388518e+00
3.635820895522388518e+00
3.635820895522388518e+00
3.635820895522388518e+00
3.617910447761194082e+00
3.625000000000000000e+00
3.642857142857142794e+00
3.625000000000000000e+00
3.642857142857142794e+00
3.625000000000000000e+00
3.632047477744807296e+00
3.632047477744807296e+00
3.632047477744807296e+00
3.632047477744807296e+00
3.632047477744807296e+00
3.639053254437869978e+00
3.639053254437869978e+00
3.621301775147928836e+00
3.639053254437869978e+00
3.621301775147928836e+00
3.628318584070796327e+00
3.646017699115044586e+00
3.628318584070796327e+00
3.628318584070796327e+00
3.628318584070796327e+00
3.635294117647058787e+00
3.635294117647058787e+00
3.635294117647058787e+00
3.635294117647058787e+00
3.635294117647058787e+00
3.624633431085044322e+00
3.642228739002932869e+00
3.624633431085044322e+00
3.642228739002932869e+00
3.642228739002932869e+00
3.631578947368421240e+00
3.631578947368421240e+00
3.631578947368421240e+00
3.631578947368421240e+00
3.631578947368421240e+00
3.620991253644315400e+00
3.638483965014577493e+00
3.620991253644315400e+00
3.638483965014577493e+00
3.638483965014577493e+00
3.627906976744185830e+00
3.627906976744185830e+00
3.627906976744185830e+00
3.627906976744185830e+00
3.645348837209302140e+00
3.634782608695652062e+00
3.634782608695652062e+00
3.617391304347826519e+00
3.634782608695652062e+00
3.634782608695652062e+00
3.624277456647398754e+00
3.641618497109826436e+00
3.624277456647398754e+00
3.624277456647398754e+00
3.641618497109826436e+00
3.631123919308357095e+00
3.631123919308357095e+00
3.631123919308357095e+00
3.631123919308357095e+00
3.631123919308357095e+00
3.620689655172413701e+00
3.637931034482758896e+00
3.637931034482758896e+00
3.637931034482758896e+00
3.637931034482758896e+00
3.627507163323782535e+00
3.627507163323782535e+00
3.644699140401146398e+00
3.627507163323782535e+00
3.644699140401146398e+00
3.634285714285714786e+00
3.634285714285714786e+00
3.634285714285714786e+00
3.634285714285714786e+00
3.634285714285714786e+00
3.623931623931623935e+00
3.641025641025640969e+00
3.641025641025640969e+00
3.623931623931623935e+00
3.641025641025640969e+00
3.630681818181818343e+00
3.630681818181818343e+00
3.630681818181818343e+00
3.630681818181818343e+00
3.630681818181818343e+00
3.620396600566572420e+00
3.637393767705382697e+00
3.637393767705382697e+00
3.620396600566572420e+00
3.637393767705382697e+00
3.627118644067796716e+00
3.627118644067796716e+00
3.644067796610169552e+00
3.627118644067796716e+00
3.627118644067796716e+00
3.616901408450704292e+00
3.633802816901408494e+00
3.633802816901408494e+00
3.633802816901408494e+00
3.633802816901408494e+00
3.640449438202247645e+00
3.623595505617977608e+00
3.640449438202247645e+00
3.623595505617977608e+00
3.640449438202247645e+00
3.647058823529411686e+00
3.630252100840336116e+00
3.630252100840336116e+00
3.630252100840336116e+00
3.630252100840336116e+00
3.636871508379888596e+00
3.636871508379888596e+00
3.636871508379888596e+00
3.620111731843575598e+00
3.636871508379888596e+00
3.643454038997214983e+00
3.626740947075208776e+00
3.643454038997214983e+00
3.626740947075208776e+00
3.626740947075208776e+00
3.633333333333333304e+00
3.633333333333333304e+00
3.633333333333333304e+00
3.633333333333333304e+00
3.633333333333333304e+00
3.639889196675900163e+00
3.623268698060941873e+00
3.639889196675900163e+00
3.623268698060941873e+00
3.623268698060941873e+00
3.629834254143646355e+00
3.629834254143646355e+00
3.629834254143646355e+00
3.646408839779005540e+00
3.629834254143646355e+00
3.636363636363636687e+00
3.619834710743801587e+00
3.636363636363636687e+00
3.636363636363636687e+00
3.636363636363636687e+00
3.642857142857142794e+00
3.626373626373626369e+00
3.626373626373626369e+00
3.642857142857142794e+00
3.626373626373626369e+00
3.632876712328767077e+00
3.632876712328767077e+00
3.632876712328767077e+00
3.632876712328767077e+00
3.632876712328767077e+00
3.639344262295082011e+00
3.622950819672131395e+00
3.639344262295082011e+00
3.639344262295082011e+00
3.622950819672131395e+00
3.629427792915531636e+00
3.629427792915531636e+00
3.629427792915531636e+00
3.645776566757493065e+00
3.629427792915531636e+00
3.635869565217391131e+00
3.619565217391304657e+00
3.635869565217391131e+00
3.635869565217391131e+00
3.635869565217391131e+00
3.642276422764227473e+00
3.626016260162601590e+00
3.626016260162601590e+00
3.642276422764227473e+00
3.626016260162601590e+00
3.632432432432432634e+00
3.648648648648648685e+00
3.632432432432432634e+00
3.632432432432432634e+00
3.632432432432432634e+00
3.638814016172506882e+00
3.638814016172506882e+00
3.622641509433962348e+00
3.638814016172506882e+00
3.622641509433962348e+00
3.629032258064516459e+00
3.645161290322580960e+00
3.629032258064516459e+00
3.629032258064516459e+00
3.629032258064516459e+00
3.635388739946380454e+00
3.635388739946380454e+00
3.635388739946380454e+00
3.635388739946380454e+00
3.619302949061661945e+00
3.625668449197860799e+00
3.641711229946523964e+00
3.625668449197860799e+00
3.641711229946523964e+00
3.625668449197860799e+00
3.631999999999999673e+00
3.631999999999999673e+00
3.631999999999999673e+00
3.631999999999999673e+00
3.631999999999999673e+00
3.638297872340425787e+00
3.638297872340425787e+00
3.622340425531914931e+00
3.638297872340425787e+00
3.622340425531914931e+00
3.628647214854111347e+00
3.644562334217506638e+00
3.628647214854111347e+00
3.628647214854111347e+00
3.644562334217506638e+00
3.634920634920634885e+00
3.634920634920634885e+00
3.634920634920634885e+00
3.634920634920634885e+00
3.634920634920634885e+00
3.625329815303429903e+00
3.641160949868074148e+00
3.625329815303429903e+00
3.641160949868074148e+00
3.641160949868074148e+00
3.631578947368421240e+00
3.631578947368421240e+00
3.631578947368421240e+00
3.631578947368421240e+00
3.631578947368421240e+00
3.622047244094487972e+00
3.637795275590551380e+00
3.622047244094487972e+00
3.637795275590551380e+00
3.637795275590551380e+00
3.628272251308900742e+00
3.628272251308900742e+00
3.628272251308900742e+00
3.628272251308900742e+00
3.643979057591622883e+00
3.634464751958224937e+00
3.634464751958224937e+00
3.618798955613577117e+00
3.634464751958224937e+00
3.634464751958224937e+00
3.625000000000000000e+00
3.640625000000000444e+00
3.640625000000000444e+00
3.625000000000000000e+00
3.640625000000000444e+00
3.631168831168831268e+00
3.631168831168831268e+00
3.646753246753246636e+00
3.631168831168831268e+00
3.631168831168831268e+00
3.621761658031088515e+00
3.637305699481865773e+00
3.637305699481865773e+00
3.637305699481865773e+00
3.637305699481865773e+00
3.627906976744185830e+00
3.627906976744185830e+00
3.643410852713178549e+00
3.627906976744185830e+00
3.643410852713178549e+00
3.634020618556700999e+00
3.634020618556700999e+00
3.634020618556700999e+00
3.634020618556700999e+00
3.634020618556700999e+00
3.624678663239074616e+00
3.624678663239074616e+00
3.640102827763496141e+00
3.624678663239074616e+00
3.640102827763496141e+00
3.630769230769230749e+00
3.630769230769230749e+00
3.630769230769230749e+00
3.630769230769230749e+00
3.630769230769230749e+00
3.621483375959078987e+00
3.636828644501278962e+00
3.636828644501278962e+00
3.621483375959078987e+00
3.636828644501278962e+00
3.642857142857142794e+00
3.627551020408163129e+00
3.642857142857142794e+00
3.627551020408163129e+00
3.627551020408163129e+00
3.633587786259541819e+00
3.633587786259541819e+00
3.633587786259541819e+00
3.633587786259541819e+00
3.633587786259541819e+00
3.639593908629441543e+00
3.624365482233502966e+00
3.639593908629441543e+00
3.624365482233502966e+00
3.639593908629441543e+00
3.645569620253164889e+00
3.630379746835443289e+00
3.630379746835443289e+00
3.630379746835443289e+00
3.630379746835443289e+00
3.636363636363636687e+00
3.636363636363636687e+00
3.636363636363636687e+00
3.621212121212121104e+00
3.636363636363636687e+00
3.642317380352645184e+00
3.627204030226700571e+00
3.642317380352645184e+00
3.627204030226700571e+00
3.627204030226700571e+00
3.633165829145728942e+00
3.633165829145728942e+00
3.633165829145728942e+00
3.633165829145728942e+00
3.633165829145728942e+00
3.639097744360902276e+00
3.624060150375940204e+00
3.639097744360902276e+00
3.639097744360902276e+00
3.624060150375940204e+00
3.629999999999999893e+00
3.629999999999999893e+00
3.629999999999999893e+00
3.645000000000000462e+00
3.629999999999999893e+00
3.635910224438902993e+00
3.620947630922693783e+00
3.635910224438902993e+00
3.635910224438902993e+00
3.635910224438902993e+00
3.641791044776119701e+00
3.626865671641791078e+00
3.626865671641791078e+00
3.641791044776119701e+00
3.626865671641791078e+00
3.632754342431762318e+00
3.632754342431762318e+00
3.632754342431762318e+00
3.632754342431762318e+00
3.632754342431762318e+00
3.638613861386138737e+00
3.623762376237623872e+00
3.638613861386138737e+00
3.638613861386138737e+00
3.623762376237623872e+00
3.629629629629629761e+00
3.629629629629629761e+00
3.629629629629629761e+00
3.644444444444444375e+00
3.629629629629629761e+00
3.635467980295566726e+00
3.635467980295566726e+00
3.635467980295566726e+00
3.635467980295566726e+00
3.635467980295566726e+00
3.641277641277641308e+00
3.641277641277641308e+00
3.626535626535626555e+00
3.641277641277641308e+00
3.626535626535626555e+00
3.632352941176470562e+00
3.632352941176470562e+00
3.632352941176470562e+00
3.632352941176470562e+00
3.632352941176470562e+00
3.638141809290953876e+00
3.638141809290953876e+00
3.623471882640586728e+00
3.638141809290953876e+00
3.623471882640586728e+00
3.629268292682926944e+00
3.643902439024390372e+00
3.629268292682926944e+00
3.629268292682926944e+00
3.629268292682926944e+00
3.635036496350365187e+00
3.635036496350365187e+00
3.635036496350365187e+00
3.635036496350365187e+00
3.620437956204380026e+00
3.626213592233009653e+00
3.640776699029125929e+00
3.626213592233009653e+00
3.640776699029125929e+00
3.626213592233009653e+00
3.631961259079903304e+00
3.631961259079903304e+00
3.631961259079903304e+00
3.631961259079903304e+00
3.646489104116223068e+00
3.637681159420290022e+00
3.637681159420290022e+00
3.623188405797101552e+00
3.637681159420290022e+00
3.637681159420290022e+00
3.628915662650602503e+00
3.643373493975903710e+00
3.628915662650602503e+00
3.628915662650602503e+00
3.643373493975903710e+00
3.634615384615384581e+00
3.634615384615384581e+00
3.620192307692307487e+00
3.634615384615384581e+00
3.634615384615384581e+00
3.625899280575539674e+00
3.640287769784172678e+00
3.625899280575539674e+00
3.625899280575539674e+00
3.640287769784172678e+00
3.631578947368421240e+00
3.631578947368421240e+00
3.631578947368421240e+00
3.631578947368421240e+00
3.631578947368421240e+00
3.622911694510739800e+00
3.637231503579952729e+00
3.622911694510739800e+00
3.637231503579952729e+00
3.637231503579952729e+00
3.628571428571428559e+00
3.628571428571428559e+00
3.642857142857142794e+00
3.628571428571428559e+00
3.642857142857142794e+00
3.634204275534441919e+00
3.634204275534441919e+00
3.634204275534441919e+00
3.634204275534441919e+00
3.634204275534441919e+00
3.625592417061611172e+00
3.639810426540284638e+00
3.639810426540284638e+00
3.625592417061611172e+00
3.639810426540284638e+00
3.631205673758865160e+00
3.631205673758865160e+00
3.645390070921985970e+00
3.631205673758865160e+00
3.631205673758865160e+00
3.622641509433962348e+00
3.636792452830188704e+00
3.636792452830188704e+00
3.636792452830188704e+00
3.636792452830188704e+00
3.628235294117647225e+00
3.628235294117647225e+00
3.642352941176470793e+00
3.628235294117647225e+00
3.628235294117647225e+00
3.619718309859155436e+00
3.633802816901408494e+00
3.633802816901408494e+00
3.633802816901408494e+00
3.633802816901408494e+00
3.625292740046838436e+00
3.625292740046838436e+00
3.639344262295082011e+00
3.625292740046838436e+00
3.639344262295082011e+00
3.644859813084111888e+00
3.630841121495327339e+00
3.630841121495327339e+00
3.630841121495327339e+00
3.630841121495327339e+00
3.636363636363636687e+00
3.636363636363636687e+00
3.636363636363636687e+00
3.622377622377622508e+00
3.636363636363636687e+00
3.641860465116279144e+00
3.627906976744185830e+00
3.641860465116279144e+00
3.627906976744185830e+00
3.627906976744185830e+00
3.633410672853828238e+00
3.633410672853828238e+00
3.633410672853828238e+00
3.633410672853828238e+00
3.633410672853828238e+00
3.638888888888889284e+00
3.625000000000000000e+00
3.638888888888889284e+00
3.625000000000000000e+00
3.638888888888889284e+00
3.644341801385681201e+00
3.630484988452656214e+00
3.630484988452656214e+00
3.630484988452656214e+00
3.630484988452656214e+00
3.635944700460829626e+00
3.635944700460829626e+00
3.635944700460829626e+00
3.635944700460829626e+00
3.635944700460829626e+00
3.641379310344827758e+00
3.627586206896551424e+00
3.627586206896551424e+00
3.641379310344827758e+00
3.627586206896551424e+00
3.633027522935780240e+00
3.633027522935780240e+00
3.633027522935780240e+00
3.633027522935780240e+00
3.633027522935780240e+00
3.638443935926773953e+00
3.624713958810068970e+00
3.638443935926773953e+00
3.638443935926773953e+00
3.624713958810068970e+00
3.630136986301370161e+00
3.630136986301370161e+00
3.630136986301370161e+00
3.643835616438356517e+00
3.630136986301370161e+00
3.635535307517084203e+00
3.621867881548974655e+00
3.635535307517084203e+00
3.635535307517084203e+00
3.635535307517084203e+00
3.640909090909091095e+00
3.627272727272726982e+00
3.627272727272726982e+00
3.640909090909091095e+00
3.627272727272726982e+00
3.632653061224489832e+00
3.632653061224489832e+00
3.632653061224489832e+00
3.632653061224489832e+00
3.632653061224489832e+00
3.638009049773755610e+00
3.638009049773755610e+00
3.638009049773755610e+00
3.638009049773755610e+00
3.624434389140271495e+00
3.629796839729119817e+00
3.643340857787810361e+00
3.629796839729119817e+00
3.643340857787810361e+00
3.629796839729119817e+00
3.635135135135135531e+00
3.635135135135135531e+00
3.635135135135135531e+00
3.635135135135135531e+00
3.621621621621621934e+00
3.626966292134831793e+00
3.640449438202247645e+00
3.626966292134831793e+00
3.640449438202247645e+00
3.626966292134831793e+00
3.632286995515694894e+00
3.632286995515694894e+00
3.632286995515694894e+00
3.632286995515694894e+00
3.632286995515694894e+00
3.637583892617449965e+00
3.637583892617449965e+00
3.624161073825503454e+00
3.637583892617449965e+00
3.624161073825503454e+00
3.629464285714286031e+00
3.642857142857142794e+00
3.629464285714286031e+00
3.629464285714286031e+00
3.629464285714286031e+00
3.634743875278396708e+00
3.634743875278396708e+00
3.634743875278396708e+00
3.634743875278396708e+00
3.634743875278396708e+00
3.626666666666666927e+00
3.640000000000000124e+00
3.626666666666666927e+00
3.640000000000000124e+00
3.640000000000000124e+00
3.631929046563193264e+00
3.631929046563193264e+00
3.631929046563193264e+00
3.631929046563193264e+00
3.645232815964523532e+00
3.637168141592920900e+00
3.637168141592920900e+00
3.623893805309734706e+00
3.637168141592920900e+00
3.637168141592920900e+00
3.629139072847682002e+00
3.629139072847682002e+00
3.629139072847682002e+00
3.629139072847682002e+00
3.642384105960264851e+00
3.634361233480176701e+00
3.634361233480176701e+00
3.621145374449339371e+00
3.634361233480176701e+00
3.634361233480176701e+00
3.626373626373626369e+00
3.639560439560439509e+00
3.626373626373626369e+00
3.626373626373626369e+00
3.639560439560439509e+00
3.631578947368421240e+00
3.631578947368421240e+00
3.644736842105262831e+00
3.631578947368421240e+00
3.631578947368421240e+00
3.623632385120350019e+00
3.636761487964988770e+00
3.636761487964988770e+00
3.636761487964988770e+00
3.636761487964988770e+00
3.628820960698690090e+00
3.628820960698690090e+00
3.641921397379912495e+00
3.628820960698690090e+00
3.641921397379912495e+00
3.633986928104575576e+00
3.633986928104575576e+00
3.633986928104575576e+00
3.633986928104575576e+00
3.633986928104575576e+00
3.626086956521739069e+00
3.639130434782609225e+00
3.639130434782609225e+00
3.626086956521739069e+00
3.639130434782609225e+00
3.631236442516269314e+00
3.631236442516269314e+00
3.644251626898047824e+00
3.631236442516269314e+00
3.631236442516269314e+00
3.623376623376623584e+00
3.636363636363636687e+00
3.636363636363636687e+00
3.623376623376623584e+00
3.636363636363636687e+00
3.628509719222462238e+00
3.628509719222462238e+00
3.641468682505399901e+00
3.628509719222462238e+00
3.628509719222462238e+00
3.633620689655172598e+00
3.633620689655172598e+00
3.633620689655172598e+00
3.633620689655172598e+00
3.633620689655172598e+00
3.638709677419354804e+00
3.625806451612902936e+00
3.638709677419354804e+00
3.625806451612902936e+00
3.638709677419354804e+00
3.643776824034334449e+00
3.630901287553648160e+00
3.630901287553648160e+00
3.630901287553648160e+00
3.630901287553648160e+00
3.635974304068522844e+00
3.635974304068522844e+00
3.635974304068522844e+00
3.623126338329764717e+00
3.635974304068522844e+00
3.641025641025640969e+00
3.628205128205128194e+00
3.641025641025640969e+00
3.628205128205128194e+00
3.628205128205128194e+00
3.633262260127932297e+00
3.633262260127932297e+00
3.633262260127932297e+00
3.633262260127932297e+00
3.633262260127932297e+00
3.638297872340425787e+00
3.625531914893616925e+00
3.638297872340425787e+00
3.638297872340425787e+00
3.638297872340425787e+00
3.643312101910828105e+00
3.630573248407643394e+00
3.630573248407643394e+00
3.643312101910828105e+00
3.630573248407643394e+00
3.635593220338983578e+00
3.622881355932203284e+00
3.635593220338983578e+00
3.635593220338983578e+00
3.635593220338983578e+00
3.640591966173361449e+00
3.627906976744185830e+00
3.627906976744185830e+00
3.640591966173361449e+00
3.627906976744185830e+00
3.632911392405063555e+00
3.632911392405063555e+00
3.632911392405063555e+00
3.632911392405063555e+00
3.632911392405063555e+00
3.637894736842105736e+00
3.625263157894736743e+00
3.637894736842105736e+00
3.637894736842105736e+00
3.637894736842105736e+00
