1.351191180306929414e-26
1.790436919184019850e-27
1.986319447010292142e-28
2.137864058019614541e-29
1.914548128261865027e-30
1.536889784793663837e-31
1.019912354790097868e-32
5.577921070372325481e-34
2.729418419401141217e-35
9.301588964692303947e-37
2.613458722331571686e-38
5.595398754343022630e-40
8.456811347795958214e-42
7.687593813574325931e-44
4.782988703731245060e-46
1.830074223747287138e-48
3.727178469828845029e-51
4.693065949192079452e-54
-1.000000000000000000e+00
-1.000000000000000000e+00
-1.000000000000000000e+00
-1.000000000000000000e+00
-1.000000000000000000e+00
-1.000000000000000000e+00
-1.000000000000000000e+00
-1.000000000000000000e+00
-1.000000000000000000e+00
-1.000000000000000000e+00
-1.000000000000000000e+00
-1.000000000000000000e+00
-1.000000000000000000e+00
-1.000000000000000000e+00
-1.000000000000000000e+00
-1.000000000000000000e+00
-1.000000000000000000e+00
-1.000000000000000000e+00
-1.000000000000000000e+00
-1.000000000000000000e+00
-1.000000000000000000e+00
-1.000000000000000000e+00
-1.000000000000000000e+00
-1.000000000000000000e+00
-1.000000000000000000e+00
-1.000000000000000000e+00
-1.000000000000000000e+00
-1.000000000000000000e+00
-1.000000000000000000e+00
-1.000000000000000000e+00
-1.000000000000000000e+00
-1.000000000000000000e+00
