1.236895714914080271e-64
1.149905302048030607e-65
1.064803021806395625e-66
8.897964037605378428e-68
6.106233346665433514e-69
4.421958496845138995e-70
1.068165495508566602e-70
4.157717558867414437e-70
2.470013298008719642e-69
2.291330222709414013e-68
3.408422030671899420e-67
8.386361925269956632e-66
4.379565810980607916e-64
4.520865295521939742e-62
1.069764524491552602e-59
6.738972813242465883e-57
1.193085348948742187e-53
7.010458076421476492e-50
1.635428265018538564e-45
1.059514109339648336e-42
2.249298234858168925e-43
7.223649445670063083e-44
5.992157431473781385e-44
7.515338944670649503e-43
2.738003002728439219e-14
-1.000000000000000000e+00
-1.000000000000000000e+00
-1.000000000000000000e+00
-1.000000000000000000e+00
-1.000000000000000000e+00
-1.000000000000000000e+00
-1.000000000000000000e+00
-1.000000000000000000e+00
-1.000000000000000000e+00
-1.000000000000000000e+00
-1.000000000000000000e+00
-1.000000000000000000e+00
-1.000000000000000000e+00
-1.000000000000000000e+00
-1.000000000000000000e+00
-1.000000000000000000e+00
-1.000000000000000000e+00
-1.000000000000000000e+00
-1.000000000000000000e+00
-1.000000000000000000e+00
-1.000000000000000000e+00
-1.000000000000000000e+00
-1.000000000000000000e+00
-1.000000000000000000e+00
-1.000000000000000000e+00
