3.447933418478740020e-62
3.215237343095446541e-63
2.956235336659515746e-64
2.426597617675427025e-65
1.810515159356946359e-66
1.120313270192964415e-67
6.608083345018417830e-69
4.790280376248621791e-70
1.546397192232312844e-69
8.721711844541479428e-69
7.909009333045770453e-68
1.192798189580934675e-66
3.465463405528150092e-65
2.250019208173465455e-63
3.417195662912495915e-61
1.419398891351043327e-58
1.891297885449877830e-55
8.661642155041150846e-52
1.642646694225777435e-47
1.896047513511520759e-42
1.490901189415947420e-42
3.443575122363844919e-43
1.910743961227522556e-43
9.393360211344770932e-43
-1.000000000000000000e+00
7.184408607407108960e-01
-1.000000000000000000e+00
-1.000000000000000000e+00
-1.000000000000000000e+00
-1.000000000000000000e+00
-1.000000000000000000e+00
-1.000000000000000000e+00
-1.000000000000000000e+00
-1.000000000000000000e+00
-1.000000000000000000e+00
-1.000000000000000000e+00
-1.000000000000000000e+00
-1.000000000000000000e+00
-1.000000000000000000e+00
-1.000000000000000000e+00
-1.000000000000000000e+00
-1.000000000000000000e+00
-1.000000000000000000e+00
-1.000000000000000000e+00
-1.000000000000000000e+00
-1.000000000000000000e+00
-1.000000000000000000e+00
-1.000000000000000000e+00
-1.000000000000000000e+00
-1.000000000000000000e+00
