8.209293369738747849e-54
8.710176369365268757e-55
7.908173310460295176e-56
6.209307633949548358e-57
4.769690302115493575e-58
2.918972451194985911e-59
1.620091630779723077e-60
7.477517533038879606e-62
3.299000850278988356e-63
1.158411151498770731e-64
3.043207438212446120e-66
1.219491778433551884e-67
3.856616160174525437e-67
2.510547206061714072e-66
4.023615323570661832e-65
2.127055800312486352e-63
3.663001533754528707e-61
3.436553578357330336e-58
1.617717614435385545e-54
4.137779315613784355e-50
9.373463124266937129e-89
-1.000000000000000000e+00
-1.000000000000000000e+00
-1.000000000000000000e+00
-1.000000000000000000e+00
6.530106064865798254e-01
-1.000000000000000000e+00
-1.000000000000000000e+00
-1.000000000000000000e+00
-1.000000000000000000e+00
-1.000000000000000000e+00
-1.000000000000000000e+00
-1.000000000000000000e+00
-1.000000000000000000e+00
-1.000000000000000000e+00
-1.000000000000000000e+00
-1.000000000000000000e+00
-1.000000000000000000e+00
-1.000000000000000000e+00
-1.000000000000000000e+00
-1.000000000000000000e+00
-1.000000000000000000e+00
-1.000000000000000000e+00
-1.000000000000000000e+00
-1.000000000000000000e+00
-1.000000000000000000e+00
-1.000000000000000000e+00
-1.000000000000000000e+00
-1.000000000000000000e+00
-1.000000000000000000e+00
