9.362667543431636826e-47
1.010226642917733043e-47
9.180626475636832469e-49
7.857864800365531081e-50
5.752046455574624038e-51
3.638965810045456012e-52
2.242076916613037749e-53
9.951900625236302729e-55
4.019125879020352492e-56
1.364779249739421543e-57
3.629555406882676758e-59
7.921262379576417428e-61
1.220808327112116118e-62
1.608620024457461211e-64
1.829944610595168544e-66
5.382275302439548191e-66
6.115646613884858787e-65
2.858225585399644862e-63
6.238395776996565358e-62
1.217010988587918161e-79
-1.000000000000000000e+00
-1.000000000000000000e+00
-1.000000000000000000e+00
-1.000000000000000000e+00
-1.000000000000000000e+00
-1.000000000000000000e+00
-1.000000000000000000e+00
-1.000000000000000000e+00
-1.000000000000000000e+00
-1.000000000000000000e+00
-1.000000000000000000e+00
-1.000000000000000000e+00
-1.000000000000000000e+00
-1.000000000000000000e+00
-1.000000000000000000e+00
-1.000000000000000000e+00
-1.000000000000000000e+00
-1.000000000000000000e+00
-1.000000000000000000e+00
-1.000000000000000000e+00
-1.000000000000000000e+00
-1.000000000000000000e+00
-1.000000000000000000e+00
-1.000000000000000000e+00
-1.000000000000000000e+00
-1.000000000000000000e+00
-1.000000000000000000e+00
-1.000000000000000000e+00
-1.000000000000000000e+00
-1.000000000000000000e+00
