3.087339698593321334e-63
3.017588913187391156e-64
2.604415798589007947e-65
2.016704069435110238e-66
1.599150157282240993e-67
1.057283730251198116e-68
5.991242897152717575e-70
3.942647142891114676e-70
1.709942929006919606e-69
1.159340656714846861e-68
1.409562745043914931e-67
2.549197772330607134e-66
9.853468441499773451e-65
7.599438149241405655e-63
1.509138632960566013e-60
7.301553350763991359e-58
1.118074078628061351e-54
5.262875138930446074e-51
1.216955479587770274e-46
3.458792793029481680e-42
6.322528275631138857e-43
1.708312895771120279e-43
1.113729245468022485e-43
7.799812791579823333e-43
6.626535097898703454e-17
7.087169086692838293e-01
-1.000000000000000000e+00
-1.000000000000000000e+00
-1.000000000000000000e+00
-1.000000000000000000e+00
-1.000000000000000000e+00
-1.000000000000000000e+00
-1.000000000000000000e+00
-1.000000000000000000e+00
-1.000000000000000000e+00
-1.000000000000000000e+00
-1.000000000000000000e+00
-1.000000000000000000e+00
-1.000000000000000000e+00
-1.000000000000000000e+00
-1.000000000000000000e+00
-1.000000000000000000e+00
-1.000000000000000000e+00
-1.000000000000000000e+00
-1.000000000000000000e+00
-1.000000000000000000e+00
-1.000000000000000000e+00
-1.000000000000000000e+00
-1.000000000000000000e+00
-1.000000000000000000e+00
