2.018448397696897716e-39
2.310711983625330967e-40
2.207629803852987006e-41
1.944187603487447707e-42
1.586693252181965192e-43
1.094690995710734120e-44
6.429800247803689911e-46
2.937931131327867583e-47
1.291980610709813593e-48
4.118708390905402536e-50
1.076752473153988759e-51
2.153710402408753512e-53
3.446466646329729991e-55
3.457074082882024535e-57
2.638214463386579676e-59
1.287898814693221341e-61
4.004657391352974955e-64
7.895208642582992907e-67
8.486703141102196835e-70
-1.000000000000000000e+00
-1.000000000000000000e+00
-1.000000000000000000e+00
-1.000000000000000000e+00
-1.000000000000000000e+00
-1.000000000000000000e+00
-1.000000000000000000e+00
-1.000000000000000000e+00
-1.000000000000000000e+00
-1.000000000000000000e+00
-1.000000000000000000e+00
-1.000000000000000000e+00
-1.000000000000000000e+00
-1.000000000000000000e+00
-1.000000000000000000e+00
-1.000000000000000000e+00
-1.000000000000000000e+00
-1.000000000000000000e+00
-1.000000000000000000e+00
-1.000000000000000000e+00
-1.000000000000000000e+00
-1.000000000000000000e+00
-1.000000000000000000e+00
-1.000000000000000000e+00
-1.000000000000000000e+00
-1.000000000000000000e+00
-1.000000000000000000e+00
-1.000000000000000000e+00
-1.000000000000000000e+00
-1.000000000000000000e+00
-1.000000000000000000e+00
