5.940438527322057608e-06
1.221158863620857166e-06
2.193048610173235867e-07
3.536041210163570102e-08
4.884891119529818233e-09
5.974458096853338650e-10
6.080401597952427258e-11
5.192269917464397146e-12
3.658224475595750073e-13
1.933425737669415374e-14
7.668394786377479999e-16
2.205518168363681480e-17
4.223405515927102553e-19
4.866053737295210355e-21
3.012406228731538902e-23
9.555898996500518774e-26
1.389049491905283155e-28
9.580219367940582234e-32
-1.000000000000000000e+00
-1.000000000000000000e+00
-1.000000000000000000e+00
-1.000000000000000000e+00
-1.000000000000000000e+00
-1.000000000000000000e+00
-1.000000000000000000e+00
-1.000000000000000000e+00
-1.000000000000000000e+00
-1.000000000000000000e+00
-1.000000000000000000e+00
-1.000000000000000000e+00
-1.000000000000000000e+00
-1.000000000000000000e+00
-1.000000000000000000e+00
-1.000000000000000000e+00
-1.000000000000000000e+00
-1.000000000000000000e+00
-1.000000000000000000e+00
-1.000000000000000000e+00
-1.000000000000000000e+00
-1.000000000000000000e+00
-1.000000000000000000e+00
-1.000000000000000000e+00
-1.000000000000000000e+00
-1.000000000000000000e+00
-1.000000000000000000e+00
-1.000000000000000000e+00
-1.000000000000000000e+00
-1.000000000000000000e+00
-1.000000000000000000e+00
-1.000000000000000000e+00
