8.574667015298941915e-65
8.034739894510719030e-66
7.503901707248081285e-67
5.645793344852505063e-68
4.386684344068298294e-69
2.867788133304104879e-70
1.100255752973734389e-70
4.327355105869388499e-70
2.598367778561735911e-69
2.436788781858814637e-68
3.665006874768801581e-67
1.015590305870663569e-65
5.354330034726620699e-64
5.577264694186799427e-62
1.330807458493710398e-59
8.446044764132208507e-57
1.504946162054870172e-53
8.889730421581944683e-50
2.279713497058227824e-45
8.860842849498062583e-43
1.981441834857463013e-43
6.337744460413847925e-44
5.903406064486253732e-44
7.686558851647424439e-43
5.688330202677894210e-14
-1.000000000000000000e+00
-1.000000000000000000e+00
-1.000000000000000000e+00
-1.000000000000000000e+00
-1.000000000000000000e+00
-1.000000000000000000e+00
-1.000000000000000000e+00
-1.000000000000000000e+00
-1.000000000000000000e+00
-1.000000000000000000e+00
-1.000000000000000000e+00
-1.000000000000000000e+00
-1.000000000000000000e+00
-1.000000000000000000e+00
-1.000000000000000000e+00
-1.000000000000000000e+00
-1.000000000000000000e+00
-1.000000000000000000e+00
-1.000000000000000000e+00
-1.000000000000000000e+00
-1.000000000000000000e+00
-1.000000000000000000e+00
-1.000000000000000000e+00
-1.000000000000000000e+00
-1.000000000000000000e+00
