9.713254393561533260e-65
1.017428848700863031e-65
8.437780371952250521e-67
7.086992833708946677e-68
5.479298710781638950e-69
3.562853868772974518e-70
1.085005135106845860e-70
4.246814047406920701e-70
2.537393106350887412e-69
2.367595541275535933e-68
3.542731162921213579e-67
9.766825888334685124e-66
4.606156002304240055e-64
5.309959758799639172e-62
1.260976954702535944e-59
7.205366764653456968e-57
1.281915270083847067e-53
8.316748441514592627e-50
1.940894675853465980e-45
9.742814116704289993e-43
2.125052358117751318e-43
6.569052311179071775e-44
5.810498060313744807e-44
7.713794714862142340e-43
4.062330762956444845e-14
-1.000000000000000000e+00
-1.000000000000000000e+00
-1.000000000000000000e+00
-1.000000000000000000e+00
-1.000000000000000000e+00
-1.000000000000000000e+00
-1.000000000000000000e+00
-1.000000000000000000e+00
-1.000000000000000000e+00
-1.000000000000000000e+00
-1.000000000000000000e+00
-1.000000000000000000e+00
-1.000000000000000000e+00
-1.000000000000000000e+00
-1.000000000000000000e+00
-1.000000000000000000e+00
-1.000000000000000000e+00
-1.000000000000000000e+00
-1.000000000000000000e+00
-1.000000000000000000e+00
-1.000000000000000000e+00
-1.000000000000000000e+00
-1.000000000000000000e+00
-1.000000000000000000e+00
-1.000000000000000000e+00
