3.133601174425309239e-61
3.141110414164701071e-62
2.758958184410549760e-63
2.155019526352775431e-64
1.523324823595556290e-65
9.948768853552017803e-67
6.153102154146811945e-68
2.968072518717452005e-69
1.673370889681191510e-69
7.052461922588075458e-69
4.785821154736328705e-68
6.037514310493563483e-67
1.470845816869872546e-65
8.043166522207554022e-64
1.035597546682735901e-61
3.323602634287319416e-59
3.845414783944650793e-56
1.553146060667967841e-52
2.648351888739674801e-48
3.079958322703600305e-43
2.931178684787742027e-42
6.640037227156552583e-43
3.189526674569488460e-43
1.096600192144985810e-42
-1.000000000000000000e+00
7.174565283146691064e-01
-1.000000000000000000e+00
-1.000000000000000000e+00
-1.000000000000000000e+00
-1.000000000000000000e+00
-1.000000000000000000e+00
-1.000000000000000000e+00
-1.000000000000000000e+00
-1.000000000000000000e+00
-1.000000000000000000e+00
-1.000000000000000000e+00
-1.000000000000000000e+00
-1.000000000000000000e+00
-1.000000000000000000e+00
-1.000000000000000000e+00
-1.000000000000000000e+00
-1.000000000000000000e+00
-1.000000000000000000e+00
-1.000000000000000000e+00
-1.000000000000000000e+00
-1.000000000000000000e+00
-1.000000000000000000e+00
-1.000000000000000000e+00
-1.000000000000000000e+00
-1.000000000000000000e+00
