1.205259508809584079e-14
1.811956089932449719e-15
2.552861414247508909e-16
3.207730555066493441e-17
3.567121188757203572e-18
3.482707263463084516e-19
2.802695854849499116e-20
1.938359061822446197e-21
1.075993162714419677e-22
4.717660843391144670e-24
1.507405220625323510e-25
3.668350372009921765e-27
5.837951124619713393e-29
5.935955965045836790e-31
3.540795512676936148e-33
1.160930133593177043e-35
1.917816368740407932e-38
1.522029186923317404e-41
-1.000000000000000000e+00
-1.000000000000000000e+00
-1.000000000000000000e+00
-1.000000000000000000e+00
-1.000000000000000000e+00
-1.000000000000000000e+00
-1.000000000000000000e+00
-1.000000000000000000e+00
-1.000000000000000000e+00
-1.000000000000000000e+00
-1.000000000000000000e+00
-1.000000000000000000e+00
-1.000000000000000000e+00
-1.000000000000000000e+00
-1.000000000000000000e+00
-1.000000000000000000e+00
-1.000000000000000000e+00
-1.000000000000000000e+00
-1.000000000000000000e+00
-1.000000000000000000e+00
-1.000000000000000000e+00
-1.000000000000000000e+00
-1.000000000000000000e+00
-1.000000000000000000e+00
-1.000000000000000000e+00
-1.000000000000000000e+00
-1.000000000000000000e+00
-1.000000000000000000e+00
-1.000000000000000000e+00
-1.000000000000000000e+00
-1.000000000000000000e+00
-1.000000000000000000e+00
