2.591632134263630305e-64
2.658294188168623427e-65
2.417000390412151530e-66
1.980221334053529282e-67
1.490261712731807211e-68
9.410396051538636334e-70
1.127982746421066515e-70
4.290913537724534209e-70
2.227808159985803661e-69
1.808323970671250709e-68
2.629712033831292309e-67
6.325696799200953433e-66
2.904715785034231385e-64
2.939786589213492653e-62
6.162007640061674876e-60
3.827295240789151494e-57
6.073067960931477036e-54
3.549434759095344181e-50
8.268360244548403138e-46
1.368519218999952363e-42
2.847377953328114048e-43
8.528282020467829990e-44
6.911944965948058088e-44
7.470623187292630955e-43
5.879940285573742282e-15
6.160070608998946540e-01
-1.000000000000000000e+00
-1.000000000000000000e+00
-1.000000000000000000e+00
-1.000000000000000000e+00
-1.000000000000000000e+00
-1.000000000000000000e+00
-1.000000000000000000e+00
-1.000000000000000000e+00
-1.000000000000000000e+00
-1.000000000000000000e+00
-1.000000000000000000e+00
-1.000000000000000000e+00
-1.000000000000000000e+00
-1.000000000000000000e+00
-1.000000000000000000e+00
-1.000000000000000000e+00
-1.000000000000000000e+00
-1.000000000000000000e+00
-1.000000000000000000e+00
-1.000000000000000000e+00
-1.000000000000000000e+00
-1.000000000000000000e+00
-1.000000000000000000e+00
-1.000000000000000000e+00
