7.772478280994979635e-19
1.117417089668350771e-19
1.442183012271771226e-20
1.763423136452725847e-21
1.807387323284807699e-22
1.535618612905842303e-23
1.218152735965325973e-24
7.383428984860935377e-26
3.860555568204473589e-27
1.504329660436769718e-28
4.629467371746389039e-30
1.036554192751377392e-31
1.674226183428943823e-33
1.662330934274904185e-35
9.374694141201820393e-38
3.100360492679579767e-40
5.601742135271692243e-43
5.288211512346305894e-46
-1.000000000000000000e+00
-1.000000000000000000e+00
-1.000000000000000000e+00
-1.000000000000000000e+00
-1.000000000000000000e+00
-1.000000000000000000e+00
-1.000000000000000000e+00
-1.000000000000000000e+00
-1.000000000000000000e+00
-1.000000000000000000e+00
-1.000000000000000000e+00
-1.000000000000000000e+00
-1.000000000000000000e+00
-1.000000000000000000e+00
-1.000000000000000000e+00
-1.000000000000000000e+00
-1.000000000000000000e+00
-1.000000000000000000e+00
-1.000000000000000000e+00
-1.000000000000000000e+00
-1.000000000000000000e+00
-1.000000000000000000e+00
-1.000000000000000000e+00
-1.000000000000000000e+00
-1.000000000000000000e+00
-1.000000000000000000e+00
-1.000000000000000000e+00
-1.000000000000000000e+00
-1.000000000000000000e+00
-1.000000000000000000e+00
-1.000000000000000000e+00
-1.000000000000000000e+00
