6.754976893748630565e-65
7.125532738082145331e-66
5.954243228908170960e-67
5.042276277571242470e-68
3.933302641600698082e-69
2.582447927455911542e-70
1.113989291987848942e-70
4.399785644311886152e-70
2.653258836413100060e-69
2.499221057304555816e-68
3.775669154400318317e-67
1.050924736921886973e-65
5.565090292237997723e-64
5.821857027958785162e-62
1.545802284381529849e-59
9.826419975614000667e-57
1.752593130310763950e-53
1.035465980194359815e-49
2.653517971689653798e-45
8.698457594133021292e-43
1.826295613444956634e-43
6.028081477406173798e-44
5.503892305048067812e-44
7.459705832925928394e-43
7.764412953996096936e-14
-1.000000000000000000e+00
-1.000000000000000000e+00
-1.000000000000000000e+00
-1.000000000000000000e+00
-1.000000000000000000e+00
-1.000000000000000000e+00
-1.000000000000000000e+00
-1.000000000000000000e+00
-1.000000000000000000e+00
-1.000000000000000000e+00
-1.000000000000000000e+00
-1.000000000000000000e+00
-1.000000000000000000e+00
-1.000000000000000000e+00
-1.000000000000000000e+00
-1.000000000000000000e+00
-1.000000000000000000e+00
-1.000000000000000000e+00
-1.000000000000000000e+00
-1.000000000000000000e+00
-1.000000000000000000e+00
-1.000000000000000000e+00
-1.000000000000000000e+00
-1.000000000000000000e+00
-1.000000000000000000e+00
