1.274319623203659179e-50
1.228123358686349131e-51
1.119359980571202658e-52
9.738540619754908397e-54
7.336873708501230006e-55
4.351119835929186287e-56
2.566088440666708983e-57
1.236082936848571964e-58
4.989914316501974974e-60
1.744005848971901069e-61
4.430798355180957498e-63
9.631125162033605418e-65
1.726780681316737000e-66
1.055026703761298157e-66
5.761932701397235990e-66
8.556653211178936618e-65
5.294501663599812147e-63
1.546828539035050867e-60
2.043800385089719518e-57
5.243995897938399439e-83
-1.000000000000000000e+00
-1.000000000000000000e+00
-1.000000000000000000e+00
-1.000000000000000000e+00
-1.000000000000000000e+00
5.926671165737371627e-01
-1.000000000000000000e+00
-1.000000000000000000e+00
-1.000000000000000000e+00
-1.000000000000000000e+00
-1.000000000000000000e+00
-1.000000000000000000e+00
-1.000000000000000000e+00
-1.000000000000000000e+00
-1.000000000000000000e+00
-1.000000000000000000e+00
-1.000000000000000000e+00
-1.000000000000000000e+00
-1.000000000000000000e+00
-1.000000000000000000e+00
-1.000000000000000000e+00
-1.000000000000000000e+00
-1.000000000000000000e+00
-1.000000000000000000e+00
-1.000000000000000000e+00
-1.000000000000000000e+00
-1.000000000000000000e+00
-1.000000000000000000e+00
-1.000000000000000000e+00
-1.000000000000000000e+00
