1.604662793816352973e-44
1.648334812179619921e-45
1.573859091461777088e-46
1.405846397228569476e-47
1.067630524794987927e-48
6.953986239840023261e-50
3.929523060618329726e-51
1.955030470065208257e-52
7.859476454878273576e-54
2.615248873891026427e-55
6.693426218861411267e-57
1.374464992394814768e-58
2.158113066980068540e-60
2.522613101220686642e-62
2.204998508117871299e-64
2.071832739762910696e-66
6.871428471883473143e-66
9.670489979223956925e-65
1.515581351871683549e-74
-1.000000000000000000e+00
-1.000000000000000000e+00
-1.000000000000000000e+00
-1.000000000000000000e+00
-1.000000000000000000e+00
-1.000000000000000000e+00
-1.000000000000000000e+00
-1.000000000000000000e+00
-1.000000000000000000e+00
-1.000000000000000000e+00
-1.000000000000000000e+00
-1.000000000000000000e+00
-1.000000000000000000e+00
-1.000000000000000000e+00
-1.000000000000000000e+00
-1.000000000000000000e+00
-1.000000000000000000e+00
-1.000000000000000000e+00
-1.000000000000000000e+00
-1.000000000000000000e+00
-1.000000000000000000e+00
-1.000000000000000000e+00
-1.000000000000000000e+00
-1.000000000000000000e+00
-1.000000000000000000e+00
-1.000000000000000000e+00
-1.000000000000000000e+00
-1.000000000000000000e+00
-1.000000000000000000e+00
-1.000000000000000000e+00
-1.000000000000000000e+00
