3.815208834718755758e-30
4.743185618308634298e-31
5.339013722717383983e-32
5.439417200461699500e-33
4.610844225134770198e-34
3.535095328592042839e-35
2.252836294567260911e-36
1.193935913170681198e-37
5.276042757557916521e-39
1.786023060023437348e-40
5.109028664144638862e-42
1.042726293993968787e-43
1.408893397355649581e-45
1.430174541982811717e-47
9.551953935050655671e-50
3.798386671389749148e-52
8.648111971478343844e-55
1.088238136346881627e-57
-1.000000000000000000e+00
-1.000000000000000000e+00
-1.000000000000000000e+00
-1.000000000000000000e+00
-1.000000000000000000e+00
-1.000000000000000000e+00
-1.000000000000000000e+00
-1.000000000000000000e+00
-1.000000000000000000e+00
-1.000000000000000000e+00
-1.000000000000000000e+00
-1.000000000000000000e+00
-1.000000000000000000e+00
-1.000000000000000000e+00
-1.000000000000000000e+00
-1.000000000000000000e+00
-1.000000000000000000e+00
-1.000000000000000000e+00
-1.000000000000000000e+00
-1.000000000000000000e+00
-1.000000000000000000e+00
-1.000000000000000000e+00
-1.000000000000000000e+00
-1.000000000000000000e+00
-1.000000000000000000e+00
-1.000000000000000000e+00
-1.000000000000000000e+00
-1.000000000000000000e+00
-1.000000000000000000e+00
-1.000000000000000000e+00
-1.000000000000000000e+00
-1.000000000000000000e+00
