1.441810795788558492e-36
1.741410420670893723e-37
1.753549560766462115e-38
1.616926143504852659e-39
1.246939577820738413e-40
8.870331518315317130e-42
5.324685118929727955e-43
2.716005152610196512e-44
1.189188365163349308e-45
3.725152190716932186e-47
1.034129076954272143e-48
2.145318716998308906e-50
3.122160975619066432e-52
3.041248867666234974e-54
2.149152378290923694e-56
1.017796827484793358e-58
2.874025643998091170e-61
4.762533184389791655e-64
4.810022513728199940e-67
-1.000000000000000000e+00
-1.000000000000000000e+00
-1.000000000000000000e+00
-1.000000000000000000e+00
-1.000000000000000000e+00
-1.000000000000000000e+00
-1.000000000000000000e+00
-1.000000000000000000e+00
-1.000000000000000000e+00
-1.000000000000000000e+00
-1.000000000000000000e+00
-1.000000000000000000e+00
-1.000000000000000000e+00
-1.000000000000000000e+00
-1.000000000000000000e+00
-1.000000000000000000e+00
-1.000000000000000000e+00
-1.000000000000000000e+00
-1.000000000000000000e+00
-1.000000000000000000e+00
-1.000000000000000000e+00
-1.000000000000000000e+00
-1.000000000000000000e+00
-1.000000000000000000e+00
-1.000000000000000000e+00
-1.000000000000000000e+00
-1.000000000000000000e+00
-1.000000000000000000e+00
-1.000000000000000000e+00
-1.000000000000000000e+00
-1.000000000000000000e+00
