9.686251450054295661e-62
8.856066087382254929e-63
7.969741755432542616e-64
6.391428570450614230e-65
4.649568054986988576e-66
3.133417569007164358e-67
1.792481740713659177e-68
8.982948097426474605e-70
1.606062568500658829e-69
7.849349330068729833e-69
6.173351930929972911e-68
9.013555732601139628e-67
2.277712826739926294e-65
1.434815872544700191e-63
1.908415505022219722e-61
6.987333823731407772e-59
8.276792335962381035e-56
3.749779592563227899e-52
7.077495804671163596e-48
8.194679965183861225e-43
1.972535854943162926e-42
4.560742162819451059e-43
2.306468558111556237e-43
1.031407445600922474e-42
-1.000000000000000000e+00
7.185209572258960398e-01
-1.000000000000000000e+00
-1.000000000000000000e+00
-1.000000000000000000e+00
-1.000000000000000000e+00
-1.000000000000000000e+00
-1.000000000000000000e+00
-1.000000000000000000e+00
-1.000000000000000000e+00
-1.000000000000000000e+00
-1.000000000000000000e+00
-1.000000000000000000e+00
-1.000000000000000000e+00
-1.000000000000000000e+00
-1.000000000000000000e+00
-1.000000000000000000e+00
-1.000000000000000000e+00
-1.000000000000000000e+00
-1.000000000000000000e+00
-1.000000000000000000e+00
-1.000000000000000000e+00
-1.000000000000000000e+00
-1.000000000000000000e+00
-1.000000000000000000e+00
-1.000000000000000000e+00
