1.920253078949643088e-57
1.851087535957931087e-58
1.727132193856883639e-59
1.411389349439445188e-60
1.025527193803197281e-61
6.746723926631127807e-63
3.673703821733670869e-64
1.901911349054422498e-65
7.747615027118013016e-67
2.591505219371821359e-68
2.499698881312961743e-68
1.209214172622053233e-67
1.137479347090106604e-66
2.193446527671559477e-65
1.139294752252739694e-63
1.700554211743276040e-61
8.718045467325278159e-59
1.849501742330015919e-55
1.983661516240057391e-51
1.476271912021322845e-46
6.426837485678258419e-41
9.648892674528078333e-42
-1.000000000000000000e+00
-1.000000000000000000e+00
-1.000000000000000000e+00
6.935359402995238121e-01
-1.000000000000000000e+00
-1.000000000000000000e+00
-1.000000000000000000e+00
-1.000000000000000000e+00
-1.000000000000000000e+00
-1.000000000000000000e+00
-1.000000000000000000e+00
-1.000000000000000000e+00
-1.000000000000000000e+00
-1.000000000000000000e+00
-1.000000000000000000e+00
-1.000000000000000000e+00
-1.000000000000000000e+00
-1.000000000000000000e+00
-1.000000000000000000e+00
-1.000000000000000000e+00
-1.000000000000000000e+00
-1.000000000000000000e+00
-1.000000000000000000e+00
-1.000000000000000000e+00
-1.000000000000000000e+00
-1.000000000000000000e+00
-1.000000000000000000e+00
-1.000000000000000000e+00
