2.568421052631578938e+00
2.524137931034482918e+00
2.472972972972973249e+00
2.423841059602649395e+00
2.357142857142857206e+00
2.304761904761905011e+00
2.266253869969040213e+00
2.211480362537764588e+00
2.152941176470588580e+00
2.091428571428571637e+00
2.016666666666667052e+00
1.943181818181818121e+00
1.889212827988338450e+00
1.819819819819819884e+00
1.751552795031055876e+00
1.669902912621359370e+00
1.591836734693877764e+00
1.500000000000000000e+00
1.411764705882353033e+00
1.302170283806344031e+00
1.191986644407345697e+00
1.071786310517529373e+00
9.215358931552587451e-01
7.512520868113522488e-01
5.409015025041736813e-01
1.001669449081803026e-01
-2.111913357400722280e+00
-2.105621805792163848e+00
-2.106164383561643927e+00
-2.109777015437392933e+00
-2.103092783505154717e+00
-2.106712564543889776e+00
-2.106712564543889776e+00
-2.106712564543889776e+00
-2.110344827586207117e+00
-2.110344827586207117e+00
-2.110344827586207117e+00
-2.110344827586207117e+00
-2.110344827586207117e+00
-2.103626943005181715e+00
-2.103626943005181715e+00
-2.103626943005181715e+00
-2.103626943005181715e+00
-2.103626943005181715e+00
-2.103626943005181715e+00
-2.103626943005181715e+00
-2.103626943005181715e+00
-2.103626943005181715e+00
-2.103626943005181715e+00
-2.103626943005181715e+00
