1.779816513761467878e+00
1.751552795031055876e+00
1.708860759493671111e+00
1.664516129032258096e+00
1.638157894736842035e+00
1.595959595959596022e+00
1.556313993174061272e+00
1.535836177474402708e+00
1.474402730375426573e+00
1.453924914675768010e+00
1.387755102040816535e+00
1.342372881355932357e+00
1.292929292929293039e+00
1.239999999999999991e+00
1.188118811881188286e+00
1.149350649350649567e+00
1.092651757188498607e+00
1.031250000000000000e+00
9.512195121951220189e-01
8.888888888888888395e-01
8.080808080808080662e-01
7.356321839080459668e-01
6.116504854368932653e-01
4.778761061946902866e-01
3.512195121951219856e-01
-3.005008347245409148e-02
-1.903171953255425597e-01
-1.903171953255425597e-01
-1.903171953255425597e-01
-1.903171953255425597e-01
-2.003338898163606052e-01
-1.903171953255425597e-01
-1.903171953255425597e-01
-1.903171953255425597e-01
-1.903171953255425597e-01
-2.003338898163606052e-01
-1.903171953255425597e-01
-1.903171953255425597e-01
-1.903171953255425597e-01
-1.903171953255425597e-01
-1.903171953255425597e-01
-1.903171953255425597e-01
-1.903171953255425597e-01
-1.903171953255425597e-01
-1.903171953255425597e-01
-1.903171953255425597e-01
-1.903171953255425597e-01
-1.903171953255425597e-01
-1.903171953255425597e-01
-2.003338898163606052e-01
