2.038997214484679521e+00
1.988764044943820197e+00
1.948717948717948900e+00
1.907514450867052069e+00
1.865102639296187803e+00
1.826865671641791034e+00
1.774390243902439046e+00
1.738317757009345765e+00
1.686900958466453604e+00
1.632786885245901765e+00
1.581081081081080919e+00
1.541095890410959068e+00
1.484536082474226859e+00
1.448275862068965747e+00
1.381443298969072142e+00
1.315068493150684859e+00
1.261016949152542477e+00
1.163879598662207471e+00
1.101639344262295150e+00
1.019230769230769384e+00
9.316770186335403547e-01
8.313856427378965019e-01
7.212020033388982787e-01
5.909849749582637424e-01
4.106844741235392560e-01
5.487804878048780505e-02
-1.141903171953255525e+00
-1.151919866444073515e+00
-1.141903171953255525e+00
-1.151919866444073515e+00
-1.141903171953255525e+00
-1.141903171953255525e+00
-1.141903171953255525e+00
-1.141903171953255525e+00
-1.141903171953255525e+00
-1.141903171953255525e+00
-1.151919866444073515e+00
-1.141903171953255525e+00
-1.141903171953255525e+00
-1.141903171953255525e+00
-1.141903171953255525e+00
-1.141903171953255525e+00
-1.141903171953255525e+00
-1.141903171953255525e+00
-1.151919866444073515e+00
-1.151919866444073515e+00
-1.141903171953255525e+00
-1.141903171953255525e+00
-1.141903171953255525e+00
-1.141903171953255525e+00
