1.787234042553191404e+00
1.746130030959752277e+00
1.698113207547169878e+00
1.673076923076923128e+00
1.652459016393442726e+00
1.610738255033557165e+00
1.556313993174061272e+00
1.515358361774743923e+00
1.494880546075085359e+00
1.433447098976109224e+00
1.408163265306122680e+00
1.362711864406779716e+00
1.313131313131313149e+00
1.264214046822742521e+00
1.207920792079207883e+00
1.153094462540716680e+00
1.073482428115015930e+00
1.015673981191222541e+00
9.724770642201834292e-01
8.861538461538462919e-01
8.227424749163879669e-01
7.300380228136882366e-01
6.315789473684210176e-01
5.172413793103448620e-01
3.564356435643564192e-01
-3.005008347245409148e-02
-2.804674457429048862e-01
-2.704507512520868406e-01
-2.804674457429048862e-01
-2.704507512520868406e-01
-2.804674457429048862e-01
-2.804674457429048862e-01
-2.804674457429048862e-01
-2.804674457429048862e-01
-2.804674457429048862e-01
-2.804674457429048862e-01
-2.804674457429048862e-01
-2.704507512520868406e-01
-2.704507512520868406e-01
-2.704507512520868406e-01
-2.804674457429048862e-01
-2.804674457429048862e-01
-2.804674457429048862e-01
-2.804674457429048862e-01
-2.804674457429048862e-01
-2.804674457429048862e-01
-2.804674457429048862e-01
-2.804674457429048862e-01
-2.804674457429048862e-01
-2.804674457429048862e-01
