1.871720116618075691e+00
1.846153846153846256e+00
1.807228915662650870e+00
1.779816513761467878e+00
1.738317757009345765e+00
1.700636942675159302e+00
1.641693811074918630e+00
1.605351170568561914e+00
1.556313993174061272e+00
1.535836177474402708e+00
1.479452054794520466e+00
1.433447098976109224e+00
1.392491467576791875e+00
1.322033898305084776e+00
1.252525252525252597e+00
1.215946843853820569e+00
1.160655737704918256e+00
1.099678456591639986e+00
1.015673981191222541e+00
9.329268292682927344e-01
8.544303797468355555e-01
7.659574468085106336e-01
6.695278969957082493e-01
5.234899328859060619e-01
3.806343906510851194e-01
3.571428571428571230e-02
-7.512520868113522488e-01
-7.512520868113522488e-01
-7.412353923205342587e-01
-7.512520868113522488e-01
-7.512520868113522488e-01
-7.512520868113522488e-01
-7.512520868113522488e-01
-7.512520868113522488e-01
-7.512520868113522488e-01
-7.512520868113522488e-01
-7.512520868113522488e-01
-7.512520868113522488e-01
-7.512520868113522488e-01
-7.512520868113522488e-01
-7.412353923205342587e-01
-7.512520868113522488e-01
-7.512520868113522488e-01
-7.512520868113522488e-01
-7.512520868113522488e-01
-7.512520868113522488e-01
-7.512520868113522488e-01
-7.512520868113522488e-01
-7.512520868113522488e-01
-7.512520868113522488e-01
