1.792682926829268331e+00
1.746130030959752277e+00
1.703470031545741392e+00
1.678456591639871265e+00
1.652459016393442726e+00
1.610738255033557165e+00
1.556313993174061272e+00
1.515358361774743923e+00
1.474402730375426573e+00
1.433447098976109224e+00
1.408163265306122680e+00
1.362711864406779716e+00
1.313131313131313149e+00
1.260000000000000009e+00
1.188118811881188286e+00
1.153094462540716680e+00
1.092651757188498607e+00
1.034482758620689724e+00
9.724770642201834292e-01
8.861538461538462919e-01
8.053691275167785824e-01
7.328244274809160297e-01
6.346153846153846922e-01
5.217391304347825942e-01
3.842364532019704737e-01
-3.005008347245409148e-02
-2.504173622704507496e-01
-2.504173622704507496e-01
-2.504173622704507496e-01
-2.504173622704507496e-01
-2.604340567612687951e-01
-2.504173622704507496e-01
-2.504173622704507496e-01
-2.504173622704507496e-01
-2.604340567612687951e-01
-2.604340567612687951e-01
-2.604340567612687951e-01
-2.504173622704507496e-01
-2.504173622704507496e-01
-2.504173622704507496e-01
-2.504173622704507496e-01
-2.504173622704507496e-01
-2.504173622704507496e-01
-2.504173622704507496e-01
-2.504173622704507496e-01
-2.604340567612687951e-01
-2.604340567612687951e-01
-2.604340567612687951e-01
-2.604340567612687951e-01
-2.604340567612687951e-01
