2.073654390934844383e+00
2.033333333333333659e+00
1.988764044943820197e+00
1.931623931623931645e+00
1.895652173913043637e+00
1.858407079646017701e+00
1.801801801801801828e+00
1.766871165644172015e+00
1.716981132075471761e+00
1.664516129032258096e+00
1.634551495016611344e+00
1.561643835616438380e+00
1.531034482758620863e+00
1.453287197231833972e+00
1.411764705882353033e+00
1.344827586206896575e+00
1.253424657534246700e+00
1.195945945945946054e+00
1.116279069767441845e+00
1.051948051948051965e+00
9.438202247191010974e-01
8.514190317195324820e-01
7.412353923205342587e-01
6.010016694490818434e-01
4.207011686143572460e-01
5.590062111801242378e-02
-1.232053422370617879e+00
-1.232053422370617879e+00
-1.222036727879799667e+00
-1.232053422370617879e+00
-1.232053422370617879e+00
-1.222036727879799667e+00
-1.232053422370617879e+00
-1.222036727879799667e+00
-1.222036727879799667e+00
-1.232053422370617879e+00
-1.232053422370617879e+00
-1.222036727879799667e+00
-1.222036727879799667e+00
-1.222036727879799667e+00
-1.222036727879799667e+00
-1.232053422370617879e+00
-1.232053422370617879e+00
-1.232053422370617879e+00
-1.222036727879799667e+00
-1.222036727879799667e+00
-1.222036727879799667e+00
-1.222036727879799667e+00
-1.222036727879799667e+00
-1.222036727879799667e+00
