1.865102639296187803e+00
1.839285714285714413e+00
1.800000000000000044e+00
1.753846153846154055e+00
1.716981132075471761e+00
1.692307692307692291e+00
1.652459016393442726e+00
1.616161616161616132e+00
1.556313993174061272e+00
1.494880546075085359e+00
1.458904109589041154e+00
1.412969283276450660e+00
1.367346938775510390e+00
1.317567567567567766e+00
1.248322147651006908e+00
1.192052980132450424e+00
1.156862745098039325e+00
1.076923076923077094e+00
1.012500000000000178e+00
9.300911854103343090e-01
8.407643312101911182e-01
7.714285714285713524e-01
6.550218340611354551e-01
5.416666666666667407e-01
3.706176961602671294e-01
3.582089552238806179e-02
-6.911519198664440866e-01
-6.911519198664440866e-01
-7.011686143572621877e-01
-7.011686143572621877e-01
-7.011686143572621877e-01
-6.911519198664440866e-01
-7.011686143572621877e-01
-7.011686143572621877e-01
-7.011686143572621877e-01
-6.911519198664440866e-01
-6.911519198664440866e-01
-7.011686143572621877e-01
-7.011686143572621877e-01
-7.011686143572621877e-01
-7.011686143572621877e-01
-7.011686143572621877e-01
-7.011686143572621877e-01
-7.011686143572621877e-01
-6.911519198664440866e-01
-6.911519198664440866e-01
-6.911519198664440866e-01
-6.911519198664440866e-01
-6.911519198664440866e-01
-7.011686143572621877e-01
