1.787234042553191404e+00
1.740740740740740922e+00
1.716981132075471761e+00
1.692307692307692291e+00
1.647058823529411908e+00
1.605351170568561914e+00
1.576791808873720280e+00
1.535836177474402708e+00
1.494880546075085359e+00
1.433447098976109224e+00
1.408163265306122680e+00
1.362711864406779716e+00
1.313131313131313149e+00
1.264214046822742521e+00
1.207920792079207883e+00
1.153094462540716680e+00
1.076923076923077094e+00
1.015673981191222541e+00
9.541284403669725300e-01
9.018404907975460238e-01
8.227424749163879669e-01
7.300380228136882366e-01
6.315789473684210176e-01
5.084745762711864181e-01
3.599999999999999867e-01
0.000000000000000000e+00
-3.005008347245409217e-01
-3.105175292153589672e-01
-3.005008347245409217e-01
-3.105175292153589672e-01
-3.005008347245409217e-01
-3.005008347245409217e-01
-3.105175292153589672e-01
-3.005008347245409217e-01
-3.005008347245409217e-01
-3.005008347245409217e-01
-3.005008347245409217e-01
-3.005008347245409217e-01
-3.105175292153589672e-01
-3.105175292153589672e-01
-3.105175292153589672e-01
-3.005008347245409217e-01
-3.005008347245409217e-01
-3.005008347245409217e-01
-3.005008347245409217e-01
-3.005008347245409217e-01
-3.005008347245409217e-01
-3.005008347245409217e-01
-3.005008347245409217e-01
-3.005008347245409217e-01
