1.774390243902439046e+00
1.751552795031055876e+00
1.703470031545741392e+00
1.659163987138263741e+00
1.638157894736842035e+00
1.595959595959596022e+00
1.556313993174061272e+00
1.515358361774743923e+00
1.494880546075085359e+00
1.433447098976109224e+00
1.387755102040816535e+00
1.342372881355932357e+00
1.292929292929293039e+00
1.239999999999999991e+00
1.207920792079207883e+00
1.129870129870129913e+00
1.073482428115015930e+00
1.031250000000000000e+00
9.695121951219513035e-01
8.888888888888888395e-01
8.053691275167785824e-01
7.356321839080459668e-01
6.086956521739130821e-01
4.736842105263157632e-01
3.512195121951219856e-01
-4.006677796327212659e-02
-2.103505843071786230e-01
-2.103505843071786230e-01
-2.103505843071786230e-01
-2.103505843071786230e-01
-2.103505843071786230e-01
-2.103505843071786230e-01
-2.103505843071786230e-01
-2.103505843071786230e-01
-2.103505843071786230e-01
-2.203672787979966685e-01
-2.103505843071786230e-01
-2.103505843071786230e-01
-2.103505843071786230e-01
-2.103505843071786230e-01
-2.103505843071786230e-01
-2.103505843071786230e-01
-2.103505843071786230e-01
-2.103505843071786230e-01
-2.103505843071786230e-01
-2.103505843071786230e-01
-2.103505843071786230e-01
-2.103505843071786230e-01
-2.103505843071786230e-01
-2.103505843071786230e-01
