1.779816513761467878e+00
1.732919254658385144e+00
1.708860759493671111e+00
1.683870967741935454e+00
1.618421052631578982e+00
1.616161616161616132e+00
1.556313993174061272e+00
1.515358361774743923e+00
1.474402730375426573e+00
1.433447098976109224e+00
1.387755102040816535e+00
1.342372881355932357e+00
1.292929292929293039e+00
1.239999999999999991e+00
1.207920792079207883e+00
1.129870129870129913e+00
1.073482428115015930e+00
1.031250000000000000e+00
9.695121951219513035e-01
8.703703703703704608e-01
8.282828282828283983e-01
7.153846153846155076e-01
6.407766990291262621e-01
4.821428571428572063e-01
3.495145631067961278e-01
-3.005008347245409148e-02
-1.702838063439065242e-01
-1.702838063439065242e-01
-1.702838063439065242e-01
-1.702838063439065242e-01
-1.702838063439065242e-01
-1.803005008347245697e-01
-1.702838063439065242e-01
-1.702838063439065242e-01
-1.702838063439065242e-01
-1.702838063439065242e-01
-1.803005008347245697e-01
-1.803005008347245697e-01
-1.803005008347245697e-01
-1.702838063439065242e-01
-1.702838063439065242e-01
-1.702838063439065242e-01
-1.702838063439065242e-01
-1.702838063439065242e-01
-1.702838063439065242e-01
-1.702838063439065242e-01
-1.702838063439065242e-01
-1.702838063439065242e-01
-1.702838063439065242e-01
-1.702838063439065242e-01
