1.954285714285714404e+00
1.907514450867052069e+00
1.865102639296187803e+00
1.826865671641791034e+00
1.787234042553191404e+00
1.746130030959752277e+00
1.708860759493671111e+00
1.650485436893204039e+00
1.614617940199335466e+00
1.576791808873720280e+00
1.520547945205479534e+00
1.479452054794520466e+00
1.438356164383561620e+00
1.351535836177474525e+00
1.306122448979591955e+00
1.252525252525252597e+00
1.176079734219269257e+00
1.117647058823529438e+00
1.035143769968051242e+00
9.875776397515528826e-01
8.861538461538462919e-01
7.986348122866895327e-01
6.857142857142857206e-01
5.818181818181819009e-01
3.906510851419032204e-01
5.373134328358209616e-02
-9.215358931552587451e-01
-9.215358931552587451e-01
-9.215358931552587451e-01
-9.315525876460767352e-01
-9.215358931552587451e-01
-9.315525876460767352e-01
-9.215358931552587451e-01
-9.315525876460767352e-01
-9.315525876460767352e-01
-9.315525876460767352e-01
-9.215358931552587451e-01
-9.215358931552587451e-01
-9.315525876460767352e-01
-9.315525876460767352e-01
-9.315525876460767352e-01
-9.315525876460767352e-01
-9.315525876460767352e-01
-9.315525876460767352e-01
-9.215358931552587451e-01
-9.215358931552587451e-01
-9.215358931552587451e-01
-9.215358931552587451e-01
-9.215358931552587451e-01
-9.215358931552587451e-01
