2.407894736842105754e+00
2.361290322580645196e+00
2.316455696202532000e+00
2.266253869969040213e+00
2.218181818181818254e+00
2.172106824925816415e+00
2.121739130434782794e+00
2.050847457627118953e+00
2.000000000000000000e+00
1.937142857142857055e+00
1.889212827988338450e+00
1.832335329341317598e+00
1.753846153846154055e+00
1.681528662420382236e+00
1.629139072847682224e+00
1.541666666666666519e+00
1.455882352941176627e+00
1.393258426966292207e+00
1.304347826086956541e+00
1.212020033388981677e+00
1.111853088480801555e+00
1.001669449081802998e+00
8.614357262103506940e-01
7.011686143572621877e-01
5.008347245409014992e-01
9.015025041736228484e-02
-1.843071786310517490e+00
-1.843071786310517490e+00
-1.843071786310517490e+00
-1.843071786310517490e+00
-1.843071786310517490e+00
-1.843071786310517490e+00
-1.843071786310517490e+00
-1.843071786310517490e+00
-1.843071786310517490e+00
-1.843071786310517490e+00
-1.843071786310517490e+00
-1.833055091819699500e+00
-1.843071786310517490e+00
-1.843071786310517490e+00
-1.843071786310517490e+00
-1.843071786310517490e+00
-1.833055091819699500e+00
-1.833055091819699500e+00
-1.843071786310517490e+00
-1.843071786310517490e+00
-1.843071786310517490e+00
-1.843071786310517490e+00
-1.843071786310517490e+00
-1.843071786310517490e+00
