3.723076923076923173e+00
3.666666666666666963e+00
3.594059405940594143e+00
3.541463414634146378e+00
3.457142857142856851e+00
3.392523364485981574e+00
3.315068493150685303e+00
3.241071428571428381e+00
3.170305676855895261e+00
3.089361702127659370e+00
3.000000000000000000e+00
2.903999999999999915e+00
2.813953488372093137e+00
2.719101123595505598e+00
2.611510791366906670e+00
2.524137931034482918e+00
2.388157894736842035e+00
2.280373831775701188e+00
2.140597539543057870e+00
1.983305509181970017e+00
1.813021702838063520e+00
1.632721202003339034e+00
1.432387312186978345e+00
1.171953255425709495e+00
8.313856427378965019e-01
1.702838063439065242e-01
-4.507512520868113826e-01
-3.672240802675585503e+00
-3.663551401869158841e+00
-3.666666666666666963e+00
-3.674556213017751816e+00
-3.667655786350148439e+00
-3.678571428571428825e+00
-3.678571428571428825e+00
-3.660714285714286031e+00
-3.671641791044776060e+00
-3.671641791044776060e+00
-3.671641791044776060e+00
-3.671641791044776060e+00
-3.682634730538922430e+00
-3.664670658682635196e+00
-3.664670658682635196e+00
-3.664670658682635196e+00
-3.664670658682635196e+00
-3.664670658682635196e+00
-3.682634730538922430e+00
-3.664670658682635196e+00
-3.664670658682635196e+00
-3.664670658682635196e+00
-3.664670658682635196e+00
