1.833827893175074220e+00
1.807228915662650870e+00
1.779816513761467878e+00
1.738317757009345765e+00
1.695238095238095211e+00
1.655844155844155896e+00
1.634551495016611344e+00
1.571428571428571619e+00
1.535836177474402708e+00
1.494880546075085359e+00
1.433447098976109224e+00
1.392491467576791875e+00
1.362711864406779716e+00
1.292929292929293039e+00
1.244147157190635511e+00
1.188118811881188286e+00
1.129870129870129913e+00
1.070063694267515908e+00
1.006211180124223725e+00
9.216867469879518326e-01
8.516129032258065168e-01
7.636363636363635576e-01
6.428571428571429047e-01
5.255474452554744769e-01
3.706176961602671294e-01
3.582089552238806179e-02
-6.010016694490818434e-01
-6.110183639398998334e-01
-6.010016694490818434e-01
-6.010016694490818434e-01
-6.110183639398998334e-01
-6.010016694490818434e-01
-6.110183639398998334e-01
-6.110183639398998334e-01
-6.010016694490818434e-01
-6.010016694490818434e-01
-6.010016694490818434e-01
-6.110183639398998334e-01
-6.110183639398998334e-01
-6.110183639398998334e-01
-6.110183639398998334e-01
-6.010016694490818434e-01
-6.010016694490818434e-01
-6.010016694490818434e-01
-6.010016694490818434e-01
-6.010016694490818434e-01
-6.010016694490818434e-01
-6.010016694490818434e-01
-6.010016694490818434e-01
-6.010016694490818434e-01
