1.807228915662650870e+00
1.785276073619632031e+00
1.738317757009345765e+00
1.695238095238095211e+00
1.650485436893204039e+00
1.629139072847682224e+00
1.571428571428571619e+00
1.556313993174061272e+00
1.494880546075085359e+00
1.453924914675768010e+00
1.412969283276450660e+00
1.367346938775510390e+00
1.317567567567567766e+00
1.268456375838926231e+00
1.211920529801324697e+00
1.156862745098039325e+00
1.118971061093247732e+00
1.037735849056603765e+00
9.784615384615383826e-01
8.936170212765957022e-01
8.118811881188119361e-01
7.191011235955057090e-01
6.448598130841122211e-01
5.322580645161291146e-01
3.419689119170984948e-01
3.603603603603603572e-02
-4.207011686143572460e-01
-4.207011686143572460e-01
-4.106844741235392560e-01
-4.207011686143572460e-01
-4.207011686143572460e-01
-4.207011686143572460e-01
-4.106844741235392560e-01
-4.106844741235392560e-01
-4.207011686143572460e-01
-4.207011686143572460e-01
-4.207011686143572460e-01
-4.207011686143572460e-01
-4.106844741235392560e-01
-4.106844741235392560e-01
-4.106844741235392560e-01
-4.106844741235392560e-01
-4.106844741235392560e-01
-4.207011686143572460e-01
-4.207011686143572460e-01
-4.207011686143572460e-01
-4.207011686143572460e-01
-4.207011686143572460e-01
-4.207011686143572460e-01
-4.207011686143572460e-01
