1.814371257485029920e+00
1.792682926829268331e+00
1.746130030959752277e+00
1.722397476340693956e+00
1.678456591639871265e+00
1.638157894736842035e+00
1.601351351351351315e+00
1.556313993174061272e+00
1.515358361774743923e+00
1.453924914675768010e+00
1.433447098976109224e+00
1.367346938775510390e+00
1.337837837837837940e+00
1.268456375838926231e+00
1.215946843853820569e+00
1.160655737704918256e+00
1.122580645161290525e+00
1.044303797468354666e+00
9.814814814814815103e-01
9.063444108761329332e-01
8.262295081967213628e-01
7.360594795539033841e-01
6.359447004608295151e-01
5.625000000000000000e-01
3.548387096774193727e-01
3.592814371257485595e-02
-4.808013355592654636e-01
-4.808013355592654636e-01
-4.808013355592654636e-01
-4.908180300500835092e-01
-4.808013355592654636e-01
-4.908180300500835092e-01
-4.808013355592654636e-01
-4.808013355592654636e-01
-4.908180300500835092e-01
-4.908180300500835092e-01
-4.908180300500835092e-01
-4.808013355592654636e-01
-4.808013355592654636e-01
-4.808013355592654636e-01
-4.808013355592654636e-01
-4.808013355592654636e-01
-4.808013355592654636e-01
-4.808013355592654636e-01
-4.908180300500835092e-01
-4.908180300500835092e-01
-4.908180300500835092e-01
-4.908180300500835092e-01
-4.908180300500835092e-01
-4.908180300500835092e-01
