9.015025041736227651e-01
8.914858096828046641e-01
8.814691151919866741e-01
8.614357262103506940e-01
8.414023372287144920e-01
8.313856427378965019e-01
8.213689482470785119e-01
8.013355592654424209e-01
7.813021702838064408e-01
7.712854757929884508e-01
7.612687813021702388e-01
7.412353923205342587e-01
7.312186978297162687e-01
7.111853088480801777e-01
6.911519198664440866e-01
6.711185308848079956e-01
6.611018363939900055e-01
6.410684474123540255e-01
6.210350584307179345e-01
6.010016694490818434e-01
5.809682804674457524e-01
5.609348914858097723e-01
5.409015025041736813e-01
5.208681135225375902e-01
5.008347245409014992e-01
4.707846410684474736e-01
4.507512520868113826e-01
4.207011686143572460e-01
3.906510851419032204e-01
3.505843071786310938e-01
3.205342237061770128e-01
2.804674457429048862e-01
2.303839732888146863e-01
1.602671118530885064e-01
8.421052631578948566e-02
-1.832402234636871574e+00
-1.837638376383764038e+00
-1.842778793418647254e+00
-1.832727272727272982e+00
-1.844484629294755873e+00
-1.834532374100719343e+00
-1.838709677419354982e+00
-1.835420393559928476e+00
-1.839572192513369009e+00
-1.836298932384341720e+00
-1.843694493783303967e+00
-1.840425531914893886e+00
-1.837168141592920412e+00
-1.844522968197880086e+00
-1.841269841269841168e+00
