9.015025041736227651e-01
8.914858096828046641e-01
8.814691151919866741e-01
8.614357262103506940e-01
8.414023372287144920e-01
8.313856427378965019e-01
8.213689482470785119e-01
8.013355592654424209e-01
7.813021702838064408e-01
7.712854757929884508e-01
7.612687813021702388e-01
7.412353923205342587e-01
7.312186978297162687e-01
7.111853088480801777e-01
7.011686143572621877e-01
6.811352253756260966e-01
6.611018363939900055e-01
6.410684474123540255e-01
6.310517529215359245e-01
6.010016694490818434e-01
5.909849749582637424e-01
5.609348914858097723e-01
5.409015025041736813e-01
5.208681135225375902e-01
5.008347245409014992e-01
4.707846410684474736e-01
4.507512520868113826e-01
4.106844741235392560e-01
3.906510851419032204e-01
3.606010016694491394e-01
3.205342237061770128e-01
2.804674457429048862e-01
2.303839732888146863e-01
1.702838063439065242e-01
9.015025041736228484e-02
-2.239285714285714324e+00
-2.244604316546762846e+00
-2.245931283905967746e+00
-2.242171189979123458e+00
-2.243902439024390461e+00
-2.248496993987976200e+00
-2.238095238095238138e+00
-2.244094488188976388e+00
-2.242661448140900404e+00
-2.245614035087719174e+00
-2.248543689320388506e+00
-2.244186046511627897e+00
-2.239845261121856890e+00
-2.247104247104247055e+00
-2.242774566473988873e+00
