1.080000000000000071e+01
9.700000000000001066e+00
1.000000000000000000e+01
1.310000000000000142e+01
9.800000000000000711e+00
1.170000000000000107e+01
1.210000000000000142e+01
1.140000000000000036e+01
1.360000000000000142e+01
1.350000000000000000e+01
8.900000000000000355e+00
1.480000000000000071e+01
9.300000000000000711e+00
1.510000000000000142e+01
7.700000000000000178e+00
7.500000000000000000e+00
9.500000000000000000e+00
1.470000000000000107e+01
8.500000000000000000e+00
9.300000000000000711e+00
9.600000000000001421e+00
9.200000000000001066e+00
8.900000000000000355e+00
1.010000000000000142e+01
8.700000000000001066e+00
1.320000000000000107e+01
8.300000000000000711e+00
1.080000000000000071e+01
8.700000000000001066e+00
1.510000000000000142e+01
1.050000000000000000e+01
8.099999999999999645e+00
9.600000000000001421e+00
8.099999999999999645e+00
9.700000000000001066e+00
1.020000000000000107e+01
1.080000000000000071e+01
9.700000000000001066e+00
1.000000000000000000e+01
1.250000000000000000e+01
1.260000000000000142e+01
9.200000000000001066e+00
8.599999999999999645e+00
8.300000000000000711e+00
1.060000000000000142e+01
1.150000000000000000e+01
9.300000000000000711e+00
8.500000000000000000e+00
1.210000000000000142e+01
7.900000000000000355e+00
1.030000000000000071e+01
9.400000000000000355e+00
1.090000000000000036e+01
9.000000000000000000e+00
1.120000000000000107e+01
9.500000000000000000e+00
7.300000000000000711e+00
1.160000000000000142e+01
9.800000000000000711e+00
1.570000000000000107e+01
9.500000000000000000e+00
1.030000000000000071e+01
1.390000000000000036e+01
9.700000000000001066e+00
1.010000000000000142e+01
1.020000000000000107e+01
1.100000000000000000e+01
1.110000000000000142e+01
1.450000000000000000e+01
9.800000000000000711e+00
1.410000000000000142e+01
1.240000000000000036e+01
1.000000000000000000e+01
1.010000000000000142e+01
8.200000000000001066e+00
1.030000000000000071e+01
9.300000000000000711e+00
8.000000000000000000e+00
9.099999999999999645e+00
1.190000000000000036e+01
8.599999999999999645e+00
9.400000000000000355e+00
9.500000000000000000e+00
1.000000000000000000e+01
9.500000000000000000e+00
1.420000000000000107e+01
8.800000000000000711e+00
1.090000000000000036e+01
9.200000000000001066e+00
1.130000000000000071e+01
1.070000000000000107e+01
1.260000000000000142e+01
9.099999999999999645e+00
1.030000000000000071e+01
1.190000000000000036e+01
1.040000000000000036e+01
8.800000000000000711e+00
1.000000000000000000e+01
8.500000000000000000e+00
9.500000000000000000e+00
1.120000000000000107e+01
9.800000000000000711e+00
9.600000000000001421e+00
9.500000000000000000e+00
1.030000000000000071e+01
8.800000000000000711e+00
8.200000000000001066e+00
1.150000000000000000e+01
6.800000000000000711e+00
8.400000000000000355e+00
9.400000000000000355e+00
1.090000000000000036e+01
1.220000000000000107e+01
9.500000000000000000e+00
1.330000000000000071e+01
1.290000000000000036e+01
8.900000000000000355e+00
9.099999999999999645e+00
1.000000000000000000e+01
1.030000000000000071e+01
9.800000000000000711e+00
1.040000000000000036e+01
1.060000000000000142e+01
1.200000000000000000e+01
8.700000000000001066e+00
8.500000000000000000e+00
1.220000000000000107e+01
1.070000000000000107e+01
8.599999999999999645e+00
1.150000000000000000e+01
1.210000000000000142e+01
1.090000000000000036e+01
1.050000000000000000e+01
9.800000000000000711e+00
1.020000000000000107e+01
8.700000000000001066e+00
1.030000000000000071e+01
1.220000000000000107e+01
7.500000000000000000e+00
1.070000000000000107e+01
8.200000000000001066e+00
1.060000000000000142e+01
9.700000000000001066e+00
1.270000000000000107e+01
1.280000000000000071e+01
9.900000000000000355e+00
9.000000000000000000e+00
1.220000000000000107e+01
1.000000000000000000e+01
1.300000000000000000e+01
8.700000000000001066e+00
1.140000000000000036e+01
1.110000000000000142e+01
1.160000000000000142e+01
1.150000000000000000e+01
9.700000000000001066e+00
1.030000000000000071e+01
8.300000000000000711e+00
1.030000000000000071e+01
9.900000000000000355e+00
1.080000000000000071e+01
7.700000000000000178e+00
1.000000000000000000e+01
7.700000000000000178e+00
9.600000000000001421e+00
1.060000000000000142e+01
8.700000000000001066e+00
7.500000000000000000e+00
1.050000000000000000e+01
1.030000000000000071e+01
9.900000000000000355e+00
1.060000000000000142e+01
1.100000000000000000e+01
8.700000000000001066e+00
1.180000000000000071e+01
9.200000000000001066e+00
1.400000000000000000e+01
9.099999999999999645e+00
1.050000000000000000e+01
1.040000000000000036e+01
1.010000000000000142e+01
1.050000000000000000e+01
8.200000000000001066e+00
1.170000000000000107e+01
1.260000000000000142e+01
1.140000000000000036e+01
9.000000000000000000e+00
9.600000000000001421e+00
8.400000000000000355e+00
1.000000000000000000e+01
1.020000000000000107e+01
1.180000000000000071e+01
1.050000000000000000e+01
9.099999999999999645e+00
7.800000000000000711e+00
9.800000000000000711e+00
1.050000000000000000e+01
8.700000000000001066e+00
1.010000000000000142e+01
1.340000000000000036e+01
7.200000000000000178e+00
1.560000000000000142e+01
1.500000000000000000e+01
9.500000000000000000e+00
9.900000000000000355e+00
1.700000000000000000e+01
8.700000000000001066e+00
1.310000000000000142e+01
9.800000000000000711e+00
1.000000000000000000e+01
8.900000000000000355e+00
1.090000000000000036e+01
1.020000000000000107e+01
1.090000000000000036e+01
9.000000000000000000e+00
7.700000000000000178e+00
1.030000000000000071e+01
1.100000000000000000e+01
8.400000000000000355e+00
1.190000000000000036e+01
9.700000000000001066e+00
9.300000000000000711e+00
1.040000000000000036e+01
9.300000000000000711e+00
1.150000000000000000e+01
1.020000000000000107e+01
6.800000000000000711e+00
9.600000000000001421e+00
1.360000000000000142e+01
7.700000000000000178e+00
9.500000000000000000e+00
1.030000000000000071e+01
9.000000000000000000e+00
9.400000000000000355e+00
8.700000000000001066e+00
1.040000000000000036e+01
9.099999999999999645e+00
8.900000000000000355e+00
1.270000000000000107e+01
9.400000000000000355e+00
1.010000000000000142e+01
1.070000000000000107e+01
7.200000000000000178e+00
1.140000000000000036e+01
9.700000000000001066e+00
9.400000000000000355e+00
1.170000000000000107e+01
9.400000000000000355e+00
9.700000000000001066e+00
1.140000000000000036e+01
1.150000000000000000e+01
7.600000000000000533e+00
8.599999999999999645e+00
8.099999999999999645e+00
9.400000000000000355e+00
9.400000000000000355e+00
8.500000000000000000e+00
1.170000000000000107e+01
1.010000000000000142e+01
7.800000000000000711e+00
1.220000000000000107e+01
1.080000000000000071e+01
1.160000000000000142e+01
1.090000000000000036e+01
9.900000000000000355e+00
1.160000000000000142e+01
1.100000000000000000e+01
9.500000000000000000e+00
7.300000000000000711e+00
8.500000000000000000e+00
9.099999999999999645e+00
1.290000000000000036e+01
8.900000000000000355e+00
8.300000000000000711e+00
7.600000000000000533e+00
9.800000000000000711e+00
9.800000000000000711e+00
9.000000000000000000e+00
1.160000000000000142e+01
9.500000000000000000e+00
7.600000000000000533e+00
1.020000000000000107e+01
1.210000000000000142e+01
9.500000000000000000e+00
1.200000000000000000e+01
8.000000000000000000e+00
9.400000000000000355e+00
9.200000000000001066e+00
9.700000000000001066e+00
1.070000000000000107e+01
7.700000000000000178e+00
1.010000000000000142e+01
1.040000000000000036e+01
8.800000000000000711e+00
1.140000000000000036e+01
1.070000000000000107e+01
9.800000000000000711e+00
1.400000000000000000e+01
1.040000000000000036e+01
1.150000000000000000e+01
1.400000000000000000e+01
1.020000000000000107e+01
8.300000000000000711e+00
9.500000000000000000e+00
1.030000000000000071e+01
8.000000000000000000e+00
8.800000000000000711e+00
1.160000000000000142e+01
1.320000000000000107e+01
8.900000000000000355e+00
9.300000000000000711e+00
1.070000000000000107e+01
1.460000000000000142e+01
9.800000000000000711e+00
9.000000000000000000e+00
8.900000000000000355e+00
9.500000000000000000e+00
8.900000000000000355e+00
1.250000000000000000e+01
1.200000000000000000e+01
9.000000000000000000e+00
7.900000000000000355e+00
8.200000000000001066e+00
1.500000000000000000e+01
1.330000000000000071e+01
8.800000000000000711e+00
1.030000000000000071e+01
7.000000000000000000e+00
1.060000000000000142e+01
1.020000000000000107e+01
1.370000000000000107e+01
1.140000000000000036e+01
1.260000000000000142e+01
1.650000000000000000e+01
1.010000000000000142e+01
7.800000000000000711e+00
7.700000000000000178e+00
8.599999999999999645e+00
9.700000000000001066e+00
1.140000000000000036e+01
1.740000000000000213e+01
8.900000000000000355e+00
8.000000000000000000e+00
1.480000000000000071e+01
9.200000000000001066e+00
9.600000000000001421e+00
1.180000000000000071e+01
9.000000000000000000e+00
8.800000000000000711e+00
7.500000000000000000e+00
9.099999999999999645e+00
1.440000000000000036e+01
1.200000000000000000e+01
1.010000000000000142e+01
9.099999999999999645e+00
9.800000000000000711e+00
1.170000000000000107e+01
8.400000000000000355e+00
6.800000000000000711e+00
1.130000000000000071e+01
9.600000000000001421e+00
1.040000000000000036e+01
9.600000000000001421e+00
9.300000000000000711e+00
9.300000000000000711e+00
1.110000000000000142e+01
9.000000000000000000e+00
1.110000000000000142e+01
1.110000000000000142e+01
1.060000000000000142e+01
8.900000000000000355e+00
8.200000000000001066e+00
8.500000000000000000e+00
1.090000000000000036e+01
1.110000000000000142e+01
8.400000000000000355e+00
9.099999999999999645e+00
1.070000000000000107e+01
9.300000000000000711e+00
1.090000000000000036e+01
8.900000000000000355e+00
8.800000000000000711e+00
8.599999999999999645e+00
9.600000000000001421e+00
7.600000000000000533e+00
1.120000000000000107e+01
7.700000000000000178e+00
1.010000000000000142e+01
1.460000000000000142e+01
9.600000000000001421e+00
8.900000000000000355e+00
9.700000000000001066e+00
1.130000000000000071e+01
1.110000000000000142e+01
7.700000000000000178e+00
1.260000000000000142e+01
9.400000000000000355e+00
7.900000000000000355e+00
9.200000000000001066e+00
7.900000000000000355e+00
1.370000000000000107e+01
9.400000000000000355e+00
1.000000000000000000e+01
9.000000000000000000e+00
8.700000000000001066e+00
9.700000000000001066e+00
1.100000000000000000e+01
1.030000000000000071e+01
8.099999999999999645e+00
9.400000000000000355e+00
7.900000000000000355e+00
8.400000000000000355e+00
1.250000000000000000e+01
1.080000000000000071e+01
8.700000000000001066e+00
9.200000000000001066e+00
9.900000000000000355e+00
1.010000000000000142e+01
1.200000000000000000e+01
1.060000000000000142e+01
9.600000000000001421e+00
8.900000000000000355e+00
7.200000000000000178e+00
9.700000000000001066e+00
1.330000000000000071e+01
1.200000000000000000e+01
7.700000000000000178e+00
8.400000000000000355e+00
1.170000000000000107e+01
1.110000000000000142e+01
1.550000000000000000e+01
1.030000000000000071e+01
1.210000000000000142e+01
1.080000000000000071e+01
8.099999999999999645e+00
1.550000000000000000e+01
1.110000000000000142e+01
9.800000000000000711e+00
1.000000000000000000e+01
1.020000000000000107e+01
9.099999999999999645e+00
1.030000000000000071e+01
9.099999999999999645e+00
8.000000000000000000e+00
1.340000000000000036e+01
9.700000000000001066e+00
1.200000000000000000e+01
1.040000000000000036e+01
1.160000000000000142e+01
7.500000000000000000e+00
1.160000000000000142e+01
1.500000000000000000e+01
1.430000000000000071e+01
9.800000000000000711e+00
1.360000000000000142e+01
8.800000000000000711e+00
8.900000000000000355e+00
9.000000000000000000e+00
8.300000000000000711e+00
1.080000000000000071e+01
1.240000000000000036e+01
8.500000000000000000e+00
7.700000000000000178e+00
1.300000000000000000e+01
1.190000000000000036e+01
1.170000000000000107e+01
8.900000000000000355e+00
1.030000000000000071e+01
7.700000000000000178e+00
9.700000000000001066e+00
8.700000000000001066e+00
1.140000000000000036e+01
1.040000000000000036e+01
1.170000000000000107e+01
1.220000000000000107e+01
1.080000000000000071e+01
1.110000000000000142e+01
9.300000000000000711e+00
1.140000000000000036e+01
1.070000000000000107e+01
8.800000000000000711e+00
1.300000000000000000e+01
9.099999999999999645e+00
1.050000000000000000e+01
1.210000000000000142e+01
9.300000000000000711e+00
1.040000000000000036e+01
1.240000000000000036e+01
1.080000000000000071e+01
8.800000000000000711e+00
1.150000000000000000e+01
1.330000000000000071e+01
1.020000000000000107e+01
1.300000000000000000e+01
8.000000000000000000e+00
1.560000000000000142e+01
1.120000000000000107e+01
1.030000000000000071e+01
1.290000000000000036e+01
9.600000000000001421e+00
