6.596563655740295129e-01
6.574443722889456998e-01
6.557291943839390624e-01
6.546021702119996233e-01
6.541654131341446687e-01
6.545318347619590860e-01
6.558247965096773990e-01
6.581773813911822035e-01
6.617313516300818987e-01
6.666359528337517659e-01
6.730468276506559322e-01
6.811253892137225652e-01
6.910390553991635487e-01
7.029627474353205008e-01
7.170820183366293232e-01
7.335981270839613266e-01
7.527353578264089906e-01
7.747509492525175290e-01
7.999481962594365836e-01
8.286936665796772461e-01
8.614401156356826794e-01
8.987577241263484673e-01
-1.000000000000000000e+00
-1.000000000000000000e+00
-1.000000000000000000e+00
-1.000000000000000000e+00
-1.000000000000000000e+00
-1.000000000000000000e+00
-1.000000000000000000e+00
-1.000000000000000000e+00
-1.000000000000000000e+00
-1.000000000000000000e+00
-1.000000000000000000e+00
-1.000000000000000000e+00
-1.000000000000000000e+00
-1.000000000000000000e+00
-1.000000000000000000e+00
-1.000000000000000000e+00
-1.000000000000000000e+00
-1.000000000000000000e+00
-1.000000000000000000e+00
-1.000000000000000000e+00
-1.000000000000000000e+00
-1.000000000000000000e+00
-1.000000000000000000e+00
-1.000000000000000000e+00
-1.000000000000000000e+00
-1.000000000000000000e+00
-1.000000000000000000e+00
-1.000000000000000000e+00
