1.821455363840960295e+00
1.817454363590897959e+00
1.814453613403350873e+00
1.812453113278319483e+00
1.809452363090772620e+00
1.806451612903225978e+00
1.803450862715678893e+00
1.801450362590647725e+00
1.798449612403100861e+00
1.795448862215553998e+00
1.792448112028006912e+00
1.789447361840460049e+00
1.788447111777944576e+00
1.785446361590397490e+00
1.782445611402850849e+00
1.779444861215303764e+00
1.776444111027756900e+00
1.773443360840210037e+00
1.770442610652663173e+00
1.768442110527632005e+00
1.765441360340084920e+00
1.762440610152538056e+00
1.759439859964991193e+00
1.756439109777444552e+00
1.753438359589897466e+00
1.750437609402350603e+00
1.748437109277319434e+00
1.745436359089772571e+00
1.741435358839710235e+00
1.739434858714678622e+00
1.736434108527131759e+00
1.733433358339584895e+00
1.730432608152038254e+00
1.728432108027006642e+00
1.724431107776944305e+00
1.722430607651912915e+00
1.718429607401850356e+00
1.716429107276819188e+00
1.712428107026756630e+00
1.710427606901725461e+00
1.707426856714178598e+00
1.704426106526631957e+00
1.701425356339084871e+00
1.699424856214053481e+00
1.695423855963991144e+00
1.692423105776444059e+00
1.690422605651412891e+00
1.687421855463866027e+00
1.683420855213803469e+00
1.680420105026256827e+00
