1.809452363090772620e+00
1.784446111527882017e+00
1.759439859964991193e+00
1.733433358339584895e+00
1.707426856714178598e+00
1.680420105026256827e+00
1.654413603400850530e+00
1.626406601650412620e+00
1.598399599899974932e+00
1.570392598149537466e+00
1.540385096274068610e+00
1.510377594398599754e+00
1.481370342585646371e+00
1.449362340585146347e+00
1.418354588647161796e+00
1.386346586646661772e+00
1.352338084521130357e+00
1.318329582395598942e+00
1.282320580145036137e+00
1.246311577894473555e+00
1.209302325581395277e+00
1.171292823205801525e+00
1.131282820705176384e+00
1.089272318079519852e+00
1.046261565391347848e+00
1.001250312578144452e+00
9.552388097024255842e-01
9.052263065766441574e-01
8.532133033258315624e-01
7.981995498874718820e-01
7.411852963240809222e-01
6.841710427606901845e-01
6.281570392598149200e-01
5.771442860715179091e-01
5.311327831957989298e-01
4.871217804451112854e-01
4.451112778194549202e-01
4.061015253813453629e-01
3.680920230057514453e-01
3.320830207551888069e-01
2.970742685671418082e-01
2.640660165041260332e-01
2.320580145036259256e-01
2.010502625656414299e-01
1.720430107526881858e-01
1.420355088772193020e-01
1.130282570642660717e-01
8.502125531382843937e-02
5.801450362590648141e-02
3.100775193798449569e-02
