1.807451862965741451e+00
1.777444361090272595e+00
1.747436859214803739e+00
1.716429107276819188e+00
1.685421355338834637e+00
1.652413103275818917e+00
1.619404851212803420e+00
1.586396599149787479e+00
1.551387846961740369e+00
1.517379344836208954e+00
1.481370342585646371e+00
1.443360840210052398e+00
1.405351337834458647e+00
1.366341585396348979e+00
1.325331332833208364e+00
1.285321330332583223e+00
1.241310327581895523e+00
1.196299074768692128e+00
1.150287571892973260e+00
1.101275318829707528e+00
1.050262565641410406e+00
9.982495623905977000e-01
9.402350587646912672e-01
8.812203050762690282e-01
8.152038009502377003e-01
7.451862965741434808e-01
6.681670417604399503e-01
5.841460365091273310e-01
4.991247811952988500e-01
4.221055263815953751e-01
3.540885221305326569e-01
2.920730182545636655e-01
2.360590147536884287e-01
1.830457614403600830e-01
1.320330082520630166e-01
8.502125531382843937e-02
3.900975243810952953e-02
-4.001000250062516049e-03
-4.801200300075018912e-02
-8.902225556389097016e-02
-1.300325081270317651e-01
-1.710427606901725461e-01
-2.100525131282821034e-01
-2.490622655663916052e-01
-2.880720180045011070e-01
-3.260815203800950246e-01
-3.650912728182044709e-01
-4.031007751937984440e-01
-4.421105276319080013e-01
-4.791197799449862238e-01
