0.000e+00  9.375e-48  1.684e-09
1.000e+00  9.375e-48  1.684e-09
2.000e+00  9.375e-48  1.684e-09
3.000e+00  9.375e-48  1.684e-09
4.000e+00  9.375e-48  1.684e-09
5.000e+00  9.375e-48  1.684e-09
6.000e+00  9.375e-48  1.684e-09
7.000e+00  9.375e-48  1.684e-09
8.000e+00  9.375e-48  1.684e-09
9.000e+00  9.375e-48  1.684e-09
1.000e+01  9.375e-48  1.684e-09
1.100e+01  9.375e-48  1.684e-09
1.200e+01  9.375e-48  1.684e-09
1.300e+01  9.375e-48  1.684e-09
1.400e+01  9.375e-48  1.684e-09
1.500e+01  9.375e-48  1.684e-09
1.600e+01  9.375e-48  1.684e-09
1.700e+01  9.375e-48  1.684e-09
1.800e+01  9.375e-48  1.684e-09
1.900e+01  9.375e-48  1.684e-09
2.000e+01  9.375e-48  1.684e-09
2.100e+01  9.375e-48  1.684e-09
2.200e+01  9.375e-48  1.684e-09
2.300e+01  9.375e-48  1.684e-09
2.400e+01  9.375e-48  1.684e-09
2.500e+01  9.375e-48  1.684e-09
2.600e+01  9.375e-48  1.684e-09
2.700e+01  9.375e-48  1.684e-09
2.800e+01  9.375e-48  1.684e-09
2.900e+01  9.375e-48  1.684e-09
3.000e+01  9.375e-48  1.684e-09
3.100e+01  9.375e-48  1.684e-09
3.200e+01  9.375e-48  1.684e-09
3.300e+01  9.375e-48  1.684e-09
3.400e+01  9.375e-48  1.684e-09
3.500e+01  9.375e-48  1.684e-09
3.600e+01  9.375e-48  1.684e-09
3.700e+01  9.375e-48  1.684e-09
3.800e+01  9.375e-48  1.684e-09
3.900e+01  9.375e-48  1.684e-09
4.000e+01  9.375e-48  1.684e-09
4.100e+01  9.375e-48  1.684e-09
4.200e+01  9.375e-48  1.684e-09
4.300e+01  9.375e-48  1.684e-09
4.400e+01  9.375e-48  1.684e-09
4.500e+01  9.375e-48  1.684e-09
4.600e+01  9.375e-48  1.684e-09
4.700e+01  9.375e-48  1.684e-09
4.800e+01  9.375e-48  1.684e-09
4.900e+01  9.375e-48  1.684e-09
5.000e+01  9.375e-48  1.684e-09
5.100e+01  9.375e-48  1.684e-09
5.200e+01  9.375e-48  1.684e-09
5.300e+01  9.375e-48  1.684e-09
5.400e+01  9.375e-48  1.684e-09
5.500e+01  9.375e-48  1.684e-09
5.600e+01  9.375e-48  1.684e-09
5.700e+01  9.375e-48  1.684e-09
5.800e+01  9.375e-48  1.684e-09
5.900e+01  9.375e-48  1.684e-09
6.000e+01  9.375e-48  1.684e-09
6.100e+01  9.375e-48  1.684e-09
6.200e+01  9.375e-48  1.684e-09
6.300e+01  9.375e-48  1.684e-09
6.400e+01  9.375e-48  1.684e-09
6.500e+01  9.375e-48  1.684e-09
6.600e+01  9.375e-48  1.684e-09
6.700e+01  9.375e-48  1.684e-09
6.800e+01  9.375e-48  1.684e-09
6.900e+01  9.375e-48  1.684e-09
7.000e+01  9.375e-48  1.684e-09
7.100e+01  9.375e-48  1.684e-09
7.200e+01  9.375e-48  1.684e-09
7.300e+01  9.375e-48  1.684e-09
7.400e+01  9.375e-48  1.684e-09
7.500e+01  9.375e-48  1.684e-09
7.600e+01  9.375e-48  1.684e-09
7.700e+01  9.375e-48  1.684e-09
7.800e+01  9.375e-48  1.684e-09
7.900e+01  9.375e-48  1.684e-09
8.000e+01  9.375e-48  1.684e-09
8.100e+01  9.375e-48  1.684e-09
8.200e+01  9.375e-48  1.684e-09
8.300e+01  9.375e-48  1.684e-09
8.400e+01  9.375e-48  1.684e-09
8.500e+01  9.375e-48  1.684e-09
8.600e+01  9.375e-48  1.684e-09
8.700e+01  9.375e-48  1.684e-09
8.800e+01  9.375e-48  1.684e-09
8.900e+01  9.375e-48  1.684e-09
9.000e+01  9.375e-48  1.684e-09
9.100e+01  9.375e-48  1.684e-09
9.200e+01  9.375e-48  1.684e-09
9.300e+01  9.375e-48  1.684e-09
9.400e+01  9.375e-48  1.684e-09
9.500e+01  9.375e-48  1.684e-09
9.600e+01  9.375e-48  1.684e-09
9.700e+01  9.375e-48  1.684e-09
9.800e+01  9.375e-48  1.684e-09
9.900e+01  9.375e-48  1.684e-09
1.000e+02  9.375e-48  1.684e-09
1.010e+02  9.375e-48  1.684e-09
1.020e+02  9.375e-48  1.684e-09
1.030e+02  9.375e-48  1.684e-09
1.040e+02  9.375e-48  1.684e-09
1.050e+02  9.375e-48  1.684e-09
1.060e+02  9.375e-48  1.684e-09
1.070e+02  9.375e-48  1.684e-09
1.080e+02  9.375e-48  1.684e-09
1.090e+02  9.375e-48  1.684e-09
1.100e+02  9.375e-48  1.684e-09
1.110e+02  9.376e-48  1.684e-09
1.120e+02  9.376e-48  1.684e-09
1.130e+02  9.376e-48  1.684e-09
1.140e+02  9.376e-48  1.684e-09
1.150e+02  9.376e-48  1.684e-09
1.160e+02  9.377e-48  1.684e-09
1.170e+02  9.378e-48  1.684e-09
1.180e+02  9.381e-48  1.684e-09
1.190e+02  9.384e-48  1.684e-09
1.200e+02  9.391e-48  1.684e-09
1.210e+02  9.402e-48  1.684e-09
1.220e+02  9.420e-48  1.684e-09
1.230e+02  9.453e-48  1.684e-09
1.240e+02  9.507e-48  1.684e-09
1.250e+02  9.601e-48  1.684e-09
1.260e+02  9.760e-48  1.684e-09
1.270e+02  1.003e-47  1.684e-09
1.280e+02  1.049e-47  1.684e-09
1.290e+02  1.128e-47  1.684e-09
1.300e+02  1.261e-47  1.684e-09
1.310e+02  1.487e-47  1.684e-09
1.320e+02  1.871e-47  1.684e-09
1.330e+02  2.523e-47  1.684e-09
1.340e+02  3.628e-47  1.684e-09
1.350e+02  5.501e-47  1.684e-09
1.360e+02  8.675e-47  1.684e-09
1.370e+02  1.405e-46  1.684e-09
1.380e+02  2.314e-46  1.684e-09
1.390e+02  3.852e-46  1.684e-09
1.400e+02  6.453e-46  1.684e-09
1.410e+02  1.085e-45  1.684e-09
1.420e+02  1.828e-45  1.684e-09
1.430e+02  3.082e-45  1.684e-09
1.440e+02  5.200e-45  1.684e-09
1.450e+02  8.775e-45  1.684e-09
1.460e+02  1.481e-44  1.684e-09
1.470e+02  2.498e-44  1.684e-09
1.480e+02  4.213e-44  1.684e-09
1.490e+02  7.104e-44  1.684e-09
1.500e+02  1.198e-43  1.684e-09
1.510e+02  2.018e-43  1.684e-09
1.520e+02  3.401e-43  1.684e-09
1.530e+02  5.728e-43  1.685e-09
1.540e+02  9.646e-43  1.685e-09
1.550e+02  1.624e-42  1.686e-09
1.560e+02  2.733e-42  1.686e-09
1.570e+02  4.599e-42  1.687e-09
1.580e+02  7.737e-42  1.688e-09
1.590e+02  1.301e-41  1.689e-09
1.600e+02  2.188e-41  1.691e-09
1.610e+02  3.679e-41  1.693e-09
1.620e+02  6.183e-41  1.696e-09
1.630e+02  1.039e-40  1.699e-09
1.640e+02  1.746e-40  1.703e-09
1.650e+02  2.932e-40  1.708e-09
1.660e+02  4.925e-40  1.715e-09
1.670e+02  8.270e-40  1.722e-09
1.680e+02  1.389e-39  1.732e-09
1.690e+02  2.331e-39  1.744e-09
1.700e+02  3.912e-39  1.758e-09
1.710e+02  6.564e-39  1.776e-09
1.720e+02  1.101e-38  1.798e-09
1.730e+02  1.848e-38  1.824e-09
1.740e+02  3.099e-38  1.855e-09
1.750e+02  5.197e-38  1.892e-09
1.760e+02  8.714e-38  1.938e-09
1.770e+02  1.461e-37  1.991e-09
1.780e+02  2.449e-37  2.056e-09
1.790e+02  4.105e-37  2.132e-09
1.800e+02  6.880e-37  2.222e-09
1.810e+02  1.153e-36  2.329e-09
1.820e+02  1.932e-36  2.455e-09
1.830e+02  3.236e-36  2.603e-09
1.840e+02  5.420e-36  2.777e-09
1.850e+02  9.078e-36  2.981e-09
1.860e+02  1.520e-35  3.218e-09
1.870e+02  2.546e-35  3.495e-09
1.880e+02  4.262e-35  3.816e-09
1.890e+02  7.136e-35  4.189e-09
1.900e+02  1.195e-34  4.622e-09
1.910e+02  1.999e-34  5.122e-09
1.920e+02  3.346e-34  5.699e-09
1.930e+02  5.600e-34  6.364e-09
1.940e+02  9.370e-34  7.130e-09
1.950e+02  1.568e-33  8.010e-09
1.960e+02  2.623e-33  9.021e-09
1.970e+02  4.388e-33  1.018e-08
1.980e+02  7.339e-33  1.151e-08
1.990e+02  1.228e-32  1.303e-08
2.000e+02  2.053e-32  1.476e-08
2.010e+02  3.433e-32  1.674e-08
2.020e+02  5.740e-32  1.901e-08
2.030e+02  9.598e-32  2.159e-08
2.040e+02  1.605e-31  2.453e-08
2.050e+02  2.682e-31  2.788e-08
2.060e+02  4.484e-31  3.170e-08
2.070e+02  7.495e-31  3.604e-08
2.080e+02  1.253e-30  4.098e-08
2.090e+02  2.094e-30  4.660e-08
2.100e+02  3.499e-30  5.299e-08
2.110e+02  5.846e-30  6.024e-08
2.120e+02  9.768e-30  6.849e-08
2.130e+02  1.632e-29  7.785e-08
2.140e+02  2.727e-29  8.848e-08
2.150e+02  4.555e-29  1.005e-07
2.160e+02  7.608e-29  1.142e-07
2.170e+02  1.271e-28  1.298e-07
2.180e+02  2.123e-28  1.474e-07
2.190e+02  3.545e-28  1.674e-07
2.200e+02  5.920e-28  1.901e-07
2.210e+02  9.887e-28  2.159e-07
2.220e+02  1.651e-27  2.451e-07
2.230e+02  2.757e-27  2.782e-07
2.240e+02  4.603e-27  3.158e-07
2.250e+02  7.684e-27  3.583e-07
2.260e+02  1.283e-26  4.066e-07
2.270e+02  2.142e-26  4.613e-07
2.280e+02  3.575e-26  5.233e-07
2.290e+02  5.967e-26  5.936e-07
2.300e+02  9.960e-26  6.733e-07
2.310e+02  1.662e-25  7.636e-07
2.320e+02  2.774e-25  8.660e-07
2.330e+02  4.630e-25  9.819e-07
2.340e+02  7.726e-25  1.113e-06
2.350e+02  1.289e-24  1.262e-06
2.360e+02  2.151e-24  1.431e-06
2.370e+02  3.590e-24  1.622e-06
2.380e+02  5.989e-24  1.839e-06
2.390e+02  9.992e-24  2.084e-06
2.400e+02  1.667e-23  2.362e-06
2.410e+02  2.781e-23  2.676e-06
2.420e+02  4.639e-23  3.033e-06
2.430e+02  7.738e-23  3.436e-06
2.440e+02  1.291e-22  3.894e-06
2.450e+02  2.153e-22  4.412e-06
2.460e+02  3.591e-22  4.998e-06
2.470e+02  5.989e-22  5.662e-06
2.480e+02  9.988e-22  6.414e-06
2.490e+02  1.666e-21  7.266e-06
2.500e+02  2.778e-21  8.230e-06
2.510e+02  4.632e-21  9.322e-06
2.520e+02  7.724e-21  1.056e-05
2.530e+02  1.288e-20  1.196e-05
2.540e+02  2.147e-20  1.354e-05
2.550e+02  3.580e-20  1.534e-05
2.560e+02  5.970e-20  1.737e-05
2.570e+02  9.952e-20  1.967e-05
2.580e+02  1.659e-19  2.227e-05
2.590e+02  2.766e-19  2.522e-05
2.600e+02  4.611e-19  2.855e-05
2.610e+02  7.686e-19  3.233e-05
2.620e+02  1.281e-18  3.660e-05
2.630e+02  2.136e-18  4.143e-05
2.640e+02  3.560e-18  4.691e-05
2.650e+02  5.933e-18  5.310e-05
2.660e+02  9.888e-18  6.012e-05
2.670e+02  1.648e-17  6.805e-05
2.680e+02  2.747e-17  7.703e-05
2.690e+02  4.577e-17  8.720e-05
2.700e+02  7.628e-17  9.870e-05
2.710e+02  1.271e-16  1.117e-04
2.720e+02  2.118e-16  1.264e-04
2.730e+02  3.530e-16  1.431e-04
2.740e+02  5.881e-16  1.620e-04
2.750e+02  9.800e-16  1.833e-04
2.760e+02  1.633e-15  2.075e-04
2.770e+02  2.721e-15  2.348e-04
2.780e+02  4.533e-15  2.657e-04
2.790e+02  7.552e-15  3.007e-04
2.800e+02  1.258e-14  3.403e-04
2.810e+02  2.096e-14  3.851e-04
2.820e+02  3.492e-14  4.358e-04
2.830e+02  5.817e-14  4.931e-04
2.840e+02  9.689e-14  5.580e-04
2.850e+02  1.614e-13  6.313e-04
2.860e+02  2.689e-13  7.144e-04
2.870e+02  4.478e-13  8.083e-04
2.880e+02  7.459e-13  9.145e-04
2.890e+02  1.242e-12  1.035e-03
2.900e+02  2.069e-12  1.171e-03
2.910e+02  3.447e-12  1.325e-03
2.920e+02  5.740e-12  1.499e-03
2.930e+02  9.560e-12  1.695e-03
2.940e+02  1.592e-11  1.918e-03
2.950e+02  2.652e-11  2.170e-03
2.960e+02  4.416e-11  2.455e-03
2.970e+02  7.353e-11  2.777e-03
2.980e+02  1.225e-10  3.142e-03
2.990e+02  2.039e-10  3.554e-03
3.000e+02  3.396e-10  4.020e-03
3.010e+02  5.654e-10  4.548e-03
3.020e+02  9.415e-10  5.145e-03
3.030e+02  1.568e-09  5.820e-03
3.040e+02  2.610e-09  6.583e-03
3.050e+02  4.346e-09  7.446e-03
3.060e+02  7.236e-09  8.423e-03
3.070e+02  1.205e-08  9.527e-03
3.080e+02  2.006e-08  1.078e-02
3.090e+02  3.339e-08  1.219e-02
3.100e+02  5.559e-08  1.379e-02
3.110e+02  9.255e-08  1.559e-02
3.120e+02  1.541e-07  1.764e-02
3.130e+02  2.565e-07  1.995e-02
3.140e+02  4.270e-07  2.256e-02
3.150e+02  7.108e-07  2.552e-02
3.160e+02  1.183e-06  2.886e-02
3.170e+02  1.969e-06  3.264e-02
3.180e+02  3.278e-06  3.691e-02
3.190e+02  5.457e-06  4.174e-02
3.200e+02  9.082e-06  4.720e-02
3.210e+02  1.512e-05  5.338e-02
3.220e+02  2.516e-05  6.036e-02
3.230e+02  4.186e-05  6.825e-02
3.240e+02  6.966e-05  7.716e-02
3.250e+02  1.159e-04  8.722e-02
3.260e+02  1.928e-04  9.857e-02
3.270e+02  3.206e-04  1.114e-01
3.280e+02  5.328e-04  1.258e-01
3.290e+02  8.851e-04  1.419e-01
3.300e+02  1.469e-03  1.600e-01
3.310e+02  2.435e-03  1.802e-01
3.320e+02  4.029e-03  2.025e-01
3.330e+02  6.647e-03  2.269e-01
3.340e+02  1.092e-02  2.531e-01
3.350e+02  1.785e-02  2.806e-01
3.360e+02  2.893e-02  3.084e-01
3.370e+02  4.635e-02  3.348e-01
3.380e+02  7.308e-02  3.571e-01
3.390e+02  1.127e-01  3.720e-01
3.400e+02  1.690e-01  3.755e-01
3.410e+02  2.444e-01  3.641e-01
3.420e+02  3.387e-01  3.364e-01
3.430e+02  4.471e-01  2.937e-01
3.440e+02  5.610e-01  2.413e-01
3.450e+02  6.701e-01  1.860e-01
3.460e+02  7.654e-01  1.349e-01
3.470e+02  8.417e-01  9.229e-02
3.480e+02  8.982e-01  5.994e-02
3.490e+02  9.372e-01  3.720e-02
3.500e+02  9.627e-01  2.220e-02
3.510e+02  9.785e-01  1.281e-02
3.520e+02  9.880e-01  7.193e-03
3.530e+02  9.934e-01  3.944e-03
3.540e+02  9.965e-01  2.120e-03
3.550e+02  9.981e-01  1.120e-03
3.560e+02  9.990e-01  5.833e-04
3.570e+02  9.995e-01  2.999e-04
3.580e+02  9.997e-01  1.524e-04
3.590e+02  9.999e-01  7.666e-05
3.600e+02  9.999e-01  3.821e-05
3.610e+02  1.000e+00  1.888e-05
3.620e+02  1.000e+00  9.255e-06
3.630e+02  1.000e+00  4.503e-06
3.640e+02  1.000e+00  2.176e-06
3.650e+02  1.000e+00  1.044e-06
3.660e+02  1.000e+00  4.981e-07
3.670e+02  1.000e+00  2.361e-07
3.680e+02  1.000e+00  1.113e-07
3.690e+02  1.000e+00  5.215e-08
3.700e+02  1.000e+00  2.430e-08
3.710e+02  1.000e+00  1.127e-08
3.720e+02  1.000e+00  5.196e-09
3.730e+02  1.000e+00  2.384e-09
3.740e+02  1.000e+00  1.089e-09
3.750e+02  1.000e+00  4.947e-10
3.760e+02  1.000e+00  2.237e-10
3.770e+02  1.000e+00  1.007e-10
3.780e+02  1.000e+00  4.511e-11
3.790e+02  1.000e+00  2.012e-11
3.800e+02  1.000e+00  8.933e-12
3.810e+02  1.000e+00  3.949e-12
3.820e+02  1.000e+00  1.738e-12
3.830e+02  1.000e+00  7.615e-13
3.840e+02  1.000e+00  3.323e-13
3.850e+02  1.000e+00  1.444e-13
3.860e+02  1.000e+00  6.247e-14
3.870e+02  1.000e+00  2.692e-14
3.880e+02  1.000e+00  1.155e-14
3.890e+02  1.000e+00  4.936e-15
3.900e+02  1.000e+00  2.101e-15
3.910e+02  1.000e+00  8.906e-16
3.920e+02  1.000e+00  3.761e-16
3.930e+02  1.000e+00  1.582e-16
3.940e+02  1.000e+00  6.625e-17
3.950e+02  1.000e+00  2.765e-17
3.960e+02  1.000e+00  1.149e-17
3.970e+02  1.000e+00  4.767e-18
3.980e+02  1.000e+00  1.985e-18
3.990e+02  1.000e+00  8.610e-19
4.000e+02  1.000e+00  4.647e-19
