1.804451112778194810e+00
1.768442110527632005e+00
1.730432608152038254e+00
1.693423355838959976e+00
1.654413603400850530e+00
1.614403600900225166e+00
1.573393348337084330e+00
1.530382595648912547e+00
1.487371842960740098e+00
1.442360590147536925e+00
1.396349087271818057e+00
1.348337084271067798e+00
1.299324831207801623e+00
1.246311577894473555e+00
1.192298074518629569e+00
1.135283820955238721e+00
1.076269067266816704e+00
1.012253063265816433e+00
9.442360590147537147e-01
8.702175543885971587e-01
7.901975493873469869e-01
7.001750437609401967e-01
5.961490372593147846e-01
4.691172793198299384e-01
2.900725181295323862e-01
3.000750187546886646e-02
-1.060265066266566636e-01
-1.930482620655163684e-01
-2.620655163790947539e-01
-3.200800200050012423e-01
-3.730932733183295880e-01
-4.231057764441110147e-01
-4.691172793198299384e-01
-5.151287821955489177e-01
-5.581395348837209225e-01
-6.011502875718929273e-01
-6.441610402600650431e-01
-6.871717929482370479e-01
-7.291822955738933576e-01
-7.711927981995498893e-01
-8.142035508877218941e-01
-8.572143035758940099e-01
-9.022255563890974051e-01
-9.472368092023005781e-01
-9.932483120780195573e-01
-1.041260315078769594e+00
-1.090272568142035547e+00
-1.140285071267816974e+00
-1.192298074518629569e+00
-1.246311577894473555e+00
