1.820455113778444600e+00
1.817454363590897959e+00
1.813453363340835178e+00
1.809452363090772620e+00
1.806451612903225978e+00
1.802450612653163198e+00
1.798449612403100861e+00
1.795448862215553998e+00
1.792448112028006912e+00
1.788447111777944576e+00
1.784446111527882017e+00
1.780445111277819681e+00
1.777444361090272595e+00
1.773443360840210037e+00
1.770442610652663173e+00
1.766441610402600615e+00
1.762440610152538056e+00
1.759439859964991193e+00
1.755438859714928634e+00
1.752438109527381771e+00
1.748437109277319434e+00
1.744436109027256876e+00
1.741435358839710235e+00
1.737434358589647454e+00
1.733433358339584895e+00
1.730432608152038254e+00
1.726431607901975473e+00
1.722430607651912915e+00
1.718429607401850356e+00
1.714428607151788020e+00
1.711427856964241156e+00
1.707426856714178598e+00
1.703425856464116039e+00
1.699424856214053481e+00
1.696424106026506617e+00
1.692423105776444059e+00
1.688422105526381500e+00
1.685421355338834637e+00
1.681420355088772300e+00
1.677419354838709742e+00
1.673418354588647183e+00
1.669417354338584847e+00
1.665416354088522066e+00
1.661415353838459508e+00
1.658414603650912866e+00
1.653413353338334613e+00
1.650412603150787749e+00
1.646411602900725191e+00
1.642410602650662632e+00
1.638409602400600074e+00
