1.762938230383973348e+00
1.752921535893155358e+00
1.732888146911519378e+00
1.722871452420701388e+00
1.712854757929883398e+00
1.692821368948246974e+00
1.672787979966610994e+00
1.662771285475793004e+00
1.642737896494157024e+00
1.622704507512520822e+00
1.602671118530884842e+00
1.592654424040066852e+00
1.572621035058430872e+00
1.562604340567612882e+00
1.542570951585976902e+00
1.522537562604340478e+00
1.502504173622704498e+00
1.482470784641068517e+00
1.472454090150250527e+00
1.442404006677796557e+00
1.432387312186978345e+00
1.412353923205342365e+00
1.382303839732888173e+00
1.362270450751252193e+00
1.342237061769615991e+00
1.332220367278798001e+00
1.312186978297162021e+00
1.282136894824708051e+00
1.262103505843071849e+00
1.242070116861435869e+00
1.222036727879799667e+00
1.191986644407345697e+00
1.171953255425709495e+00
1.151919866444073515e+00
1.131886477462437535e+00
1.091819699499165353e+00
1.081803005008347363e+00
1.051752921535893170e+00
1.011686143572620988e+00
9.916527545909850083e-01
9.616026711185309273e-01
9.415692821368949472e-01
9.015025041736227651e-01
8.714524207011686840e-01
8.414023372287144920e-01
8.113522537562604109e-01
7.913188647746244309e-01
7.712854757929884508e-01
7.312186978297162687e-01
7.212020033388982787e-01
