1.762938230383973348e+00
1.742904841402337368e+00
1.722871452420701388e+00
1.702838063439064964e+00
1.682804674457428984e+00
1.662771285475793004e+00
1.632721202003339034e+00
1.612687813021702832e+00
1.592654424040066852e+00
1.562604340567612882e+00
1.542570951585976902e+00
1.522537562604340478e+00
1.502504173622704498e+00
1.472454090150250527e+00
1.442404006677796557e+00
1.432387312186978345e+00
1.402337228714524375e+00
1.372287145242070183e+00
1.342237061769615991e+00
1.322203672787980011e+00
1.292153589315526041e+00
1.262103505843071849e+00
1.222036727879799667e+00
1.202003338898163687e+00
1.161936560934891505e+00
1.131886477462437535e+00
1.101836393989983343e+00
1.061769616026711160e+00
1.031719532554257190e+00
9.916527545909850083e-01
9.415692821368949472e-01
9.115191986644407551e-01
8.614357262103506940e-01
8.213689482470785119e-01
7.813021702838064408e-01
7.312186978297162687e-01
6.911519198664440866e-01
6.510851419031720155e-01
6.110183639398998334e-01
5.809682804674457524e-01
5.509181969949916713e-01
5.208681135225375902e-01
4.808013355592654636e-01
4.507512520868113826e-01
4.307178631051753470e-01
4.006677796327212104e-01
3.706176961602671294e-01
3.405676126878130483e-01
3.205342237061770128e-01
2.904841402337228762e-01
