1.762938230383973348e+00
1.742904841402337368e+00
1.722871452420701388e+00
1.702838063439064964e+00
1.692821368948246974e+00
1.672787979966610994e+00
1.652754590984975014e+00
1.632721202003339034e+00
1.602671118530884842e+00
1.582637729549248862e+00
1.562604340567612882e+00
1.542570951585976902e+00
1.512520868113522488e+00
1.492487479131886507e+00
1.472454090150250527e+00
1.452420701168614547e+00
1.432387312186978345e+00
1.412353923205342365e+00
1.372287145242070183e+00
1.352253756260433981e+00
1.332220367278798001e+00
1.302170283806344031e+00
1.282136894824708051e+00
1.242070116861435869e+00
1.222036727879799667e+00
1.191986644407345697e+00
1.161936560934891505e+00
1.131886477462437535e+00
1.101836393989983343e+00
1.071786310517529373e+00
1.041736227045075180e+00
1.001669449081802998e+00
9.616026711185309273e-01
9.315525876460767352e-01
8.814691151919866741e-01
8.514190317195324820e-01
8.113522537562604109e-01
7.712854757929884508e-01
7.312186978297162687e-01
7.011686143572621877e-01
6.611018363939900055e-01
6.310517529215359245e-01
5.909849749582637424e-01
5.709515859766277623e-01
5.409015025041736813e-01
5.108514190317196002e-01
4.908180300500835092e-01
4.607679465776293726e-01
4.407345575959933370e-01
4.106844741235392560e-01
