1.772954924874791338e+00
1.752921535893155358e+00
1.732888146911519378e+00
1.722871452420701388e+00
1.712854757929883398e+00
1.692821368948246974e+00
1.682804674457428984e+00
1.672787979966610994e+00
1.652754590984975014e+00
1.632721202003339034e+00
1.622704507512520822e+00
1.612687813021702832e+00
1.592654424040066852e+00
1.572621035058430872e+00
1.572621035058430872e+00
1.552587646076794892e+00
1.532554257095158468e+00
1.522537562604340478e+00
1.502504173622704498e+00
1.482470784641068517e+00
1.472454090150250527e+00
1.452420701168614547e+00
1.432387312186978345e+00
1.412353923205342365e+00
1.392320534223706163e+00
1.382303839732888173e+00
1.352253756260433981e+00
1.342237061769615991e+00
1.322203672787980011e+00
1.302170283806344031e+00
1.292153589315526041e+00
1.262103505843071849e+00
1.242070116861435869e+00
1.222036727879799667e+00
1.212020033388981677e+00
1.181969949916527485e+00
1.161936560934891505e+00
1.141903171953255525e+00
1.121869782971619545e+00
1.091819699499165353e+00
1.071786310517529373e+00
1.041736227045075180e+00
1.021702838063439200e+00
1.001669449081802998e+00
9.716193656093489173e-01
9.415692821368949472e-01
9.115191986644407551e-01
8.914858096828046641e-01
8.614357262103506940e-01
8.514190317195324820e-01
