1.913188647746243864e+00
1.883138564273789894e+00
1.843071786310517490e+00
1.803005008347245530e+00
1.762938230383973348e+00
1.722871452420701388e+00
1.682804674457428984e+00
1.642737896494157024e+00
1.602671118530884842e+00
1.552587646076794892e+00
1.502504173622704498e+00
1.452420701168614547e+00
1.402337228714524375e+00
1.352253756260433981e+00
1.302170283806344031e+00
1.232053422370617879e+00
1.171953255425709495e+00
1.111853088480801555e+00
1.031719532554257190e+00
9.616026711185309273e-01
8.714524207011686840e-01
7.913188647746244309e-01
6.811352253756260966e-01
5.609348914858097723e-01
4.006677796327212104e-01
1.903171953255425597e-01
-1.202003338898163659e-01
-8.714524207011686840e-01
-8.614357262103506940e-01
-8.714524207011686840e-01
-8.614357262103506940e-01
-8.714524207011686840e-01
-8.714524207011686840e-01
-8.614357262103506940e-01
-8.614357262103506940e-01
-8.614357262103506940e-01
-8.614357262103506940e-01
-8.614357262103506940e-01
-8.714524207011686840e-01
-8.614357262103506940e-01
-8.614357262103506940e-01
-8.614357262103506940e-01
-8.714524207011686840e-01
-8.614357262103506940e-01
-8.614357262103506940e-01
-8.614357262103506940e-01
-8.614357262103506940e-01
-8.614357262103506940e-01
-8.714524207011686840e-01
-8.714524207011686840e-01
