1.853088480801335480e+00
1.823038397328881510e+00
1.782971619365609328e+00
1.742904841402337368e+00
1.702838063439064964e+00
1.672787979966610994e+00
1.622704507512520822e+00
1.592654424040066852e+00
1.542570951585976902e+00
1.502504173622704498e+00
1.452420701168614547e+00
1.402337228714524375e+00
1.352253756260433981e+00
1.302170283806344031e+00
1.252086811352253859e+00
1.191986644407345697e+00
1.131886477462437535e+00
1.071786310517529373e+00
1.001669449081802998e+00
9.315525876460767352e-01
8.414023372287144920e-01
7.512520868113522488e-01
6.510851419031720155e-01
5.409015025041736813e-01
3.806343906510851194e-01
1.502504173622704609e-01
-6.510851419031720155e-01
-6.410684474123540255e-01
-6.510851419031720155e-01
-6.510851419031720155e-01
-6.510851419031720155e-01
-6.510851419031720155e-01
-6.510851419031720155e-01
-6.410684474123540255e-01
-6.510851419031720155e-01
-6.410684474123540255e-01
-6.510851419031720155e-01
-6.510851419031720155e-01
-6.510851419031720155e-01
-6.510851419031720155e-01
-6.510851419031720155e-01
-6.510851419031720155e-01
-6.510851419031720155e-01
-6.510851419031720155e-01
-6.410684474123540255e-01
-6.510851419031720155e-01
-6.510851419031720155e-01
-6.510851419031720155e-01
-6.510851419031720155e-01
-6.510851419031720155e-01
