1.782971619365609328e+00
1.732888146911519378e+00
1.702838063439064964e+00
1.672787979966610994e+00
1.642737896494157024e+00
1.602671118530884842e+00
1.552587646076794892e+00
1.512520868113522488e+00
1.482470784641068517e+00
1.432387312186978345e+00
1.392320534223706163e+00
1.342237061769615991e+00
1.292153589315526041e+00
1.242070116861435869e+00
1.191986644407345697e+00
1.141903171953255525e+00
1.081803005008347363e+00
1.021702838063439200e+00
9.515859766277129372e-01
8.914858096828046641e-01
8.113522537562604109e-01
7.312186978297162687e-01
6.210350584307179345e-01
5.108514190317196002e-01
3.505843071786310938e-01
5.008347245409015130e-02
-1.903171953255425597e-01
-1.903171953255425597e-01
-2.003338898163606052e-01
-1.903171953255425597e-01
-1.903171953255425597e-01
-1.903171953255425597e-01
-1.903171953255425597e-01
-2.003338898163606052e-01
-1.903171953255425597e-01
-1.903171953255425597e-01
-1.903171953255425597e-01
-1.903171953255425597e-01
-1.903171953255425597e-01
-1.903171953255425597e-01
-1.903171953255425597e-01
-1.903171953255425597e-01
-1.903171953255425597e-01
-1.903171953255425597e-01
-1.903171953255425597e-01
-1.903171953255425597e-01
-1.903171953255425597e-01
-2.003338898163606052e-01
-2.003338898163606052e-01
-2.003338898163606052e-01
