-1.000000000000000000e+00
-1.000000000000000000e+00
-1.000000000000000000e+00
-1.000000000000000000e+00
-1.000000000000000000e+00
-1.000000000000000000e+00
-1.000000000000000000e+00
-1.000000000000000000e+00
-1.000000000000000000e+00
-1.000000000000000000e+00
-1.000000000000000000e+00
-1.000000000000000000e+00
-1.000000000000000000e+00
-1.000000000000000000e+00
-1.000000000000000000e+00
-1.000000000000000000e+00
-1.000000000000000000e+00
-1.000000000000000000e+00
-1.000000000000000000e+00
-1.000000000000000000e+00
-1.000000000000000000e+00
-1.000000000000000000e+00
-1.000000000000000000e+00
-1.000000000000000000e+00
-1.000000000000000000e+00
-1.000000000000000000e+00
-1.000000000000000000e+00
-1.000000000000000000e+00
-1.000000000000000000e+00
-1.000000000000000000e+00
2.964393875047479265e-323
2.964393875047479265e-323
2.964393875047479265e-323
2.964393875047479265e-323
2.964393875047479265e-323
2.964393875047479265e-323
2.964393875047479265e-323
2.964393875047479265e-323
2.964393875047479265e-323
2.964393875047479265e-323
2.964393875047479265e-323
2.964393875047479265e-323
2.964393875047479265e-323
2.964393875047479265e-323
8.360539420551147523e-184
1.740722399255885325e-179
2.192427471338753333e-161
2.433324583553021697e-138
1.343461994260499221e-119
2.834147178679148829e-105
