-1.000000000000000000e+00
-1.000000000000000000e+00
-1.000000000000000000e+00
-1.000000000000000000e+00
-1.000000000000000000e+00
-1.000000000000000000e+00
-1.000000000000000000e+00
-1.000000000000000000e+00
-1.000000000000000000e+00
-1.000000000000000000e+00
-1.000000000000000000e+00
-1.000000000000000000e+00
-1.000000000000000000e+00
-1.000000000000000000e+00
-1.000000000000000000e+00
-1.000000000000000000e+00
-1.000000000000000000e+00
-1.000000000000000000e+00
-1.000000000000000000e+00
-1.000000000000000000e+00
-1.000000000000000000e+00
-1.000000000000000000e+00
-1.000000000000000000e+00
-1.000000000000000000e+00
-1.000000000000000000e+00
-1.000000000000000000e+00
-1.000000000000000000e+00
-1.000000000000000000e+00
-1.000000000000000000e+00
1.482196937523739633e-323
1.482196937523739633e-323
1.482196937523739633e-323
1.482196937523739633e-323
1.482196937523739633e-323
1.482196937523739633e-323
1.482196937523739633e-323
1.482196937523739633e-323
1.482196937523739633e-323
1.482196937523739633e-323
1.482196937523739633e-323
1.482196937523739633e-323
1.482196937523739633e-323
1.482196937523739633e-323
1.482196937523739633e-323
1.171203833764150879e-185
5.591986471329028350e-175
2.197498803650770983e-164
1.082228207611322845e-155
5.959014865936375548e-145
6.048345263090366546e-128
