2.167115902964960039e+00
2.163228699551569711e+00
2.159355416293643692e+00
2.153571428571428914e+00
2.149732620320855769e+00
2.145907473309608626e+00
2.140195208518190118e+00
2.136403897254207429e+00
2.132625994694960170e+00
2.126984126984126977e+00
2.123239436619718479e+00
2.117647058823529882e+00
2.113935144609991212e+00
2.110236220472441193e+00
2.104712041884816642e+00
2.101045296167247667e+00
2.095569070373588527e+00
2.091934084995663579e+00
2.091695501730104212e+00
2.086281276962899334e+00
2.077519379844961378e+00
2.077319587628866149e+00
2.068610634648370805e+00
2.068434559452523747e+00
2.063139931740614497e+00
2.054514480408858645e+00
2.054375531011045197e+00
2.049152542372881580e+00
2.043956043956044244e+00
2.035443037974683733e+00
2.030303030303030720e+00
2.030226700251889227e+00
2.400000000000000355e+00
2.142857142857143238e+00
2.086956521739130377e+00
2.000000000000000000e+00
2.000000000000000000e+00
2.000000000000000000e+00
1.978723404255319007e+00
2.019230769230769607e+00
1.964601769911504592e+00
1.983471074380165344e+00
1.968750000000000000e+00
1.953488372093023395e+00
1.966101694915254106e+00
1.954674220963172671e+00
1.950819672131147486e+00
1.949238578680202894e+00
1.942446043165467540e+00
1.935483870967741993e+00
