3.569732937685459628e+00
3.564444444444444748e+00
3.553914327917282456e+00
3.548672566371681381e+00
3.543446244477172602e+00
3.538235294117647367e+00
3.536656891495601585e+00
3.522693997071742800e+00
3.517543859649122862e+00
3.507288629737609131e+00
3.510917030567685782e+00
3.497093023255814170e+00
3.486956521739130732e+00
3.490593342981186620e+00
3.476878612716763239e+00
3.475504322766570287e+00
3.461870503597122450e+00
3.456896551724138344e+00
3.446991404011461313e+00
3.442060085836910144e+00
3.432239657631954266e+00
3.427350427350427609e+00
3.422475106685633151e+00
3.421276595744681348e+00
3.407932011331444855e+00
3.406779661016949401e+00
3.392226148409894115e+00
3.377777777777778212e+00
3.395348837209302584e+00
3.376518218623481893e+00
3.367088607594936889e+00
3.342105263157894690e+00
3.327272727272727604e+00
3.339622641509433887e+00
3.336585365853658836e+00
3.333333333333333481e+00
3.312500000000000444e+00
3.304812834224598816e+00
3.314917127071823622e+00
3.272727272727272485e+00
3.263157894736842479e+00
3.269461077844311170e+00
3.259259259259259078e+00
3.265822784810126667e+00
3.251612903225806761e+00
3.218543046357615900e+00
3.224489795918367818e+00
3.208333333333333481e+00
3.234042553191489588e+00
3.197080291970803234e+00
