2.339476236663433628e+00
2.332688588007737263e+00
2.328185328185328196e+00
2.323699421965317757e+00
2.319230769230769429e+00
2.314779270633397612e+00
2.310344827586206851e+00
2.305927342256214096e+00
2.301526717557252244e+00
2.294957183634633857e+00
2.290598290598290898e+00
2.286255924170616183e+00
2.281929990539262487e+00
2.275471698113207708e+00
2.271186440677966267e+00
2.266917293233082997e+00
2.262664165103189351e+00
2.256314312441534575e+00
2.252100840336134446e+00
2.247903075489282809e+00
2.241635687732342230e+00
2.237476808905380476e+00
2.231267345050879314e+00
2.227146814404432185e+00
2.223041474654377847e+00
2.216911764705882693e+00
2.212844036697247940e+00
2.212259835315645073e+00
2.202739726027397538e+00
2.181818181818182101e+00
2.250000000000000000e+00
2.235294117647058876e+00
2.260869565217391575e+00
2.232558139534883690e+00
2.198019801980198196e+00
2.224137931034483096e+00
2.169230769230769518e+00
2.181818181818182101e+00
2.167741935483871174e+00
2.191616766467066046e+00
2.157303370786516794e+00
2.170212765957447054e+00
2.142857142857143238e+00
2.160000000000000142e+00
2.125915080527086776e+00
2.119708029197080457e+00
2.117154811715481255e+00
2.111688311688312059e+00
2.100737100737100960e+00
2.098939929328622167e+00
