2.191923772028925299e-03
2.449760483279217471e-03
2.688199686177783487e-03
2.886620259108296782e-03
3.139206187676601978e-03
3.619434809933430586e-03
3.935506889555351329e-03
4.420219552495274762e-03
4.820112000367471339e-03
5.234887100988627751e-03
5.471810570597535062e-03
6.610686521188013920e-03
7.025902595536703821e-03
7.396942186292720933e-03
8.920754049960066823e-03
8.979671548309697826e-03
1.172573636224338856e-02
1.165069230087123486e-02
1.338242002008094289e-02
1.444569583237109711e-02
1.975410864436888403e-02
2.303830466545875311e-02
2.345043281160696935e-02
2.629101911071130004e-02
4.359464744114727175e-02
5.731415643445014751e-02
7.448005950143099518e-02
1.394311426105203644e-01
2.568369373431038660e-01
3.683989718528142276e-01
