2.438792971664327514e-03
2.721761110864251432e-03
2.979788848176623262e-03
3.171724696917455066e-03
3.566528349719544355e-03
4.035013176685309233e-03
4.207967515678978643e-03
4.796300515762408345e-03
5.181905197283454001e-03
5.905551212145199180e-03
6.622270777425498522e-03
7.197019512599767133e-03
8.167922742745248321e-03
8.676110380466228733e-03
9.851358135428256446e-03
1.053259879731394122e-02
1.249476263786797325e-02
1.475803045370827071e-02
1.628278792823234511e-02
1.712663483569709655e-02
2.247816753244835652e-02
2.372582025373271009e-02
2.842694471727336136e-02
3.601438849202409642e-02
4.828311501541460160e-02
6.347386244739894323e-02
1.042140555382835565e-01
1.660708120464327031e-01
2.654660828325070554e-01
4.486476766223841395e-01
