2.330727768557472324e-03
2.602808456507732515e-03
2.852516436049223891e-03
3.048346003893920297e-03
3.380324752443986114e-03
3.861184696913322334e-03
4.074583768950534868e-03
4.670873604774472554e-03
4.887769055079593805e-03
5.394686924724667598e-03
6.283529938722054453e-03
6.411494589158794888e-03
7.630215873140278049e-03
8.733467489074664414e-03
9.308475737711541242e-03
1.092986372554993757e-02
1.171162884327103804e-02
1.281596384519967380e-02
1.349999349798358672e-02
1.584209962549198991e-02
2.156738401537738881e-02
2.149401891515267948e-02
2.992249942549563002e-02
3.063721270360186821e-02
4.334578312821379953e-02
6.678343452233992394e-02
1.044790686768903853e-01
1.520641502031594428e-01
2.804735045763324663e-01
3.827394317611734209e-01
