2.557321920854283004e-03
2.852024317283929911e-03
3.118704480914835653e-03
3.330247921826845481e-03
3.768388036948733255e-03
4.209252432477494921e-03
4.527150125029466565e-03
4.859723059816078994e-03
5.621319891117027012e-03
6.280191854213246216e-03
6.623038357706168000e-03
7.696661112305047681e-03
7.801484329108765436e-03
9.253810593153444231e-03
1.047826773825311086e-02
1.191215503970433076e-02
1.340366202315190769e-02
1.436684066454918529e-02
1.764253942564986133e-02
1.910609582911382276e-02
2.352886249462482482e-02
2.697232069733468407e-02
2.908460429763959354e-02
3.216865134549018457e-02
5.079587169205024288e-02
7.069401653832940724e-02
1.109231673407369279e-01
1.619308589364734097e-01
3.070994700118547804e-01
5.620431566519519251e-01
