4.285714285714351535e-01
4.720812182741259688e-01
5.183246073298530820e-01
5.675675675675780907e-01
6.201117318435825920e-01
6.763005780346882378e-01
7.365269461077856850e-01
8.012422360248622200e-01
8.709677419354932004e-01
9.463087248322210598e-01
1.027972027972026581e+00
1.116788321167889286e+00
1.213740458015281742e+00
1.320000000000008944e+00
1.436974789915965944e+00
1.566371681415933637e+00
1.710280373831788436e+00
1.871287128712880499e+00
2.052631578947385460e+00
2.258426966292139682e+00
2.493975903614493284e+00
2.766233766233771263e+00
3.084507042253544995e+00
3.461538461538490097e+00
3.915254237288146477e+00
4.471698113207581926e+00
5.170212765957486134e+00
6.073170731707334902e+00
7.285714285714272265e+00
9.000000000000000000e+00
