1.640240578804572257e-152
8.992435007190051213e-151
8.253665112779640197e-149
1.293530940704758850e-146
3.539628747660938014e-144
2.195353717609905414e-141
3.148321059512131806e-138
8.495731521216724524e-135
5.611472186489967980e-131
9.371413794377164312e-127
4.114222269009455409e-122
3.898777308401136540e-119
9.689062855407751028e-121
2.526454999173339969e-122
8.250137478800827864e-124
2.931618987333674595e-125
1.822082550046425254e-126
2.193636059355866380e-127
7.986051946727901844e-128
3.396229623965588869e-127
1.307008252531960751e-124
8.944703000703481064e-118
-1.000000000000000000e+00
-1.000000000000000000e+00
-1.000000000000000000e+00
-1.000000000000000000e+00
-1.000000000000000000e+00
-1.000000000000000000e+00
-1.000000000000000000e+00
-1.000000000000000000e+00
-1.000000000000000000e+00
-1.000000000000000000e+00
-1.000000000000000000e+00
-1.000000000000000000e+00
-1.000000000000000000e+00
-1.000000000000000000e+00
-1.000000000000000000e+00
-1.000000000000000000e+00
-1.000000000000000000e+00
-1.000000000000000000e+00
-1.000000000000000000e+00
-1.000000000000000000e+00
-1.000000000000000000e+00
-1.000000000000000000e+00
-1.000000000000000000e+00
-1.000000000000000000e+00
-1.000000000000000000e+00
-1.000000000000000000e+00
-1.000000000000000000e+00
-1.000000000000000000e+00
