2.461224489795918569e+00
2.458715596330275588e+00
2.456211812627291380e+00
2.453713123092573944e+00
2.451219512195121908e+00
2.448730964467005222e+00
2.446247464503042757e+00
2.443768996960486550e+00
2.441295546558704732e+00
2.438827098078867994e+00
2.436363636363636509e+00
2.433905146316851731e+00
2.431451612903225978e+00
2.429003021148036456e+00
2.426559356136821055e+00
2.424120603015075481e+00
2.421686746987952166e+00
2.419257773319960059e+00
2.416833667334669755e+00
2.414414414414414622e+00
2.412000000000000366e+00
2.409590409590409710e+00
2.407185628742515071e+00
2.402390438247012039e+00
2.400000000000000355e+00
2.397614314115308343e+00
2.395233366434955435e+00
2.392857142857143238e+00
2.390485629335976192e+00
2.388118811881188464e+00
2.385756676557863720e+00
2.383399209486166015e+00
2.381046396841066226e+00
2.378698224852071164e+00
2.376354679802955783e+00
2.374015748031496287e+00
2.371681415929203673e+00
2.369351669941061278e+00
2.364705882352941213e+00
2.362389813907933789e+00
2.360078277886497045e+00
2.357771260997067575e+00
2.355468750000000000e+00
2.353170731707317387e+00
2.350877192982456343e+00
2.348588120740019658e+00
2.344023323615160415e+00
2.341747572815534362e+00
2.339476236663433628e+00
2.337209302325581550e+00
