3.569732937685459628e+00
3.564444444444444748e+00
3.553914327917282456e+00
3.548672566371681381e+00
3.543446244477172602e+00
3.538235294117647367e+00
3.536656891495601585e+00
3.522693997071742800e+00
3.517543859649122862e+00
3.507288629737609131e+00
3.510917030567685782e+00
3.497093023255814170e+00
3.486956521739130732e+00
3.490593342981186620e+00
3.476878612716763239e+00
3.475504322766570287e+00
3.461870503597122450e+00
3.456896551724138344e+00
3.446991404011461313e+00
3.442060085836910144e+00
3.432239657631954266e+00
3.427350427350427609e+00
3.422475106685633151e+00
3.421276595744681348e+00
3.407932011331444855e+00
3.398305084745762539e+00
3.393511988716502170e+00
3.383966244725738814e+00
3.379213483146067176e+00
3.369747899159663884e+00
3.365034965034965353e+00
3.364016736401673757e+00
3.350974930362117021e+00
3.341666666666666785e+00
3.340720221606648277e+00
3.327800829875518840e+00
3.318620689655172651e+00
3.314049586776859346e+00
3.304945054945055194e+00
3.304109589041095862e+00
3.299589603283173744e+00
3.282401091405184435e+00
3.281632653061224758e+00
3.277173913043478493e+00
3.264108352144469816e+00
3.256756756756757021e+00
3.247826086956521863e+00
3.241935483870967527e+00
3.241379310344827847e+00
3.232472324723247414e+00
