1.796497080900750776e+00
1.791492910758965662e+00
1.791492910758965662e+00
1.786488740617180992e+00
1.781484570475396323e+00
1.776480400333611431e+00
1.781484570475396323e+00
1.776480400333611431e+00
1.771476230191826762e+00
1.766472060050041648e+00
1.761467889908256979e+00
1.756463719766472087e+00
1.751459549624687417e+00
1.751459549624687417e+00
1.746455379482902304e+00
1.741451209341117634e+00
1.736447039199332742e+00
1.736447039199332742e+00
1.731442869057548073e+00
1.726438698915763403e+00
1.721434528773978290e+00
1.716430358632193620e+00
1.711426188490408729e+00
1.711426188490408729e+00
1.706422018348624059e+00
1.701417848206838945e+00
1.696413678065054276e+00
1.696413678065054276e+00
1.691409507923269384e+00
1.686405337781484715e+00
1.681401167639699601e+00
1.681401167639699601e+00
1.676396997497914931e+00
1.671392827356130262e+00
1.666388657214345370e+00
1.666388657214345370e+00
1.661384487072560701e+00
1.651376146788990917e+00
1.651376146788990917e+00
1.646371976647206026e+00
1.641367806505421356e+00
1.641367806505421356e+00
1.631359466221851573e+00
1.628289473684210620e+00
1.623762376237623872e+00
1.616528925619834967e+00
1.618296529968454189e+00
1.617021276595744794e+00
1.608982826948480938e+00
1.606060606060606188e+00
