2.571428571428571619e+00
2.565957446808510678e+00
2.560509554140127708e+00
2.555084745762711940e+00
2.549682875264270621e+00
2.544303797468354666e+00
2.538947368421053064e+00
2.533613445378151585e+00
2.530954879328436657e+00
2.525654450261780148e+00
2.520376175548589615e+00
2.515119916579770631e+00
2.509885535900104436e+00
2.504672897196261960e+00
2.499481865284974180e+00
2.491735537190082894e+00
2.486597938144330389e+00
2.481481481481481843e+00
2.476386036960986026e+00
2.471311475409835978e+00
2.466257668711656859e+00
2.461224489795918569e+00
2.456211812627291380e+00
2.451219512195121908e+00
2.443768996960486550e+00
2.438827098078867994e+00
2.433905146316851731e+00
2.429003021148036456e+00
2.424120603015075481e+00
2.416833667334669755e+00
2.412000000000000366e+00
2.407185628742515071e+00
2.405970149253731538e+00
2.395233366434955435e+00
2.390485629335976192e+00
2.383399209486166015e+00
2.378698224852071164e+00
2.371681415929203673e+00
2.367026496565260096e+00
2.362389813907933789e+00
2.355468750000000000e+00
2.350877192982456343e+00
2.344023323615160415e+00
2.345718901453958338e+00
2.341935483870968060e+00
2.334405144694533973e+00
2.329738058551618085e+00
2.324246771879483919e+00
2.311475409836065698e+00
2.308300395256917437e+00
