2.081104400345125338e+00
2.077519379844961378e+00
2.072164948453608435e+00
2.068610634648370805e+00
2.065068493150684859e+00
2.064901793339026348e+00
2.061381074168798122e+00
2.051020408163265252e+00
2.047538200339558578e+00
2.047417442845046676e+00
2.043956043956044244e+00
2.038785834738617186e+00
2.030303030303030720e+00
2.030226700251889227e+00
2.025125628140703515e+00
2.016722408026756064e+00
2.016680567139283120e+00
2.006672226855713337e+00
2.001668056713928223e+00
1.996663886572143554e+00
1.991659716430358884e+00
1.991659716430358884e+00
1.981651376146789101e+00
1.981651376146789101e+00
1.971643035863219540e+00
1.971643035863219540e+00
1.966638865721434426e+00
1.961634695579649756e+00
1.956630525437864865e+00
1.951626355296080195e+00
1.951626355296080195e+00
1.941618015012510412e+00
1.936613844870725742e+00
1.936613844870725742e+00
1.926605504587156181e+00
1.921601334445371068e+00
1.921601334445371068e+00
1.916597164303586398e+00
1.911592994161801506e+00
1.906588824020016837e+00
1.901584653878231723e+00
1.896580483736447054e+00
1.891576313594662384e+00
1.892441860465116310e+00
1.886462882096070048e+00
1.880466472303206960e+00
1.869806094182825618e+00
1.874035989717223627e+00
1.862576687116564322e+00
1.855450236966824651e+00
