2.996273291925465987e+00
2.985111662531017451e+00
2.977722772277227925e+00
2.977777777777777857e+00
2.974106041923551658e+00
2.966789667896679195e+00
2.963144963144963118e+00
2.955882352941176627e+00
2.952264381884944999e+00
2.937728937728937950e+00
2.937880633373934458e+00
2.927007299270073304e+00
2.927184466019417730e+00
2.920096852300242407e+00
2.909310761789601241e+00
2.902291917973462088e+00
2.902527075812274315e+00
2.895558223289315780e+00
2.884892086330935523e+00
2.885167464114832825e+00
2.878281622911694981e+00
2.871428571428571885e+00
2.868014268727705485e+00
2.861209964412811502e+00
2.854437869822485485e+00
2.847697756788666101e+00
2.840989399293286422e+00
2.834312573443008354e+00
2.830985915492957972e+00
2.817330210772833965e+00
2.817757009345794650e+00
2.811188811188811254e+00
2.804651162790697594e+00
2.798143851508120949e+00
2.791666666666666963e+00
2.785219399538106266e+00
2.778801843317972420e+00
2.772413793103448487e+00
2.766055045871560036e+00
2.759725400457666122e+00
2.753424657534246922e+00
2.747152619589977363e+00
2.740909090909091184e+00
2.733459357277883139e+00
2.734463276836158308e+00
2.718045112781954931e+00
2.712477396021700127e+00
2.712605042016806856e+00
2.697599999999999998e+00
2.690292758089368519e+00
