1.773913043478261065e+00
1.733041575492341613e+00
1.691629955947136832e+00
1.649667405764966954e+00
1.624161073825503232e+00
1.581081081081080919e+00
1.530751708428246260e+00
1.489655172413793194e+00
1.437209302325581417e+00
1.400943396226415283e+00
1.363636363636363757e+00
1.313868613138686303e+00
1.265508684863523525e+00
1.203045685279187760e+00
1.140625000000000000e+00
1.080645161290322731e+00
1.022346368715083775e+00
9.529411764705881804e-01
8.867924528301887044e-01
8.068965517241378782e-01
6.987951807228915957e-01
-3.457063711911357640e+00
-3.777108433734939652e+00
-4.412371134020618868e+00
-5.349397590361445687e+00
-5.382716049382716861e+00
-5.352697095435685171e+00
-5.372384937238494196e+00
-5.344537815126050972e+00
-5.367088607594936889e+00
-5.367088607594936889e+00
-5.364406779661017310e+00
-5.364406779661017310e+00
-5.361702127659574657e+00
-5.361702127659574657e+00
-5.384615384615385025e+00
-5.358974358974359475e+00
-5.358974358974359475e+00
-5.358974358974359475e+00
-5.381974248927039461e+00
-5.356223175965665995e+00
-5.356223175965665995e+00
-5.356223175965665995e+00
-5.381974248927039461e+00
-5.356223175965665995e+00
-5.356223175965665995e+00
-5.379310344827586299e+00
-5.353448275862069394e+00
-5.379310344827586299e+00
-5.379310344827586299e+00
