1.772954924874791338e+00
1.752921535893155358e+00
1.732888146911519378e+00
1.712854757929883398e+00
1.702838063439064964e+00
1.682804674457428984e+00
1.662771285475793004e+00
1.642737896494157024e+00
1.632721202003339034e+00
1.602671118530884842e+00
1.582637729549248862e+00
1.562604340567612882e+00
1.542570951585976902e+00
1.522537562604340478e+00
1.512520868113522488e+00
1.482470784641068517e+00
1.462437395659432537e+00
1.442404006677796557e+00
1.422370617696160355e+00
1.402337228714524375e+00
1.372287145242070183e+00
1.342237061769615991e+00
1.322203672787980011e+00
1.302170283806344031e+00
1.282136894824708051e+00
1.252086811352253859e+00
1.222036727879799667e+00
1.191986644407345697e+00
1.171953255425709495e+00
1.141903171953255525e+00
1.111853088480801555e+00
1.071786310517529373e+00
1.041736227045075180e+00
1.021702838063439200e+00
9.816360601001670183e-01
9.515859766277129372e-01
9.115191986644407551e-01
8.814691151919866741e-01
8.414023372287144920e-01
8.113522537562604109e-01
7.712854757929884508e-01
7.412353923205342587e-01
7.111853088480801777e-01
6.811352253756260966e-01
6.510851419031720155e-01
6.210350584307179345e-01
6.010016694490818434e-01
5.709515859766277623e-01
5.509181969949916713e-01
5.208681135225375902e-01
