1.782971619365609328e+00
1.772954924874791338e+00
1.782971619365609328e+00
1.772954924874791338e+00
1.782971619365609328e+00
1.772954924874791338e+00
1.782971619365609328e+00
1.772954924874791338e+00
1.772954924874791338e+00
1.772954924874791338e+00
1.762938230383973348e+00
1.772954924874791338e+00
1.762938230383973348e+00
1.772954924874791338e+00
1.762938230383973348e+00
1.772954924874791338e+00
1.762938230383973348e+00
1.762938230383973348e+00
1.762938230383973348e+00
1.752921535893155358e+00
1.762938230383973348e+00
1.752921535893155358e+00
1.762938230383973348e+00
1.752921535893155358e+00
1.762938230383973348e+00
1.752921535893155358e+00
1.752921535893155358e+00
1.752921535893155358e+00
1.742904841402337368e+00
1.752921535893155358e+00
1.742904841402337368e+00
1.752921535893155358e+00
1.742904841402337368e+00
1.742904841402337368e+00
1.742904841402337368e+00
1.742904841402337368e+00
1.742904841402337368e+00
1.732888146911519378e+00
1.742904841402337368e+00
1.732888146911519378e+00
1.742904841402337368e+00
1.732888146911519378e+00
1.732888146911519378e+00
1.732888146911519378e+00
1.732888146911519378e+00
1.732888146911519378e+00
1.732888146911519378e+00
1.732888146911519378e+00
1.722871452420701388e+00
1.722871452420701388e+00
