1.804451112778194810e+00
1.769442360590147700e+00
1.732433108277069422e+00
1.696424106026506617e+00
1.657414353588397171e+00
1.618404601150287503e+00
1.579394848712178057e+00
1.538384596149037220e+00
1.496374093523380910e+00
1.452363090772693210e+00
1.407351837959489815e+00
1.361340335083770947e+00
1.313328332083020689e+00
1.262315578894723789e+00
1.210302575643910972e+00
1.155288822205551291e+00
1.098274568642160443e+00
1.037259314828707257e+00
9.722430607651912915e-01
9.022255563890974051e-01
8.272068017004252649e-01
7.441860465116278966e-01
6.501625406351587699e-01
5.391347836959239359e-01
4.001000250062515806e-01
2.000500125031257903e-01
-1.340335083770942681e+00
-1.340335083770942681e+00
-1.340335083770942681e+00
-1.339334833708427208e+00
-1.340335083770942681e+00
-1.340335083770942681e+00
-1.339334833708427208e+00
-1.340335083770942681e+00
-1.340335083770942681e+00
-1.340335083770942681e+00
-1.340335083770942681e+00
-1.339334833708427208e+00
-1.339334833708427208e+00
-1.340335083770942681e+00
-1.340335083770942681e+00
-1.340335083770942681e+00
-1.339334833708427208e+00
-1.340335083770942681e+00
-1.340335083770942681e+00
-1.340335083770942681e+00
-1.339334833708427208e+00
-1.340335083770942681e+00
-1.340335083770942681e+00
-1.340335083770942681e+00
