1.815453863465866791e+00
1.803450862715678893e+00
1.791447861965491661e+00
1.778444611152788513e+00
1.766441610402600615e+00
1.753438359589897466e+00
1.741435358839710235e+00
1.729432358089522337e+00
1.716429107276819188e+00
1.703425856464116039e+00
1.690422605651412891e+00
1.676419104776194047e+00
1.663415853963490898e+00
1.649412353088272054e+00
1.636409102275568905e+00
1.623405851462865757e+00
1.608402100525131440e+00
1.595398849712428291e+00
1.580395098774693974e+00
1.567391847961990825e+00
1.552388097024256064e+00
1.538384596149037220e+00
1.524381095273818376e+00
1.509377344336084059e+00
1.494373593398349520e+00
1.479369842460615203e+00
1.464366091522880664e+00
1.448362090522630652e+00
1.432358089522380418e+00
1.417354338584646101e+00
1.402350587646911784e+00
1.385346336584146076e+00
1.368342085521380369e+00
1.353338334583645830e+00
1.335333833458364650e+00
1.319329832458114415e+00
1.301325331332833235e+00
1.285321330332583223e+00
1.267316829207301820e+00
1.249312328082020418e+00
1.231307826956739238e+00
1.212303075768942140e+00
1.194298574643660960e+00
1.175293823455863862e+00
1.155288822205551291e+00
1.136284071017754416e+00
1.116279069767441845e+00
1.095273818454613579e+00
1.075268817204301008e+00
1.054263565891472965e+00
