1.814453613403350873e+00
1.799449862465616334e+00
1.783445861465366322e+00
1.767441860465116532e+00
1.751437859464866298e+00
1.736434108527131759e+00
1.719429857464366274e+00
1.703425856464116039e+00
1.687421855463866027e+00
1.670417604401100320e+00
1.653413353338334613e+00
1.637409352338084600e+00
1.619404851212803420e+00
1.602400600150037491e+00
1.585396349087271783e+00
1.566391597899474908e+00
1.549387346836709201e+00
1.531382845711427798e+00
1.512378094523630923e+00
1.493373343335833825e+00
1.475368842210552645e+00
1.455363840960240074e+00
1.435358839709927503e+00
1.416354088522130628e+00
1.396349087271818057e+00
1.376344086021505486e+00
1.355338834708677220e+00
1.334333583395848732e+00
1.313328332083020689e+00
1.291322830707676950e+00
1.269317329332332989e+00
1.246311577894473555e+00
1.224306076519129816e+00
1.200300075018754686e+00
1.176294073518379557e+00
1.152288072018004428e+00
1.128282070517629299e+00
1.102275568892223001e+00
1.076269067266816704e+00
1.049262315578894711e+00
1.022255563890972718e+00
9.952488122030507256e-01
9.662415603900975647e-01
9.382345586396598769e-01
9.102275568892223001e-01
8.812203050762690282e-01
8.552138034508627307e-01
8.282070517629408490e-01
8.022005501375343295e-01
7.781945486371594223e-01
