1.807451862965741451e+00
1.777444361090272595e+00
1.747436859214803739e+00
1.716429107276819188e+00
1.685421355338834637e+00
1.652413103275818917e+00
1.619404851212803420e+00
1.586396599149787479e+00
1.551387846961740369e+00
1.516379094773693481e+00
1.480370092523130676e+00
1.443360840210052398e+00
1.405351337834458647e+00
1.366341585396348979e+00
1.326331582895723837e+00
1.285321330332583223e+00
1.241310327581895523e+00
1.196299074768692128e+00
1.150287571892973260e+00
1.101275318829707528e+00
1.051262815703925879e+00
9.972493123280820049e-01
9.412353088272068513e-01
8.802200550137534441e-01
8.162040510127532844e-01
7.451862965741434808e-01
6.681670417604399503e-01
5.831457864466116359e-01
4.941235308827207628e-01
4.101025256314078660e-01
3.320830207551888069e-01
2.580645161290322509e-01
1.820455113778444434e-01
1.010252563140785209e-01
9.002250562640659592e-03
-1.340335083770942681e+00
-1.340335083770942681e+00
-1.340335083770942681e+00
-1.340335083770942681e+00
-1.340335083770942681e+00
-1.339334833708427208e+00
-1.340335083770942681e+00
-1.339334833708427208e+00
-1.340335083770942681e+00
-1.340335083770942681e+00
-1.340335083770942681e+00
-1.340335083770942681e+00
-1.340335083770942681e+00
-1.340335083770942681e+00
-1.339334833708427208e+00
