1.803450862715678893e+00
1.766441610402600615e+00
1.728432108027006642e+00
1.690422605651412891e+00
1.650412603150787749e+00
1.609402350587646913e+00
1.567391847961990825e+00
1.524381095273818376e+00
1.479369842460615203e+00
1.433358339584896335e+00
1.385346336584146076e+00
1.336334083520879901e+00
1.284321080270067306e+00
1.231307826956739238e+00
1.174293573393348389e+00
1.115278819704926150e+00
1.052263065766441574e+00
9.862465616404101354e-01
9.152288072018005538e-01
8.372093023255814392e-01
7.501875468867217345e-01
6.541635408852212175e-01
5.371342835708927677e-01
3.890972743185797111e-01
1.160290072518129628e-01
-1.340335083770942681e+00
-1.340335083770942681e+00
-1.340335083770942681e+00
-1.340335083770942681e+00
-1.340335083770942681e+00
-1.340335083770942681e+00
-1.339334833708427208e+00
-1.339334833708427208e+00
-1.340335083770942681e+00
-1.339334833708427208e+00
-1.340335083770942681e+00
-1.340335083770942681e+00
-1.339334833708427208e+00
-1.340335083770942681e+00
-1.340335083770942681e+00
-1.339334833708427208e+00
-1.339334833708427208e+00
-1.339334833708427208e+00
-1.340335083770942681e+00
-1.340335083770942681e+00
-1.340335083770942681e+00
-1.339334833708427208e+00
-1.340335083770942681e+00
-1.340335083770942681e+00
-1.340335083770942681e+00
