1.805451362840710283e+00
1.771442860715178869e+00
1.737434358589647454e+00
1.701425356339084871e+00
1.666416604151037761e+00
1.628407101775443788e+00
1.591397849462365510e+00
1.551387846961740369e+00
1.512378094523630923e+00
1.471367841960489864e+00
1.429357339334833776e+00
1.384346086521630159e+00
1.340335083770942681e+00
1.292323080770192645e+00
1.244311077769442386e+00
1.194298574643660960e+00
1.140285071267816974e+00
1.084271067766941821e+00
1.026256564141035277e+00
9.632408102025505903e-01
8.962240560140034562e-01
8.252063015753938746e-01
7.451862965741434808e-01
6.561640410102526078e-01
5.521380345086271957e-01
4.261065266316579891e-01
2.780695173793448216e-01
1.330332583145786562e-01
-2.300575143785946533e-02
-1.340335083770942681e+00
-1.340335083770942681e+00
-1.339334833708427208e+00
-1.339334833708427208e+00
-1.339334833708427208e+00
-1.340335083770942681e+00
-1.340335083770942681e+00
-1.340335083770942681e+00
-1.339334833708427208e+00
-1.339334833708427208e+00
-1.340335083770942681e+00
-1.340335083770942681e+00
-1.340335083770942681e+00
-1.340335083770942681e+00
-1.339334833708427208e+00
-1.340335083770942681e+00
-1.340335083770942681e+00
-1.340335083770942681e+00
-1.340335083770942681e+00
-1.340335083770942681e+00
-1.340335083770942681e+00
