1.808452113028257147e+00
1.780445111277819681e+00
1.751437859464866298e+00
1.722430607651912915e+00
1.692423105776444059e+00
1.662415603900975203e+00
1.631407851962990652e+00
1.599399849962490627e+00
1.567391847961990825e+00
1.534383595898974884e+00
1.501375343835958942e+00
1.466366591647912054e+00
1.430357589397349249e+00
1.394348587146786667e+00
1.357339334833708389e+00
1.319329832458114415e+00
1.279319829957489274e+00
1.239309827456864133e+00
1.195298824706176655e+00
1.151287821955488955e+00
1.106276569142285560e+00
1.058264566141535301e+00
1.009252313078269570e+00
9.552388097024255842e-01
8.992248062015504306e-01
8.402100525131284137e-01
7.761940485121280320e-01
7.061765441360340345e-01
6.311577894473618944e-01
5.551387846961740591e-01
4.831207801950487823e-01
4.161040260065016483e-01
3.530882720680170173e-01
2.920730182545636655e-01
2.300575143785946464e-01
1.660415103775944035e-01
9.702425606401600400e-02
1.700425106276568996e-02
-8.702175543885971865e-02
-1.339334833708427208e+00
-1.340335083770942681e+00
-1.339334833708427208e+00
-1.339334833708427208e+00
-1.340335083770942681e+00
-1.340335083770942681e+00
-1.340335083770942681e+00
-1.339334833708427208e+00
-1.340335083770942681e+00
-1.340335083770942681e+00
-1.340335083770942681e+00
