1.813453363340835178e+00
1.794448612153038303e+00
1.775443860965241205e+00
1.756439109777444552e+00
1.737434358589647454e+00
1.718429607401850356e+00
1.697424356089022313e+00
1.678419604901225215e+00
1.658414603650912866e+00
1.637409352338084600e+00
1.617404351087772252e+00
1.596399099774943764e+00
1.575393848462115498e+00
1.553388347086771759e+00
1.531382845711427798e+00
1.509377344336084059e+00
1.486371592898224625e+00
1.463365841460365191e+00
1.440360090022505535e+00
1.416354088522130628e+00
1.392348087021755498e+00
1.367341835458864674e+00
1.343335833958489545e+00
1.317329332333083247e+00
1.291322830707676950e+00
1.264316079019754957e+00
1.237309327331832964e+00
1.209302325581395277e+00
1.180295073768442116e+00
1.150287571892973260e+00
1.121280320080020099e+00
1.090272568142035547e+00
1.058264566141535301e+00
1.025256314078519582e+00
9.912478119529882781e-01
9.562390597649412793e-01
9.212303075768941696e-01
8.852213053263315867e-01
8.492123030757688928e-01
8.132033008252063100e-01
7.801950487621905905e-01
7.471867966991747601e-01
7.171792948237057930e-01
6.871717929482370479e-01
6.591647911977994712e-01
6.311577894473618944e-01
6.051512878219554858e-01
5.801450362590647725e-01
5.541385346336583639e-01
5.301325331332833457e-01
