1.457968726715060007e-40
2.873531985784983945e-41
5.427783756122506820e-42
1.079948788753399833e-42
1.916394126993749012e-43
3.652612674383961524e-44
6.937269625061777819e-45
1.333573087631245999e-45
2.420154915161055308e-46
5.076288088432018602e-47
1.062142189314449836e-47
2.521697197333892053e-48
7.817032222680052121e-49
3.379400747530558836e-49
2.030523589008720566e-49
2.686524945593353395e-49
8.146810899662308024e-49
6.074354610616967496e-48
-1.000000000000000000e+00
-1.000000000000000000e+00
-1.000000000000000000e+00
-1.000000000000000000e+00
-1.000000000000000000e+00
-1.000000000000000000e+00
-1.000000000000000000e+00
-1.000000000000000000e+00
-1.000000000000000000e+00
-1.000000000000000000e+00
-1.000000000000000000e+00
-1.000000000000000000e+00
-1.000000000000000000e+00
-1.000000000000000000e+00
-1.000000000000000000e+00
-1.000000000000000000e+00
-1.000000000000000000e+00
-1.000000000000000000e+00
-1.000000000000000000e+00
-1.000000000000000000e+00
-1.000000000000000000e+00
-1.000000000000000000e+00
-1.000000000000000000e+00
-1.000000000000000000e+00
-1.000000000000000000e+00
-1.000000000000000000e+00
-1.000000000000000000e+00
-1.000000000000000000e+00
-1.000000000000000000e+00
-1.000000000000000000e+00
-1.000000000000000000e+00
-1.000000000000000000e+00
