3.236750723692555413e-65
3.098164669799087327e-66
2.960382460342491477e-67
2.283195149182373627e-68
1.626255415796394436e-69
1.094925272755245743e-70
1.666765048780546476e-70
6.683048561627263220e-70
4.089482423081572118e-69
4.359526241830367968e-68
6.663615879955937822e-67
1.873010040349218429e-65
9.990673214366094393e-64
1.164783186408791759e-61
2.783932405464149452e-59
1.758180700519797617e-56
3.091744513494202928e-53
1.782798689566589370e-49
4.396502853230167544e-45
5.906313818788882838e-43
1.275437973791599726e-43
4.258669433125823506e-44
3.757148428684153982e-44
5.063074665695628784e-43
3.171362514163829238e-14
-1.000000000000000000e+00
-1.000000000000000000e+00
-1.000000000000000000e+00
-1.000000000000000000e+00
-1.000000000000000000e+00
-1.000000000000000000e+00
-1.000000000000000000e+00
-1.000000000000000000e+00
-1.000000000000000000e+00
-1.000000000000000000e+00
-1.000000000000000000e+00
-1.000000000000000000e+00
-1.000000000000000000e+00
-1.000000000000000000e+00
-1.000000000000000000e+00
-1.000000000000000000e+00
-1.000000000000000000e+00
-1.000000000000000000e+00
-1.000000000000000000e+00
-1.000000000000000000e+00
-1.000000000000000000e+00
-1.000000000000000000e+00
-1.000000000000000000e+00
-1.000000000000000000e+00
-1.000000000000000000e+00
