1.766871165644172015e+00
1.738317757009345765e+00
1.698113207547169878e+00
1.670886075949367111e+00
1.610223642172524006e+00
1.601286173633440502e+00
1.553398058252427161e+00
1.504885993485342022e+00
1.475409836065573854e+00
1.421052631578947345e+00
1.390728476821192050e+00
1.335548172757475172e+00
1.275747508305647981e+00
1.235880398671096447e+00
1.192052980132450424e+00
1.144736842105263275e+00
1.074918566775244333e+00
1.022508038585209000e+00
9.493670886075949999e-01
8.944099378881987805e-01
8.000000000000000444e-01
7.212020033388982787e-01
6.210350584307179345e-01
5.108514190317196002e-01
3.505843071786310938e-01
8.510638297872340219e-02
-1.222036727879799667e+00
-1.212020033388981677e+00
-1.212020033388981677e+00
-1.222036727879799667e+00
-1.222036727879799667e+00
-1.212020033388981677e+00
-1.212020033388981677e+00
-1.212020033388981677e+00
-1.222036727879799667e+00
-1.212020033388981677e+00
-1.212020033388981677e+00
-1.212020033388981677e+00
-1.212020033388981677e+00
-1.222036727879799667e+00
-1.222036727879799667e+00
-1.212020033388981677e+00
-1.212020033388981677e+00
-1.212020033388981677e+00
-1.212020033388981677e+00
-1.212020033388981677e+00
-1.212020033388981677e+00
-1.212020033388981677e+00
-1.212020033388981677e+00
-1.212020033388981677e+00
