1.760479041916167553e+00
1.740181268882175392e+00
1.701219512195121908e+00
1.674846625766871266e+00
1.616099071207430349e+00
1.575000000000000178e+00
1.552050473186119994e+00
1.504761904761904745e+00
1.461538461538461675e+00
1.432258064516129137e+00
1.383116883116883189e+00
1.333333333333333259e+00
1.282894736842105310e+00
1.227722772277227925e+00
1.188118811881188286e+00
1.148514851485148647e+00
1.081967213114754189e+00
1.016286644951140072e+00
9.646302250803858724e-01
8.761904761904762973e-01
8.113522537562604109e-01
7.212020033388982787e-01
6.210350584307179345e-01
5.008347245409014992e-01
3.606010016694491394e-01
9.015025041736228484e-02
-1.482470784641068517e+00
-1.482470784641068517e+00
-1.482470784641068517e+00
-1.482470784641068517e+00
-1.472454090150250527e+00
-1.482470784641068517e+00
-1.482470784641068517e+00
-1.482470784641068517e+00
-1.482470784641068517e+00
-1.482470784641068517e+00
-1.482470784641068517e+00
-1.472454090150250527e+00
-1.482470784641068517e+00
-1.482470784641068517e+00
-1.482470784641068517e+00
-1.482470784641068517e+00
-1.482470784641068517e+00
-1.472454090150250527e+00
-1.472454090150250527e+00
-1.472454090150250527e+00
-1.482470784641068517e+00
-1.482470784641068517e+00
-1.482470784641068517e+00
-1.482470784641068517e+00
