1.766871165644172015e+00
1.724999999999999867e+00
1.695238095238095211e+00
1.650485436893204039e+00
1.629139072847682224e+00
1.586440677966101775e+00
1.556313993174061272e+00
1.515358361774743923e+00
1.453924914675768010e+00
1.433447098976109224e+00
1.387755102040816535e+00
1.337837837837837940e+00
1.288590604026845776e+00
1.239999999999999991e+00
1.184210526315789602e+00
1.129870129870129913e+00
1.070063694267515908e+00
1.031250000000000000e+00
9.512195121951220189e-01
8.944099378881987805e-01
8.108108108108108558e-01
7.181467181467181549e-01
6.146341463414634054e-01
4.821428571428572063e-01
3.495145631067961278e-01
-7.011686143572622154e-02
-1.803005008347245697e-01
-1.803005008347245697e-01
-1.803005008347245697e-01
-1.803005008347245697e-01
-1.803005008347245697e-01
-1.903171953255425597e-01
-1.803005008347245697e-01
-1.803005008347245697e-01
-1.803005008347245697e-01
-1.803005008347245697e-01
-1.903171953255425597e-01
-1.903171953255425597e-01
-1.903171953255425597e-01
-1.903171953255425597e-01
-1.803005008347245697e-01
-1.803005008347245697e-01
-1.803005008347245697e-01
-1.803005008347245697e-01
-1.803005008347245697e-01
-1.803005008347245697e-01
-1.803005008347245697e-01
-1.803005008347245697e-01
-1.803005008347245697e-01
-1.803005008347245697e-01
