1.762938230383973348e+00
1.732888146911519378e+00
1.702838063439064964e+00
1.662771285475793004e+00
1.622704507512520822e+00
1.582637729549248862e+00
1.552587646076794892e+00
1.512520868113522488e+00
1.462437395659432537e+00
1.422370617696160355e+00
1.382303839732888173e+00
1.342237061769615991e+00
1.292153589315526041e+00
1.242070116861435869e+00
1.191986644407345697e+00
1.131886477462437535e+00
1.081803005008347363e+00
1.011686143572620988e+00
9.515859766277129372e-01
8.914858096828046641e-01
8.113522537562604109e-01
7.312186978297162687e-01
6.510851419031720155e-01
5.809682804674457524e-01
5.008347245409014992e-01
4.307178631051753470e-01
3.505843071786310938e-01
2.704507512520868406e-01
1.803005008347245697e-01
8.013355592654425319e-02
-3.005008347245409148e-02
-1.602671118530885064e-01
-3.505843071786310938e-01
-2.520000000000000018e+00
-2.538011695906432941e+00
-2.544000000000000039e+00
-2.543610547667343180e+00
-2.552147239263804046e+00
-2.550308008213552746e+00
-2.548453608247422952e+00
-2.546583850931677162e+00
-2.551867219917012708e+00
-2.555084745762711940e+00
-2.550000000000000266e+00
-2.550000000000000266e+00
-2.555323590814196244e+00
-2.555323590814196244e+00
-2.548117154811715857e+00
-2.548117154811715857e+00
-2.553459119496855223e+00
