1.762938230383973348e+00
1.732888146911519378e+00
1.702838063439064964e+00
1.662771285475793004e+00
1.632721202003339034e+00
1.592654424040066852e+00
1.552587646076794892e+00
1.512520868113522488e+00
1.462437395659432537e+00
1.422370617696160355e+00
1.382303839732888173e+00
1.342237061769615991e+00
1.292153589315526041e+00
1.242070116861435869e+00
1.191986644407345697e+00
1.131886477462437535e+00
1.081803005008347363e+00
1.021702838063439200e+00
9.515859766277129372e-01
8.814691151919866741e-01
8.113522537562604109e-01
7.312186978297162687e-01
6.611018363939900055e-01
5.709515859766277623e-01
4.908180300500835092e-01
4.106844741235392560e-01
3.305509181969950028e-01
2.404006677796327318e-01
1.502504173622704609e-01
4.006677796327212659e-02
-9.015025041736228484e-02
-2.604340567612687951e-01
-5.709515859766277623e-01
-2.391143911439114422e+00
-2.388679245283019004e+00
-2.393129770992366900e+00
-2.395393474088291619e+00
-2.397683397683397555e+00
-2.395348837209302584e+00
-2.400000000000000355e+00
-2.397660818713450492e+00
-2.397660818713450492e+00
-2.390625000000000000e+00
-2.395303326810175992e+00
-2.395303326810175992e+00
-2.400000000000000355e+00
-2.400000000000000355e+00
-2.392927308447937218e+00
-2.392927308447937218e+00
-2.392927308447937218e+00
