1.762938230383973348e+00
1.732888146911519378e+00
1.702838063439064964e+00
1.662771285475793004e+00
1.622704507512520822e+00
1.582637729549248862e+00
1.552587646076794892e+00
1.512520868113522488e+00
1.472454090150250527e+00
1.422370617696160355e+00
1.382303839732888173e+00
1.332220367278798001e+00
1.292153589315526041e+00
1.242070116861435869e+00
1.191986644407345697e+00
1.131886477462437535e+00
1.081803005008347363e+00
1.021702838063439200e+00
9.515859766277129372e-01
8.914858096828046641e-01
8.213689482470785119e-01
7.512520868113522488e-01
6.911519198664440866e-01
6.210350584307179345e-01
5.609348914858097723e-01
4.908180300500835092e-01
4.207011686143572460e-01
3.606010016694491394e-01
3.005008347245409217e-01
2.404006677796327318e-01
1.702838063439065242e-01
9.015025041736228484e-02
2.003338898163606330e-02
-5.008347245409015130e-02
-1.402337228714524431e-01
-2.303839732888146863e-01
-3.305509181969950028e-01
-4.507512520868113826e-01
-6.110183639398998334e-01
-8.213689482470785119e-01
-1.212020033388981677e+00
-2.559356136820925887e+00
-3.842105263157894690e+00
-3.871559633027523262e+00
-3.875776397515528160e+00
-3.893416927899687074e+00
-3.899053627760252105e+00
-3.892405063291139555e+00
-3.885714285714286120e+00
-3.878980891719745028e+00
