5.652170195157783265e-128
4.179468739008737698e-130
2.611625746809539212e-132
1.126623618005527381e-134
4.352191218782157808e-137
1.244460290311961579e-139
2.462816479847126658e-142
3.991807923971821625e-145
4.526998206476827710e-148
3.130127710393594891e-151
1.469725917510199091e-154
8.819555760468687230e-155
1.678242000990781353e-151
1.096322328756289329e-147
3.422981520555308743e-143
5.297074713567208704e-138
5.912541358062688854e-132
5.761295514708097729e-125
4.244967684175432918e-117
-1.000000000000000000e+00
-1.000000000000000000e+00
-1.000000000000000000e+00
-1.000000000000000000e+00
-1.000000000000000000e+00
-1.000000000000000000e+00
6.603028518376118372e-01
-1.000000000000000000e+00
-1.000000000000000000e+00
-1.000000000000000000e+00
-1.000000000000000000e+00
-1.000000000000000000e+00
-1.000000000000000000e+00
-1.000000000000000000e+00
-1.000000000000000000e+00
-1.000000000000000000e+00
-1.000000000000000000e+00
-1.000000000000000000e+00
-1.000000000000000000e+00
-1.000000000000000000e+00
-1.000000000000000000e+00
-1.000000000000000000e+00
-1.000000000000000000e+00
-1.000000000000000000e+00
-1.000000000000000000e+00
-1.000000000000000000e+00
-1.000000000000000000e+00
-1.000000000000000000e+00
-1.000000000000000000e+00
-1.000000000000000000e+00
-1.000000000000000000e+00
