2.951261961840641811e-28
5.540124511487784812e-30
8.612892269843216340e-32
1.044359218143802180e-33
9.690812397207423461e-36
6.741671092619592560e-38
3.254798501715277417e-40
9.981044616401107611e-43
1.979941393301074545e-45
2.298940422252386048e-48
1.393832742788568266e-51
4.144524617197102207e-55
4.905800921916570484e-59
1.824145816256317973e-63
1.907410762282171727e-68
3.716030764500153439e-74
1.004609487466068535e-80
3.333373081560425862e-88
-1.000000000000000000e+00
-1.000000000000000000e+00
-1.000000000000000000e+00
-1.000000000000000000e+00
-1.000000000000000000e+00
-1.000000000000000000e+00
-1.000000000000000000e+00
-1.000000000000000000e+00
-1.000000000000000000e+00
-1.000000000000000000e+00
-1.000000000000000000e+00
-1.000000000000000000e+00
-1.000000000000000000e+00
-1.000000000000000000e+00
-1.000000000000000000e+00
-1.000000000000000000e+00
-1.000000000000000000e+00
-1.000000000000000000e+00
-1.000000000000000000e+00
-1.000000000000000000e+00
-1.000000000000000000e+00
-1.000000000000000000e+00
-1.000000000000000000e+00
-1.000000000000000000e+00
-1.000000000000000000e+00
-1.000000000000000000e+00
-1.000000000000000000e+00
-1.000000000000000000e+00
-1.000000000000000000e+00
-1.000000000000000000e+00
-1.000000000000000000e+00
-1.000000000000000000e+00
