1.898843930635838229e+00
1.865102639296187803e+00
1.830357142857143016e+00
1.788199697428139334e+00
1.747303543913713675e+00
1.707547169811320709e+00
1.668810289389067503e+00
1.630971993410214260e+00
1.586440677966101775e+00
1.541958041958041870e+00
1.497287522603978349e+00
1.446327683615819204e+00
1.389961389961390070e+00
1.344827586206896575e+00
1.295454545454545636e+00
1.222429906542056077e+00
1.158088235294117752e+00
1.102702702702702764e+00
1.028571428571428692e+00
9.557964970809007532e-01
8.707256046705588171e-01
7.806505421184321003e-01
6.755629691409508197e-01
5.504587155963303058e-01
3.903252710592160502e-01
4.846526655896607472e-02
-8.056713928273561143e-01
-8.106755629691410059e-01
-8.106755629691410059e-01
-8.106755629691410059e-01
-8.106755629691410059e-01
-8.106755629691410059e-01
-8.056713928273561143e-01
-8.106755629691410059e-01
-8.106755629691410059e-01
-8.106755629691410059e-01
-8.056713928273561143e-01
-8.106755629691410059e-01
-8.106755629691410059e-01
-8.106755629691410059e-01
-8.106755629691410059e-01
-8.106755629691410059e-01
-8.106755629691410059e-01
-8.106755629691410059e-01
-8.106755629691410059e-01
-8.056713928273561143e-01
-8.056713928273561143e-01
-8.056713928273561143e-01
-8.056713928273561143e-01
-8.106755629691410059e-01
