3.717223650385604206e+00
3.645569620253164889e+00
3.597014925373134275e+00
3.526829268292682951e+00
3.459330143540669589e+00
3.386416861826697655e+00
3.316513761467889676e+00
3.242152466367713259e+00
3.164113785557987057e+00
3.083155650319829189e+00
2.981366459627329490e+00
2.903614457831325435e+00
2.813229571984436017e+00
2.724202626641651026e+00
2.610108303249097705e+00
2.512110726643598468e+00
2.396039603960396391e+00
2.272300469483568452e+00
2.126984126984126977e+00
1.981651376146789101e+00
1.821517931609674790e+00
1.636363636363636243e+00
1.426188490408674125e+00
1.175979983319432876e+00
8.407005838198498004e-01
1.801501251042535445e-01
-4.503753127606338613e-01
-3.670926517571885039e+00
-3.666666666666666963e+00
-3.677419354838709964e+00
-3.672180451127819545e+00
-3.668674698795181044e+00
-3.674208144796380360e+00
-3.674208144796380360e+00
-3.674208144796380360e+00
-3.670694864048338335e+00
-3.670694864048338335e+00
-3.670694864048338335e+00
-3.670694864048338335e+00
-3.670694864048338335e+00
-3.676248108925869840e+00
-3.667170953101361430e+00
-3.676248108925869840e+00
-3.667170953101361430e+00
-3.676248108925869840e+00
-3.667170953101361430e+00
-3.667170953101361430e+00
-3.676248108925869840e+00
-3.667170953101361430e+00
-3.667170953101361430e+00
