1.963328631875881580e+00
1.928571428571428825e+00
1.895652173913043637e+00
1.855670103092783574e+00
1.817091454272863560e+00
1.767938931297710070e+00
1.728971962616822289e+00
1.684210526315789380e+00
1.639934533551554940e+00
1.595959595959596022e+00
1.544347826086956532e+00
1.494584837545126277e+00
1.437735849056603898e+00
1.386407766990291446e+00
1.329479768786127281e+00
1.280000000000000249e+00
1.215759849906191459e+00
1.140221402214022239e+00
1.065888240200166814e+00
9.908256880733945504e-01
9.057547956630525032e-01
8.106755629691410059e-01
7.005838198498749447e-01
5.754795663052544308e-01
4.053377814845705029e-01
5.504587155963303058e-02
-9.958298582151794420e-01
-1.000834028356964112e+00
-9.958298582151794420e-01
-9.958298582151794420e-01
-9.958298582151794420e-01
-1.000834028356964112e+00
-9.958298582151794420e-01
-9.958298582151794420e-01
-1.000834028356964112e+00
-1.000834028356964112e+00
-9.958298582151794420e-01
-9.958298582151794420e-01
-9.958298582151794420e-01
-1.000834028356964112e+00
-1.000834028356964112e+00
-1.000834028356964112e+00
-1.000834028356964112e+00
-1.000834028356964112e+00
-9.958298582151794420e-01
-9.958298582151794420e-01
-9.958298582151794420e-01
-9.958298582151794420e-01
-9.958298582151794420e-01
-9.958298582151794420e-01
