5.550515463917525594e+00
5.460446247464503244e+00
5.374086378737541914e+00
5.281148075668623321e+00
5.177976952624839591e+00
5.087256748273697227e+00
4.976029502151198436e+00
4.863499699338544424e+00
4.761457109283195877e+00
4.639541547277937106e+00
4.520089285714285587e+00
4.397178513293543034e+00
4.271721958925750684e+00
4.134556574923547778e+00
3.992129857353664324e+00
3.852272727272727515e+00
3.691330004539264742e+00
3.527067994802945083e+00
3.350595972050965710e+00
3.158465710964742268e+00
2.953311617806731793e+00
2.730370865352488519e+00
2.484223300970873627e+00
2.200376040827289881e+00
1.847461865466366593e+00
1.440360090022505535e+00
8.472118029507377246e-01
1.550387596899224785e-01
-3.050762690672668143e-01
-6.631657914478619187e-01
-9.712428107026757074e-01
-1.249312328082020418e+00
-1.507376844211052669e+00
-1.748437109277319434e+00
-1.966491622905726322e+00
-2.160994057266342416e+00
-2.327611288914751331e+00
-2.471896232242124736e+00
-2.594033722438391809e+00
-2.700877785280216159e+00
-2.794692737430167551e+00
-2.877066858375269209e+00
-2.950239587172871492e+00
-3.016195856873823189e+00
-3.075268817204301008e+00
-3.128124999999999822e+00
-3.177777777777777590e+00
-3.220925553319919921e+00
-3.261613691931540160e+00
-3.300906842539159669e+00
