5.570738440303657946e+00
5.506493506493506551e+00
5.451591062965470691e+00
5.396782841823056565e+00
5.344827586206896797e+00
5.295737704918033195e+00
5.237354085603112885e+00
5.169980756895445673e+00
5.107731305449936698e+00
5.044458359423919624e+00
4.989486703772418430e+00
4.925518925518925784e+00
4.862650602409638978e+00
4.791443850267379290e+00
4.724077328646748342e+00
4.653202538949797962e+00
4.582148948266060451e+00
4.514541387024608277e+00
4.435643564356436030e+00
4.361276365603028893e+00
4.293149229952203605e+00
4.208441896821261352e+00
4.122636688809402372e+00
4.040040040040040026e+00
3.952987267384916681e+00
3.862200956937798857e+00
3.773937412424100746e+00
3.675921711424670058e+00
3.578201151971643679e+00
3.480206540447504437e+00
3.376146788990825875e+00
3.259378781766841815e+00
3.148969272656554352e+00
3.024682124158564189e+00
2.895415472779369281e+00
2.763661202185792476e+00
2.624352331606217614e+00
2.471018913971934072e+00
2.307035032754201076e+00
2.127301420305102386e+00
1.922480620155038844e+00
1.735433858464616064e+00
1.560390097524381181e+00
1.399349837459364920e+00
1.247311827956989250e+00
1.107276819204801255e+00
9.742435608902225708e-01
8.492123030757688928e-01
7.321830457614403320e-01
6.211552888222054980e-01
