5.552649690295939244e+00
5.475254237288134540e+00
5.393858477970627341e+00
5.300919842312746155e+00
5.214470284237726183e+00
5.124365482233502078e+00
5.031775700934579376e+00
4.938875305623471768e+00
4.838825644098262657e+00
4.741348973607037998e+00
4.639908256880733717e+00
4.530795072788353473e+00
4.414847161572052592e+00
4.303931987247608504e+00
4.181724315952504156e+00
4.054081121682523658e+00
3.926392251815980838e+00
3.790751985053713025e+00
3.644204851752022023e+00
3.489032258064516334e+00
3.327593275932759109e+00
3.158958414302370787e+00
2.971470373079736493e+00
2.773951585407432585e+00
2.556636335111389879e+00
2.314893617021276384e+00
2.017504376094023666e+00
1.692423105776444059e+00
1.283320830207551833e+00
7.991997999499874661e-01
4.101025256314078660e-01
8.902225556389097016e-02
-1.850462615653913345e-01
-4.261065266316579891e-01
-6.421605401350336528e-01
-8.362090522630657441e-01
-1.013253313328332128e+00
-1.175293823455863862e+00
-1.322330582645661501e+00
-1.456364091022755547e+00
-1.579394848712178057e+00
-1.692423105776444059e+00
-1.793448362090522830e+00
-1.887471867966991734e+00
-1.972493123280820271e+00
-2.052861175263022808e+00
-2.125398512221041258e+00
-2.192381474376541739e+00
-2.255283178360101282e+00
-2.312138728323699599e+00
