5.536299765807962459e+00
5.448747152619588974e+00
5.339226519337016974e+00
5.233404710920771308e+00
5.127461139896372977e+00
5.001001001001000645e+00
4.891031822565091502e+00
4.759962928637627044e+00
4.632888888888889056e+00
4.500000000000000000e+00
4.366288492706645208e+00
4.215384615384615508e+00
4.058224163027656317e+00
3.901369863013698591e+00
3.730769230769230838e+00
3.544967242406193986e+00
3.349807797913234353e+00
3.137844611528822103e+00
2.911060948081264144e+00
2.650839132214489968e+00
2.365889212827988253e+00
2.008799497171590343e+00
1.596763317599460663e+00
1.016977928692699429e+00
-5.873727087576375183e+00
-5.875173370319000554e+00
-5.875262789067974722e+00
-5.873060648801128103e+00
-5.876857749469214021e+00
-5.873669268985096004e+00
-5.874822190611664219e+00
-5.873129009265858791e+00
-5.874465049928672578e+00
-5.877142857142857224e+00
-5.875625446747676506e+00
-5.876967095851216349e+00
-5.875447387258410537e+00
-5.873925501432665008e+00
-5.875268817204300831e+00
-5.875268817204300831e+00
-5.873744619799139421e+00
-5.876614060258249950e+00
-5.872218234027279493e+00
-5.875089734386216733e+00
-5.876436781609195137e+00
-5.873563218390804863e+00
-5.876436781609195137e+00
-5.874910136592379928e+00
-5.874910136592379928e+00
-5.874910136592379928e+00
