5.542016806722688926e+00
5.428571428571428825e+00
5.317507418397624974e+00
5.208053691275167374e+00
5.101019462465245624e+00
4.973166368515205882e+00
4.850990525409129894e+00
4.724565756823821516e+00
4.583201267828843406e+00
4.442424242424242387e+00
4.302811824080749581e+00
4.147742818057455594e+00
3.976729153199741518e+00
3.798421372191863821e+00
3.623582766439909175e+00
3.417372881355932090e+00
3.206349206349206504e+00
2.972898484152503240e+00
2.710217755443885768e+00
2.416417910447761219e+00
2.080665813060179392e+00
1.641162712996993012e+00
-5.361093038386466780e+00
-6.021723388848660541e+00
-6.023391812865496853e+00
-6.022010271460014330e+00
-6.023529411764705799e+00
-6.022107590272660183e+00
-6.022140221402214166e+00
-6.023633677991138136e+00
-6.022172949002217557e+00
-6.020710059171597628e+00
-6.022205773501109860e+00
-6.023703703703704448e+00
-6.020740740740740726e+00
-6.022238695329874325e+00
-6.022238695329874325e+00
-6.020771513353115445e+00
-6.023738872403560762e+00
-6.023738872403560762e+00
-6.022271714922049490e+00
-6.025241276911655675e+00
-6.022271714922049490e+00
-6.022271714922049490e+00
-6.020802377414562478e+00
-6.020802377414562478e+00
-6.020802377414562478e+00
-6.023774145616642706e+00
-6.023774145616642706e+00
-6.020802377414562478e+00
