5.562932226832641547e+00
5.526424159231296152e+00
5.485013623978201913e+00
5.438810006761324978e+00
5.397719651240778127e+00
5.357285429141716904e+00
5.320132013201320120e+00
5.272251308900523625e+00
5.225178455548345369e+00
5.190996784565916400e+00
5.135204081632653406e+00
5.096651926721414760e+00
5.048811013767209310e+00
4.994420334779912984e+00
4.945365254757519757e+00
4.897264437689969441e+00
4.847172081829121737e+00
4.795238095238095077e+00
4.751472320376914027e+00
4.703552708211997668e+00
4.640184225676454055e+00
4.587364826408650842e+00
4.532883642495784571e+00
4.477512493059411014e+00
4.416666666666666963e+00
4.359113034072471748e+00
4.300960512273212188e+00
4.241977906365071327e+00
4.184551581130119047e+00
4.120469627360898279e+00
4.060301507537688259e+00
3.988136431043005636e+00
3.920310981535471306e+00
3.851002865329512748e+00
3.780693533270852669e+00
3.713103448275862029e+00
3.634234234234234862e+00
3.564373897707231453e+00
3.487710219922380173e+00
3.398483572030328581e+00
3.319638455217748696e+00
3.234587670136108706e+00
3.142078629817049329e+00
3.049489988666414853e+00
2.960468521229867811e+00
2.855323664662186012e+00
2.752556237218813706e+00
2.643091028159790579e+00
2.530868066436853692e+00
2.410991636798088589e+00
