2.245419792187675068e-03
2.508780449643699395e-03
2.751638778216825010e-03
2.949376438828144043e-03
3.232317913168913925e-03
3.714875872492973130e-03
3.995409413572348356e-03
4.528126885034677862e-03
4.867267192200652737e-03
5.222602719197055876e-03
5.824655691116453760e-03
6.630155690681593939e-03
6.755830211743196756e-03
7.930107433973931919e-03
9.440883494896246120e-03
1.018513305188384344e-02
1.149742250420926482e-02
1.344420427442472032e-02
1.552472487496614484e-02
1.777468315679930910e-02
1.916585233380718734e-02
2.262233648446310141e-02
2.891807582646910291e-02
3.382925125158431356e-02
4.363035446708130038e-02
5.555627541851571038e-02
9.969974763452338351e-02
1.247319190574973646e-01
2.498424588234824384e-01
4.898415130234878845e-01
