2.259202925031233988e-03
2.523979889162530910e-03
2.767961456234202533e-03
2.965459439317419399e-03
3.256276556730886007e-03
3.739020105232082614e-03
4.009571937793388052e-03
4.553689950655970264e-03
4.875133059613068198e-03
5.212390034118885573e-03
5.908298251361410180e-03
6.615440483012102746e-03
6.916318331151138921e-03
8.100193943563649412e-03
9.504762473279582125e-03
1.042045892933618489e-02
1.123396794532660614e-02
1.368020328044661227e-02
1.567869623718975980e-02
1.805355055645940787e-02
1.750068162988727138e-02
2.403755093273884924e-02
2.823693816234706944e-02
2.953888481902344765e-02
4.461557748669342516e-02
5.924754491431194481e-02
9.499241056527685245e-02
1.606321605687028864e-01
2.580844040344314472e-01
4.866470331812058348e-01
