5.567539768443060880e-193
1.952185234128798827e-191
9.337119491676617286e-190
6.192816965230995389e-188
5.875900862603415840e-186
8.355093850373689739e-184
1.826608017388680902e-181
6.557070862487027162e-179
4.117196634316716618e-176
4.767386821260364479e-173
1.110043185957995470e-169
6.859115682675580067e-165
7.008034786031195243e-159
7.102579283602983062e-153
4.235321311151988876e-146
8.713024010434107766e-139
3.914805878017812656e-139
7.608667517572244672e-142
1.417285128627571192e-144
2.381062186436901170e-147
6.590921400138401416e-150
5.623296137306129174e-152
2.066814547628171504e-152
6.396057177547209938e-147
-1.000000000000000000e+00
-1.000000000000000000e+00
-1.000000000000000000e+00
-1.000000000000000000e+00
-1.000000000000000000e+00
-1.000000000000000000e+00
-1.000000000000000000e+00
-1.000000000000000000e+00
-1.000000000000000000e+00
-1.000000000000000000e+00
-1.000000000000000000e+00
-1.000000000000000000e+00
-1.000000000000000000e+00
-1.000000000000000000e+00
-1.000000000000000000e+00
-1.000000000000000000e+00
-1.000000000000000000e+00
-1.000000000000000000e+00
-1.000000000000000000e+00
-1.000000000000000000e+00
-1.000000000000000000e+00
-1.000000000000000000e+00
-1.000000000000000000e+00
-1.000000000000000000e+00
-1.000000000000000000e+00
-1.000000000000000000e+00
