2.446085672082717988e+00
2.389684813753581771e+00
2.338418862690707645e+00
2.295302013422818810e+00
2.241245136186770459e+00
2.182500000000000107e+00
2.129963898916967580e+00
2.071593533487298355e+00
2.006666666666666821e+00
1.944690265486725522e+00
1.872105843439912043e+00
1.811196487376509401e+00
1.735807860262008617e+00
1.658590308370043953e+00
1.578947368421052655e+00
1.494857142857142884e+00
1.405152224824356200e+00
1.311594202898550776e+00
1.201511335012594550e+00
1.073431241655540935e+00
9.385964912280702066e-01
7.812500000000001110e-01
5.754795663052544308e-01
2.147368421052631426e-01
-4.203502919099249002e-01
-4.153461217681401751e-01
-4.153461217681401751e-01
-4.153461217681401751e-01
-4.153461217681401751e-01
-4.153461217681401751e-01
-4.153461217681401751e-01
-4.153461217681401751e-01
-4.153461217681401751e-01
-4.153461217681401751e-01
-4.153461217681401751e-01
-4.153461217681401751e-01
-4.153461217681401751e-01
-4.153461217681401751e-01
-4.153461217681401751e-01
-4.153461217681401751e-01
-4.153461217681401751e-01
-4.153461217681401751e-01
-4.153461217681401751e-01
-4.153461217681401751e-01
-4.153461217681401751e-01
-4.153461217681401751e-01
-4.153461217681401751e-01
-4.153461217681401751e-01
-4.153461217681401751e-01
-4.153461217681401751e-01
