2.439252336448598069e+00
2.400000000000000355e+00
2.355882352941176539e+00
2.305714285714286049e+00
2.257261410788381717e+00
2.208835341365462224e+00
2.160621761658031215e+00
2.107500000000000373e+00
2.050541516245487639e+00
1.992957746478873471e+00
1.936619718309859239e+00
1.873239436619718479e+00
1.809859154929577718e+00
1.746478873239436513e+00
1.665551839464882944e+00
1.617977528089887596e+00
1.525862068965517127e+00
1.445026178010471396e+00
1.328571428571428514e+00
1.246753246753246946e+00
1.165971643035863314e+00
1.050875729774812584e+00
9.207673060884070670e-01
7.706422018348624281e-01
5.804837364470393224e-01
2.752293577981651529e-01
-4.153461217681401751e-01
-4.153461217681401751e-01
-4.153461217681401751e-01
-4.153461217681401751e-01
-4.153461217681401751e-01
-4.153461217681401751e-01
-4.153461217681401751e-01
-4.153461217681401751e-01
-4.153461217681401751e-01
-4.153461217681401751e-01
-4.153461217681401751e-01
-4.153461217681401751e-01
-4.153461217681401751e-01
-4.153461217681401751e-01
-4.153461217681401751e-01
-4.153461217681401751e-01
-4.153461217681401751e-01
-4.153461217681401751e-01
-4.153461217681401751e-01
-4.153461217681401751e-01
-4.153461217681401751e-01
-4.153461217681401751e-01
-4.153461217681401751e-01
-4.153461217681401751e-01
