2.448979591836734748e+00
2.423645320197044484e+00
2.400000000000000355e+00
2.377880184331797597e+00
2.346666666666667123e+00
2.317596566523605350e+00
2.265560165975103679e+00
2.240963855421686635e+00
2.209302325581395277e+00
2.171641791044776060e+00
2.136690647482014427e+00
2.104166666666666519e+00
2.066889632107023367e+00
2.025723472668810476e+00
1.967532467532467688e+00
1.953020134228187876e+00
1.909090909090909172e+00
1.868131868131868156e+00
1.823076923076923039e+00
1.787755102040816446e+00
1.729257641921397415e+00
1.669811320754716943e+00
1.647668393782383278e+00
1.604651162790697638e+00
1.530201342281879429e+00
1.512195121951219523e+00
1.404255319148936199e+00
1.377049180327869049e+00
1.304347826086956541e+00
1.261050875729774923e+00
1.195996663886572220e+00
1.120934111759799956e+00
1.045871559633027692e+00
9.658048373644704254e-01
8.657214345287740365e-01
7.656380316930776475e-01
6.455379482902419142e-01
5.004170141784820558e-01
3.152627189324437307e-01
-4.153461217681401751e-01
-4.153461217681401751e-01
-4.153461217681401751e-01
-4.153461217681401751e-01
-4.153461217681401751e-01
-4.153461217681401751e-01
-4.153461217681401751e-01
-4.153461217681401751e-01
-4.153461217681401751e-01
-4.153461217681401751e-01
-4.153461217681401751e-01
