2.464285714285714413e+00
2.461538461538461675e+00
2.459016393442623016e+00
2.390625000000000000e+00
2.390977443609022757e+00
2.374100719424460326e+00
2.358620689655172686e+00
2.304635761589404197e+00
2.292993630573248787e+00
2.282208588957055362e+00
2.223529411764705976e+00
2.203389830508474923e+00
2.184782608695652328e+00
2.156250000000000000e+00
2.140703517587939864e+00
2.105769230769230838e+00
2.083333333333333481e+00
2.053333333333333233e+00
1.991266375545851508e+00
1.990909090909091184e+00
1.924528301886792470e+00
1.921182266009852313e+00
1.865284974093264214e+00
1.836065573770491843e+00
1.803468208092485758e+00
1.788819875776397561e+00
1.731543624161073991e+00
1.720588235294117530e+00
1.672131147540983465e+00
1.666666666666666741e+00
1.630434782608695565e+00
1.540540540540540571e+00
1.527272727272727115e+00
1.542857142857142705e+00
1.384615384615384803e+00
1.411175979983319451e+00
1.361134278565471423e+00
1.316096747289408064e+00
1.271059216013344484e+00
1.216013344453711564e+00
1.165971643035863314e+00
1.110925771476230173e+00
1.055879899916597253e+00
9.908256880733945504e-01
9.207673060884070670e-01
8.507089241034194727e-01
7.706422018348624281e-01
6.805671392827357113e-01
5.854879065888239920e-01
4.753961634695579308e-01
