3.382716049382715973e+00
3.364948453608247458e+00
3.375000000000000000e+00
3.457627118644067910e+00
3.401273885350318604e+00
3.214285714285714413e+00
3.068607068607068999e+00
3.095137420718816035e+00
3.122055674518201762e+00
3.230769230769230838e+00
3.125827814569536400e+00
2.775160599571734554e+00
2.835886214442013387e+00
2.832962138084632819e+00
1.869074492099322748e+00
2.440000000000000391e+00
2.410714285714286031e+00
2.199095022624434570e+00
8.863636363636364646e-01
1.427917620137299837e+00
6.122448979591836871e-01
5.258426966292135685e-01
3.818181818181817788e-01
1.913439635535307826e-01
-5.609348914858097723e-01
-5.609348914858097723e-01
-5.609348914858097723e-01
-5.609348914858097723e-01
-5.609348914858097723e-01
-5.609348914858097723e-01
-5.609348914858097723e-01
-5.709515859766277623e-01
-5.609348914858097723e-01
-5.609348914858097723e-01
-5.609348914858097723e-01
-5.609348914858097723e-01
-5.709515859766277623e-01
-5.709515859766277623e-01
-5.609348914858097723e-01
-5.609348914858097723e-01
-5.609348914858097723e-01
-5.609348914858097723e-01
-5.609348914858097723e-01
-5.609348914858097723e-01
-5.609348914858097723e-01
-5.609348914858097723e-01
-5.609348914858097723e-01
-5.609348914858097723e-01
-5.609348914858097723e-01
-5.609348914858097723e-01
