1.572621035058430872e+00
1.552587646076794892e+00
1.512520868113522488e+00
1.482470784641068517e+00
1.442404006677796557e+00
1.412353923205342365e+00
1.372287145242070183e+00
1.332220367278798001e+00
1.292153589315526041e+00
1.252086811352253859e+00
1.212020033388981677e+00
1.161936560934891505e+00
1.121869782971619545e+00
1.071786310517529373e+00
1.011686143572620988e+00
9.616026711185309273e-01
9.015025041736227651e-01
8.414023372287144920e-01
7.712854757929884508e-01
6.962457337883959374e-01
6.145833333333333703e-01
5.152057245080501335e-01
3.885714285714285676e-01
2.004773269689737458e-01
-4.608365019011407604e+00
-4.592307692307691980e+00
-4.586872586872587476e+00
-4.581395348837209447e+00
-4.581395348837209447e+00
-4.581395348837209447e+00
-4.586872586872587476e+00
-4.586872586872587476e+00
-4.586872586872587476e+00
-4.586872586872587476e+00
-4.586872586872587476e+00
-4.581395348837209447e+00
-4.604651162790697860e+00
-4.609756097560976151e+00
-4.609756097560976151e+00
-4.609756097560976151e+00
-4.615384615384615863e+00
-4.591093117408907354e+00
-4.591093117408907354e+00
-4.596774193548387011e+00
-4.602409638554217253e+00
-4.602409638554217253e+00
-4.578313253012049167e+00
-4.602409638554217253e+00
-4.602409638554217253e+00
-4.596774193548387011e+00
