3.460580912863070235e+00
3.377319587628865971e+00
3.303092783505154895e+00
3.538461538461538769e+00
3.402985074626865725e+00
3.312101910828025630e+00
3.112970711297071258e+00
3.192307692307692513e+00
3.063829787234042534e+00
3.224669603524228823e+00
1.955654101995565330e+00
2.863930885529157866e+00
2.810457516339869510e+00
2.859688195991091586e+00
1.743243243243243201e+00
2.525612472160356781e+00
2.357615894039735149e+00
2.292134831460674427e+00
8.843537414965986221e-01
6.849315068493150305e-01
6.067415730337079038e-01
5.381165919282511201e-01
3.945578231292516946e-01
1.776765375854214291e-01
-6.510851419031720155e-01
-6.410684474123540255e-01
-6.510851419031720155e-01
-6.410684474123540255e-01
-6.510851419031720155e-01
-6.510851419031720155e-01
-6.510851419031720155e-01
-6.510851419031720155e-01
-6.510851419031720155e-01
-6.510851419031720155e-01
-6.510851419031720155e-01
-6.510851419031720155e-01
-6.410684474123540255e-01
-6.510851419031720155e-01
-6.510851419031720155e-01
-6.510851419031720155e-01
-6.510851419031720155e-01
-6.510851419031720155e-01
-6.510851419031720155e-01
-6.510851419031720155e-01
-6.510851419031720155e-01
-6.510851419031720155e-01
-6.510851419031720155e-01
-6.510851419031720155e-01
-6.510851419031720155e-01
-6.410684474123540255e-01
