3.331967213114753967e+00
3.182186234817813819e+00
3.446540880503144777e+00
3.383647798742138058e+00
3.302521008403361602e+00
3.018480492813141680e+00
2.962962962962962798e+00
2.968814968814969202e+00
3.109207708779443635e+00
3.197368421052631859e+00
3.019522776572668654e+00
2.743589743589743613e+00
2.835164835164835306e+00
2.819599109131403214e+00
2.117647058823529882e+00
2.460526315789473895e+00
2.373333333333333517e+00
2.334841628959276161e+00
8.747152619589977363e-01
7.568807339449541427e-01
6.136363636363637575e-01
5.080091533180778329e-01
3.844393592677345928e-01
2.608695652173912971e-01
-1.803005008347245697e-01
-1.803005008347245697e-01
-1.803005008347245697e-01
-1.903171953255425597e-01
-1.803005008347245697e-01
-1.903171953255425597e-01
-1.803005008347245697e-01
-1.803005008347245697e-01
-1.803005008347245697e-01
-1.903171953255425597e-01
-1.903171953255425597e-01
-1.803005008347245697e-01
-1.803005008347245697e-01
-1.803005008347245697e-01
-1.803005008347245697e-01
-1.803005008347245697e-01
-1.803005008347245697e-01
-1.803005008347245697e-01
-1.803005008347245697e-01
-1.803005008347245697e-01
-1.803005008347245697e-01
-1.803005008347245697e-01
-1.803005008347245697e-01
-1.903171953255425597e-01
-1.903171953255425597e-01
-1.903171953255425597e-01
