2.325411334552102360e+00
2.240437158469945622e+00
2.272058823529411686e+00
2.308550185873606164e+00
2.131868131868132288e+00
2.143646408839778861e+00
2.107208872458410376e+00
2.040665434380776411e+00
1.943820224719101208e+00
1.981343283582089443e+00
1.909604519774011244e+00
1.857410881801125901e+00
1.812382739212007765e+00
1.593406593406593519e+00
1.621928166351606970e+00
1.576559546313799798e+00
1.350844277673546090e+00
1.350844277673546090e+00
1.028571428571428692e+00
1.109433962264150919e+00
7.803163444639719115e-01
5.108514190317196002e-01
3.874345549738219541e-01
2.000000000000000111e-01
-3.070129870129870042e+00
-3.078534031413612482e+00
-3.078534031413612482e+00
-3.070496083550914079e+00
-3.070496083550914079e+00
-3.070496083550914079e+00
-3.078125000000000444e+00
-3.062500000000000000e+00
-3.078125000000000444e+00
-3.062500000000000000e+00
-3.062500000000000000e+00
-3.062500000000000000e+00
-3.062500000000000000e+00
-3.062500000000000000e+00
-3.070496083550914079e+00
-3.062827225130890341e+00
-3.075376884422110546e+00
-3.060301507537688703e+00
-3.075376884422110546e+00
-3.060301507537688703e+00
-3.075376884422110546e+00
-3.075376884422110546e+00
-3.060301507537688703e+00
-3.075376884422110546e+00
-3.075376884422110546e+00
-3.060301507537688703e+00
