3.612765957446808951e+00
3.656050955414012815e+00
3.587234042553191671e+00
3.503184713375796289e+00
3.461538461538461231e+00
3.116883116883116589e+00
3.038961038961038863e+00
3.272727272727272485e+00
3.149028077753779797e+00
3.090909090909090828e+00
2.478260869565217739e+00
2.901531728665208032e+00
2.633187772925764669e+00
2.653594771241830408e+00
2.087527352297593453e+00
9.631236442516269980e-01
2.238611713665943803e+00
8.329718004338395598e-01
7.614879649890591296e-01
9.605263157894736725e-01
6.447368421052631637e-01
5.251641137855580510e-01
3.938730853391684827e-01
1.725663716814159476e-01
-1.608365019011406938e+00
-1.613259668508287170e+00
-1.606557377049180557e+00
-1.603636363636363749e+00
-1.612687813021702832e+00
-1.612687813021702832e+00
-1.602671118530884842e+00
-1.612687813021702832e+00
-1.602671118530884842e+00
-1.612687813021702832e+00
-1.612687813021702832e+00
-1.602671118530884842e+00
-1.612687813021702832e+00
-1.612687813021702832e+00
-1.612687813021702832e+00
-1.612687813021702832e+00
-1.602671118530884842e+00
-1.602671118530884842e+00
-1.612687813021702832e+00
-1.612687813021702832e+00
-1.612687813021702832e+00
-1.612687813021702832e+00
-1.612687813021702832e+00
-1.612687813021702832e+00
-1.612687813021702832e+00
-1.612687813021702832e+00
