3.439175257731958535e+00
3.289527720739219507e+00
3.290721649484536382e+00
3.450317124735729379e+00
3.296842105263158018e+00
3.169102296450939438e+00
3.006211180124223947e+00
3.088607594936709333e+00
3.109207708779443635e+00
3.170305676855895261e+00
2.801762114537445392e+00
2.750533049040511990e+00
2.861538461538462030e+00
2.839285714285714413e+00
1.760722347629797069e+00
2.527716186252771724e+00
2.394618834080717740e+00
2.212669683257918685e+00
8.727272727272726849e-01
7.363636363636364424e-01
6.055045871559633364e-01
5.068493150684931781e-01
3.826879271070615651e-01
1.780821917808219079e-01
-4.908180300500835092e-01
-4.908180300500835092e-01
-4.808013355592654636e-01
-4.808013355592654636e-01
-4.808013355592654636e-01
-4.908180300500835092e-01
-4.908180300500835092e-01
-4.808013355592654636e-01
-4.808013355592654636e-01
-4.908180300500835092e-01
-4.908180300500835092e-01
-4.808013355592654636e-01
-4.808013355592654636e-01
-4.808013355592654636e-01
-4.808013355592654636e-01
-4.808013355592654636e-01
-4.808013355592654636e-01
-4.908180300500835092e-01
-4.908180300500835092e-01
-4.908180300500835092e-01
-4.908180300500835092e-01
-4.908180300500835092e-01
-4.908180300500835092e-01
-4.908180300500835092e-01
-4.908180300500835092e-01
-4.908180300500835092e-01
