8.514190317195324820e-01
8.313856427378965019e-01
8.113522537562604109e-01
7.913188647746244309e-01
7.612687813021702388e-01
7.312186978297162687e-01
7.111853088480801777e-01
6.911519198664440866e-01
6.611018363939900055e-01
6.410684474123540255e-01
6.010016694490818434e-01
5.809682804674457524e-01
5.409015025041736813e-01
5.108514190317196002e-01
4.607679465776293726e-01
4.307178631051753470e-01
3.906510851419032204e-01
3.305509181969950028e-01
2.704507512520868406e-01
1.903171953255425597e-01
6.010016694490818295e-02
-1.051752921535893170e+00
-1.121869782971619545e+00
-1.181969949916527485e+00
-1.242070116861435869e+00
-1.312186978297162021e+00
-1.372287145242070183e+00
-1.432387312186978345e+00
-1.502504173622704498e+00
-1.572621035058430872e+00
-1.642737896494157024e+00
-1.712854757929883398e+00
-1.782971619365609328e+00
-1.863105175292153470e+00
-1.943238731218697835e+00
-2.023372287145241977e+00
-2.114583333333333481e+00
-2.195652173913043903e+00
-2.291115311909262875e+00
-2.390532544378698443e+00
-2.498969072164948901e+00
-2.752783964365256519e+00
-3.195979899497487509e+00
-3.248704663212435673e+00
-3.259842519685039797e+00
-3.253968253968253954e+00
-3.262599469496020976e+00
-3.255319148936170137e+00
-3.264000000000000234e+00
-3.256684491978609319e+00
