8.514190317195324820e-01
8.313856427378965019e-01
8.113522537562604109e-01
7.913188647746244309e-01
7.712854757929884508e-01
7.412353923205342587e-01
7.111853088480801777e-01
6.911519198664440866e-01
6.611018363939900055e-01
6.310517529215359245e-01
6.110183639398998334e-01
5.809682804674457524e-01
5.409015025041736813e-01
5.108514190317196002e-01
4.707846410684474736e-01
4.307178631051753470e-01
3.806343906510851194e-01
3.305509181969950028e-01
2.704507512520868406e-01
1.903171953255425597e-01
6.010016694490818295e-02
-2.203672787979966685e-01
-2.203672787979966685e-01
-2.103505843071786230e-01
-2.203672787979966685e-01
-2.203672787979966685e-01
-2.203672787979966685e-01
-2.203672787979966685e-01
-2.203672787979966685e-01
-2.103505843071786230e-01
-2.203672787979966685e-01
-2.203672787979966685e-01
-2.203672787979966685e-01
-2.203672787979966685e-01
-2.203672787979966685e-01
-2.103505843071786230e-01
-2.203672787979966685e-01
-2.203672787979966685e-01
-2.203672787979966685e-01
-2.203672787979966685e-01
-2.203672787979966685e-01
-2.203672787979966685e-01
-2.203672787979966685e-01
-2.203672787979966685e-01
-2.203672787979966685e-01
-2.203672787979966685e-01
-2.203672787979966685e-01
-2.203672787979966685e-01
-2.103505843071786230e-01
-2.103505843071786230e-01
