2.485407066052227609e+00
2.477261113949923654e+00
2.475267720550739625e+00
2.467175572519084259e+00
2.463959390862944243e+00
2.455927051671732642e+00
2.457027300303336936e+00
2.449041372351160373e+00
2.442878711625566357e+00
2.440984429934706323e+00
2.434869739478958017e+00
2.430000000000000160e+00
2.422155688622754877e+00
2.413140866102538862e+00
2.411326378539493387e+00
2.408325074331020943e+00
2.397626112759644101e+00
2.397631968426245930e+00
2.391732283464567121e+00
2.387033398821218455e+00
2.384125428711416195e+00
2.372434017595308031e+00
2.366650414431984650e+00
2.362043795620437869e+00
2.362135922330097504e+00
2.353510895883777376e+00
2.347826086956521952e+00
2.345060240963855680e+00
2.339423076923077272e+00
2.330935251798561314e+00
2.322488038277512157e+00
2.319809069212410702e+00
2.318895763921942077e+00
2.313390313390313313e+00
2.305068687825675422e+00
2.299621928166351914e+00
2.293119698397738215e+00
2.290550070521862214e+00
2.285178236397749085e+00
2.275958840037418440e+00
2.267848810079328370e+00
2.264308980921359016e+00
2.259052924791086436e+00
2.266769468003084320e+00
2.255188316679477722e+00
2.254601226993865115e+00
2.247826086956521863e+00
2.240219629375428845e+00
2.229249011857707963e+00
2.227040816326530503e+00
