1.823259691538141158e+00
1.818257607336390080e+00
1.815756565235514763e+00
1.810754481033764129e+00
1.805752396832013495e+00
1.803251354731137956e+00
1.798249270529387323e+00
1.793247186327636689e+00
1.788245102125886055e+00
1.785744060025010294e+00
1.780741975823259660e+00
1.778240933722384343e+00
1.775739891621509026e+00
1.770737807419758392e+00
1.765735723218007536e+00
1.760733639016256902e+00
1.758232596915381585e+00
1.755731554814506268e+00
1.748228428511879873e+00
1.745727386411004556e+00
1.743226344310129239e+00
1.735723218007503288e+00
1.733222175906627749e+00
1.730721133805752432e+00
1.725719049604001798e+00
1.720716965402251164e+00
1.715714881200500086e+00
1.713213839099624769e+00
1.708211754897874135e+00
1.705710712796998818e+00
1.700708628595248184e+00
1.698207586494372645e+00
1.690704460191746694e+00
1.688203418090871377e+00
1.683201333889120743e+00
1.678199249687369665e+00
1.675698207586494348e+00
1.670696123384743714e+00
1.665694039182992858e+00
1.660691954981242224e+00
1.660691954981242224e+00
1.655689870779491590e+00
1.650687786577740956e+00
1.642156862745098200e+00
1.641277641277641308e+00
1.640394088669950845e+00
1.629513343799058100e+00
1.627636363636363770e+00
1.623966942148760362e+00
1.620871862615588022e+00
