5.131914893617021356e+00
5.113708820403825683e+00
5.109225874867444617e+00
5.098412698412698951e+00
5.093980992608236669e+00
5.075949367088608000e+00
5.065263157894737134e+00
5.054621848739496492e+00
5.050314465408805020e+00
5.046025104602510858e+00
5.035490605427974664e+00
5.023983315954119178e+00
5.013527575442248363e+00
5.009345794392523921e+00
4.992746113989637635e+00
4.988624612202689157e+00
4.978328173374613641e+00
4.968074150360453523e+00
4.951695786228160756e+00
4.947692307692308056e+00
4.935960591133005337e+00
4.910526315789473628e+00
4.913513513513513509e+00
4.886426592797784352e+00
4.875000000000000000e+00
4.883720930232558821e+00
4.857142857142857650e+00
4.851063829787234383e+00
4.844720496894409756e+00
4.841772151898734222e+00
4.838709677419354982e+00
4.815789473684211508e+00
4.812080536912752393e+00
4.771331058020478189e+00
4.791666666666666963e+00
4.770318021201413572e+00
4.769784172661871047e+00
4.751824817518248700e+00
4.750929368029740196e+00
4.732075471698113489e+00
4.712643678160919336e+00
4.692607003891050788e+00
4.700787401574803681e+00
4.680000000000000604e+00
4.688259109311741391e+00
4.672131147540984131e+00
4.650000000000000355e+00
4.632911392405063999e+00
4.615384615384615863e+00
4.603448275862069394e+00
