1.830762817840767109e+00
1.825760733639016475e+00
1.823259691538141158e+00
1.818257607336390080e+00
1.815756565235514763e+00
1.810754481033764129e+00
1.808253438932888812e+00
1.803251354731137956e+00
1.800750312630262640e+00
1.795748228428512006e+00
1.793247186327636689e+00
1.788245102125886055e+00
1.783243017924134977e+00
1.780741975823259660e+00
1.778240933722384343e+00
1.770737807419758392e+00
1.768236765318882853e+00
1.765735723218007536e+00
1.758232596915381585e+00
1.755731554814506268e+00
1.753230512713630951e+00
1.745727386411004556e+00
1.743226344310129239e+00
1.740725302209253922e+00
1.735723218007503288e+00
1.733222175906627749e+00
1.725719049604001798e+00
1.723218007503126481e+00
1.718215923301375847e+00
1.713213839099624769e+00
1.710712796998749452e+00
1.705710712796998818e+00
1.703209670696123501e+00
1.698207586494372645e+00
1.693205502292622011e+00
1.690704460191746694e+00
1.685702375989996060e+00
1.680700291788244982e+00
1.675698207586494348e+00
1.670696123384743714e+00
1.668195081283868397e+00
1.663192997082117541e+00
1.660691954981242224e+00
1.652315190901706199e+00
1.651465798045602673e+00
1.642156862745098200e+00
1.639344262295082233e+00
1.637943519188993724e+00
1.633744855967078413e+00
1.630263157894736858e+00
