2.854437869822485485e+00
2.797674418604651603e+00
2.750285062713797135e+00
2.691275167785235123e+00
2.641840087623220423e+00
2.585209003215434453e+00
2.525654450261780148e+00
2.466257668711656859e+00
2.402390438247012039e+00
2.337209302325581550e+00
2.269049858889934601e+00
2.198723792160437451e+00
2.125110132158590570e+00
2.047538200339558578e+00
1.961634695579649756e+00
1.881567973311092823e+00
1.791492910758965662e+00
1.691409507923269384e+00
1.586321934945788215e+00
1.476230191826522153e+00
1.351125938281901639e+00
1.211009174311926673e+00
1.055879899916597253e+00
8.657214345287740365e-01
6.405337781484570225e-01
3.452877397831526363e-01
-5.504587155963303058e-01
-5.554628857381150864e-01
-5.554628857381150864e-01
-5.504587155963303058e-01
-5.554628857381150864e-01
-5.554628857381150864e-01
-5.504587155963303058e-01
-5.504587155963303058e-01
-5.554628857381150864e-01
-5.554628857381150864e-01
-5.554628857381150864e-01
-5.554628857381150864e-01
-5.554628857381150864e-01
-5.554628857381150864e-01
-5.504587155963303058e-01
-5.504587155963303058e-01
-5.504587155963303058e-01
-5.504587155963303058e-01
-5.504587155963303058e-01
-5.504587155963303058e-01
-5.504587155963303058e-01
-5.504587155963303058e-01
-5.554628857381150864e-01
-5.554628857381150864e-01
