1.966638865721434426e+00
1.931609674728940851e+00
1.891576313594662384e+00
1.851542952460383695e+00
1.811509591326105006e+00
1.771476230191826762e+00
1.731442869057548073e+00
1.686405337781484715e+00
1.636363636363636243e+00
1.596330275229357998e+00
1.546288573811509526e+00
1.496246872393661498e+00
1.446205170975813248e+00
1.391159299416180106e+00
1.336113427856547187e+00
1.271059216013344484e+00
1.211009174311926673e+00
1.140950792326939300e+00
1.070892410341951706e+00
9.908256880733945504e-01
9.057547956630525032e-01
8.106755629691410059e-01
7.005838198498749447e-01
5.754795663052544308e-01
4.103419516263553390e-01
1.401167639699749945e-01
-2.101751459549624501e-01
-2.151793160967472862e-01
-2.151793160967472862e-01
-2.151793160967472862e-01
-2.101751459549624501e-01
-2.151793160967472862e-01
-2.151793160967472862e-01
-2.101751459549624501e-01
-2.151793160967472862e-01
-2.151793160967472862e-01
-2.151793160967472862e-01
-2.151793160967472862e-01
-2.151793160967472862e-01
-2.101751459549624501e-01
-2.101751459549624501e-01
-2.101751459549624501e-01
-2.151793160967472862e-01
-2.151793160967472862e-01
-2.151793160967472862e-01
-2.151793160967472862e-01
-2.151793160967472862e-01
-2.151793160967472862e-01
-2.151793160967472862e-01
-2.151793160967472862e-01
