1.781484570475396323e+00
1.751459549624687417e+00
1.716430358632193620e+00
1.676396997497914931e+00
1.646371976647206026e+00
1.606338615512927559e+00
1.566305254378648870e+00
1.526271893244370181e+00
1.486238532110091937e+00
1.441201000834028356e+00
1.401167639699749889e+00
1.356130108423686531e+00
1.306088407005838281e+00
1.256046705587990031e+00
1.206005004170142003e+00
1.150959132610508862e+00
1.090909090909091050e+00
1.025854879065888348e+00
9.658048373644704254e-01
8.957464553794828310e-01
8.156797331109257865e-01
7.306088407005838503e-01
6.355296080066722419e-01
5.154295246038366196e-01
3.653044203502919252e-01
2.502085070892410418e-02
-6.005004170141784586e-02
-6.005004170141784586e-02
-6.005004170141784586e-02
-6.005004170141784586e-02
-6.005004170141784586e-02
-6.005004170141784586e-02
-6.005004170141784586e-02
-6.005004170141784586e-02
-6.005004170141784586e-02
-6.005004170141784586e-02
-6.005004170141784586e-02
-6.005004170141784586e-02
-6.005004170141784586e-02
-6.005004170141784586e-02
-6.005004170141784586e-02
-6.005004170141784586e-02
-6.005004170141784586e-02
-6.005004170141784586e-02
-6.005004170141784586e-02
-6.005004170141784586e-02
-6.005004170141784586e-02
-6.005004170141784586e-02
-6.005004170141784586e-02
-6.005004170141784586e-02
