1.811452863215804010e+00
1.790447611902975744e+00
1.769442360590147700e+00
1.747436859214803739e+00
1.725431357839459778e+00
1.704426106526631957e+00
1.681420355088772300e+00
1.659414853713428339e+00
1.635408852213053210e+00
1.613403350837709471e+00
1.589397349337334342e+00
1.564391097774443518e+00
1.540385096274068610e+00
1.515378844711177786e+00
1.489372343085771488e+00
1.463365841460365191e+00
1.437359339834958671e+00
1.411352838209552374e+00
1.383345836459114686e+00
1.355338834708677220e+00
1.326331582895723837e+00
1.297324331082770454e+00
1.267316829207301820e+00
1.236309077269317269e+00
1.205301325331332940e+00
1.173293323330832694e+00
1.139284821205301279e+00
1.105276319079769864e+00
1.070267566891722977e+00
1.032258064516129004e+00
9.942485621405351415e-01
9.552388097024255842e-01
9.142285571392849697e-01
8.722180545136284380e-01
8.292073018254564332e-01
7.861965491372843173e-01
7.441860465116278966e-01
7.051762940735182283e-01
6.691672918229557565e-01
6.331582895723930626e-01
6.001500375093773432e-01
5.671417854463616237e-01
5.361340335083770725e-01
5.071267816954238006e-01
4.781195298824706397e-01
4.501125281320330074e-01
4.241060265066266544e-01
3.980995248812203013e-01
3.730932733183295880e-01
3.480870217554388746e-01
