1.806451612903225978e+00
1.775443860965241205e+00
1.745436359089772571e+00
1.713428357089272325e+00
1.680420105026256827e+00
1.647411852963240886e+00
1.613403350837709471e+00
1.579394848712178057e+00
1.543385846461615696e+00
1.507376844211052669e+00
1.470367591897974391e+00
1.432358089522380418e+00
1.393348337084270971e+00
1.352338084521130357e+00
1.310327581895473603e+00
1.267316829207301820e+00
1.221305326331582952e+00
1.175293823455863862e+00
1.127281820455113825e+00
1.075268817204301008e+00
1.022255563890972718e+00
9.652413103275819806e-01
9.042260565141285733e-01
8.402100525131284137e-01
7.701925481370343052e-01
6.931732933233308858e-01
6.071517879469867651e-01
5.141285321330332225e-01
4.271067766941735733e-01
3.490872718179545142e-01
2.800700175043761009e-01
2.170542635658914699e-01
1.600400100025006211e-01
1.050262565641410517e-01
5.301325331332833179e-02
3.000750187546886820e-03
-4.501125281320329796e-02
-9.102275568892222168e-02
-1.370342585646411593e-01
-1.820455113778444434e-01
-2.260565141285321433e-01
-2.700675168792198155e-01
-3.140785196299074600e-01
-3.580895223805951044e-01
-4.021005251312828599e-01
-4.471117779444861440e-01
-4.911227806951737884e-01
-5.361340335083770725e-01
-5.811452863215803566e-01
-6.251562890722680566e-01
