1.814453613403350873e+00
1.800450112528132030e+00
1.785446361590397490e+00
1.770442610652663173e+00
1.756439109777444552e+00
1.740435108777194317e+00
1.725431357839459778e+00
1.710427606901725461e+00
1.694423605901475449e+00
1.679419854963740910e+00
1.663415853963490898e+00
1.647411852963240886e+00
1.630407601900475401e+00
1.614403600900225166e+00
1.597399349837459459e+00
1.581395348837209225e+00
1.564391097774443518e+00
1.547386846711678032e+00
1.530382595648912547e+00
1.512378094523630923e+00
1.494373593398349520e+00
1.476369092273068340e+00
1.458364591147786715e+00
1.440360090022505535e+00
1.422355588897224354e+00
1.403350837709427257e+00
1.383345836459114686e+00
1.364341085271317811e+00
1.344336084021005240e+00
1.323330832708176752e+00
1.304326081520380098e+00
1.282320580145036137e+00
1.261315328832208094e+00
1.241310327581895523e+00
1.218304576144036089e+00
1.196299074768692128e+00
1.173293323330832694e+00
1.150287571892973260e+00
1.126281570392598130e+00
1.103275818954738696e+00
1.078269567391847872e+00
1.053263315828957269e+00
1.028257064266066445e+00
1.002250562640660148e+00
9.752438109527381549e-01
9.492373093273318574e-01
9.232308077019254489e-01
8.982245561390347355e-01
8.732183045761440221e-01
8.492123030757688928e-01
