1.812453113278319483e+00
1.793448362090522830e+00
1.773443360840210037e+00
1.753438359589897466e+00
1.733433358339584895e+00
1.712428107026756630e+00
1.693423355838959976e+00
1.672418104526131488e+00
1.650412603150787749e+00
1.629407351837959483e+00
1.607401850462615744e+00
1.585396349087271783e+00
1.563390847711928044e+00
1.540385096274068610e+00
1.517379344836208954e+00
1.494373593398349520e+00
1.471367841960489864e+00
1.446361590397599484e+00
1.421355338834708437e+00
1.396349087271818057e+00
1.370342585646411537e+00
1.344336084021005240e+00
1.318329582395598942e+00
1.291322830707676950e+00
1.263315828957239262e+00
1.234308577144286101e+00
1.205301325331332940e+00
1.175293823455863862e+00
1.144286071517879533e+00
1.113278319579894982e+00
1.080270067516879262e+00
1.047261815453863543e+00
1.012253063265816433e+00
9.762440610152539611e-01
9.392348087021756831e-01
9.012253063265815989e-01
8.632158039509877367e-01
8.262065516379094587e-01
7.891972993248311807e-01
7.531882970742687089e-01
7.191797949487371833e-01
6.871717929482370479e-01
6.561640410102526078e-01
6.261565391347836407e-01
5.981495373843460639e-01
5.701425356339084871e-01
5.451362840710177737e-01
5.191297824456113652e-01
4.931232808202050677e-01
4.691172793198299384e-01
