1.806451612903225978e+00
1.774443610902725732e+00
1.742435608902225486e+00
1.710427606901725461e+00
1.677419354838709742e+00
1.643410852713178549e+00
1.608402100525131440e+00
1.572393098274568635e+00
1.536384096024006052e+00
1.498374593648412079e+00
1.460365091272817883e+00
1.420355088772192964e+00
1.379344836209052350e+00
1.337334333583395818e+00
1.294323580895223813e+00
1.249312328082020418e+00
1.202300575143785855e+00
1.153288322080520123e+00
1.102275568892223001e+00
1.048262065516379016e+00
9.922480620155038622e-01
9.322330582645661501e-01
8.672168042010502953e-01
7.981995498874718820e-01
7.221805451362840467e-01
6.371592898224556212e-01
5.411352838209552152e-01
4.401100275068767220e-01
3.500875218804700983e-01
2.710677669417354552e-01
2.000500125031257903e-01
1.360340085021255196e-01
7.601900475118779366e-02
1.800450112528131918e-02
-3.800950237559389683e-02
-9.402350587646911284e-02
-1.500375093773443358e-01
-2.100525131282821034e-01
-2.750687671917979582e-01
-3.490872718179545142e-01
-4.461115278819705043e-01
-6.111527881970492126e-01
-3.026657552973342380e+00
-3.027402011793270731e+00
-3.026951347567378381e+00
-3.026417752729834376e+00
-3.026185421089879757e+00
-3.025222024866784931e+00
-3.026372059871703435e+00
-3.027877055039314147e+00
