1.814453613403350873e+00
1.799449862465616334e+00
1.783445861465366322e+00
1.767441860465116532e+00
1.751437859464866298e+00
1.736434108527131759e+00
1.719429857464366274e+00
1.703425856464116039e+00
1.687421855463866027e+00
1.670417604401100320e+00
1.653413353338334613e+00
1.637409352338084600e+00
1.619404851212803420e+00
1.602400600150037491e+00
1.584396099024756310e+00
1.566391597899474908e+00
1.549387346836709201e+00
1.530382595648912547e+00
1.512378094523630923e+00
1.493373343335833825e+00
1.474368592148036949e+00
1.456364091022755547e+00
1.436359089772443198e+00
1.416354088522130628e+00
1.396349087271818057e+00
1.375343835958989791e+00
1.355338834708677220e+00
1.334333583395848732e+00
1.313328332083020689e+00
1.291322830707676950e+00
1.269317329332332989e+00
1.247311827956989250e+00
1.224306076519129816e+00
1.200300075018754686e+00
1.176294073518379557e+00
1.152288072018004428e+00
1.127281820455113825e+00
1.102275568892223001e+00
1.076269067266816704e+00
1.050262565641410406e+00
1.022255563890972718e+00
9.952488122030507256e-01
9.672418104526131488e-01
9.392348087021756831e-01
9.102275568892223001e-01
8.842210552638160026e-01
8.572143035758940099e-01
8.322080520130032966e-01
8.062015503875968880e-01
7.821955488872217588e-01
