1.819454863715929127e+00
1.814453613403350873e+00
1.809452363090772620e+00
1.803450862715678893e+00
1.799449862465616334e+00
1.793448362090522830e+00
1.788447111777944576e+00
1.783445861465366322e+00
1.778444611152788513e+00
1.773443360840210037e+00
1.768442110527632005e+00
1.762440610152538056e+00
1.757439359839960025e+00
1.752438109527381771e+00
1.747436859214803739e+00
1.741435358839710235e+00
1.736434108527131759e+00
1.730432608152038254e+00
1.725431357839459778e+00
1.719429857464366274e+00
1.714428607151788020e+00
1.708427106776694293e+00
1.703425856464116039e+00
1.698424606151537786e+00
1.692423105776444059e+00
1.687421855463866027e+00
1.681420355088772300e+00
1.676419104776194047e+00
1.670417604401100320e+00
1.665416354088522066e+00
1.659414853713428339e+00
1.653413353338334613e+00
1.648412103025756359e+00
1.642410602650662632e+00
1.637409352338084600e+00
1.631407851962990652e+00
1.625406351587896925e+00
1.620405101275318893e+00
1.614403600900225166e+00
1.608402100525131440e+00
1.602400600150037491e+00
1.596399099774943764e+00
1.590397599399850037e+00
1.584396099024756310e+00
1.579394848712178057e+00
1.573393348337084330e+00
1.567391847961990825e+00
1.560390097524381181e+00
1.555388847211802927e+00
1.549387346836709201e+00
