1.771476230191826762e+00
1.751459549624687417e+00
1.726438698915763403e+00
1.706422018348624059e+00
1.686405337781484715e+00
1.666388657214345370e+00
1.641367806505421356e+00
1.616346955796497342e+00
1.596330275229357998e+00
1.566305254378648870e+00
1.546288573811509526e+00
1.521267723102585512e+00
1.496246872393661498e+00
1.471226021684737484e+00
1.441201000834028356e+00
1.416180150125104342e+00
1.386155129274395437e+00
1.356130108423686531e+00
1.331109257714762295e+00
1.301084236864053389e+00
1.266055045871559814e+00
1.241034195162635578e+00
1.206005004170142003e+00
1.170975813177647984e+00
1.135946622185154409e+00
1.100917431192660612e+00
1.065888240200166814e+00
1.025854879065888348e+00
9.858215179316097698e-01
9.407839866555464114e-01
9.007506255212677226e-01
8.507089241034194727e-01
8.006672226855713337e-01
7.456213511259383031e-01
6.955796497080900531e-01
6.305254378648874614e-01
5.654712260216847586e-01
5.004170141784820558e-01
4.303586321934945724e-01
3.552960800667223085e-01
2.802335279399499890e-01
2.001668056713928334e-01
9.507923269391159449e-02
-2.502085070892410418e-02
-9.708090075062552060e-01
-9.708090075062552060e-01
-9.708090075062552060e-01
-9.708090075062552060e-01
-9.708090075062552060e-01
-9.708090075062552060e-01
