1.781484570475396323e+00
1.766472060050041648e+00
1.756463719766472087e+00
1.741451209341117634e+00
1.731442869057548073e+00
1.716430358632193620e+00
1.706422018348624059e+00
1.696413678065054276e+00
1.681401167639699601e+00
1.671392827356130262e+00
1.661384487072560701e+00
1.646371976647206026e+00
1.636363636363636243e+00
1.621351125938282012e+00
1.606338615512927559e+00
1.596330275229357998e+00
1.581317764804003323e+00
1.571309424520433540e+00
1.556296914095079309e+00
1.541284403669724856e+00
1.526271893244370181e+00
1.516263552960800620e+00
1.501251042535446167e+00
1.491242702251876606e+00
1.476230191826522153e+00
1.456213511259382809e+00
1.446205170975813248e+00
1.431192660550458795e+00
1.416180150125104342e+00
1.401167639699749889e+00
1.386155129274395437e+00
1.366138448707256092e+00
1.356130108423686531e+00
1.336113427856547187e+00
1.321100917431192734e+00
1.306088407005838281e+00
1.291075896580483828e+00
1.271059216013344484e+00
1.256046705587990031e+00
1.236030025020850687e+00
1.221017514595496234e+00
1.206005004170142003e+00
1.185988323603002659e+00
1.165971643035863314e+00
1.150959132610508862e+00
1.130942452043369517e+00
1.105921601334445503e+00
1.090909090909091050e+00
1.065888240200166814e+00
1.045871559633027692e+00
