1.771476230191826762e+00
1.746455379482902304e+00
1.726438698915763403e+00
1.696413678065054276e+00
1.671392827356130262e+00
1.646371976647206026e+00
1.621351125938282012e+00
1.591326105087572884e+00
1.561301084236864201e+00
1.536280233527939965e+00
1.506255212677231281e+00
1.481234361968307045e+00
1.446205170975813248e+00
1.416180150125104342e+00
1.386155129274395437e+00
1.356130108423686531e+00
1.316096747289408064e+00
1.286071726438698937e+00
1.251042535446205362e+00
1.211009174311926673e+00
1.175979983319432876e+00
1.135946622185154409e+00
1.095913261050875942e+00
1.055879899916597253e+00
1.005838198498749003e+00
9.608006672226855338e-01
9.107589658048373948e-01
8.607172643869891449e-01
8.006672226855713337e-01
7.406171809841535225e-01
6.755629691409508197e-01
6.005004170141785558e-01
5.204336947456214002e-01
4.303586321934945724e-01
3.352793994995830196e-01
2.351959966638866029e-01
1.201000834028356917e-01
-2.502085070892410418e-02
-9.708090075062552060e-01
-9.708090075062552060e-01
-9.708090075062552060e-01
-9.708090075062552060e-01
-9.708090075062552060e-01
-9.708090075062552060e-01
-9.708090075062552060e-01
-9.708090075062552060e-01
-9.708090075062552060e-01
-9.708090075062552060e-01
-9.708090075062552060e-01
-9.708090075062552060e-01
