1.771476230191826762e+00
1.756463719766472087e+00
1.741451209341117634e+00
1.721434528773978290e+00
1.701417848206838945e+00
1.686405337781484715e+00
1.666388657214345370e+00
1.646371976647206026e+00
1.626355296080066681e+00
1.611342785654712229e+00
1.591326105087572884e+00
1.571309424520433540e+00
1.551292743953294639e+00
1.526271893244370181e+00
1.506255212677231281e+00
1.486238532110091937e+00
1.466221851542952592e+00
1.441201000834028356e+00
1.421184320266889234e+00
1.396163469557964998e+00
1.376146788990825875e+00
1.351125938281901639e+00
1.326105087572977403e+00
1.301084236864053389e+00
1.276063386155129376e+00
1.251042535446205362e+00
1.226021684737281126e+00
1.201000834028357112e+00
1.170975813177647984e+00
1.140950792326939300e+00
1.115929941618015064e+00
1.085904920767306159e+00
1.055879899916597253e+00
1.020850708924103456e+00
9.858215179316097698e-01
9.507923269391158616e-01
9.157631359466221754e-01
8.807339449541284893e-01
8.407005838198498004e-01
8.006672226855713337e-01
7.556296914095079753e-01
7.105921601334446169e-01
6.605504587155963669e-01
6.155129274395330086e-01
5.704753961634696502e-01
5.254378648874062918e-01
4.703919933277732057e-01
4.253544620517097363e-01
3.703085904920767613e-01
3.152627189324437307e-01
