1.771476230191826762e+00
1.746455379482902304e+00
1.721434528773978290e+00
1.691409507923269384e+00
1.661384487072560701e+00
1.631359466221851573e+00
1.606338615512927559e+00
1.576313594662218653e+00
1.541284403669724856e+00
1.516263552960800620e+00
1.476230191826522153e+00
1.446205170975813248e+00
1.411175979983319451e+00
1.376146788990825875e+00
1.341117597998332078e+00
1.306088407005838281e+00
1.266055045871559814e+00
1.226021684737281126e+00
1.185988323603002659e+00
1.140950792326939300e+00
1.095913261050875942e+00
1.055879899916597253e+00
1.005838198498749003e+00
9.507923269391158616e-01
9.007506255212677226e-01
8.407005838198498004e-01
7.756463719766473197e-01
7.105921601334446169e-01
6.305254378648874614e-01
5.404503753127606336e-01
4.403669724770642446e-01
3.252710592160133474e-01
2.001668056713928334e-01
5.004170141784820836e-02
-9.708090075062552060e-01
-9.708090075062552060e-01
-9.708090075062552060e-01
-9.708090075062552060e-01
-9.708090075062552060e-01
-9.708090075062552060e-01
-9.708090075062552060e-01
-9.708090075062552060e-01
-9.708090075062552060e-01
-9.708090075062552060e-01
-9.708090075062552060e-01
-9.708090075062552060e-01
-9.708090075062552060e-01
-9.708090075062552060e-01
-9.708090075062552060e-01
-9.708090075062552060e-01
