1.771476230191826762e+00
1.746455379482902304e+00
1.721434528773978290e+00
1.691409507923269384e+00
1.666388657214345370e+00
1.641367806505421356e+00
1.606338615512927559e+00
1.581317764804003323e+00
1.546288573811509526e+00
1.521267723102585512e+00
1.491242702251876606e+00
1.456213511259382809e+00
1.421184320266889234e+00
1.391159299416180106e+00
1.356130108423686531e+00
1.321100917431192734e+00
1.286071726438698937e+00
1.246038365304420470e+00
1.211009174311926673e+00
1.165971643035863314e+00
1.125938281901584626e+00
1.080900750625521267e+00
1.035863219349457909e+00
9.908256880733945504e-01
9.357798165137615198e-01
8.807339449541284893e-01
8.256880733944954587e-01
7.606338615512927559e-01
6.905754795663052725e-01
6.155129274395330086e-01
5.304420350291909614e-01
4.303586321934945724e-01
3.202668890742285113e-01
2.051709758131776695e-01
6.505421184320267503e-02
-9.708090075062552060e-01
-9.708090075062552060e-01
-9.708090075062552060e-01
-9.708090075062552060e-01
-9.708090075062552060e-01
-9.708090075062552060e-01
-9.708090075062552060e-01
-9.658048373644704254e-01
-9.708090075062552060e-01
-9.708090075062552060e-01
-9.708090075062552060e-01
-9.708090075062552060e-01
-9.708090075062552060e-01
-9.708090075062552060e-01
-9.708090075062552060e-01
