1.500000000000000000e+00
1.500000000000000000e+00
1.500000000000000000e+00
1.500000000000000000e+00
1.500000000000000000e+00
1.200000000000000178e+00
1.200000000000000178e+00
2.400000000000000355e+00
1.200000000000000178e+00
1.200000000000000178e+00
1.000000000000000000e+00
2.000000000000000000e+00
2.000000000000000000e+00
1.000000000000000000e+00
2.000000000000000000e+00
1.714285714285714191e+00
1.714285714285714191e+00
2.571428571428571619e+00
1.714285714285714191e+00
1.714285714285714191e+00
1.500000000000000000e+00
2.250000000000000000e+00
1.500000000000000000e+00
1.500000000000000000e+00
2.250000000000000000e+00
2.000000000000000000e+00
1.333333333333333259e+00
2.000000000000000000e+00
2.000000000000000000e+00
2.000000000000000000e+00
1.800000000000000044e+00
1.800000000000000044e+00
1.800000000000000044e+00
1.800000000000000044e+00
1.800000000000000044e+00
1.636363636363636243e+00
1.636363636363636243e+00
2.181818181818182101e+00
1.636363636363636243e+00
1.636363636363636243e+00
2.000000000000000000e+00
2.000000000000000000e+00
2.000000000000000000e+00
2.000000000000000000e+00
2.000000000000000000e+00
1.846153846153846256e+00
2.307692307692307931e+00
1.846153846153846256e+00
1.846153846153846256e+00
2.307692307692307931e+00
2.142857142857143238e+00
1.714285714285714191e+00
1.714285714285714191e+00
2.142857142857143238e+00
1.714285714285714191e+00
1.600000000000000089e+00
2.000000000000000000e+00
2.000000000000000000e+00
1.600000000000000089e+00
2.000000000000000000e+00
1.875000000000000000e+00
1.875000000000000000e+00
1.875000000000000000e+00
1.875000000000000000e+00
1.875000000000000000e+00
2.117647058823529882e+00
1.764705882352941346e+00
1.764705882352941346e+00
2.117647058823529882e+00
2.117647058823529882e+00
2.000000000000000000e+00
2.000000000000000000e+00
2.000000000000000000e+00
2.000000000000000000e+00
2.000000000000000000e+00
1.894736842105263053e+00
1.894736842105263053e+00
2.210526315789473895e+00
1.894736842105263053e+00
1.894736842105263053e+00
2.100000000000000089e+00
2.100000000000000089e+00
1.800000000000000044e+00
2.100000000000000089e+00
2.100000000000000089e+00
2.000000000000000000e+00
2.000000000000000000e+00
2.000000000000000000e+00
2.000000000000000000e+00
2.000000000000000000e+00
1.909090909090909172e+00
1.909090909090909172e+00
2.181818181818182101e+00
1.909090909090909172e+00
1.909090909090909172e+00
2.086956521739130377e+00
2.086956521739130377e+00
1.826086956521739246e+00
2.086956521739130377e+00
2.086956521739130377e+00
2.000000000000000000e+00
2.000000000000000000e+00
2.000000000000000000e+00
2.000000000000000000e+00
2.000000000000000000e+00
1.920000000000000151e+00
1.920000000000000151e+00
2.160000000000000142e+00
1.920000000000000151e+00
1.920000000000000151e+00
2.076923076923077094e+00
2.076923076923077094e+00
1.846153846153846256e+00
2.076923076923077094e+00
2.076923076923077094e+00
2.000000000000000000e+00
2.000000000000000000e+00
2.000000000000000000e+00
2.000000000000000000e+00
2.000000000000000000e+00
1.928571428571428825e+00
1.928571428571428825e+00
2.142857142857143238e+00
1.928571428571428825e+00
1.928571428571428825e+00
2.068965517241379448e+00
2.068965517241379448e+00
1.862068965517241548e+00
2.068965517241379448e+00
2.068965517241379448e+00
2.200000000000000178e+00
2.000000000000000000e+00
2.000000000000000000e+00
2.200000000000000178e+00
2.000000000000000000e+00
1.935483870967741993e+00
2.129032258064516459e+00
2.129032258064516459e+00
1.935483870967741993e+00
2.129032258064516459e+00
2.062500000000000000e+00
2.062500000000000000e+00
2.062500000000000000e+00
2.062500000000000000e+00
2.062500000000000000e+00
2.181818181818182101e+00
2.000000000000000000e+00
2.000000000000000000e+00
2.181818181818182101e+00
2.000000000000000000e+00
1.941176470588235503e+00
2.117647058823529882e+00
2.117647058823529882e+00
1.941176470588235503e+00
2.117647058823529882e+00
2.057142857142857384e+00
2.057142857142857384e+00
2.057142857142857384e+00
2.057142857142857384e+00
2.057142857142857384e+00
2.166666666666666963e+00
2.000000000000000000e+00
2.000000000000000000e+00
2.166666666666666963e+00
2.000000000000000000e+00
1.945945945945946054e+00
2.108108108108108336e+00
1.945945945945946054e+00
1.945945945945946054e+00
2.108108108108108336e+00
2.052631578947368585e+00
1.894736842105263053e+00
2.052631578947368585e+00
2.052631578947368585e+00
1.894736842105263053e+00
2.000000000000000000e+00
2.000000000000000000e+00
2.153846153846154188e+00
2.000000000000000000e+00
2.000000000000000000e+00
2.100000000000000089e+00
2.100000000000000089e+00
1.950000000000000178e+00
2.100000000000000089e+00
2.100000000000000089e+00
2.048780487804878536e+00
2.048780487804878536e+00
2.048780487804878536e+00
2.048780487804878536e+00
2.048780487804878536e+00
2.000000000000000000e+00
2.000000000000000000e+00
2.142857142857143238e+00
2.000000000000000000e+00
2.000000000000000000e+00
2.093023255813953654e+00
2.093023255813953654e+00
1.953488372093023395e+00
2.093023255813953654e+00
2.093023255813953654e+00
2.045454545454545414e+00
2.045454545454545414e+00
2.045454545454545414e+00
2.045454545454545414e+00
2.045454545454545414e+00
2.000000000000000000e+00
2.000000000000000000e+00
2.133333333333333748e+00
2.000000000000000000e+00
2.000000000000000000e+00
2.086956521739130377e+00
2.086956521739130377e+00
1.956521739130434812e+00
2.086956521739130377e+00
2.086956521739130377e+00
2.170212765957447054e+00
2.042553191489361986e+00
2.042553191489361986e+00
2.170212765957447054e+00
2.042553191489361986e+00
2.000000000000000000e+00
2.125000000000000444e+00
2.125000000000000444e+00
2.000000000000000000e+00
2.125000000000000444e+00
2.081632653061224580e+00
1.959183673469387710e+00
2.081632653061224580e+00
2.081632653061224580e+00
1.959183673469387710e+00
2.040000000000000480e+00
2.040000000000000480e+00
2.040000000000000480e+00
2.040000000000000480e+00
2.040000000000000480e+00
2.000000000000000000e+00
2.117647058823529882e+00
2.000000000000000000e+00
2.000000000000000000e+00
2.117647058823529882e+00
2.076923076923077094e+00
1.961538461538461675e+00
2.076923076923077094e+00
2.076923076923077094e+00
1.961538461538461675e+00
2.037735849056603765e+00
2.037735849056603765e+00
2.150943396226415061e+00
2.037735849056603765e+00
2.037735849056603765e+00
2.111111111111111160e+00
2.111111111111111160e+00
2.000000000000000000e+00
2.111111111111111160e+00
2.111111111111111160e+00
2.072727272727272751e+00
2.072727272727272751e+00
2.072727272727272751e+00
2.072727272727272751e+00
2.072727272727272751e+00
2.035714285714286031e+00
2.035714285714286031e+00
2.142857142857143238e+00
2.035714285714286031e+00
2.035714285714286031e+00
2.105263157894736725e+00
2.105263157894736725e+00
2.000000000000000000e+00
2.105263157894736725e+00
2.105263157894736725e+00
2.068965517241379448e+00
2.068965517241379448e+00
2.068965517241379448e+00
1.965517241379310276e+00
2.068965517241379448e+00
2.033898305084745672e+00
2.135593220338983134e+00
2.033898305084745672e+00
2.033898305084745672e+00
2.135593220338983134e+00
2.100000000000000089e+00
2.000000000000000000e+00
2.100000000000000089e+00
2.100000000000000089e+00
2.000000000000000000e+00
2.065573770491803351e+00
2.065573770491803351e+00
2.065573770491803351e+00
2.065573770491803351e+00
2.065573770491803351e+00
2.032258064516129004e+00
2.129032258064516459e+00
2.032258064516129004e+00
2.032258064516129004e+00
2.129032258064516459e+00
2.095238095238095344e+00
2.000000000000000000e+00
2.095238095238095344e+00
2.095238095238095344e+00
2.000000000000000000e+00
2.062500000000000000e+00
2.062500000000000000e+00
2.062500000000000000e+00
2.062500000000000000e+00
2.062500000000000000e+00
2.123076923076923528e+00
2.123076923076923528e+00
2.030769230769231104e+00
2.123076923076923528e+00
2.123076923076923528e+00
2.090909090909091272e+00
2.090909090909091272e+00
2.090909090909091272e+00
2.000000000000000000e+00
2.090909090909091272e+00
2.059701492537313605e+00
2.059701492537313605e+00
2.059701492537313605e+00
2.059701492537313605e+00
2.059701492537313605e+00
2.117647058823529882e+00
2.029411764705882693e+00
2.029411764705882693e+00
2.117647058823529882e+00
2.029411764705882693e+00
2.000000000000000000e+00
2.086956521739130377e+00
2.086956521739130377e+00
2.000000000000000000e+00
2.086956521739130377e+00
2.057142857142857384e+00
2.057142857142857384e+00
2.057142857142857384e+00
2.057142857142857384e+00
2.142857142857143238e+00
2.112676056338028019e+00
2.028169014084507005e+00
2.112676056338028019e+00
2.112676056338028019e+00
2.028169014084507005e+00
2.083333333333333481e+00
2.083333333333333481e+00
2.083333333333333481e+00
2.083333333333333481e+00
2.083333333333333481e+00
2.054794520547945424e+00
2.136986301369863117e+00
2.054794520547945424e+00
2.054794520547945424e+00
2.054794520547945424e+00
2.027027027027027195e+00
2.027027027027027195e+00
2.108108108108108336e+00
2.027027027027027195e+00
2.027027027027027195e+00
2.080000000000000071e+00
2.080000000000000071e+00
2.000000000000000000e+00
2.080000000000000071e+00
2.080000000000000071e+00
2.131578947368421240e+00
2.052631578947368585e+00
2.052631578947368585e+00
2.131578947368421240e+00
2.052631578947368585e+00
2.025974025974026205e+00
2.103896103896103931e+00
2.103896103896103931e+00
2.025974025974026205e+00
2.103896103896103931e+00
2.076923076923077094e+00
2.076923076923077094e+00
2.076923076923077094e+00
2.076923076923077094e+00
2.076923076923077094e+00
2.126582278481012889e+00
2.050632911392405333e+00
2.050632911392405333e+00
2.126582278481012889e+00
2.050632911392405333e+00
2.025000000000000355e+00
2.100000000000000089e+00
2.100000000000000089e+00
2.025000000000000355e+00
2.100000000000000089e+00
2.074074074074073959e+00
2.000000000000000000e+00
2.074074074074073959e+00
2.074074074074073959e+00
2.074074074074073959e+00
2.048780487804878536e+00
2.048780487804878536e+00
2.121951219512195230e+00
2.048780487804878536e+00
2.048780487804878536e+00
2.096385542168675009e+00
2.096385542168675009e+00
2.024096385542168530e+00
2.096385542168675009e+00
2.096385542168675009e+00
2.071428571428571619e+00
2.071428571428571619e+00
2.071428571428571619e+00
2.071428571428571619e+00
2.071428571428571619e+00
2.047058823529412042e+00
2.047058823529412042e+00
2.117647058823529882e+00
2.047058823529412042e+00
2.047058823529412042e+00
2.093023255813953654e+00
2.093023255813953654e+00
2.023255813953488413e+00
2.093023255813953654e+00
2.093023255813953654e+00
2.137931034482758896e+00
2.068965517241379448e+00
2.068965517241379448e+00
2.137931034482758896e+00
2.068965517241379448e+00
2.045454545454545414e+00
2.113636363636363757e+00
2.045454545454545414e+00
2.045454545454545414e+00
2.113636363636363757e+00
2.089887640449438422e+00
2.022471910112359605e+00
2.089887640449438422e+00
2.089887640449438422e+00
2.022471910112359605e+00
2.066666666666666874e+00
2.066666666666666874e+00
2.066666666666666874e+00
2.066666666666666874e+00
2.066666666666666874e+00
2.043956043956044244e+00
2.109890109890110388e+00
2.043956043956044244e+00
2.109890109890110388e+00
2.109890109890110388e+00
2.086956521739130377e+00
2.086956521739130377e+00
2.086956521739130377e+00
2.086956521739130377e+00
2.086956521739130377e+00
2.064516129032258451e+00
2.064516129032258451e+00
2.129032258064516459e+00
2.064516129032258451e+00
2.064516129032258451e+00
2.106382978723404520e+00
2.106382978723404520e+00
2.042553191489361986e+00
2.106382978723404520e+00
2.042553191489361986e+00
2.021052631578947434e+00
2.084210526315789735e+00
2.084210526315789735e+00
2.021052631578947434e+00
2.084210526315789735e+00
2.062500000000000000e+00
2.062500000000000000e+00
2.062500000000000000e+00
2.062500000000000000e+00
2.125000000000000444e+00
2.103092783505154717e+00
2.041237113402062153e+00
2.103092783505154717e+00
2.103092783505154717e+00
2.041237113402062153e+00
2.081632653061224580e+00
2.081632653061224580e+00
2.081632653061224580e+00
2.081632653061224580e+00
2.081632653061224580e+00
2.060606060606060552e+00
2.121212121212121549e+00
2.060606060606060552e+00
2.060606060606060552e+00
2.121212121212121549e+00
2.100000000000000089e+00
2.040000000000000480e+00
2.100000000000000089e+00
2.100000000000000089e+00
2.040000000000000480e+00
2.079207920792079278e+00
2.079207920792079278e+00
2.079207920792079278e+00
2.079207920792079278e+00
2.079207920792079278e+00
2.117647058823529882e+00
2.058823529411764941e+00
2.058823529411764941e+00
2.117647058823529882e+00
2.058823529411764941e+00
2.038834951456311106e+00
2.097087378640777100e+00
2.097087378640777100e+00
2.038834951456311106e+00
2.097087378640777100e+00
2.076923076923077094e+00
2.076923076923077094e+00
2.076923076923077094e+00
2.076923076923077094e+00
2.076923076923077094e+00
2.114285714285714768e+00
2.057142857142857384e+00
2.057142857142857384e+00
2.114285714285714768e+00
2.057142857142857384e+00
2.037735849056603765e+00
2.094339622641509635e+00
2.094339622641509635e+00
2.094339622641509635e+00
2.094339622641509635e+00
2.074766355140186924e+00
2.130841121495327339e+00
2.074766355140186924e+00
2.074766355140186924e+00
2.130841121495327339e+00
2.111111111111111160e+00
2.055555555555555802e+00
2.111111111111111160e+00
2.055555555555555802e+00
2.055555555555555802e+00
2.091743119266055384e+00
2.091743119266055384e+00
2.036697247706422242e+00
2.091743119266055384e+00
2.091743119266055384e+00
2.072727272727272751e+00
2.072727272727272751e+00
2.072727272727272751e+00
2.072727272727272751e+00
2.072727272727272751e+00
2.054054054054054390e+00
2.108108108108108336e+00
2.108108108108108336e+00
2.054054054054054390e+00
2.108108108108108336e+00
2.089285714285714413e+00
2.089285714285714413e+00
2.089285714285714413e+00
2.089285714285714413e+00
2.089285714285714413e+00
2.123893805309734706e+00
2.070796460176991260e+00
2.070796460176991260e+00
2.123893805309734706e+00
2.070796460176991260e+00
2.052631578947368585e+00
2.105263157894736725e+00
2.052631578947368585e+00
2.052631578947368585e+00
2.105263157894736725e+00
2.086956521739130377e+00
2.034782608695652417e+00
2.086956521739130377e+00
2.086956521739130377e+00
2.086956521739130377e+00
2.068965517241379448e+00
2.068965517241379448e+00
2.120689655172413701e+00
2.068965517241379448e+00
2.068965517241379448e+00
2.102564102564102644e+00
2.102564102564102644e+00
2.051282051282051544e+00
2.102564102564102644e+00
2.102564102564102644e+00
2.084745762711864625e+00
2.084745762711864625e+00
2.084745762711864625e+00
2.084745762711864625e+00
2.084745762711864625e+00
2.067226890756302726e+00
2.067226890756302726e+00
2.117647058823529882e+00
2.067226890756302726e+00
2.117647058823529882e+00
2.100000000000000089e+00
2.100000000000000089e+00
2.100000000000000089e+00
2.100000000000000089e+00
2.050000000000000266e+00
2.082644628099173723e+00
2.082644628099173723e+00
2.082644628099173723e+00
2.082644628099173723e+00
2.082644628099173723e+00
2.065573770491803351e+00
2.114754098360656087e+00
2.065573770491803351e+00
2.065573770491803351e+00
2.114754098360656087e+00
2.097560975609756184e+00
2.097560975609756184e+00
2.097560975609756184e+00
2.097560975609756184e+00
2.097560975609756184e+00
2.080645161290322953e+00
2.080645161290322953e+00
2.129032258064516459e+00
2.080645161290322953e+00
2.080645161290322953e+00
2.112000000000000099e+00
2.112000000000000099e+00
2.064000000000000057e+00
2.112000000000000099e+00
2.112000000000000099e+00
2.095238095238095344e+00
2.095238095238095344e+00
2.095238095238095344e+00
2.142857142857143238e+00
2.095238095238095344e+00
2.078740157480315265e+00
2.125984251968504157e+00
2.078740157480315265e+00
2.078740157480315265e+00
2.125984251968504157e+00
2.109375000000000000e+00
2.062500000000000000e+00
2.109375000000000000e+00
2.109375000000000000e+00
2.062500000000000000e+00
2.093023255813953654e+00
2.093023255813953654e+00
2.139534883720930480e+00
2.093023255813953654e+00
2.093023255813953654e+00
2.123076923076923528e+00
2.123076923076923528e+00
2.076923076923077094e+00
2.123076923076923528e+00
2.123076923076923528e+00
2.106870229007633544e+00
2.106870229007633544e+00
2.106870229007633544e+00
2.152671755725191094e+00
2.106870229007633544e+00
2.090909090909091272e+00
2.136363636363636687e+00
2.136363636363636687e+00
2.090909090909091272e+00
2.136363636363636687e+00
2.120300751879699241e+00
2.075187969924812137e+00
2.120300751879699241e+00
2.120300751879699241e+00
2.075187969924812137e+00
2.104477611940298587e+00
2.104477611940298587e+00
2.149253731343283569e+00
2.104477611940298587e+00
2.104477611940298587e+00
2.133333333333333748e+00
2.133333333333333748e+00
2.088888888888889017e+00
2.133333333333333748e+00
2.133333333333333748e+00
2.117647058823529882e+00
2.117647058823529882e+00
2.117647058823529882e+00
2.117647058823529882e+00
2.117647058823529882e+00
2.102189781021897907e+00
2.145985401459854280e+00
2.145985401459854280e+00
2.102189781021897907e+00
2.145985401459854280e+00
2.130434782608695787e+00
2.130434782608695787e+00
2.130434782608695787e+00
2.130434782608695787e+00
2.086956521739130377e+00
2.115107913669064921e+00
2.115107913669064921e+00
2.158273381294963933e+00
2.115107913669064921e+00
2.115107913669064921e+00
2.142857142857143238e+00
2.142857142857143238e+00
2.100000000000000089e+00
2.142857142857143238e+00
2.142857142857143238e+00
2.127659574468085513e+00
2.127659574468085513e+00
2.127659574468085513e+00
2.127659574468085513e+00
2.127659574468085513e+00
2.112676056338028019e+00
2.154929577464788970e+00
2.154929577464788970e+00
2.112676056338028019e+00
2.154929577464788970e+00
2.139860139860140009e+00
2.139860139860140009e+00
2.139860139860140009e+00
2.139860139860140009e+00
2.139860139860140009e+00
2.166666666666666963e+00
2.125000000000000444e+00
2.166666666666666963e+00
2.125000000000000444e+00
2.125000000000000444e+00
2.151724137931034786e+00
2.151724137931034786e+00
2.110344827586207117e+00
2.151724137931034786e+00
2.151724137931034786e+00
2.136986301369863117e+00
2.136986301369863117e+00
2.136986301369863117e+00
2.136986301369863117e+00
2.136986301369863117e+00
2.122448979591836871e+00
2.163265306122449161e+00
2.163265306122449161e+00
2.122448979591836871e+00
2.163265306122449161e+00
2.148648648648648685e+00
2.148648648648648685e+00
2.148648648648648685e+00
2.148648648648648685e+00
2.148648648648648685e+00
2.174496644295301984e+00
2.134228187919463338e+00
2.134228187919463338e+00
2.134228187919463338e+00
2.134228187919463338e+00
2.160000000000000142e+00
2.160000000000000142e+00
2.120000000000000107e+00
2.160000000000000142e+00
2.160000000000000142e+00
2.145695364238410896e+00
2.145695364238410896e+00
2.145695364238410896e+00
2.145695364238410896e+00
2.145695364238410896e+00
2.131578947368421240e+00
2.131578947368421240e+00
2.171052631578947789e+00
2.131578947368421240e+00
2.171052631578947789e+00
2.156862745098039547e+00
2.156862745098039547e+00
2.156862745098039547e+00
2.156862745098039547e+00
2.117647058823529882e+00
2.142857142857143238e+00
2.142857142857143238e+00
2.142857142857143238e+00
2.142857142857143238e+00
2.142857142857143238e+00
2.129032258064516459e+00
2.167741935483871174e+00
2.129032258064516459e+00
2.167741935483871174e+00
2.167741935483871174e+00
2.153846153846154188e+00
2.153846153846154188e+00
2.153846153846154188e+00
2.153846153846154188e+00
2.153846153846154188e+00
2.140127388535031816e+00
2.140127388535031816e+00
2.178343949044585948e+00
2.140127388535031816e+00
2.140127388535031816e+00
2.164556962025316444e+00
2.126582278481012889e+00
2.164556962025316444e+00
2.164556962025316444e+00
2.126582278481012889e+00
2.150943396226415061e+00
2.150943396226415061e+00
2.150943396226415061e+00
2.150943396226415061e+00
2.150943396226415061e+00
2.137500000000000178e+00
2.175000000000000266e+00
2.137500000000000178e+00
2.137500000000000178e+00
2.175000000000000266e+00
2.161490683229813747e+00
2.161490683229813747e+00
2.161490683229813747e+00
2.124223602484472284e+00
2.161490683229813747e+00
2.148148148148148362e+00
2.148148148148148362e+00
2.148148148148148362e+00
2.148148148148148362e+00
2.148148148148148362e+00
2.171779141104294819e+00
2.134969325153374342e+00
2.171779141104294819e+00
2.171779141104294819e+00
2.134969325153374342e+00
2.158536585365853799e+00
2.158536585365853799e+00
2.121951219512195230e+00
2.158536585365853799e+00
2.158536585365853799e+00
2.145454545454545947e+00
2.145454545454545947e+00
2.145454545454545947e+00
2.145454545454545947e+00
2.145454545454545947e+00
2.132530120481927582e+00
2.168674698795181044e+00
2.168674698795181044e+00
2.132530120481927582e+00
2.168674698795181044e+00
2.155688622754491135e+00
2.155688622754491135e+00
2.155688622754491135e+00
2.155688622754491135e+00
2.119760479041916224e+00
2.142857142857143238e+00
2.142857142857143238e+00
2.142857142857143238e+00
2.142857142857143238e+00
2.142857142857143238e+00
2.165680473372781467e+00
2.165680473372781467e+00
2.130177514792899629e+00
2.165680473372781467e+00
2.165680473372781467e+00
2.152941176470588580e+00
2.152941176470588580e+00
2.152941176470588580e+00
2.152941176470588580e+00
2.152941176470588580e+00
2.140350877192982448e+00
2.140350877192982448e+00
2.140350877192982448e+00
2.140350877192982448e+00
2.175438596491228171e+00
2.162790697674418450e+00
2.127906976744186274e+00
2.162790697674418450e+00
2.162790697674418450e+00
2.127906976744186274e+00
2.150289017341040498e+00
2.150289017341040498e+00
2.150289017341040498e+00
2.150289017341040498e+00
2.150289017341040498e+00
2.137931034482758896e+00
2.137931034482758896e+00
2.137931034482758896e+00
2.172413793103448398e+00
2.137931034482758896e+00
2.125714285714285889e+00
2.160000000000000142e+00
2.160000000000000142e+00
2.125714285714285889e+00
2.160000000000000142e+00
2.147727272727272929e+00
2.147727272727272929e+00
2.147727272727272929e+00
2.147727272727272929e+00
2.147727272727272929e+00
2.169491525423728806e+00
2.135593220338983134e+00
2.169491525423728806e+00
2.135593220338983134e+00
2.135593220338983134e+00
2.157303370786516794e+00
2.157303370786516794e+00
2.123595505617977608e+00
2.157303370786516794e+00
2.157303370786516794e+00
2.145251396648045095e+00
2.145251396648045095e+00
2.145251396648045095e+00
2.145251396648045095e+00
2.145251396648045095e+00
2.133333333333333748e+00
2.166666666666666963e+00
2.133333333333333748e+00
2.133333333333333748e+00
2.166666666666666963e+00
2.154696132596685576e+00
2.121546961325966763e+00
2.154696132596685576e+00
2.154696132596685576e+00
2.121546961325966763e+00
2.142857142857143238e+00
2.142857142857143238e+00
2.142857142857143238e+00
2.142857142857143238e+00
2.142857142857143238e+00
2.163934426229508379e+00
2.163934426229508379e+00
2.131147540983606703e+00
2.163934426229508379e+00
2.131147540983606703e+00
2.119565217391304657e+00
2.152173913043478493e+00
2.152173913043478493e+00
2.119565217391304657e+00
2.152173913043478493e+00
2.140540540540540881e+00
2.140540540540540881e+00
2.140540540540540881e+00
2.140540540540540881e+00
2.172972972972973427e+00
2.161290322580645462e+00
2.129032258064516459e+00
2.161290322580645462e+00
2.161290322580645462e+00
2.129032258064516459e+00
2.149732620320855769e+00
2.149732620320855769e+00
2.117647058823529882e+00
2.149732620320855769e+00
2.149732620320855769e+00
2.138297872340425787e+00
2.138297872340425787e+00
2.138297872340425787e+00
2.170212765957447054e+00
2.138297872340425787e+00
2.126984126984126977e+00
2.158730158730158610e+00
2.158730158730158610e+00
2.126984126984126977e+00
2.158730158730158610e+00
2.147368421052631593e+00
2.147368421052631593e+00
2.147368421052631593e+00
2.147368421052631593e+00
2.115789473684210442e+00
2.136125654450261813e+00
2.136125654450261813e+00
2.167539267015706983e+00
2.136125654450261813e+00
2.136125654450261813e+00
2.156250000000000000e+00
2.156250000000000000e+00
2.125000000000000444e+00
2.156250000000000000e+00
2.156250000000000000e+00
2.145077720207253957e+00
2.145077720207253957e+00
2.145077720207253957e+00
2.145077720207253957e+00
2.145077720207253957e+00
2.134020618556701443e+00
2.164948453608247725e+00
2.134020618556701443e+00
2.134020618556701443e+00
2.164948453608247725e+00
2.153846153846154188e+00
2.123076923076923528e+00
2.153846153846154188e+00
2.153846153846154188e+00
2.123076923076923528e+00
2.142857142857143238e+00
2.142857142857143238e+00
2.142857142857143238e+00
2.142857142857143238e+00
2.142857142857143238e+00
2.162436548223350741e+00
2.162436548223350741e+00
2.131979695431472255e+00
2.162436548223350741e+00
2.131979695431472255e+00
2.121212121212121549e+00
2.151515151515151381e+00
2.151515151515151381e+00
2.121212121212121549e+00
2.151515151515151381e+00
2.140703517587939864e+00
2.170854271356783993e+00
2.140703517587939864e+00
2.140703517587939864e+00
2.170854271356783993e+00
2.160000000000000142e+00
2.129999999999999893e+00
2.160000000000000142e+00
2.160000000000000142e+00
2.129999999999999893e+00
2.149253731343283569e+00
2.149253731343283569e+00
2.149253731343283569e+00
2.149253731343283569e+00
2.149253731343283569e+00
2.168316831683168466e+00
2.138613861386138737e+00
2.138613861386138737e+00
2.168316831683168466e+00
2.138613861386138737e+00
2.128078817733990213e+00
2.157635467980295818e+00
2.157635467980295818e+00
2.157635467980295818e+00
2.157635467980295818e+00
2.147058823529412130e+00
2.147058823529412130e+00
2.147058823529412130e+00
2.147058823529412130e+00
2.147058823529412130e+00
2.136585365853658658e+00
2.165853658536585513e+00
2.165853658536585513e+00
2.136585365853658658e+00
2.165853658536585513e+00
2.155339805825243094e+00
2.184466019417476090e+00
2.155339805825243094e+00
2.155339805825243094e+00
2.184466019417476090e+00
2.173913043478261198e+00
2.144927536231884257e+00
2.173913043478261198e+00
2.144927536231884257e+00
2.173913043478261198e+00
2.163461538461538769e+00
2.163461538461538769e+00
2.163461538461538769e+00
2.163461538461538769e+00
2.192307692307692513e+00
2.181818181818182101e+00
2.153110047846889863e+00
2.181818181818182101e+00
2.181818181818182101e+00
2.181818181818182101e+00
2.171428571428571708e+00
2.171428571428571708e+00
2.200000000000000178e+00
2.171428571428571708e+00
2.171428571428571708e+00
2.189573459715639991e+00
2.161137440758293948e+00
2.189573459715639991e+00
2.189573459715639991e+00
2.161137440758293948e+00
2.179245283018867774e+00
2.179245283018867774e+00
2.207547169811320931e+00
2.179245283018867774e+00
2.179245283018867774e+00
2.197183098591549477e+00
2.197183098591549477e+00
2.197183098591549477e+00
2.197183098591549477e+00
2.197183098591549477e+00
2.214953271028037296e+00
2.186915887850467310e+00
2.214953271028037296e+00
2.186915887850467310e+00
2.186915887850467310e+00
2.204651162790697949e+00
2.204651162790697949e+00
2.204651162790697949e+00
2.204651162790697949e+00
2.204651162790697949e+00
2.222222222222222321e+00
2.194444444444444642e+00
2.222222222222222321e+00
2.222222222222222321e+00
2.194444444444444642e+00
2.211981566820276690e+00
2.211981566820276690e+00
2.211981566820276690e+00
2.211981566820276690e+00
2.211981566820276690e+00
2.229357798165137794e+00
2.201834862385321223e+00
2.201834862385321223e+00
2.229357798165137794e+00
2.201834862385321223e+00
2.219178082191780810e+00
2.219178082191780810e+00
2.219178082191780810e+00
2.219178082191780810e+00
2.219178082191780810e+00
2.236363636363636775e+00
2.236363636363636775e+00
2.209090909090908994e+00
2.236363636363636775e+00
2.236363636363636775e+00
2.253393665158371029e+00
2.226244343891402799e+00
2.226244343891402799e+00
2.226244343891402799e+00
2.226244343891402799e+00
2.243243243243243423e+00
2.243243243243243423e+00
2.216216216216216228e+00
2.243243243243243423e+00
2.243243243243243423e+00
2.260089686098654571e+00
2.233183856502242381e+00
2.233183856502242381e+00
2.260089686098654571e+00
2.233183856502242381e+00
2.223214285714286031e+00
2.250000000000000000e+00
2.250000000000000000e+00
2.250000000000000000e+00
2.250000000000000000e+00
2.240000000000000213e+00
2.240000000000000213e+00
2.240000000000000213e+00
2.266666666666666607e+00
2.240000000000000213e+00
2.230088495575221597e+00
2.256637168141593097e+00
2.256637168141593097e+00
2.256637168141593097e+00
2.256637168141593097e+00
2.246696035242290890e+00
2.273127753303965104e+00
2.246696035242290890e+00
2.273127753303965104e+00
2.273127753303965104e+00
2.263157894736842479e+00
2.263157894736842479e+00
2.263157894736842479e+00
2.263157894736842479e+00
2.263157894736842479e+00
2.253275109170305601e+00
2.279475982532751299e+00
2.253275109170305601e+00
2.279475982532751299e+00
2.279475982532751299e+00
2.269565217391304568e+00
2.269565217391304568e+00
2.269565217391304568e+00
2.269565217391304568e+00
2.269565217391304568e+00
2.259740259740259827e+00
2.285714285714285587e+00
2.285714285714285587e+00
2.259740259740259827e+00
2.285714285714285587e+00
2.275862068965517349e+00
2.275862068965517349e+00
2.275862068965517349e+00
2.275862068965517349e+00
2.275862068965517349e+00
2.266094420600858861e+00
2.291845493562231884e+00
2.291845493562231884e+00
2.266094420600858861e+00
2.291845493562231884e+00
2.282051282051281937e+00
2.307692307692307931e+00
2.282051282051281937e+00
2.282051282051281937e+00
2.307692307692307931e+00
2.297872340425532123e+00
2.272340425531914843e+00
2.297872340425532123e+00
2.272340425531914843e+00
2.297872340425532123e+00
2.288135593220339103e+00
2.288135593220339103e+00
2.288135593220339103e+00
2.288135593220339103e+00
2.313559322033898802e+00
2.303797468354430222e+00
2.278481012658228000e+00
2.303797468354430222e+00
2.303797468354430222e+00
2.303797468354430222e+00
2.294117647058823373e+00
2.294117647058823373e+00
2.319327731092437173e+00
2.294117647058823373e+00
2.319327731092437173e+00
2.309623430962343349e+00
2.284518828451882921e+00
2.309623430962343349e+00
2.309623430962343349e+00
2.284518828451882921e+00
2.300000000000000266e+00
2.300000000000000266e+00
2.325000000000000178e+00
2.300000000000000266e+00
2.300000000000000266e+00
2.315352697095435897e+00
2.315352697095435897e+00
2.315352697095435897e+00
2.315352697095435897e+00
2.315352697095435897e+00
2.330578512396694446e+00
2.305785123966942241e+00
2.330578512396694446e+00
2.305785123966942241e+00
2.305785123966942241e+00
2.320987654320987748e+00
2.320987654320987748e+00
2.320987654320987748e+00
2.320987654320987748e+00
2.320987654320987748e+00
2.336065573770492065e+00
2.311475409836065698e+00
2.336065573770492065e+00
2.336065573770492065e+00
2.311475409836065698e+00
2.326530612244897878e+00
2.326530612244897878e+00
2.326530612244897878e+00
2.326530612244897878e+00
2.326530612244897878e+00
2.341463414634146645e+00
2.317073170731707599e+00
2.317073170731707599e+00
2.341463414634146645e+00
2.317073170731707599e+00
2.331983805668016441e+00
2.331983805668016441e+00
2.331983805668016441e+00
2.331983805668016441e+00
2.331983805668016441e+00
2.346774193548387011e+00
2.346774193548387011e+00
2.322580645161290480e+00
2.346774193548387011e+00
2.322580645161290480e+00
2.337349397590361644e+00
2.337349397590361644e+00
2.337349397590361644e+00
2.337349397590361644e+00
2.337349397590361644e+00
2.328000000000000291e+00
2.352000000000000313e+00
2.328000000000000291e+00
2.352000000000000313e+00
2.352000000000000313e+00
2.342629482071713287e+00
2.342629482071713287e+00
2.342629482071713287e+00
2.342629482071713287e+00
2.342629482071713287e+00
2.333333333333333481e+00
2.357142857142857206e+00
2.333333333333333481e+00
2.357142857142857206e+00
2.357142857142857206e+00
2.347826086956521952e+00
2.347826086956521952e+00
2.347826086956521952e+00
2.371541501976284660e+00
2.347826086956521952e+00
2.338582677165354173e+00
2.362204724409449064e+00
2.338582677165354173e+00
2.338582677165354173e+00
2.362204724409449064e+00
2.352941176470588314e+00
2.352941176470588314e+00
2.352941176470588314e+00
2.352941176470588314e+00
2.352941176470588314e+00
2.343750000000000000e+00
2.367187500000000000e+00
2.343750000000000000e+00
2.343750000000000000e+00
2.367187500000000000e+00
2.357976653696498115e+00
2.357976653696498115e+00
2.357976653696498115e+00
2.334630350194552673e+00
2.357976653696498115e+00
2.348837209302325757e+00
2.372093023255814170e+00
2.348837209302325757e+00
2.348837209302325757e+00
2.372093023255814170e+00
2.362934362934363097e+00
2.339768339768339978e+00
2.362934362934363097e+00
2.339768339768339978e+00
2.362934362934363097e+00
2.353846153846153921e+00
2.353846153846153921e+00
2.353846153846153921e+00
2.353846153846153921e+00
2.353846153846153921e+00
2.344827586206896797e+00
2.344827586206896797e+00
2.367816091954022983e+00
2.344827586206896797e+00
2.367816091954022983e+00
2.358778625954198738e+00
2.335877862595419963e+00
2.358778625954198738e+00
2.358778625954198738e+00
2.335877862595419963e+00
2.349809885931559261e+00
2.349809885931559261e+00
2.372623574144486991e+00
2.349809885931559261e+00
2.349809885931559261e+00
2.363636363636363757e+00
2.340909090909090828e+00
2.363636363636363757e+00
2.363636363636363757e+00
2.340909090909090828e+00
2.354716981132075837e+00
2.354716981132075837e+00
2.354716981132075837e+00
2.354716981132075837e+00
2.354716981132075837e+00
2.368421052631579204e+00
2.345864661654135208e+00
2.368421052631579204e+00
2.345864661654135208e+00
2.345864661654135208e+00
2.359550561797753243e+00
2.359550561797753243e+00
2.337078651685393638e+00
2.359550561797753243e+00
2.337078651685393638e+00
2.350746268656716875e+00
2.350746268656716875e+00
2.350746268656716875e+00
2.350746268656716875e+00
2.350746268656716875e+00
2.364312267657992628e+00
2.342007434944238131e+00
2.342007434944238131e+00
2.364312267657992628e+00
2.342007434944238131e+00
2.355555555555555625e+00
2.355555555555555625e+00
2.333333333333333481e+00
2.355555555555555625e+00
2.355555555555555625e+00
2.369003690036900256e+00
2.346863468634686534e+00
2.346863468634686534e+00
2.369003690036900256e+00
2.346863468634686534e+00
2.338235294117647189e+00
2.360294117647058876e+00
2.338235294117647189e+00
2.360294117647058876e+00
2.360294117647058876e+00
2.351648351648351731e+00
2.351648351648351731e+00
2.351648351648351731e+00
2.351648351648351731e+00
2.351648351648351731e+00
2.343065693430657070e+00
2.364963503649635257e+00
2.343065693430657070e+00
2.364963503649635257e+00
2.343065693430657070e+00
2.334545454545454923e+00
2.356363636363636438e+00
2.356363636363636438e+00
2.356363636363636438e+00
2.356363636363636438e+00
2.347826086956521952e+00
2.347826086956521952e+00
2.347826086956521952e+00
2.347826086956521952e+00
2.347826086956521952e+00
2.339350180505415100e+00
2.361010830324909993e+00
2.339350180505415100e+00
2.339350180505415100e+00
2.361010830324909993e+00
2.352517985611510820e+00
2.352517985611510820e+00
2.352517985611510820e+00
2.330935251798561314e+00
2.352517985611510820e+00
2.344086021505376483e+00
2.365591397849462485e+00
2.344086021505376483e+00
2.344086021505376483e+00
2.365591397849462485e+00
2.357142857142857206e+00
2.335714285714285854e+00
2.357142857142857206e+00
2.335714285714285854e+00
2.357142857142857206e+00
2.348754448398576944e+00
2.348754448398576944e+00
2.348754448398576944e+00
2.348754448398576944e+00
2.348754448398576944e+00
2.340425531914893664e+00
2.340425531914893664e+00
2.361702127659574657e+00
2.340425531914893664e+00
2.361702127659574657e+00
2.353356890459364248e+00
2.332155477031802260e+00
2.353356890459364248e+00
2.353356890459364248e+00
2.353356890459364248e+00
2.345070422535211474e+00
2.345070422535211474e+00
2.345070422535211474e+00
2.345070422535211474e+00
2.345070422535211474e+00
2.357894736842105488e+00
2.336842105263158054e+00
2.357894736842105488e+00
2.336842105263158054e+00
2.336842105263158054e+00
2.349650349650350023e+00
2.349650349650350023e+00
2.349650349650350023e+00
2.349650349650350023e+00
2.328671328671328755e+00
2.341463414634146645e+00
2.341463414634146645e+00
2.362369337979094208e+00
2.341463414634146645e+00
2.341463414634146645e+00
2.354166666666666963e+00
2.354166666666666963e+00
2.354166666666666963e+00
2.354166666666666963e+00
2.333333333333333481e+00
2.346020761245674713e+00
2.346020761245674713e+00
2.346020761245674713e+00
2.346020761245674713e+00
2.346020761245674713e+00
2.358620689655172686e+00
2.337931034482758630e+00
2.337931034482758630e+00
2.358620689655172686e+00
2.337931034482758630e+00
2.350515463917525860e+00
2.350515463917525860e+00
2.329896907216495006e+00
2.350515463917525860e+00
2.350515463917525860e+00
2.363013698630137327e+00
2.342465753424657571e+00
2.342465753424657571e+00
2.342465753424657571e+00
2.342465753424657571e+00
2.334470989761092241e+00
2.354948805460751249e+00
2.334470989761092241e+00
2.354948805460751249e+00
2.354948805460751249e+00
2.346938775510204245e+00
2.346938775510204245e+00
2.346938775510204245e+00
2.346938775510204245e+00
2.346938775510204245e+00
2.338983050847458056e+00
2.359322033898305193e+00
2.338983050847458056e+00
2.359322033898305193e+00
2.338983050847458056e+00
2.331081081081081141e+00
2.351351351351351315e+00
2.351351351351351315e+00
2.351351351351351315e+00
2.351351351351351315e+00
2.343434343434343425e+00
2.343434343434343425e+00
2.343434343434343425e+00
2.343434343434343425e+00
2.343434343434343425e+00
2.335570469798657900e+00
2.355704697986577223e+00
2.335570469798657900e+00
2.335570469798657900e+00
2.355704697986577223e+00
2.347826086956521952e+00
2.347826086956521952e+00
2.347826086956521952e+00
2.347826086956521952e+00
2.347826086956521952e+00
2.340000000000000302e+00
2.359999999999999876e+00
2.340000000000000302e+00
2.340000000000000302e+00
2.359999999999999876e+00
2.352159468438538514e+00
2.332225913621262414e+00
2.352159468438538514e+00
2.332225913621262414e+00
2.352159468438538514e+00
2.344370860927152300e+00
2.344370860927152300e+00
2.344370860927152300e+00
2.344370860927152300e+00
2.344370860927152300e+00
2.336633663366336933e+00
2.336633663366336933e+00
2.356435643564356308e+00
2.336633663366336933e+00
2.356435643564356308e+00
2.348684210526315930e+00
2.328947368421052655e+00
2.348684210526315930e+00
2.348684210526315930e+00
2.328947368421052655e+00
2.340983606557377250e+00
2.340983606557377250e+00
2.340983606557377250e+00
2.340983606557377250e+00
2.340983606557377250e+00
2.352941176470588314e+00
2.333333333333333481e+00
2.352941176470588314e+00
2.352941176470588314e+00
2.333333333333333481e+00
2.345276872964169534e+00
2.345276872964169534e+00
2.345276872964169534e+00
2.345276872964169534e+00
2.345276872964169534e+00
2.357142857142857206e+00
2.337662337662337997e+00
2.357142857142857206e+00
2.337662337662337997e+00
2.337662337662337997e+00
2.349514563106796405e+00
2.349514563106796405e+00
2.330097087378641074e+00
2.349514563106796405e+00
2.330097087378641074e+00
2.341935483870968060e+00
2.341935483870968060e+00
2.341935483870968060e+00
2.341935483870968060e+00
2.341935483870968060e+00
2.353697749196141942e+00
2.334405144694533973e+00
2.334405144694533973e+00
2.353697749196141942e+00
2.334405144694533973e+00
2.346153846153846256e+00
2.346153846153846256e+00
2.346153846153846256e+00
2.346153846153846256e+00
2.346153846153846256e+00
2.338658146964856410e+00
2.338658146964856410e+00
2.338658146964856410e+00
2.357827476038338865e+00
2.338658146964856410e+00
2.331210191082802918e+00
2.350318471337579762e+00
2.331210191082802918e+00
2.350318471337579762e+00
2.350318471337579762e+00
2.342857142857142971e+00
2.342857142857142971e+00
2.342857142857142971e+00
2.342857142857142971e+00
2.342857142857142971e+00
2.335443037974684000e+00
2.354430379746835555e+00
2.335443037974684000e+00
2.335443037974684000e+00
2.335443037974684000e+00
2.328075709779179991e+00
2.347003154574132555e+00
2.347003154574132555e+00
2.328075709779179991e+00
2.347003154574132555e+00
2.339622641509434331e+00
2.358490566037735992e+00
2.339622641509434331e+00
2.339622641509434331e+00
2.339622641509434331e+00
2.332288401253918675e+00
2.351097178683385636e+00
2.351097178683385636e+00
2.332288401253918675e+00
2.351097178683385636e+00
2.343750000000000000e+00
2.325000000000000178e+00
2.343750000000000000e+00
2.343750000000000000e+00
2.343750000000000000e+00
2.336448598130841159e+00
2.336448598130841159e+00
2.336448598130841159e+00
2.336448598130841159e+00
2.355140186915888112e+00
2.347826086956521952e+00
2.329192546583850998e+00
2.347826086956521952e+00
2.329192546583850998e+00
2.347826086956521952e+00
2.340557275541796045e+00
2.340557275541796045e+00
2.340557275541796045e+00
2.340557275541796045e+00
2.359133126934984670e+00
2.351851851851852082e+00
2.333333333333333481e+00
2.351851851851852082e+00
2.333333333333333481e+00
2.333333333333333481e+00
2.344615384615384546e+00
2.344615384615384546e+00
2.344615384615384546e+00
2.344615384615384546e+00
2.326153846153846239e+00
2.337423312883435855e+00
2.337423312883435855e+00
2.355828220858895872e+00
2.337423312883435855e+00
2.337423312883435855e+00
2.348623853211009305e+00
2.330275229357798406e+00
2.348623853211009305e+00
2.348623853211009305e+00
2.330275229357798406e+00
2.341463414634146645e+00
2.341463414634146645e+00
2.341463414634146645e+00
2.341463414634146645e+00
2.341463414634146645e+00
2.352583586626140200e+00
2.334346504559270841e+00
2.334346504559270841e+00
2.352583586626140200e+00
2.334346504559270841e+00
2.345454545454545681e+00
2.345454545454545681e+00
2.327272727272727604e+00
2.345454545454545681e+00
2.345454545454545681e+00
2.356495468277945982e+00
2.338368580060422808e+00
2.338368580060422808e+00
2.338368580060422808e+00
2.338368580060422808e+00
2.331325301204819400e+00
2.349397590361445687e+00
2.331325301204819400e+00
2.349397590361445687e+00
2.331325301204819400e+00
2.324324324324324564e+00
2.342342342342342398e+00
2.342342342342342398e+00
2.342342342342342398e+00
2.342342342342342398e+00
2.335329341317365692e+00
2.353293413173652926e+00
2.335329341317365692e+00
2.353293413173652926e+00
2.335329341317365692e+00
2.328358208955223940e+00
2.346268656716417933e+00
2.346268656716417933e+00
2.328358208955223940e+00
2.346268656716417933e+00
2.339285714285714413e+00
2.339285714285714413e+00
2.339285714285714413e+00
2.339285714285714413e+00
2.339285714285714413e+00
2.332344213649851561e+00
2.350148367952522133e+00
2.332344213649851561e+00
2.332344213649851561e+00
2.350148367952522133e+00
2.343195266272189325e+00
2.343195266272189325e+00
2.343195266272189325e+00
2.325443786982248628e+00
2.343195266272189325e+00
2.336283185840708043e+00
2.336283185840708043e+00
2.336283185840708043e+00
2.336283185840708043e+00
2.353982300884955858e+00
2.347058823529411864e+00
2.329411764705882515e+00
2.347058823529411864e+00
2.329411764705882515e+00
2.347058823529411864e+00
2.340175953079179028e+00
2.340175953079179028e+00
2.340175953079179028e+00
2.340175953079179028e+00
2.340175953079179028e+00
2.333333333333333481e+00
2.333333333333333481e+00
2.350877192982456343e+00
2.333333333333333481e+00
2.333333333333333481e+00
2.344023323615160415e+00
2.326530612244897878e+00
2.344023323615160415e+00
2.344023323615160415e+00
2.326530612244897878e+00
2.337209302325581550e+00
2.337209302325581550e+00
2.337209302325581550e+00
2.337209302325581550e+00
2.337209302325581550e+00
2.347826086956521952e+00
2.330434782608695965e+00
2.347826086956521952e+00
2.347826086956521952e+00
2.330434782608695965e+00
2.341040462427745883e+00
2.341040462427745883e+00
2.341040462427745883e+00
2.341040462427745883e+00
2.341040462427745883e+00
2.351585014409221852e+00
2.334293948126801244e+00
2.334293948126801244e+00
2.334293948126801244e+00
2.334293948126801244e+00
2.344827586206896797e+00
2.344827586206896797e+00
2.327586206896552046e+00
2.344827586206896797e+00
2.327586206896552046e+00
2.338108882521490184e+00
2.338108882521490184e+00
2.338108882521490184e+00
2.338108882521490184e+00
2.338108882521490184e+00
2.348571428571428754e+00
2.348571428571428754e+00
2.331428571428571406e+00
2.348571428571428754e+00
2.331428571428571406e+00
2.324786324786324965e+00
2.341880341880341998e+00
2.341880341880341998e+00
2.341880341880341998e+00
2.341880341880341998e+00
2.335227272727272929e+00
2.335227272727272929e+00
2.335227272727272929e+00
2.352272727272727515e+00
2.335227272727272929e+00
2.328611898016997639e+00
2.345609065155807471e+00
2.328611898016997639e+00
2.345609065155807471e+00
2.345609065155807471e+00
2.338983050847458056e+00
2.338983050847458056e+00
2.338983050847458056e+00
2.338983050847458056e+00
2.338983050847458056e+00
2.332394366197183100e+00
2.349295774647887303e+00
2.332394366197183100e+00
2.332394366197183100e+00
2.349295774647887303e+00
2.342696629213483206e+00
2.342696629213483206e+00
2.342696629213483206e+00
2.325842696629213613e+00
2.342696629213483206e+00
2.336134453781512743e+00
2.352941176470588314e+00
2.336134453781512743e+00
2.336134453781512743e+00
2.336134453781512743e+00
2.329608938547486296e+00
2.346368715083798850e+00
2.346368715083798850e+00
2.329608938547486296e+00
2.346368715083798850e+00
2.339832869080780142e+00
2.339832869080780142e+00
2.339832869080780142e+00
2.339832869080780142e+00
2.339832869080780142e+00
2.333333333333333481e+00
2.350000000000000089e+00
2.333333333333333481e+00
2.333333333333333481e+00
2.350000000000000089e+00
2.343490304709141547e+00
2.343490304709141547e+00
2.343490304709141547e+00
2.343490304709141547e+00
2.343490304709141547e+00
2.337016574585635720e+00
2.353591160220994460e+00
2.337016574585635720e+00
2.337016574585635720e+00
2.353591160220994460e+00
2.347107438016529102e+00
2.347107438016529102e+00
2.347107438016529102e+00
2.347107438016529102e+00
2.347107438016529102e+00
2.340659340659340781e+00
2.357142857142857206e+00
2.340659340659340781e+00
2.357142857142857206e+00
2.340659340659340781e+00
2.334246575342465935e+00
2.350684931506849651e+00
2.350684931506849651e+00
2.334246575342465935e+00
2.350684931506849651e+00
2.344262295081967373e+00
2.344262295081967373e+00
2.344262295081967373e+00
2.344262295081967373e+00
2.344262295081967373e+00
2.337874659400545063e+00
2.337874659400545063e+00
2.354223433242506935e+00
2.337874659400545063e+00
2.337874659400545063e+00
2.347826086956521952e+00
2.331521739130435034e+00
2.331521739130435034e+00
2.347826086956521952e+00
2.331521739130435034e+00
2.325203252032520318e+00
2.341463414634146645e+00
2.325203252032520318e+00
2.325203252032520318e+00
2.341463414634146645e+00
2.335135135135135265e+00
2.318918918918919214e+00
2.335135135135135265e+00
2.318918918918919214e+00
2.335135135135135265e+00
2.328840970350404493e+00
2.328840970350404493e+00
2.328840970350404493e+00
2.328840970350404493e+00
2.328840970350404493e+00
2.338709677419354982e+00
2.322580645161290480e+00
2.322580645161290480e+00
2.322580645161290480e+00
2.322580645161290480e+00
2.316353887399464018e+00
2.332439678284182527e+00
2.316353887399464018e+00
2.316353887399464018e+00
2.316353887399464018e+00
2.310160427807486538e+00
2.310160427807486538e+00
2.326203208556149704e+00
2.310160427807486538e+00
2.326203208556149704e+00
2.320000000000000284e+00
2.304000000000000270e+00
2.320000000000000284e+00
2.320000000000000284e+00
2.304000000000000270e+00
2.313829787234042978e+00
2.313829787234042978e+00
2.313829787234042978e+00
2.313829787234042978e+00
2.313829787234042978e+00
2.307692307692307931e+00
2.307692307692307931e+00
2.307692307692307931e+00
2.307692307692307931e+00
2.307692307692307931e+00
2.301587301587301848e+00
2.301587301587301848e+00
2.301587301587301848e+00
2.301587301587301848e+00
2.317460317460317665e+00
2.311345646437994894e+00
2.295514511873351093e+00
2.311345646437994894e+00
2.295514511873351093e+00
2.295514511873351093e+00
2.305263157894736903e+00
2.305263157894736903e+00
2.289473684210526550e+00
2.305263157894736903e+00
2.305263157894736903e+00
2.299212598425197207e+00
2.299212598425197207e+00
2.299212598425197207e+00
2.283464566929134243e+00
2.299212598425197207e+00
2.293193717277487220e+00
2.293193717277487220e+00
2.293193717277487220e+00
2.293193717277487220e+00
2.277486910994764635e+00
2.287206266318538184e+00
2.287206266318538184e+00
2.302872062663185559e+00
2.287206266318538184e+00
2.287206266318538184e+00
2.296875000000000000e+00
2.281250000000000000e+00
2.281250000000000000e+00
2.296875000000000000e+00
2.281250000000000000e+00
2.275324675324675638e+00
2.290909090909091006e+00
2.275324675324675638e+00
2.275324675324675638e+00
2.290909090909091006e+00
2.284974093264248829e+00
2.269430051813471572e+00
2.284974093264248829e+00
2.284974093264248829e+00
2.269430051813471572e+00
2.279069767441860517e+00
2.279069767441860517e+00
2.279069767441860517e+00
2.279069767441860517e+00
2.279069767441860517e+00
2.288659793814432852e+00
2.273195876288659711e+00
2.273195876288659711e+00
2.273195876288659711e+00
2.273195876288659711e+00
2.267352185089974714e+00
2.282776349614395794e+00
2.267352185089974714e+00
2.267352185089974714e+00
2.267352185089974714e+00
2.261538461538461497e+00
2.261538461538461497e+00
2.276923076923076827e+00
2.261538461538461497e+00
2.261538461538461497e+00
2.271099744245524743e+00
2.271099744245524743e+00
2.271099744245524743e+00
2.271099744245524743e+00
2.255754475703324768e+00
2.265306122448979664e+00
2.265306122448979664e+00
2.265306122448979664e+00
2.265306122448979664e+00
2.265306122448979664e+00
2.259541984732824638e+00
2.259541984732824638e+00
2.259541984732824638e+00
2.259541984732824638e+00
2.259541984732824638e+00
2.253807106598984866e+00
2.253807106598984866e+00
2.253807106598984866e+00
2.253807106598984866e+00
2.253807106598984866e+00
2.263291139240506400e+00
2.248101265822784800e+00
2.263291139240506400e+00
2.263291139240506400e+00
2.248101265822784800e+00
2.257575757575757791e+00
2.257575757575757791e+00
2.242424242424242653e+00
2.257575757575757791e+00
2.257575757575757791e+00
2.251889168765742966e+00
2.251889168765742966e+00
2.251889168765742966e+00
2.236775818639798796e+00
2.251889168765742966e+00
2.246231155778894539e+00
2.246231155778894539e+00
2.246231155778894539e+00
2.246231155778894539e+00
2.231155778894472697e+00
2.240601503759398483e+00
2.240601503759398483e+00
2.240601503759398483e+00
2.240601503759398483e+00
2.240601503759398483e+00
2.250000000000000000e+00
2.250000000000000000e+00
2.235000000000000320e+00
2.250000000000000000e+00
2.235000000000000320e+00
2.229426433915212336e+00
2.244389027431421546e+00
2.244389027431421546e+00
2.229426433915212336e+00
2.244389027431421546e+00
2.238805970149253977e+00
2.223880597014925353e+00
2.238805970149253977e+00
2.238805970149253977e+00
2.223880597014925353e+00
2.233250620347394744e+00
2.233250620347394744e+00
2.218362282878412195e+00
2.233250620347394744e+00
2.233250620347394744e+00
2.242574257425742790e+00
2.227722772277227925e+00
2.227722772277227925e+00
2.227722772277227925e+00
2.227722772277227925e+00
2.222222222222222321e+00
2.237037037037037379e+00
2.222222222222222321e+00
2.222222222222222321e+00
2.237037037037037379e+00
2.231527093596059164e+00
2.216748768472906583e+00
2.231527093596059164e+00
2.216748768472906583e+00
2.216748768472906583e+00
2.226044226044226360e+00
2.226044226044226360e+00
2.211302211302211607e+00
2.226044226044226360e+00
2.211302211302211607e+00
2.220588235294117752e+00
2.220588235294117752e+00
2.220588235294117752e+00
2.220588235294117752e+00
2.220588235294117752e+00
2.215158924205379076e+00
2.215158924205379076e+00
2.215158924205379076e+00
2.215158924205379076e+00
2.215158924205379076e+00
2.209756097560975796e+00
2.209756097560975796e+00
2.224390243902439224e+00
2.209756097560975796e+00
2.209756097560975796e+00
2.218978102189780977e+00
2.204379562043795815e+00
2.204379562043795815e+00
2.218978102189780977e+00
2.204379562043795815e+00
2.213592233009709087e+00
2.213592233009709087e+00
2.199029126213592367e+00
2.213592233009709087e+00
2.213592233009709087e+00
2.208232445520581511e+00
2.208232445520581511e+00
2.208232445520581511e+00
2.193704600484261746e+00
2.208232445520581511e+00
2.202898550724638138e+00
2.202898550724638138e+00
2.202898550724638138e+00
2.202898550724638138e+00
2.202898550724638138e+00
2.212048192771084665e+00
2.197590361445783014e+00
2.197590361445783014e+00
2.197590361445783014e+00
2.197590361445783014e+00
2.192307692307692513e+00
2.206730769230769607e+00
2.192307692307692513e+00
2.206730769230769607e+00
2.192307692307692513e+00
2.187050359712230385e+00
2.201438848920863389e+00
2.201438848920863389e+00
2.187050359712230385e+00
2.201438848920863389e+00
2.196172248803827998e+00
2.181818181818182101e+00
2.196172248803827998e+00
2.196172248803827998e+00
2.181818181818182101e+00
2.190930787589498774e+00
2.190930787589498774e+00
2.190930787589498774e+00
2.190930787589498774e+00
2.190930787589498774e+00
2.185714285714285943e+00
2.185714285714285943e+00
2.185714285714285943e+00
2.200000000000000178e+00
2.185714285714285943e+00
2.180522565320665240e+00
2.194774346793349373e+00
2.180522565320665240e+00
2.180522565320665240e+00
2.194774346793349373e+00
2.189573459715639991e+00
2.175355450236966970e+00
2.189573459715639991e+00
2.175355450236966970e+00
2.175355450236966970e+00
2.184397163120567864e+00
2.184397163120567864e+00
2.170212765957447054e+00
2.184397163120567864e+00
2.184397163120567864e+00
2.179245283018867774e+00
2.179245283018867774e+00
2.179245283018867774e+00
2.179245283018867774e+00
2.179245283018867774e+00
2.174117647058823710e+00
2.188235294117647278e+00
2.174117647058823710e+00
2.174117647058823710e+00
2.174117647058823710e+00
2.169014084507042472e+00
2.169014084507042472e+00
2.183098591549295975e+00
2.169014084507042472e+00
2.169014084507042472e+00
2.177985948477751954e+00
2.163934426229508379e+00
2.163934426229508379e+00
2.177985948477751954e+00
2.163934426229508379e+00
2.158878504672897325e+00
2.172897196261682318e+00
2.172897196261682318e+00
2.172897196261682318e+00
2.172897196261682318e+00
2.167832167832167922e+00
2.167832167832167922e+00
2.167832167832167922e+00
2.167832167832167922e+00
2.167832167832167922e+00
2.162790697674418450e+00
2.162790697674418450e+00
2.162790697674418450e+00
2.162790697674418450e+00
2.162790697674418450e+00
2.171693735498839928e+00
2.157772621809745051e+00
2.157772621809745051e+00
2.157772621809745051e+00
2.157772621809745051e+00
2.152777777777777679e+00
2.166666666666666963e+00
2.152777777777777679e+00
2.152777777777777679e+00
2.152777777777777679e+00
2.147806004618937781e+00
2.161662817551963212e+00
2.161662817551963212e+00
2.147806004618937781e+00
2.161662817551963212e+00
2.156682027649769573e+00
2.156682027649769573e+00
2.156682027649769573e+00
2.156682027649769573e+00
2.142857142857143238e+00
2.151724137931034786e+00
2.151724137931034786e+00
2.151724137931034786e+00
2.151724137931034786e+00
2.151724137931034786e+00
2.146788990825688526e+00
2.146788990825688526e+00
2.146788990825688526e+00
2.146788990825688526e+00
2.146788990825688526e+00
2.141876430205949866e+00
2.155606407322654849e+00
2.141876430205949866e+00
2.141876430205949866e+00
2.155606407322654849e+00
2.150684931506849473e+00
2.136986301369863117e+00
2.150684931506849473e+00
2.150684931506849473e+00
2.136986301369863117e+00
2.145785876993166141e+00
2.145785876993166141e+00
2.132118451025057038e+00
2.145785876993166141e+00
2.145785876993166141e+00
2.140909090909091095e+00
2.140909090909091095e+00
2.140909090909091095e+00
2.127272727272727426e+00
2.140909090909091095e+00
2.136054421768707634e+00
2.149659863945578397e+00
2.136054421768707634e+00
2.136054421768707634e+00
2.136054421768707634e+00
2.131221719457013997e+00
2.131221719457013997e+00
2.144796380090498111e+00
2.131221719457013997e+00
2.131221719457013997e+00
2.139954853273137836e+00
2.126410835214447292e+00
2.126410835214447292e+00
2.139954853273137836e+00
2.126410835214447292e+00
2.121621621621621934e+00
2.135135135135135087e+00
2.135135135135135087e+00
2.121621621621621934e+00
2.135135135135135087e+00
2.130337078651685534e+00
2.116853932584269682e+00
2.130337078651685534e+00
2.130337078651685534e+00
2.130337078651685534e+00
2.125560538116592291e+00
2.125560538116592291e+00
2.125560538116592291e+00
2.125560538116592291e+00
2.125560538116592291e+00
2.134228187919463338e+00
2.120805369127516826e+00
2.120805369127516826e+00
2.120805369127516826e+00
2.120805369127516826e+00
2.116071428571428825e+00
2.129464285714286031e+00
2.116071428571428825e+00
2.116071428571428825e+00
2.116071428571428825e+00
2.111358574610245231e+00
2.111358574610245231e+00
2.124721603563474392e+00
2.111358574610245231e+00
2.124721603563474392e+00
2.120000000000000107e+00
2.106666666666666909e+00
2.120000000000000107e+00
2.120000000000000107e+00
2.106666666666666909e+00
2.115299334811529874e+00
2.115299334811529874e+00
2.101995565410199607e+00
2.115299334811529874e+00
2.115299334811529874e+00
2.110619469026548956e+00
2.110619469026548956e+00
2.110619469026548956e+00
2.097345132743362761e+00
2.110619469026548956e+00
2.105960264900662349e+00
2.105960264900662349e+00
2.105960264900662349e+00
2.105960264900662349e+00
2.105960264900662349e+00
2.101321585903083822e+00
2.101321585903083822e+00
2.101321585903083822e+00
2.101321585903083822e+00
2.101321585903083822e+00
2.109890109890110388e+00
2.096703296703296804e+00
2.096703296703296804e+00
2.096703296703296804e+00
2.096703296703296804e+00
2.092105263157894690e+00
2.105263157894736725e+00
2.092105263157894690e+00
2.092105263157894690e+00
2.105263157894736725e+00
2.100656455142232204e+00
2.087527352297593453e+00
2.100656455142232204e+00
2.100656455142232204e+00
2.100656455142232204e+00
2.096069868995633190e+00
2.096069868995633190e+00
2.096069868995633190e+00
2.096069868995633190e+00
2.096069868995633190e+00
2.104575163398692883e+00
2.091503267973856328e+00
2.091503267973856328e+00
2.104575163398692883e+00
2.091503267973856328e+00
2.086956521739130377e+00
2.100000000000000089e+00
2.100000000000000089e+00
2.086956521739130377e+00
2.100000000000000089e+00
2.095444685466377521e+00
2.095444685466377521e+00
2.095444685466377521e+00
2.095444685466377521e+00
2.095444685466377521e+00
2.103896103896103931e+00
2.090909090909091272e+00
2.103896103896103931e+00
2.103896103896103931e+00
2.090909090909091272e+00
2.099352051835853494e+00
2.099352051835853494e+00
2.086393088552915831e+00
2.099352051835853494e+00
2.099352051835853494e+00
2.094827586206896797e+00
2.094827586206896797e+00
2.094827586206896797e+00
2.094827586206896797e+00
2.094827586206896797e+00
2.090322580645161299e+00
2.090322580645161299e+00
2.103225806451613167e+00
2.090322580645161299e+00
2.090322580645161299e+00
2.098712446351931771e+00
2.098712446351931771e+00
2.098712446351931771e+00
2.098712446351931771e+00
2.098712446351931771e+00
2.107066381156316837e+00
2.094218415417559154e+00
2.094218415417559154e+00
2.107066381156316837e+00
2.094218415417559154e+00
2.089743589743589869e+00
2.102564102564102644e+00
2.089743589743589869e+00
2.089743589743589869e+00
2.102564102564102644e+00
2.098081023454157812e+00
2.085287846481876262e+00
2.098081023454157812e+00
2.098081023454157812e+00
2.085287846481876262e+00
2.093617021276596102e+00
2.093617021276596102e+00
2.106382978723404520e+00
2.093617021276596102e+00
2.093617021276596102e+00
2.101910828025477684e+00
2.101910828025477684e+00
2.089171974522292974e+00
2.101910828025477684e+00
2.101910828025477684e+00
2.097457627118644474e+00
2.097457627118644474e+00
2.097457627118644474e+00
2.097457627118644474e+00
2.097457627118644474e+00
2.093023255813953654e+00
2.093023255813953654e+00
2.093023255813953654e+00
2.093023255813953654e+00
2.093023255813953654e+00
2.101265822784810222e+00
2.088607594936709333e+00
2.101265822784810222e+00
2.101265822784810222e+00
2.088607594936709333e+00
2.096842105263158285e+00
2.096842105263158285e+00
2.096842105263158285e+00
2.096842105263158285e+00
2.096842105263158285e+00
2.092436974789916082e+00
2.105042016806722760e+00
2.092436974789916082e+00
2.092436974789916082e+00
2.105042016806722760e+00
2.100628930817610041e+00
2.088050314465409230e+00
2.100628930817610041e+00
2.100628930817610041e+00
2.088050314465409230e+00
2.096234309623431269e+00
2.096234309623431269e+00
2.096234309623431269e+00
2.096234309623431269e+00
2.096234309623431269e+00
2.104384133611691521e+00
2.091858037578288254e+00
2.091858037578288254e+00
2.104384133611691521e+00
2.091858037578288254e+00
2.087499999999999911e+00
2.100000000000000089e+00
2.100000000000000089e+00
2.087499999999999911e+00
2.100000000000000089e+00
2.095634095634095750e+00
2.095634095634095750e+00
2.095634095634095750e+00
2.095634095634095750e+00
2.095634095634095750e+00
2.103734439834024972e+00
2.091286307053942028e+00
2.091286307053942028e+00
2.103734439834024972e+00
2.091286307053942028e+00
2.099378881987577827e+00
2.099378881987577827e+00
2.099378881987577827e+00
2.099378881987577827e+00
2.099378881987577827e+00
2.095041322314049825e+00
2.095041322314049825e+00
2.095041322314049825e+00
2.095041322314049825e+00
2.095041322314049825e+00
2.090721649484536204e+00
2.090721649484536204e+00
2.103092783505154717e+00
2.090721649484536204e+00
2.090721649484536204e+00
2.098765432098765871e+00
2.098765432098765871e+00
2.086419753086420137e+00
2.098765432098765871e+00
2.098765432098765871e+00
2.106776180698151979e+00
2.094455852156057674e+00
2.094455852156057674e+00
2.106776180698151979e+00
2.094455852156057674e+00
2.090163934426229719e+00
2.102459016393442681e+00
2.102459016393442681e+00
2.090163934426229719e+00
2.102459016393442681e+00
2.098159509202453865e+00
2.085889570552147187e+00
2.098159509202453865e+00
2.098159509202453865e+00
2.085889570552147187e+00
2.093877551020408401e+00
2.093877551020408401e+00
2.093877551020408401e+00
2.093877551020408401e+00
2.093877551020408401e+00
2.101832993890020429e+00
2.101832993890020429e+00
2.089613034623218013e+00
2.101832993890020429e+00
2.101832993890020429e+00
2.097560975609756184e+00
2.097560975609756184e+00
2.097560975609756184e+00
2.097560975609756184e+00
2.097560975609756184e+00
2.093306288032454443e+00
2.093306288032454443e+00
2.105476673427991940e+00
2.093306288032454443e+00
2.093306288032454443e+00
2.101214574898785603e+00
2.089068825910931348e+00
2.089068825910931348e+00
2.101214574898785603e+00
2.089068825910931348e+00
2.084848484848484951e+00
2.096969696969697150e+00
2.096969696969697150e+00
2.096969696969697150e+00
2.096969696969697150e+00
2.092741935483871440e+00
2.104838709677419484e+00
2.092741935483871440e+00
2.092741935483871440e+00
2.104838709677419484e+00
2.100603621730382731e+00
2.088531187122736554e+00
2.100603621730382731e+00
2.100603621730382731e+00
2.088531187122736554e+00
2.096385542168675009e+00
2.096385542168675009e+00
2.096385542168675009e+00
2.096385542168675009e+00
2.096385542168675009e+00
2.092184368737475264e+00
2.104208416833667439e+00
2.092184368737475264e+00
2.104208416833667439e+00
2.092184368737475264e+00
2.088000000000000078e+00
2.100000000000000089e+00
2.100000000000000089e+00
2.088000000000000078e+00
2.100000000000000089e+00
2.095808383233533245e+00
2.095808383233533245e+00
2.095808383233533245e+00
2.095808383233533245e+00
2.095808383233533245e+00
2.103585657370518280e+00
2.091633466135458530e+00
2.091633466135458530e+00
2.103585657370518280e+00
2.091633466135458530e+00
2.087475149105368022e+00
2.099403578528827197e+00
2.099403578528827197e+00
2.099403578528827197e+00
2.099403578528827197e+00
2.095238095238095344e+00
2.107142857142857206e+00
2.095238095238095344e+00
2.095238095238095344e+00
2.095238095238095344e+00
2.091089108910891170e+00
2.091089108910891170e+00
2.102970297029703062e+00
2.091089108910891170e+00
2.091089108910891170e+00
2.098814229249011731e+00
2.098814229249011731e+00
2.086956521739130377e+00
2.098814229249011731e+00
2.098814229249011731e+00
2.094674556213017791e+00
2.094674556213017791e+00
2.094674556213017791e+00
2.106508875739645070e+00
2.094674556213017791e+00
2.090551181102362488e+00
2.102362204724409711e+00
2.102362204724409711e+00
2.090551181102362488e+00
2.102362204724409711e+00
2.098231827111984416e+00
2.098231827111984416e+00
2.098231827111984416e+00
2.098231827111984416e+00
2.086444007858546446e+00
2.094117647058823639e+00
2.094117647058823639e+00
2.094117647058823639e+00
2.094117647058823639e+00
2.094117647058823639e+00
2.090019569471624372e+00
2.101761252446184169e+00
2.090019569471624372e+00
2.090019569471624372e+00
2.101761252446184169e+00
2.097656250000000000e+00
2.097656250000000000e+00
2.097656250000000000e+00
2.097656250000000000e+00
2.097656250000000000e+00
2.093567251461988299e+00
2.093567251461988299e+00
2.105263157894736725e+00
2.093567251461988299e+00
2.093567251461988299e+00
2.101167315175097361e+00
2.101167315175097361e+00
2.089494163424124640e+00
2.101167315175097361e+00
2.089494163424124640e+00
2.085436893203883368e+00
2.097087378640777100e+00
2.097087378640777100e+00
2.085436893203883368e+00
2.097087378640777100e+00
2.093023255813953654e+00
2.104651162790697860e+00
2.093023255813953654e+00
2.093023255813953654e+00
2.104651162790697860e+00
2.100580270793036775e+00
2.088974854932301728e+00
2.100580270793036775e+00
2.100580270793036775e+00
2.088974854932301728e+00
2.096525096525096998e+00
2.096525096525096998e+00
2.096525096525096998e+00
2.096525096525096998e+00
2.096525096525096998e+00
2.092485549132948375e+00
2.104046242774566533e+00
2.092485549132948375e+00
2.092485549132948375e+00
2.104046242774566533e+00
2.100000000000000089e+00
2.100000000000000089e+00
2.100000000000000089e+00
2.088461538461538591e+00
2.100000000000000089e+00
2.095969289827255277e+00
2.095969289827255277e+00
2.095969289827255277e+00
2.095969289827255277e+00
2.095969289827255277e+00
2.103448275862069394e+00
2.091954022988506079e+00
2.091954022988506079e+00
2.103448275862069394e+00
2.091954022988506079e+00
2.087954110898661675e+00
2.099426386233269604e+00
2.099426386233269604e+00
2.087954110898661675e+00
2.099426386233269604e+00
2.095419847328244600e+00
2.106870229007633544e+00
2.095419847328244600e+00
2.095419847328244600e+00
2.106870229007633544e+00
2.102857142857143202e+00
2.091428571428571637e+00
2.102857142857143202e+00
2.091428571428571637e+00
2.091428571428571637e+00
2.098859315589353791e+00
2.098859315589353791e+00
2.087452471482889926e+00
2.098859315589353791e+00
2.098859315589353791e+00
2.094876660341555841e+00
2.094876660341555841e+00
2.094876660341555841e+00
2.094876660341555841e+00
2.094876660341555841e+00
2.090909090909091272e+00
2.090909090909091272e+00
2.102272727272727515e+00
2.090909090909091272e+00
2.102272727272727515e+00
2.098298676748582281e+00
2.098298676748582281e+00
2.098298676748582281e+00
2.098298676748582281e+00
2.098298676748582281e+00
2.105660377358490543e+00
2.094339622641509635e+00
2.094339622641509635e+00
2.094339622641509635e+00
2.094339622641509635e+00
2.090395480225989200e+00
2.101694915254237461e+00
2.090395480225989200e+00
2.090395480225989200e+00
2.101694915254237461e+00
2.097744360902255689e+00
2.086466165413534135e+00
2.097744360902255689e+00
2.097744360902255689e+00
2.097744360902255689e+00
2.093808630393996673e+00
2.093808630393996673e+00
2.105065666041276096e+00
2.093808630393996673e+00
2.093808630393996673e+00
2.101123595505618447e+00
2.101123595505618447e+00
2.089887640449438422e+00
2.101123595505618447e+00
2.101123595505618447e+00
2.097196261682243268e+00
2.097196261682243268e+00
2.097196261682243268e+00
2.085981308411215096e+00
2.097196261682243268e+00
2.093283582089552119e+00
2.093283582089552119e+00
2.093283582089552119e+00
2.093283582089552119e+00
2.104477611940298587e+00
2.100558659217877544e+00
2.089385474860335545e+00
2.100558659217877544e+00
2.100558659217877544e+00
2.089385474860335545e+00
2.096654275092936892e+00
2.096654275092936892e+00
2.096654275092936892e+00
2.096654275092936892e+00
2.096654275092936892e+00
2.092764378478664256e+00
2.103896103896103931e+00
2.092764378478664256e+00
2.092764378478664256e+00
2.103896103896103931e+00
2.100000000000000089e+00
2.088888888888889017e+00
2.100000000000000089e+00
2.100000000000000089e+00
2.100000000000000089e+00
2.096118299445471234e+00
2.096118299445471234e+00
2.096118299445471234e+00
2.096118299445471234e+00
2.096118299445471234e+00
2.103321033210332480e+00
2.092250922509225397e+00
2.092250922509225397e+00
2.103321033210332480e+00
2.092250922509225397e+00
2.088397790055248837e+00
2.099447513812154664e+00
2.099447513812154664e+00
2.088397790055248837e+00
2.099447513812154664e+00
2.095588235294117752e+00
2.095588235294117752e+00
2.095588235294117752e+00
2.095588235294117752e+00
2.095588235294117752e+00
2.102752293577982101e+00
2.091743119266055384e+00
2.102752293577982101e+00
2.102752293577982101e+00
2.091743119266055384e+00
2.098901098901098994e+00
2.098901098901098994e+00
2.087912087912088044e+00
2.098901098901098994e+00
2.098901098901098994e+00
2.095063985374771676e+00
2.095063985374771676e+00
2.095063985374771676e+00
2.095063985374771676e+00
2.095063985374771676e+00
2.091240875912408814e+00
2.091240875912408814e+00
2.102189781021897907e+00
2.091240875912408814e+00
2.091240875912408814e+00
2.098360655737705027e+00
2.098360655737705027e+00
2.098360655737705027e+00
2.098360655737705027e+00
2.098360655737705027e+00
2.105454545454545467e+00
2.094545454545454710e+00
2.094545454545454710e+00
2.105454545454545467e+00
2.094545454545454710e+00
2.090744101633394081e+00
2.101633393829401175e+00
2.090744101633394081e+00
2.090744101633394081e+00
2.101633393829401175e+00
2.097826086956521952e+00
2.086956521739130377e+00
2.097826086956521952e+00
2.097826086956521952e+00
2.086956521739130377e+00
2.094032549728752191e+00
2.094032549728752191e+00
2.104882459312839238e+00
2.094032549728752191e+00
2.094032549728752191e+00
2.101083032490974833e+00
2.101083032490974833e+00
2.090252707581227831e+00
2.101083032490974833e+00
2.101083032490974833e+00
2.097297297297297192e+00
2.097297297297297192e+00
2.097297297297297192e+00
2.097297297297297192e+00
2.097297297297297192e+00
2.093525179856115415e+00
