2.453713123092573944e+00
2.441295546558704732e+00
2.429003021148036456e+00
2.414414414414414622e+00
2.400000000000000355e+00
2.388118811881188464e+00
2.374015748031496287e+00
2.360078277886497045e+00
2.346303501945525394e+00
2.332688588007737263e+00
2.317002881844380635e+00
2.303724928366762459e+00
2.288425047438330306e+00
2.275471698113207708e+00
2.260543580131209040e+00
2.245810055865921750e+00
2.231267345050879314e+00
2.214876033057851412e+00
2.200729927007299747e+00
2.184782608695652328e+00
2.169064748201438686e+00
2.153571428571428914e+00
2.138297872340425787e+00
2.123239436619718479e+00
2.106550218340611735e+00
2.090121317157712433e+00
2.073946689595872694e+00
2.058020477815699856e+00
2.040609137055837685e+00
2.023489932885905951e+00
2.001668056713928223e+00
1.986655546288573770e+00
1.971643035863219540e+00
1.951626355296080195e+00
1.931609674728940851e+00
1.916597164303586398e+00
1.896580483736447054e+00
1.881567973311092823e+00
1.861551292743953478e+00
1.841534612176814134e+00
1.826522101751459681e+00
1.806505421184320337e+00
1.786488740617180992e+00
1.766472060050041648e+00
1.746455379482902304e+00
1.721434528773978290e+00
1.701417848206838945e+00
1.681401167639699601e+00
1.661384487072560701e+00
1.636363636363636243e+00
