2.451219512195121908e+00
2.431451612903225978e+00
2.412000000000000366e+00
2.392857142857143238e+00
2.374015748031496287e+00
2.353170731707317387e+00
2.332688588007737263e+00
2.312559923298178610e+00
2.292775665399239493e+00
2.271186440677966267e+00
2.250000000000000000e+00
2.229205175600739608e+00
2.206770356816102563e+00
2.184782608695652328e+00
2.163228699551569711e+00
2.140195208518190118e+00
2.117647058823529882e+00
2.093750000000000000e+00
2.070386266094420780e+00
2.050890585241730513e+00
2.026823134953898098e+00
1.991659716430358884e+00
1.966638865721434426e+00
1.946622185154295082e+00
1.921601334445371068e+00
1.896580483736447054e+00
1.866555462885738148e+00
1.836530442035029465e+00
1.811509591326105006e+00
1.781484570475396323e+00
1.751459549624687417e+00
1.726438698915763403e+00
1.696413678065054276e+00
1.666388657214345370e+00
1.631359466221851573e+00
1.601334445371142667e+00
1.566305254378648870e+00
1.531276063386155295e+00
1.496246872393661498e+00
1.461217681401167701e+00
1.426188490408674125e+00
1.391159299416180106e+00
1.346121768140116748e+00
1.306088407005838281e+00
1.266055045871559814e+00
1.226021684737281126e+00
1.175979983319432876e+00
1.125938281901584626e+00
1.080900750625521267e+00
1.025854879065888348e+00
