2.446247464503042757e+00
2.419257773319960059e+00
2.392857142857143238e+00
2.364705882352941213e+00
2.337209302325581550e+00
2.308133971291866260e+00
2.277620396600566810e+00
2.247903075489282809e+00
2.218951241950322117e+00
2.192203082502266476e+00
2.155495978552278924e+00
2.123239436619718479e+00
2.095320623916811176e+00
2.061381074168798122e+00
2.023489932885905951e+00
1.986655546288573770e+00
1.951626355296080195e+00
1.916597164303586398e+00
1.876563803169307709e+00
1.841534612176814134e+00
1.796497080900750776e+00
1.761467889908256979e+00
1.716430358632193620e+00
1.671392827356130262e+00
1.631359466221851573e+00
1.586321934945788215e+00
1.536280233527939965e+00
1.486238532110091937e+00
1.436196830692243465e+00
1.386155129274395437e+00
1.331109257714762295e+00
1.271059216013344484e+00
1.206005004170142003e+00
1.140950792326939300e+00
1.075896580483736598e+00
9.958298582151794420e-01
9.157631359466221754e-01
8.256880733944954587e-01
7.206005004170141781e-01
6.155129274395330086e-01
5.054211843202669474e-01
4.053377814845705029e-01
3.052543786488740585e-01
2.101751459549624501e-01
1.150959132610508834e-01
2.001668056713928195e-02
-8.507089241034196392e-02
-1.901584653878231890e-01
-3.152627189324437307e-01
-4.804003336113427669e-01
