2.448730964467005222e+00
2.421686746987952166e+00
2.395233366434955435e+00
2.369351669941061278e+00
2.341747572815534362e+00
2.318312559923298544e+00
2.286255924170616183e+00
2.261927034611786791e+00
2.232686980609418281e+00
2.198723792160437451e+00
2.167115902964960039e+00
2.136403897254207429e+00
2.109947643979057652e+00
2.073946689595872694e+00
2.045685279187817507e+00
2.006672226855713337e+00
1.971643035863219540e+00
1.936613844870725742e+00
1.901584653878231723e+00
1.866555462885738148e+00
1.826522101751459681e+00
1.791492910758965662e+00
1.751459549624687417e+00
1.711426188490408729e+00
1.666388657214345370e+00
1.631359466221851573e+00
1.581317764804003323e+00
1.541284403669724856e+00
1.491242702251876606e+00
1.441201000834028356e+00
1.391159299416180106e+00
1.336113427856547187e+00
1.281067556296914045e+00
1.221017514595496234e+00
1.160967472894078645e+00
1.095913261050875942e+00
1.020850708924103456e+00
9.457881567973311920e-01
8.607172643869891449e-01
7.656380316930776475e-01
6.705587989991660391e-01
5.704753961634696502e-01
4.753961634695579308e-01
3.803169307756463779e-01
2.902418682235196612e-01
2.001668056713928334e-01
1.100917431192660612e-01
2.502085070892410418e-02
-7.005838198498749725e-02
-1.651376146788990917e-01
