2.441640378548896262e+00
2.392638036809815905e+00
2.348214285714286031e+00
2.291066282420749278e+00
2.234309623430962510e+00
2.196500672947510058e+00
2.140077821011673542e+00
2.079800498753117566e+00
2.023923444976076791e+00
1.952324195470798829e+00
1.885714285714285676e+00
1.826397146254458814e+00
1.750889679715302627e+00
1.680851063829787329e+00
1.604240282685512442e+00
1.526377491207502990e+00
1.438882421420256241e+00
1.346062052505966555e+00
1.238566131025958139e+00
1.129870129870129913e+00
1.006993006993007089e+00
8.625592417061611616e-01
6.812227074235808200e-01
4.285714285714285476e-01
-1.925605536332179790e+00
-1.926605504587156181e+00
-1.926605504587156181e+00
-1.926605504587156181e+00
-1.926605504587156181e+00
-1.926605504587156181e+00
-1.926605504587156181e+00
-1.926605504587156181e+00
-1.926605504587156181e+00
-1.926605504587156181e+00
-1.926605504587156181e+00
-1.921601334445371068e+00
-1.926605504587156181e+00
-1.926605504587156181e+00
-1.926605504587156181e+00
-1.926605504587156181e+00
-1.926605504587156181e+00
-1.921601334445371068e+00
-1.921601334445371068e+00
-1.926605504587156181e+00
-1.926605504587156181e+00
-1.926605504587156181e+00
-1.926605504587156181e+00
-1.926605504587156181e+00
-1.926605504587156181e+00
-1.926605504587156181e+00
