2.436681222707423711e+00
2.389830508474576565e+00
2.342465753424657571e+00
2.283819628647214994e+00
2.238461538461538503e+00
2.175742574257425677e+00
2.123957091775924066e+00
2.059496567505720854e+00
1.995565410199556577e+00
1.931415929203539772e+00
1.867549668874172175e+00
1.790748898678414136e+00
1.718990120746432648e+00
1.639380530973451489e+00
1.554054054054054168e+00
1.463751438434982788e+00
1.368794326241134840e+00
1.270501835985312189e+00
1.155327342747111796e+00
1.024793388429752206e+00
8.825910931174089091e-01
7.000000000000000666e-01
4.452554744525548114e-01
-1.926605504587156181e+00
-1.926605504587156181e+00
-1.921601334445371068e+00
-1.926605504587156181e+00
-1.926605504587156181e+00
-1.926605504587156181e+00
-1.926605504587156181e+00
-1.926605504587156181e+00
-1.921601334445371068e+00
-1.926605504587156181e+00
-1.926605504587156181e+00
-1.926605504587156181e+00
-1.926605504587156181e+00
-1.921601334445371068e+00
-1.926605504587156181e+00
-1.926605504587156181e+00
-1.926605504587156181e+00
-1.926605504587156181e+00
-1.926605504587156181e+00
-1.926605504587156181e+00
-1.926605504587156181e+00
-1.926605504587156181e+00
-1.921601334445371068e+00
-1.921601334445371068e+00
-1.921601334445371068e+00
-1.926605504587156181e+00
-1.926605504587156181e+00
