2.461224489795918569e+00
2.461224489795918569e+00
2.461224489795918569e+00
2.458715596330275588e+00
2.458715596330275588e+00
2.458715596330275588e+00
2.458715596330275588e+00
2.458715596330275588e+00
2.456211812627291380e+00
2.456211812627291380e+00
2.456211812627291380e+00
2.456211812627291380e+00
2.456211812627291380e+00
2.453713123092573944e+00
2.453713123092573944e+00
2.453713123092573944e+00
2.453713123092573944e+00
2.453713123092573944e+00
2.453713123092573944e+00
2.451219512195121908e+00
2.451219512195121908e+00
2.451219512195121908e+00
2.451219512195121908e+00
2.451219512195121908e+00
2.448730964467005222e+00
2.448730964467005222e+00
2.448730964467005222e+00
2.448730964467005222e+00
2.448730964467005222e+00
2.446247464503042757e+00
2.446247464503042757e+00
2.446247464503042757e+00
2.446247464503042757e+00
2.446247464503042757e+00
2.443768996960486550e+00
2.443768996960486550e+00
2.443768996960486550e+00
2.443768996960486550e+00
2.443768996960486550e+00
2.441295546558704732e+00
2.441295546558704732e+00
2.441295546558704732e+00
2.441295546558704732e+00
2.441295546558704732e+00
2.438827098078867994e+00
2.438827098078867994e+00
2.438827098078867994e+00
2.438827098078867994e+00
2.438827098078867994e+00
2.436363636363636509e+00
