1.762938230383973348e+00
1.732888146911519378e+00
1.702838063439064964e+00
1.662771285475793004e+00
1.632721202003339034e+00
1.592654424040066852e+00
1.552587646076794892e+00
1.512520868113522488e+00
1.472454090150250527e+00
1.432387312186978345e+00
1.382303839732888173e+00
1.332220367278798001e+00
1.282136894824708051e+00
1.242070116861435869e+00
1.191986644407345697e+00
1.131886477462437535e+00
1.081803005008347363e+00
1.011686143572620988e+00
9.515859766277129372e-01
8.814691151919866741e-01
8.113522537562604109e-01
7.212020033388982787e-01
6.210350584307179345e-01
5.108514190317196002e-01
3.505843071786310938e-01
1.202003338898163659e-01
-1.402337228714524431e-01
-1.402337228714524431e-01
-1.402337228714524431e-01
-1.402337228714524431e-01
-1.402337228714524431e-01
-1.402337228714524431e-01
-1.402337228714524431e-01
-1.402337228714524431e-01
-1.402337228714524431e-01
-1.402337228714524431e-01
-1.502504173622704609e-01
-1.402337228714524431e-01
-1.402337228714524431e-01
-1.402337228714524431e-01
-1.402337228714524431e-01
-1.402337228714524431e-01
-1.402337228714524431e-01
-1.402337228714524431e-01
-1.402337228714524431e-01
-1.402337228714524431e-01
-1.402337228714524431e-01
-1.402337228714524431e-01
-1.402337228714524431e-01
-1.402337228714524431e-01
