6.496201145919928699e-01
6.452358431919734683e-01
6.408478746620740463e-01
6.364702188416352380e-01
6.321201968876284383e-01
6.278192752308592306e-01
6.235941511789689917e-01
6.194781820928898508e-01
6.155132903908846487e-01
6.117525379962537313e-01
6.082636591780594681e-01
6.051339923001645138e-01
6.024774982258357392e-01
6.004449681675235739e-01
5.992392434898392573e-01
5.991385649388411005e-01
6.005335996624028283e-01
6.039884880983017457e-01
6.103462753532435947e-01
6.209216356356097588e-01
6.378805389097920164e-01
6.650954798216932584e-01
7.110223704700940894e-01
8.058024432307608897e-01
9.557177266616199152e-01
9.967612244271055744e-01
-1.000000000000000000e+00
-1.000000000000000000e+00
-1.000000000000000000e+00
-1.000000000000000000e+00
-1.000000000000000000e+00
-1.000000000000000000e+00
-1.000000000000000000e+00
-1.000000000000000000e+00
-1.000000000000000000e+00
-1.000000000000000000e+00
-1.000000000000000000e+00
-1.000000000000000000e+00
-1.000000000000000000e+00
-1.000000000000000000e+00
-1.000000000000000000e+00
-1.000000000000000000e+00
-1.000000000000000000e+00
-1.000000000000000000e+00
-1.000000000000000000e+00
-1.000000000000000000e+00
-1.000000000000000000e+00
-1.000000000000000000e+00
-1.000000000000000000e+00
-1.000000000000000000e+00
