7.297408650758986370e-01
7.296285682805589978e-01
7.298411117639119761e-01
7.304225383405712480e-01
7.314230589373968972e-01
7.329000486685661730e-01
7.349192309921588340e-01
7.375560913247379835e-01
7.408975720175976498e-01
7.450441141992727445e-01
7.501121296861742449e-01
7.562370093647863278e-01
7.635768051124951494e-01
7.723167632103313807e-01
7.826749423516001780e-01
7.949092257236619607e-01
8.093261595306472378e-01
8.262924245759616371e-01
8.462523932098889867e-01
8.697796999153476483e-01
8.978579239161620373e-01
9.326761311233061624e-01
9.716157478475796472e-01
9.939344269714808222e-01
-1.000000000000000000e+00
-1.000000000000000000e+00
-1.000000000000000000e+00
-1.000000000000000000e+00
-1.000000000000000000e+00
-1.000000000000000000e+00
-1.000000000000000000e+00
-1.000000000000000000e+00
-1.000000000000000000e+00
-1.000000000000000000e+00
-1.000000000000000000e+00
-1.000000000000000000e+00
-1.000000000000000000e+00
-1.000000000000000000e+00
-1.000000000000000000e+00
-1.000000000000000000e+00
-1.000000000000000000e+00
-1.000000000000000000e+00
-1.000000000000000000e+00
-1.000000000000000000e+00
-1.000000000000000000e+00
-1.000000000000000000e+00
-1.000000000000000000e+00
-1.000000000000000000e+00
-1.000000000000000000e+00
-1.000000000000000000e+00
