1.769230769230769384e+00
1.738903394255874701e+00
1.700534759358288905e+00
1.664835164835164916e+00
1.631728045325779197e+00
1.583577712609970600e+00
1.550769230769230900e+00
1.504885993485342022e+00
1.478873239436619746e+00
1.442748091603053506e+00
1.380952380952380931e+00
1.324999999999999956e+00
1.295154185022026505e+00
1.252086811352253859e+00
1.202003338898163687e+00
1.141903171953255525e+00
1.091819699499165353e+00
1.021702838063439200e+00
9.616026711185309273e-01
9.015025041736227651e-01
8.213689482470785119e-01
7.412353923205342587e-01
6.510851419031720155e-01
5.409015025041736813e-01
4.006677796327212104e-01
2.003338898163606052e-01
3.005008347245409148e-02
-9.015025041736228484e-02
-2.003338898163606052e-01
-2.904841402337228762e-01
-3.806343906510851194e-01
-4.607679465776293726e-01
-5.409015025041736813e-01
-6.210350584307179345e-01
-7.111853088480801777e-01
-8.013355592654424209e-01
-8.914858096828046641e-01
-9.916527545909850083e-01
-1.091819699499165353e+00
-1.191986644407345697e+00
-1.302170283806344031e+00
-1.402337228714524375e+00
-1.502504173622704498e+00
-1.582637729549248862e+00
-1.672787979966610994e+00
-1.742904841402337368e+00
-1.803005008347245530e+00
-1.873121869782971460e+00
-1.923205342237061855e+00
-1.973288814691152027e+00
