1.772954924874791338e+00
1.742904841402337368e+00
1.712854757929883398e+00
1.692821368948246974e+00
1.662771285475793004e+00
1.632721202003339034e+00
1.612687813021702832e+00
1.572621035058430872e+00
1.542570951585976902e+00
1.522537562604340478e+00
1.482470784641068517e+00
1.462437395659432537e+00
1.422370617696160355e+00
1.382303839732888173e+00
1.352253756260433981e+00
1.322203672787980011e+00
1.282136894824708051e+00
1.242070116861435869e+00
1.202003338898163687e+00
1.161936560934891505e+00
1.121869782971619545e+00
1.081803005008347363e+00
1.031719532554257190e+00
9.816360601001670183e-01
9.315525876460767352e-01
8.714524207011686840e-01
8.213689482470785119e-01
7.612687813021702388e-01
6.911519198664440866e-01
6.210350584307179345e-01
5.509181969949916713e-01
4.908180300500835092e-01
4.407345575959933370e-01
3.806343906510851194e-01
3.405676126878130483e-01
3.005008347245409217e-01
2.504173622704507496e-01
2.103505843071786230e-01
1.702838063439065242e-01
1.302170283806343976e-01
1.001669449081803026e-01
6.010016694490818295e-02
3.005008347245409148e-02
0.000000000000000000e+00
-4.006677796327212659e-02
-6.010016694490818295e-02
-9.015025041736228484e-02
-1.302170283806343976e-01
-1.502504173622704609e-01
-1.803005008347245697e-01
