1.766233766233766378e+00
1.734782608695652151e+00
1.693654266958424692e+00
1.668874172185430327e+00
1.613333333333333508e+00
1.587443946188340727e+00
1.547511312217194845e+00
1.506849315068493178e+00
1.454965357967667572e+00
1.415887850467289821e+00
1.364928909952606739e+00
1.326923076923076872e+00
1.276283618581907309e+00
1.211970074812967590e+00
1.163265306122448939e+00
1.118110236220472675e+00
1.047619047619047672e+00
9.841269841269840724e-01
9.023746701846966367e-01
8.346456692913386544e-01
7.480519480519480791e-01
6.461538461538461897e-01
5.400000000000000355e-01
3.903614457831325324e-01
1.090909090909090856e-01
-5.227272727272727515e+00
-5.081081081081081585e+00
-5.074889867841410052e+00
-5.072961373390557860e+00
-5.088607594936709333e+00
-5.096234309623431713e+00
-5.082644628099173723e+00
-5.086419753086420137e+00
-5.065573770491804240e+00
-5.090163934426230163e+00
-5.093877551020407957e+00
-5.093877551020407957e+00
-5.090163934426230163e+00
-5.090909090909091717e+00
-5.075000000000000178e+00
-5.086956521739130821e+00
-5.081081081081081585e+00
-5.075098814229249022e+00
-5.075098814229249022e+00
-5.075098814229249022e+00
-5.075098814229249022e+00
-5.071428571428572063e+00
-5.071428571428572063e+00
-5.071428571428572063e+00
-5.071428571428572063e+00
