4.859453993933266602e+00
4.782089552238806718e+00
4.702544031311155059e+00
4.622478386167147235e+00
4.535344015080113422e+00
4.447319778188540518e+00
4.349321266968326327e+00
4.256864481842338677e+00
4.141176470588235681e+00
4.041841004184100861e+00
3.954929577464788792e+00
3.849056603773584939e+00
3.701492537313432862e+00
3.581151832460732987e+00
3.428571428571428381e+00
3.310344827586206851e+00
3.180722891566265531e+00
2.981132075471698339e+00
2.842105263157894690e+00
2.630136986301369717e+00
2.442857142857143060e+00
2.177777777777778034e+00
1.892307692307692246e+00
1.536000000000000032e+00
1.239669421487603396e+00
7.241379310344828735e-01
-1.178571428571428603e+00
-1.166666666666666741e+00
-1.142857142857142794e+00
-1.188118811881188286e+00
-1.163265306122448939e+00
-1.136842105263158098e+00
-1.108695652173913082e+00
-1.213483146067415808e+00
-1.186046511627907085e+00
-1.228915662650602370e+00
-1.185185185185185119e+00
-1.153846153846153966e+00
-1.184210526315789602e+00
-1.150684931506849251e+00
-1.183098591549295753e+00
-1.130434782608695787e+00
-1.181818181818181879e+00
-1.125000000000000000e+00
-1.161290322580645240e+00
-1.118644067796610297e+00
-1.157894736842105310e+00
-1.200000000000000178e+00
-1.245283018867924696e+00
-1.080000000000000071e+00
