4.621153846153847056e+00
4.552507095553453453e+00
4.472118959107807434e+00
4.389041095890410915e+00
4.306451612903225978e+00
4.224758560140474017e+00
4.137575236457437633e+00
4.043697478991597372e+00
3.947497949138638162e+00
3.849599999999999689e+00
3.749416342412451364e+00
3.609195402298850386e+00
3.508064516129032473e+00
3.392405063291139111e+00
3.277533039647577251e+00
3.124423963133640569e+00
2.971153846153846256e+00
2.819999999999999840e+00
2.673575129533678929e+00
2.483870967741935942e+00
2.279329608938547747e+00
2.046242774566473965e+00
1.760479041916167553e+00
1.481481481481481399e+00
1.108280254777070040e+00
6.710526315789474561e-01
-1.094594594594594739e+00
-1.090909090909091050e+00
-1.079136690647481966e+00
-1.066666666666666874e+00
-1.136363636363636465e+00
-1.125000000000000000e+00
-1.104000000000000092e+00
-1.090909090909091050e+00
-1.118644067796610297e+00
-1.095652173913043592e+00
-1.115044247787610798e+00
-1.090909090909091050e+00
-1.121495327102803863e+00
-1.142857142857142794e+00
-1.058823529411764941e+00
-1.090909090909091050e+00
-1.113402061855670144e+00
-1.073684210526315796e+00
-1.096774193548387233e+00
-1.054945054945055194e+00
-1.078651685393258397e+00
-1.103448275862068950e+00
-1.129411764705882337e+00
-1.084337349397590522e+00
