2.149732620320855769e+00
2.110236220472441193e+00
2.068610634648370805e+00
2.026890756302521357e+00
1.981651376146789101e+00
1.936613844870725742e+00
1.891576313594662384e+00
1.841534612176814134e+00
1.791492910758965662e+00
1.746455379482902304e+00
1.691409507923269384e+00
1.636363636363636243e+00
1.576313594662218653e+00
1.521267723102585512e+00
1.461217681401167701e+00
1.391159299416180106e+00
1.326105087572977403e+00
1.251042535446205362e+00
1.170975813177647984e+00
1.085904920767306159e+00
9.958298582151794420e-01
8.907422852376981615e-01
7.756463719766473197e-01
6.355296080066722419e-01
4.553794829024186974e-01
1.851542952460383806e-01
-3.052543786488740585e-01
-3.002502085070892779e-01
-3.002502085070892779e-01
-3.002502085070892779e-01
-3.052543786488740585e-01
-3.002502085070892779e-01
-3.002502085070892779e-01
-3.052543786488740585e-01
-3.052543786488740585e-01
-3.002502085070892779e-01
-3.002502085070892779e-01
-3.002502085070892779e-01
-3.002502085070892779e-01
-3.002502085070892779e-01
-3.002502085070892779e-01
-3.052543786488740585e-01
-3.052543786488740585e-01
-3.052543786488740585e-01
-3.052543786488740585e-01
-3.052543786488740585e-01
-3.002502085070892779e-01
-3.002502085070892779e-01
-3.002502085070892779e-01
-3.002502085070892779e-01
