8.514190317195324820e-01
8.313856427378965019e-01
8.013355592654424209e-01
7.913188647746244309e-01
7.612687813021702388e-01
7.312186978297162687e-01
7.111853088480801777e-01
6.911519198664440866e-01
6.611018363939900055e-01
6.410684474123540255e-01
6.110183639398998334e-01
5.709515859766277623e-01
5.409015025041736813e-01
5.108514190317196002e-01
4.707846410684474736e-01
4.307178631051753470e-01
3.906510851419032204e-01
3.305509181969950028e-01
2.704507512520868406e-01
1.803005008347245697e-01
6.010016694490818295e-02
-1.312186978297162021e+00
-1.312186978297162021e+00
-1.312186978297162021e+00
-1.312186978297162021e+00
-1.312186978297162021e+00
-1.312186978297162021e+00
-1.312186978297162021e+00
-1.312186978297162021e+00
-1.312186978297162021e+00
-1.312186978297162021e+00
-1.312186978297162021e+00
-1.312186978297162021e+00
-1.312186978297162021e+00
-1.312186978297162021e+00
-1.312186978297162021e+00
-1.312186978297162021e+00
-1.312186978297162021e+00
-1.312186978297162021e+00
-1.312186978297162021e+00
-1.312186978297162021e+00
-1.312186978297162021e+00
-1.312186978297162021e+00
-1.312186978297162021e+00
-1.312186978297162021e+00
-1.312186978297162021e+00
-1.312186978297162021e+00
-1.312186978297162021e+00
-1.312186978297162021e+00
-1.312186978297162021e+00
