5.581137309292649284e+00
5.570637119113573732e+00
5.562932226832641547e+00
5.551414768806073319e+00
5.538249483115092353e+00
5.526822558459421941e+00
5.524725274725274637e+00
5.510623714873200463e+00
5.505817932922655977e+00
5.491803278688524692e+00
5.484311050477488791e+00
5.475833900612661509e+00
5.465669612508497366e+00
5.454545454545454142e+00
5.446174678402166514e+00
5.436105476673428250e+00
5.422402159244264830e+00
5.422222222222222499e+00
5.406859448554135916e+00
5.404026845637583953e+00
5.387809778968519758e+00
5.377926421404682245e+00
5.372496662216287966e+00
5.356429047301798363e+00
5.345744680851064246e+00
5.345719973457200069e+00
5.330682571239231393e+00
5.320105820105820449e+00
5.304290429042904265e+00
5.301712779973649425e+00
5.285996055226824808e+00
5.278215223097111775e+00
5.267845448592010094e+00
5.260130718954248330e+00
5.249836921069797491e+00
5.239583333333333037e+00
5.226770630279402141e+00
5.221789883268482590e+00
5.206472491909384992e+00
5.198966408268733019e+00
5.182989690721649723e+00
5.178135048231511384e+00
5.163029525032092337e+00
5.155669442664958524e+00
5.145780051150895318e+00
5.138481174218251013e+00
5.128662420382165799e+00
5.121424030514939219e+00
5.106598984771573591e+00
5.101963267891070686e+00
