5.541006202618883769e+00
5.457259158751695871e+00
5.378757515030059722e+00
5.285151116951379180e+00
5.203357004519044260e+00
5.109137055837563501e+00
5.033707865168539186e+00
4.949693251533742178e+00
4.860240963855421370e+00
4.773049645390070594e+00
4.631578947368421240e+00
4.480812641083521619e+00
4.363036303630362767e+00
4.241840556447297850e+00
4.118441558441558570e+00
3.983887210473313623e+00
3.850194552529182968e+00
3.707591377694470669e+00
3.552158273381294862e+00
3.391491190373872033e+00
3.222222222222222321e+00
3.038951021982259970e+00
2.840433212996389845e+00
2.628342245989304882e+00
2.390496497106305185e+00
2.119305856832971902e+00
1.801450362590647725e+00
1.415353838459614932e+00
8.682170542635658794e-01
-2.390597649412353198e-01
0.000000000000000000e+00
0.000000000000000000e+00
0.000000000000000000e+00
0.000000000000000000e+00
-2.759083286752375574e+00
-2.758803986710963496e+00
-2.758089368258859420e+00
-2.755477651183172672e+00
-2.751717369970559268e+00
-2.753528773072746905e+00
-2.747330960854092119e+00
-2.743185078909612606e+00
-2.748923959827833663e+00
-2.743185078909612606e+00
-2.743185078909612606e+00
-2.743185078909612606e+00
-2.748923959827833663e+00
-2.748923959827833663e+00
-2.754662840746054719e+00
-2.743185078909612606e+00
