5.534435261707988829e+00
5.432633716993906958e+00
5.334219269102989713e+00
5.238591916558018369e+00
5.201294498381876963e+00
5.196116504854368934e+00
5.200517464424320835e+00
5.197930142302716661e+00
5.195342820181112486e+00
5.205692108667528295e+00
5.203104786545925009e+00
5.200517464424320835e+00
5.197930142302716661e+00
5.197930142302716661e+00
5.197930142302716661e+00
5.197930142302716661e+00
5.197930142302716661e+00
5.195342820181112486e+00
5.195342820181112486e+00
5.203104786545925009e+00
5.197930142302716661e+00
5.197930142302716661e+00
1.993865030674846661e+00
1.594398599649912374e+00
1.048262065516379016e+00
-4.000000000000000000e+00
0.000000000000000000e+00
0.000000000000000000e+00
0.000000000000000000e+00
-2.756319514661274006e+00
-2.758620689655172598e+00
-2.750561797752808957e+00
-2.758500435919790661e+00
-2.751744765702891282e+00
-2.744394618834080646e+00
-2.749688667496886563e+00
-2.750000000000000000e+00
-2.750000000000000000e+00
-2.750000000000000000e+00
-2.750000000000000000e+00
-2.737179487179487225e+00
-2.756410256410256387e+00
-2.737179487179487225e+00
-2.750000000000000000e+00
-2.743589743589743613e+00
-2.743589743589743613e+00
-2.750000000000000000e+00
-2.750000000000000000e+00
-2.737179487179487225e+00
-2.756410256410256387e+00
