7.612687813021702388e-01
7.212020033388982787e-01
6.711185308848079956e-01
6.310517529215359245e-01
5.909849749582637424e-01
5.308848080133555802e-01
4.808013355592654636e-01
4.207011686143572460e-01
3.706176961602671294e-01
3.105175292153589672e-01
2.604340567612687951e-01
2.103505843071786230e-01
1.602671118530885064e-01
1.202003338898163659e-01
7.011686143572622154e-02
2.003338898163606330e-02
-2.003338898163606330e-02
-6.010016694490818295e-02
-1.101836393989983343e-01
-1.502504173622704609e-01
-2.003338898163606052e-01
-2.404006677796327318e-01
-2.904841402337228762e-01
-3.305509181969950028e-01
-3.806343906510851194e-01
-4.307178631051753470e-01
-4.707846410684474736e-01
-5.208681135225375902e-01
-5.809682804674457524e-01
-6.310517529215359245e-01
-7.011686143572621877e-01
-7.612687813021702388e-01
-8.414023372287144920e-01
-9.215358931552587451e-01
-1.021702838063439200e+00
-1.161936560934891505e+00
-1.352253756260433981e+00
-1.692821368948246974e+00
-2.705410821643286834e+00
-2.854625550660792932e+00
-2.877828054298642968e+00
-2.882758620689655160e+00
-2.888888888888888840e+00
-2.881118881118881259e+00
-2.887850467289719614e+00
-2.887323943661971981e+00
-2.879999999999999893e+00
-2.879999999999999893e+00
-2.886792452830188704e+00
-2.879432624113475558e+00
