7.612687813021702388e-01
7.212020033388982787e-01
6.811352253756260966e-01
6.310517529215359245e-01
5.809682804674457524e-01
5.308848080133555802e-01
4.707846410684474736e-01
4.006677796327212104e-01
3.305509181969950028e-01
2.303839732888146863e-01
1.202003338898163659e-01
-3.005008347245409148e-02
-7.512520868113522488e-01
-7.512520868113522488e-01
-7.512520868113522488e-01
-7.412353923205342587e-01
-7.512520868113522488e-01
-7.512520868113522488e-01
-7.512520868113522488e-01
-7.412353923205342587e-01
-7.412353923205342587e-01
-7.512520868113522488e-01
-7.512520868113522488e-01
-7.412353923205342587e-01
-7.512520868113522488e-01
-7.412353923205342587e-01
-7.512520868113522488e-01
-7.512520868113522488e-01
-7.512520868113522488e-01
-7.512520868113522488e-01
-7.512520868113522488e-01
-7.512520868113522488e-01
-7.512520868113522488e-01
-7.512520868113522488e-01
-7.512520868113522488e-01
-7.512520868113522488e-01
-7.512520868113522488e-01
-7.512520868113522488e-01
-7.512520868113522488e-01
-7.512520868113522488e-01
-7.512520868113522488e-01
-7.512520868113522488e-01
-7.512520868113522488e-01
-7.512520868113522488e-01
-7.512520868113522488e-01
-7.412353923205342587e-01
-7.512520868113522488e-01
-7.512520868113522488e-01
-7.512520868113522488e-01
-7.512520868113522488e-01
