1.492487479131886507e+00
1.462437395659432537e+00
1.432387312186978345e+00
1.392320534223706163e+00
1.362270450751252193e+00
1.332220367278798001e+00
1.302170283806344031e+00
1.262103505843071849e+00
1.232053422370617879e+00
1.191986644407345697e+00
1.151919866444073515e+00
1.101836393989983343e+00
1.061769616026711160e+00
1.021702838063439200e+00
9.716193656093489173e-01
9.215358931552587451e-01
8.714524207011686840e-01
8.113522537562604109e-01
7.512520868113522488e-01
7.011686143572621877e-01
6.410684474123540255e-01
5.809682804674457524e-01
5.108514190317196002e-01
4.607679465776293726e-01
4.006677796327212104e-01
3.405676126878130483e-01
2.804674457429048862e-01
2.203672787979966685e-01
1.502504173622704609e-01
9.015025041736228484e-02
3.005008347245409148e-02
-4.006677796327212659e-02
-1.101836393989983343e-01
-1.803005008347245697e-01
-2.504173622704507496e-01
-3.405676126878130483e-01
-4.207011686143572460e-01
-5.108514190317196002e-01
-6.110183639398998334e-01
-7.212020033388982787e-01
-8.414023372287144920e-01
-9.916527545909850083e-01
-1.161936560934891505e+00
-1.402337228714524375e+00
-1.752921535893155358e+00
-2.479838709677419484e+00
-3.793103448275862100e+00
-3.872727272727273018e+00
-3.882352941176471006e+00
-3.881250000000000089e+00
