5.321696898810471608e-11
7.858438669580280546e-12
1.070478425519107531e-12
1.340936060284107376e-13
1.540486024182606624e-14
1.559762188872760096e-15
1.437652346312090179e-16
1.156799194383777475e-17
7.739921071903443424e-19
4.269713996904921425e-20
1.932702857263540669e-21
6.171645966983219595e-23
1.376715319741086462e-24
1.827780276629104306e-26
1.161515368765304480e-28
2.556689595786204618e-31
1.082411036086087936e-34
4.508806610406820232e-40
-1.000000000000000000e+00
-1.000000000000000000e+00
-1.000000000000000000e+00
-1.000000000000000000e+00
-1.000000000000000000e+00
-1.000000000000000000e+00
-1.000000000000000000e+00
-1.000000000000000000e+00
-1.000000000000000000e+00
-1.000000000000000000e+00
-1.000000000000000000e+00
-1.000000000000000000e+00
-1.000000000000000000e+00
-1.000000000000000000e+00
-1.000000000000000000e+00
-1.000000000000000000e+00
-1.000000000000000000e+00
-1.000000000000000000e+00
-1.000000000000000000e+00
-1.000000000000000000e+00
-1.000000000000000000e+00
-1.000000000000000000e+00
-1.000000000000000000e+00
-1.000000000000000000e+00
-1.000000000000000000e+00
-1.000000000000000000e+00
-1.000000000000000000e+00
-1.000000000000000000e+00
-1.000000000000000000e+00
-1.000000000000000000e+00
-1.000000000000000000e+00
-1.000000000000000000e+00
