1.489634936876644830e-64
1.404482921965784613e-65
1.319615404532556495e-66
1.000908278132985878e-67
7.001621258923474098e-69
1.012521583412773587e-69
2.552278645537355170e-69
8.580555129411222004e-69
4.389611472483448755e-68
3.496429968386538714e-67
4.453466467340471844e-66
9.357807403109601951e-65
4.154400248362562802e-63
3.632950364352151565e-61
6.547054100808090687e-59
3.464686196184833436e-56
4.645882608772847510e-53
2.263769972309130717e-49
4.322865655946597175e-45
1.001480516547297086e-42
1.981042008713895198e-43
5.725670379659404374e-44
4.412802698484690436e-44
3.753584384135854877e-43
1.091205531266571060e-15
7.064718780921644958e-01
-1.000000000000000000e+00
-1.000000000000000000e+00
-1.000000000000000000e+00
-1.000000000000000000e+00
-1.000000000000000000e+00
-1.000000000000000000e+00
-1.000000000000000000e+00
-1.000000000000000000e+00
-1.000000000000000000e+00
-1.000000000000000000e+00
-1.000000000000000000e+00
-1.000000000000000000e+00
-1.000000000000000000e+00
-1.000000000000000000e+00
-1.000000000000000000e+00
-1.000000000000000000e+00
-1.000000000000000000e+00
-1.000000000000000000e+00
-1.000000000000000000e+00
-1.000000000000000000e+00
-1.000000000000000000e+00
-1.000000000000000000e+00
-1.000000000000000000e+00
-1.000000000000000000e+00
