1.262430602816920645e-20
1.912962057638726768e-21
2.858841445076145475e-22
3.793302140628853377e-23
4.987077860768573232e-24
5.827369214648971994e-25
6.051142660846658102e-26
5.944160510602877786e-27
4.923655869739195352e-28
3.679795680633258911e-29
2.210773568986187966e-30
1.082218681512548754e-31
4.138824753897274500e-33
1.121669946894674743e-34
1.992113979840894094e-36
2.229022712682235191e-38
1.620128582067145420e-40
2.411796426392209766e-43
-1.000000000000000000e+00
-1.000000000000000000e+00
-1.000000000000000000e+00
-1.000000000000000000e+00
-1.000000000000000000e+00
-1.000000000000000000e+00
-1.000000000000000000e+00
-1.000000000000000000e+00
-1.000000000000000000e+00
-1.000000000000000000e+00
-1.000000000000000000e+00
-1.000000000000000000e+00
-1.000000000000000000e+00
-1.000000000000000000e+00
-1.000000000000000000e+00
-1.000000000000000000e+00
-1.000000000000000000e+00
-1.000000000000000000e+00
-1.000000000000000000e+00
-1.000000000000000000e+00
-1.000000000000000000e+00
-1.000000000000000000e+00
-1.000000000000000000e+00
-1.000000000000000000e+00
-1.000000000000000000e+00
-1.000000000000000000e+00
-1.000000000000000000e+00
-1.000000000000000000e+00
-1.000000000000000000e+00
-1.000000000000000000e+00
-1.000000000000000000e+00
-1.000000000000000000e+00
