2.220114756387632153e-46
5.050090185296421345e-47
1.217189111990530879e-47
2.858719236459248595e-48
7.256185852094740970e-49
1.836425484727195464e-49
5.165066773388159307e-50
1.497421475781044502e-50
4.575442564782025215e-51
1.663103783827581204e-51
7.439368426953270392e-52
4.271996953261616304e-52
3.642736384948115630e-52
4.921313864883797854e-52
1.250591490867632700e-51
7.875338224089157196e-51
1.366731804492211548e-49
7.407089226666845497e-48
4.518727997322187607e-46
-1.000000000000000000e+00
-1.000000000000000000e+00
-1.000000000000000000e+00
-1.000000000000000000e+00
-1.000000000000000000e+00
-1.000000000000000000e+00
-1.000000000000000000e+00
-1.000000000000000000e+00
-1.000000000000000000e+00
-1.000000000000000000e+00
-1.000000000000000000e+00
-1.000000000000000000e+00
-1.000000000000000000e+00
-1.000000000000000000e+00
-1.000000000000000000e+00
-1.000000000000000000e+00
-1.000000000000000000e+00
-1.000000000000000000e+00
-1.000000000000000000e+00
-1.000000000000000000e+00
-1.000000000000000000e+00
-1.000000000000000000e+00
-1.000000000000000000e+00
-1.000000000000000000e+00
-1.000000000000000000e+00
-1.000000000000000000e+00
-1.000000000000000000e+00
-1.000000000000000000e+00
-1.000000000000000000e+00
-1.000000000000000000e+00
-1.000000000000000000e+00
