1.773333333333333428e+00
1.741071428571428825e+00
1.698876404494382042e+00
1.656108597285067985e+00
1.626423690205011541e+00
1.586206896551724199e+00
1.559164733178654227e+00
1.517564402810304580e+00
1.464454976303317668e+00
1.438848920863309511e+00
1.375609756097561087e+00
1.325062034739454164e+00
1.279187817258883308e+00
1.240837696335078677e+00
1.180327868852458995e+00
1.137026239067055577e+00
1.078431372549019773e+00
1.019417475728155553e+00
9.515859766277129372e-01
8.814691151919866741e-01
8.013355592654424209e-01
7.212020033388982787e-01
6.210350584307179345e-01
5.108514190317196002e-01
3.505843071786310938e-01
1.202003338898163659e-01
-8.013355592654425319e-02
-2.203672787979966685e-01
-3.505843071786310938e-01
-4.707846410684474736e-01
-6.010016694490818434e-01
-7.712854757929884508e-01
-4.557251908396946938e+00
-4.550185873605948395e+00
-4.544117647058823373e+00
-4.549450549450549275e+00
-4.544117647058823373e+00
-4.545454545454545858e+00
-4.544776119402985870e+00
-4.551724137931034697e+00
-4.546712802768166028e+00
-4.562500000000000000e+00
-4.541666666666666963e+00
-4.536585365853659013e+00
-4.557491289198606133e+00
-4.536585365853659013e+00
-4.552447552447552503e+00
-4.552447552447552503e+00
-4.552447552447552503e+00
-4.531468531468531680e+00
