5.559228650137740146e+00
5.486413043478260754e+00
5.411922304085733160e+00
5.325412541254125109e+00
5.252761533463288224e+00
5.164427383237364388e+00
5.074889867841410052e+00
4.991960420531849074e+00
4.901579586877278238e+00
4.820023837902264852e+00
4.721962616822430014e+00
4.620137299771166717e+00
4.528259653049803823e+00
4.422088572990705124e+00
4.318036286019210301e+00
4.201663201663201619e+00
4.086956521739130821e+00
3.966633954857703426e+00
3.846080760095011986e+00
3.720972923359338935e+00
3.577551922227132142e+00
3.436810856658184754e+00
3.286871961102106887e+00
3.126348228043143163e+00
2.952346307748271670e+00
2.768916155419222314e+00
2.568088467614534132e+00
2.345066358915175897e+00
2.102114492006188939e+00
1.796449112278069471e+00
1.452363090772693210e+00
1.072268067016754145e+00
7.491872968242060393e-01
4.721180295073768574e-01
2.270567641910477552e-01
1.000250062515628882e-02
-1.860465116279069742e-01
-3.640910227556888867e-01
-5.261315328832207872e-01
-6.751687921980494833e-01
-8.122030507626907259e-01
-9.382345586396598769e-01
-1.056264066016504133e+00
-1.163290822705676408e+00
-1.263315828957239262e+00
-1.356339084771192693e+00
-1.442360590147536925e+00
-1.522380595148787208e+00
-1.597399349837459459e+00
-1.667416854213553679e+00
