5.556473829201101111e+00
5.490142760027192814e+00
5.403085177733064626e+00
5.329808327825512393e+00
5.256026058631921849e+00
5.182809493264913137e+00
5.093434343434342537e+00
5.008069522036002752e+00
4.922513727882855683e+00
4.843618933493109679e+00
4.750146972369194920e+00
4.650144092219020031e+00
4.566591422121896393e+00
4.461368653421633468e+00
4.355795148247978865e+00
4.256706996317727310e+00
4.139344262295082011e+00
4.027888446215139417e+00
3.914934751087482123e+00
3.794103883949462297e+00
3.656574785359241186e+00
3.526750761200522000e+00
3.388981636060100389e+00
3.234754882423276356e+00
3.074242424242424221e+00
2.904148783977110071e+00
2.718446601941747698e+00
2.522790697674418769e+00
2.298161244695898109e+00
2.053508329126703558e+00
1.751437859464866298e+00
1.411352838209552374e+00
1.069267316829207282e+00
7.771942985746436161e-01
5.211302825706426445e-01
2.940735183795948893e-01
9.002250562640659592e-02
-9.502375593898475248e-02
-2.640660165041260332e-01
-4.181045261315328720e-01
-5.611402850712677859e-01
-6.921730432608150796e-01
-8.132033008252063100e-01
-9.252313078269567281e-01
-1.030257564391097835e+00
-1.127281820455113825e+00
-1.218304576144036089e+00
-1.302325581395348930e+00
-1.381345336334083518e+00
-1.455363840960240074e+00
