5.574497574497574881e+00
5.567380787836904155e+00
5.543762922122674297e+00
5.531271477663229241e+00
5.507882111034955841e+00
5.503759398496240074e+00
5.482288828337874342e+00
5.464673913043478493e+00
5.449864498644985567e+00
5.434166103983793406e+00
5.414141414141414366e+00
5.404026845637583953e+00
5.384203480589023094e+00
5.366244162775182680e+00
5.357285429141716904e+00
5.334217506631298455e+00
5.321877065432914833e+00
5.306982872200263657e+00
5.285151116951379180e+00
5.273084479371316746e+00
5.250652741514360677e+00
5.241379310344827402e+00
5.219195849546044208e+00
5.204134366925064370e+00
5.184803605924018122e+00
5.165596919127086295e+00
5.151631477927063330e+00
5.131931166347992068e+00
5.110546378653111788e+00
5.098734177215189511e+00
5.080126182965299719e+00
5.058453802639848895e+00
5.044458359423919624e+00
5.023081721771678332e+00
5.002487562189054771e+00
4.983890954151177333e+00
4.965432098765432123e+00
4.946527350952673707e+00
4.928352725045927585e+00
4.917632702867602568e+00
4.889969604863221520e+00
4.876513317191283114e+00
4.858348402652199916e+00
4.836036036036036379e+00
4.822966507177033790e+00
4.798094103633115282e+00
4.773428232502965329e+00
4.760779681039574385e+00
4.734117647058823763e+00
4.721734036321031169e+00
