5.561379310344827687e+00
5.501706484641638362e+00
5.433198380566802044e+00
5.374249499666444052e+00
5.315754779169413524e+00
5.244791666666666963e+00
5.180707395498392209e+00
5.124365482233502078e+00
5.051972448340638522e+00
4.977777777777777857e+00
4.910529519172246005e+00
4.832134292565947398e+00
4.762241887905604543e+00
4.687572590011614082e+00
4.605022831050228582e+00
4.524957936062815378e+00
4.451541850220264607e+00
4.360691144708423117e+00
4.277248677248676856e+00
4.182383419689118753e+00
4.089159067882472520e+00
3.994065281899109809e+00
3.895803183791606283e+00
3.798966651009863860e+00
3.693290734824281607e+00
3.580159433126660851e+00
3.466780968709815891e+00
3.346297062474141715e+00
3.221027479091995716e+00
3.091256204658266338e+00
2.952971199416697168e+00
2.805680637339798889e+00
2.646616541353382868e+00
2.481028151774785862e+00
2.295267781241144611e+00
2.095681406775277811e+00
1.857464366091522878e+00
1.621405351337834588e+00
1.406351587896974120e+00
1.209302325581395277e+00
1.028257064266066445e+00
8.612153038259564575e-01
7.071767941985496186e-01
5.631407851962990652e-01
4.291072768192047970e-01
3.040760190047511746e-01
1.860465116279069742e-01
7.701925481370341942e-02
-2.800700175043760801e-02
-1.250312578144536224e-01
