5.569343065693431072e+00
5.455197132616487643e+00
5.349736379613356796e+00
5.248275862068965125e+00
5.148648648648648241e+00
5.036303630363036632e+00
4.929032258064515837e+00
4.836477987421383240e+00
4.698315467075038221e+00
4.566318926974664905e+00
4.452173913043478315e+00
4.298171589310829432e+00
4.163934426229507935e+00
4.015936254980079667e+00
3.848563968668407220e+00
3.692722371967655182e+00
3.507929704243463398e+00
3.315256980979360613e+00
3.104206138688897276e+00
2.877586811645036935e+00
2.628315755832534517e+00
2.353543979504696626e+00
1.989497374343586200e+00
1.591397849462365510e+00
1.041260315078769594e+00
-2.010502625656414299e-01
-8.482120530132533087e-01
-1.273318329582395325e+00
-5.075268817204301008e+00
-4.915715062533985602e+00
-4.972972972972972805e+00
-5.014376078205865284e+00
-5.045507584597433315e+00
-5.071386430678465729e+00
-5.090476190476190155e+00
-5.109646494907130077e+00
-5.123568414707655450e+00
-5.138703815869170022e+00
-5.149117468046256363e+00
-5.160659743433109625e+00
-5.169117647058823373e+00
-5.177627535341118303e+00
-5.183723797780517728e+00
-5.189122373300370406e+00
-5.198761609907120551e+00
-5.203473945409429646e+00
-5.208955223880596286e+00
-5.212951432129513840e+00
-5.220212102308170898e+00
-5.222499999999999254e+00
