8.914858096828046641e-01
8.914858096828046641e-01
8.814691151919866741e-01
8.614357262103506940e-01
8.414023372287144920e-01
8.313856427378965019e-01
8.113522537562604109e-01
8.113522537562604109e-01
7.913188647746244309e-01
7.813021702838064408e-01
7.512520868113522488e-01
7.412353923205342587e-01
7.212020033388982787e-01
7.111853088480801777e-01
7.011686143572621877e-01
6.811352253756260966e-01
6.611018363939900055e-01
6.410684474123540255e-01
6.310517529215359245e-01
6.010016694490818434e-01
5.909849749582637424e-01
5.609348914858097723e-01
5.409015025041736813e-01
5.208681135225375902e-01
5.008347245409014992e-01
4.707846410684474736e-01
4.507512520868113826e-01
4.207011686143572460e-01
3.906510851419032204e-01
3.606010016694491394e-01
3.205342237061770128e-01
2.804674457429048862e-01
2.303839732888146863e-01
1.702838063439065242e-01
8.013355592654425319e-02
-8.614357262103506940e-01
-8.614357262103506940e-01
-8.714524207011686840e-01
-8.614357262103506940e-01
-8.614357262103506940e-01
-8.714524207011686840e-01
-8.614357262103506940e-01
-8.714524207011686840e-01
-8.614357262103506940e-01
-8.714524207011686840e-01
-8.614357262103506940e-01
-8.614357262103506940e-01
-8.614357262103506940e-01
-8.714524207011686840e-01
-8.614357262103506940e-01
