0.000e+00  0.000e+00  2.062e-96
1.000e+00  0.000e+00  2.062e-96
2.000e+00  0.000e+00  2.062e-96
3.000e+00  0.000e+00  2.062e-96
4.000e+00  0.000e+00  2.062e-96
5.000e+00  0.000e+00  2.062e-96
6.000e+00  0.000e+00  2.062e-96
7.000e+00  0.000e+00  2.062e-96
8.000e+00  0.000e+00  2.062e-96
9.000e+00  0.000e+00  2.062e-96
1.000e+01  0.000e+00  2.062e-96
1.100e+01  0.000e+00  2.062e-96
1.200e+01  0.000e+00  2.062e-96
1.300e+01  0.000e+00  2.062e-96
1.400e+01  0.000e+00  2.062e-96
1.500e+01  0.000e+00  2.062e-96
1.600e+01  0.000e+00  2.062e-96
1.700e+01  0.000e+00  2.062e-96
1.800e+01  0.000e+00  2.062e-96
1.900e+01  0.000e+00  2.062e-96
2.000e+01  0.000e+00  2.062e-96
2.100e+01  0.000e+00  2.062e-96
2.200e+01  0.000e+00  2.062e-96
2.300e+01  0.000e+00  2.062e-96
2.400e+01  0.000e+00  2.062e-96
2.500e+01  0.000e+00  2.062e-96
2.600e+01  0.000e+00  2.062e-96
2.700e+01  0.000e+00  2.062e-96
2.800e+01  0.000e+00  2.062e-96
2.900e+01  0.000e+00  2.062e-96
3.000e+01  0.000e+00  2.062e-96
3.100e+01  0.000e+00  2.062e-96
3.200e+01  0.000e+00  2.062e-96
3.300e+01  0.000e+00  2.062e-96
3.400e+01  0.000e+00  2.062e-96
3.500e+01  0.000e+00  2.062e-96
3.600e+01  0.000e+00  2.062e-96
3.700e+01  0.000e+00  2.062e-96
3.800e+01  0.000e+00  2.062e-96
3.900e+01  0.000e+00  2.062e-96
4.000e+01  0.000e+00  2.062e-96
4.100e+01  0.000e+00  2.062e-96
4.200e+01  0.000e+00  2.062e-96
4.300e+01  0.000e+00  2.062e-96
4.400e+01  0.000e+00  2.062e-96
4.500e+01  0.000e+00  2.062e-96
4.600e+01  0.000e+00  2.062e-96
4.700e+01  0.000e+00  2.062e-96
4.800e+01  0.000e+00  2.062e-96
4.900e+01  0.000e+00  2.062e-96
5.000e+01  0.000e+00  2.062e-96
5.100e+01  0.000e+00  2.062e-96
5.200e+01  0.000e+00  2.062e-96
5.300e+01  0.000e+00  2.062e-96
5.400e+01  0.000e+00  2.062e-96
5.500e+01  0.000e+00  2.062e-96
5.600e+01  0.000e+00  2.062e-96
5.700e+01  0.000e+00  2.062e-96
5.800e+01  0.000e+00  2.062e-96
5.900e+01  0.000e+00  2.062e-96
6.000e+01  0.000e+00  2.062e-96
6.100e+01  0.000e+00  2.062e-96
6.200e+01  0.000e+00  2.062e-96
6.300e+01  0.000e+00  2.062e-96
6.400e+01  0.000e+00  2.062e-96
6.500e+01  0.000e+00  2.062e-96
6.600e+01  0.000e+00  2.062e-96
6.700e+01  0.000e+00  2.062e-96
6.800e+01  0.000e+00  2.062e-96
6.900e+01  0.000e+00  2.062e-96
7.000e+01  0.000e+00  2.062e-96
7.100e+01  0.000e+00  2.062e-96
7.200e+01  0.000e+00  2.062e-96
7.300e+01  0.000e+00  2.062e-96
7.400e+01  0.000e+00  2.062e-96
7.500e+01  0.000e+00  2.062e-96
7.600e+01  0.000e+00  2.062e-96
7.700e+01  0.000e+00  2.062e-96
7.800e+01  0.000e+00  2.062e-96
7.900e+01  0.000e+00  2.062e-96
8.000e+01  0.000e+00  2.062e-96
8.100e+01  0.000e+00  2.062e-96
8.200e+01  0.000e+00  2.062e-96
8.300e+01  0.000e+00  2.062e-96
8.400e+01  0.000e+00  2.062e-96
8.500e+01  0.000e+00  2.062e-96
8.600e+01  0.000e+00  2.062e-96
8.700e+01  0.000e+00  2.062e-96
8.800e+01  0.000e+00  2.062e-96
8.900e+01  0.000e+00  2.062e-96
9.000e+01  0.000e+00  2.062e-96
9.100e+01  0.000e+00  2.062e-96
9.200e+01  0.000e+00  2.062e-96
9.300e+01  0.000e+00  2.062e-96
9.400e+01  0.000e+00  2.062e-96
9.500e+01  0.000e+00  2.062e-96
9.600e+01  0.000e+00  2.062e-96
9.700e+01  0.000e+00  2.062e-96
9.800e+01  0.000e+00  2.062e-96
9.900e+01  0.000e+00  2.062e-96
1.000e+02  0.000e+00  2.062e-96
1.010e+02  0.000e+00  2.062e-96
1.020e+02  0.000e+00  2.062e-96
1.030e+02  0.000e+00  2.062e-96
1.040e+02  0.000e+00  2.062e-96
1.050e+02  0.000e+00  2.062e-96
1.060e+02  0.000e+00  2.062e-96
1.070e+02  0.000e+00  2.062e-96
1.080e+02  0.000e+00  2.062e-96
1.090e+02  0.000e+00  2.062e-96
1.100e+02  0.000e+00  2.062e-96
1.110e+02  0.000e+00  2.062e-96
1.120e+02  0.000e+00  2.062e-96
1.130e+02  0.000e+00  2.062e-96
1.140e+02  0.000e+00  2.062e-96
1.150e+02  0.000e+00  2.062e-96
1.160e+02  0.000e+00  2.062e-96
1.170e+02  0.000e+00  2.062e-96
1.180e+02  0.000e+00  2.062e-96
1.190e+02  0.000e+00  2.062e-96
1.200e+02  0.000e+00  2.062e-96
1.210e+02  0.000e+00  2.062e-96
1.220e+02  0.000e+00  2.062e-96
1.230e+02  0.000e+00  2.062e-96
1.240e+02  0.000e+00  2.062e-96
1.250e+02  0.000e+00  2.062e-96
1.260e+02  0.000e+00  2.062e-96
1.270e+02  0.000e+00  2.062e-96
1.280e+02  0.000e+00  2.062e-96
1.290e+02  0.000e+00  2.062e-96
1.300e+02  0.000e+00  2.062e-96
1.310e+02  0.000e+00  2.062e-96
1.320e+02  0.000e+00  2.062e-96
1.330e+02  0.000e+00  2.062e-96
1.340e+02  0.000e+00  2.062e-96
1.350e+02  0.000e+00  2.062e-96
1.360e+02  0.000e+00  2.062e-96
1.370e+02  0.000e+00  2.062e-96
1.380e+02  0.000e+00  2.062e-96
1.390e+02  0.000e+00  2.062e-96
1.400e+02  0.000e+00  2.062e-96
1.410e+02  0.000e+00  2.062e-96
1.420e+02  0.000e+00  2.062e-96
1.430e+02  0.000e+00  2.062e-96
1.440e+02  0.000e+00  2.062e-96
1.450e+02  0.000e+00  2.062e-96
1.460e+02  0.000e+00  2.062e-96
1.470e+02  0.000e+00  2.062e-96
1.480e+02  0.000e+00  2.062e-96
1.490e+02  0.000e+00  2.062e-96
1.500e+02  0.000e+00  2.062e-96
1.510e+02  0.000e+00  2.062e-96
1.520e+02  0.000e+00  2.062e-96
1.530e+02  0.000e+00  2.062e-96
1.540e+02  0.000e+00  2.062e-96
1.550e+02  0.000e+00  2.062e-96
1.560e+02  0.000e+00  2.062e-96
1.570e+02  0.000e+00  2.062e-96
1.580e+02  0.000e+00  2.062e-96
1.590e+02  0.000e+00  2.062e-96
1.600e+02  0.000e+00  2.062e-96
1.610e+02  0.000e+00  2.062e-96
1.620e+02  0.000e+00  2.062e-96
1.630e+02  0.000e+00  2.062e-96
1.640e+02  0.000e+00  2.062e-96
1.650e+02  0.000e+00  2.062e-96
1.660e+02  0.000e+00  2.062e-96
1.670e+02  0.000e+00  2.062e-96
1.680e+02  0.000e+00  2.062e-96
1.690e+02  0.000e+00  2.062e-96
1.700e+02  0.000e+00  2.062e-96
1.710e+02  0.000e+00  2.062e-96
1.720e+02  0.000e+00  2.062e-96
1.730e+02  0.000e+00  2.062e-96
1.740e+02  0.000e+00  2.062e-96
1.750e+02  0.000e+00  2.062e-96
1.760e+02  0.000e+00  2.062e-96
1.770e+02  0.000e+00  2.062e-96
1.780e+02  0.000e+00  2.062e-96
1.790e+02  0.000e+00  2.062e-96
1.800e+02  0.000e+00  2.062e-96
1.810e+02  0.000e+00  2.062e-96
1.820e+02  0.000e+00  2.062e-96
1.830e+02  0.000e+00  2.062e-96
1.840e+02  0.000e+00  2.062e-96
1.850e+02  0.000e+00  2.062e-96
1.860e+02  0.000e+00  2.062e-96
1.870e+02  0.000e+00  2.062e-96
1.880e+02  0.000e+00  2.062e-96
1.890e+02  0.000e+00  2.062e-96
1.900e+02  0.000e+00  2.062e-96
1.910e+02  0.000e+00  2.062e-96
1.920e+02  0.000e+00  2.062e-96
1.930e+02  0.000e+00  2.062e-96
1.940e+02  0.000e+00  2.062e-96
1.950e+02  0.000e+00  2.062e-96
1.960e+02  0.000e+00  2.062e-96
1.970e+02  0.000e+00  2.062e-96
1.980e+02  0.000e+00  2.062e-96
1.990e+02  0.000e+00  2.062e-96
2.000e+02  0.000e+00  2.062e-96
2.010e+02  0.000e+00  2.062e-96
2.020e+02  0.000e+00  2.062e-96
2.030e+02  0.000e+00  2.062e-96
2.040e+02  0.000e+00  2.062e-96
2.050e+02  0.000e+00  2.062e-96
2.060e+02  0.000e+00  2.062e-96
2.070e+02  0.000e+00  2.062e-96
2.080e+02  0.000e+00  2.062e-96
2.090e+02  0.000e+00  2.062e-96
2.100e+02  0.000e+00  2.062e-96
2.110e+02  0.000e+00  2.062e-96
2.120e+02  0.000e+00  2.062e-96
2.130e+02  0.000e+00  2.062e-96
2.140e+02  0.000e+00  2.062e-96
2.150e+02  0.000e+00  2.062e-96
2.160e+02  0.000e+00  2.062e-96
2.170e+02  0.000e+00  2.062e-96
2.180e+02  0.000e+00  2.062e-96
2.190e+02  0.000e+00  2.062e-96
2.200e+02  0.000e+00  2.062e-96
2.210e+02  0.000e+00  2.062e-96
2.220e+02  0.000e+00  2.062e-96
2.230e+02  0.000e+00  2.062e-96
2.240e+02  0.000e+00  2.062e-96
2.250e+02  0.000e+00  2.062e-96
2.260e+02  0.000e+00  2.062e-96
2.270e+02  0.000e+00  2.062e-96
2.280e+02  0.000e+00  2.062e-96
2.290e+02  0.000e+00  2.062e-96
2.300e+02  0.000e+00  2.062e-96
2.310e+02  0.000e+00  2.062e-96
2.320e+02  0.000e+00  2.062e-96
2.330e+02  0.000e+00  2.062e-96
2.340e+02  0.000e+00  2.062e-96
2.350e+02  0.000e+00  2.062e-96
2.360e+02  0.000e+00  2.062e-96
2.370e+02  0.000e+00  2.062e-96
2.380e+02  0.000e+00  2.062e-96
2.390e+02  0.000e+00  2.062e-96
2.400e+02  0.000e+00  2.062e-96
2.410e+02  0.000e+00  2.062e-96
2.420e+02  0.000e+00  2.062e-96
2.430e+02  0.000e+00  2.062e-96
2.440e+02  0.000e+00  2.062e-96
2.450e+02  0.000e+00  2.062e-96
2.460e+02  0.000e+00  2.062e-96
2.470e+02  0.000e+00  2.062e-96
2.480e+02  0.000e+00  2.062e-96
2.490e+02  0.000e+00  2.062e-96
2.500e+02  0.000e+00  2.062e-96
2.510e+02  0.000e+00  2.062e-96
2.520e+02  0.000e+00  2.062e-96
2.530e+02  0.000e+00  2.062e-96
2.540e+02  0.000e+00  2.062e-96
2.550e+02  0.000e+00  2.062e-96
2.560e+02  0.000e+00  2.062e-96
2.570e+02  0.000e+00  2.062e-96
2.580e+02  0.000e+00  2.062e-96
2.590e+02  0.000e+00  2.062e-96
2.600e+02  0.000e+00  2.062e-96
2.610e+02  0.000e+00  2.062e-96
2.620e+02  0.000e+00  2.062e-96
2.630e+02  0.000e+00  2.062e-96
2.640e+02  0.000e+00  2.062e-96
2.650e+02  0.000e+00  2.062e-96
2.660e+02  0.000e+00  2.062e-96
2.670e+02  0.000e+00  2.062e-96
2.680e+02  0.000e+00  2.062e-96
2.690e+02  0.000e+00  2.062e-96
2.700e+02  0.000e+00  2.062e-96
2.710e+02  0.000e+00  2.062e-96
2.720e+02  0.000e+00  2.062e-96
2.730e+02  0.000e+00  2.062e-96
2.740e+02  0.000e+00  2.062e-96
2.750e+02  0.000e+00  2.062e-96
2.760e+02  0.000e+00  2.062e-96
2.770e+02  0.000e+00  2.062e-96
2.780e+02  0.000e+00  2.062e-96
2.790e+02  0.000e+00  2.062e-96
2.800e+02  0.000e+00  2.062e-96
2.810e+02  0.000e+00  2.062e-96
2.820e+02  0.000e+00  2.062e-96
2.830e+02  0.000e+00  2.062e-96
2.840e+02  0.000e+00  2.062e-96
2.850e+02  0.000e+00  2.062e-96
2.860e+02  0.000e+00  2.062e-96
2.870e+02  0.000e+00  2.062e-96
2.880e+02  0.000e+00  2.062e-96
2.890e+02  0.000e+00  2.062e-96
2.900e+02  0.000e+00  2.062e-96
2.910e+02  0.000e+00  2.062e-96
2.920e+02  0.000e+00  2.062e-96
2.930e+02  0.000e+00  2.062e-96
2.940e+02  0.000e+00  2.062e-96
2.950e+02  0.000e+00  2.062e-96
2.960e+02  0.000e+00  2.062e-96
2.970e+02  0.000e+00  2.062e-96
2.980e+02  0.000e+00  2.062e-96
2.990e+02  0.000e+00  2.062e-96
3.000e+02  0.000e+00  2.062e-96
3.010e+02  0.000e+00  2.062e-96
3.020e+02  0.000e+00  2.062e-96
3.030e+02  0.000e+00  2.062e-96
3.040e+02  0.000e+00  2.062e-96
3.050e+02  0.000e+00  2.062e-96
3.060e+02  0.000e+00  2.062e-96
3.070e+02  0.000e+00  2.062e-96
3.080e+02  0.000e+00  2.062e-96
3.090e+02  0.000e+00  2.062e-96
3.100e+02  0.000e+00  2.062e-96
3.110e+02  0.000e+00  2.062e-96
3.120e+02  0.000e+00  2.062e-96
3.130e+02  0.000e+00  2.062e-96
3.140e+02  0.000e+00  2.062e-96
3.150e+02  0.000e+00  2.062e-96
3.160e+02  0.000e+00  2.062e-96
3.170e+02  0.000e+00  2.062e-96
3.180e+02  0.000e+00  2.062e-96
3.190e+02  0.000e+00  2.062e-96
3.200e+02  0.000e+00  2.062e-96
3.210e+02  0.000e+00  2.062e-96
3.220e+02  0.000e+00  2.062e-96
3.230e+02  0.000e+00  2.062e-96
3.240e+02  0.000e+00  2.062e-96
3.250e+02  0.000e+00  2.062e-96
3.260e+02  0.000e+00  2.062e-96
3.270e+02  0.000e+00  2.062e-96
3.280e+02  0.000e+00  2.062e-96
3.290e+02  0.000e+00  2.062e-96
3.300e+02  0.000e+00  2.062e-96
3.310e+02  0.000e+00  2.062e-96
3.320e+02  0.000e+00  2.062e-96
3.330e+02  0.000e+00  2.062e-96
3.340e+02  0.000e+00  2.062e-96
3.350e+02  0.000e+00  2.062e-96
3.360e+02  0.000e+00  2.062e-96
3.370e+02  0.000e+00  2.062e-96
3.380e+02  0.000e+00  2.062e-96
3.390e+02  0.000e+00  2.062e-96
3.400e+02  0.000e+00  2.062e-96
3.410e+02  0.000e+00  2.062e-96
3.420e+02  0.000e+00  2.062e-96
3.430e+02  0.000e+00  2.062e-96
3.440e+02  0.000e+00  2.062e-96
3.450e+02  0.000e+00  2.062e-96
3.460e+02  0.000e+00  2.062e-96
3.470e+02  0.000e+00  2.062e-96
3.480e+02  0.000e+00  2.062e-96
3.490e+02  0.000e+00  2.062e-96
3.500e+02  0.000e+00  2.062e-96
3.510e+02  0.000e+00  2.062e-96
3.520e+02  0.000e+00  2.062e-96
3.530e+02  0.000e+00  2.062e-96
3.540e+02  0.000e+00  2.062e-96
3.550e+02  0.000e+00  2.062e-96
3.560e+02  0.000e+00  2.062e-96
3.570e+02  0.000e+00  2.062e-96
3.580e+02  0.000e+00  2.062e-96
3.590e+02  0.000e+00  2.062e-96
3.600e+02  0.000e+00  2.062e-96
3.610e+02  0.000e+00  2.062e-96
3.620e+02  0.000e+00  2.062e-96
3.630e+02  0.000e+00  2.062e-96
3.640e+02  0.000e+00  2.062e-96
3.650e+02  0.000e+00  2.062e-96
3.660e+02  0.000e+00  2.062e-96
3.670e+02  0.000e+00  2.062e-96
3.680e+02  0.000e+00  2.062e-96
3.690e+02  0.000e+00  2.062e-96
3.700e+02  0.000e+00  2.062e-96
3.710e+02  0.000e+00  2.062e-96
3.720e+02  0.000e+00  2.062e-96
3.730e+02  0.000e+00  2.062e-96
3.740e+02  0.000e+00  2.062e-96
3.750e+02  0.000e+00  2.062e-96
3.760e+02  0.000e+00  2.062e-96
3.770e+02  0.000e+00  2.062e-96
3.780e+02  0.000e+00  2.062e-96
3.790e+02  0.000e+00  2.062e-96
3.800e+02  0.000e+00  2.062e-96
3.810e+02  0.000e+00  2.062e-96
3.820e+02  0.000e+00  2.062e-96
3.830e+02  0.000e+00  2.062e-96
3.840e+02  0.000e+00  2.062e-96
3.850e+02  0.000e+00  2.062e-96
3.860e+02  0.000e+00  2.062e-96
3.870e+02  0.000e+00  2.062e-96
3.880e+02  0.000e+00  2.062e-96
3.890e+02  0.000e+00  2.062e-96
3.900e+02  0.000e+00  2.062e-96
3.910e+02  0.000e+00  2.062e-96
3.920e+02  0.000e+00  2.062e-96
3.930e+02  0.000e+00  2.062e-96
3.940e+02  0.000e+00  2.062e-96
3.950e+02  0.000e+00  2.062e-96
3.960e+02  0.000e+00  2.062e-96
3.970e+02  0.000e+00  2.062e-96
3.980e+02  0.000e+00  2.062e-96
3.990e+02  0.000e+00  2.062e-96
4.000e+02  0.000e+00  2.062e-96
4.010e+02  0.000e+00  2.062e-96
4.020e+02  0.000e+00  2.062e-96
4.030e+02  0.000e+00  2.062e-96
4.040e+02  0.000e+00  2.062e-96
4.050e+02  0.000e+00  2.062e-96
4.060e+02  0.000e+00  2.062e-96
4.070e+02  0.000e+00  2.062e-96
4.080e+02  0.000e+00  2.062e-96
4.090e+02  0.000e+00  2.062e-96
4.100e+02  0.000e+00  2.062e-96
4.110e+02  0.000e+00  2.062e-96
4.120e+02  0.000e+00  2.062e-96
4.130e+02  0.000e+00  2.062e-96
4.140e+02  0.000e+00  2.062e-96
4.150e+02  0.000e+00  2.062e-96
4.160e+02  0.000e+00  2.062e-96
4.170e+02  0.000e+00  2.062e-96
4.180e+02  0.000e+00  2.062e-96
4.190e+02  0.000e+00  2.062e-96
4.200e+02  0.000e+00  2.062e-96
4.210e+02  0.000e+00  2.062e-96
4.220e+02  0.000e+00  2.062e-96
4.230e+02  0.000e+00  2.062e-96
4.240e+02  0.000e+00  2.062e-96
4.250e+02  0.000e+00  2.062e-96
4.260e+02  0.000e+00  2.062e-96
4.270e+02  0.000e+00  2.062e-96
4.280e+02  0.000e+00  2.062e-96
4.290e+02  0.000e+00  2.062e-96
4.300e+02  0.000e+00  2.062e-96
4.310e+02  0.000e+00  2.062e-96
4.320e+02  0.000e+00  2.062e-96
4.330e+02  0.000e+00  2.062e-96
4.340e+02  0.000e+00  2.062e-96
4.350e+02  0.000e+00  2.062e-96
4.360e+02  0.000e+00  2.062e-96
4.370e+02  0.000e+00  2.062e-96
4.380e+02  0.000e+00  2.062e-96
4.390e+02  0.000e+00  2.062e-96
4.400e+02  0.000e+00  2.062e-96
4.410e+02  0.000e+00  2.062e-96
4.420e+02  0.000e+00  2.062e-96
4.430e+02  0.000e+00  2.062e-96
4.440e+02  0.000e+00  2.062e-96
4.450e+02  0.000e+00  2.062e-96
4.460e+02  0.000e+00  2.062e-96
4.470e+02  0.000e+00  2.062e-96
4.480e+02  0.000e+00  2.062e-96
4.490e+02  0.000e+00  2.062e-96
4.500e+02  0.000e+00  2.062e-96
4.510e+02  0.000e+00  2.062e-96
4.520e+02  0.000e+00  2.062e-96
4.530e+02  0.000e+00  2.062e-96
4.540e+02  0.000e+00  2.062e-96
4.550e+02  0.000e+00  2.062e-96
4.560e+02  0.000e+00  2.062e-96
4.570e+02  0.000e+00  2.062e-96
4.580e+02  0.000e+00  2.062e-96
4.590e+02  0.000e+00  2.062e-96
4.600e+02  0.000e+00  2.062e-96
4.610e+02  0.000e+00  2.062e-96
4.620e+02  0.000e+00  2.062e-96
4.630e+02  0.000e+00  2.062e-96
4.640e+02  0.000e+00  2.062e-96
4.650e+02  0.000e+00  2.062e-96
4.660e+02  0.000e+00  2.062e-96
4.670e+02  0.000e+00  2.062e-96
4.680e+02  0.000e+00  2.062e-96
4.690e+02  0.000e+00  2.062e-96
4.700e+02  0.000e+00  2.062e-96
4.710e+02  0.000e+00  2.062e-96
4.720e+02  0.000e+00  2.062e-96
4.730e+02  0.000e+00  2.062e-96
4.740e+02  0.000e+00  2.062e-96
4.750e+02  0.000e+00  2.062e-96
4.760e+02  1.976e-323  2.062e-96
4.770e+02  7.905e-323  2.062e-96
4.780e+02  2.717e-322  2.062e-96
4.790e+02  8.004e-322  2.062e-96
4.800e+02  2.283e-321  2.062e-96
4.810e+02  6.443e-321  2.062e-96
4.820e+02  1.819e-320  2.062e-96
4.830e+02  5.133e-320  2.062e-96
4.840e+02  1.448e-319  2.062e-96
4.850e+02  4.084e-319  2.062e-96
4.860e+02  1.151e-318  2.062e-96
4.870e+02  3.245e-318  2.062e-96
4.880e+02  9.144e-318  2.062e-96
4.890e+02  2.576e-317  2.062e-96
4.900e+02  7.252e-317  2.062e-96
4.910e+02  2.041e-316  2.062e-96
4.920e+02  5.744e-316  2.062e-96
4.930e+02  1.616e-315  2.062e-96
4.940e+02  4.542e-315  2.062e-96
4.950e+02  1.277e-314  2.062e-96
4.960e+02  3.588e-314  2.062e-96
4.970e+02  1.008e-313  2.062e-96
4.980e+02  2.830e-313  2.062e-96
4.990e+02  7.943e-313  2.062e-96
5.000e+02  2.229e-312  2.062e-96
5.010e+02  6.252e-312  2.062e-96
5.020e+02  1.753e-311  2.062e-96
5.030e+02  4.916e-311  2.062e-96
5.040e+02  1.378e-310  2.062e-96
5.050e+02  3.862e-310  2.062e-96
5.060e+02  1.082e-309  2.062e-96
5.070e+02  3.031e-309  2.062e-96
5.080e+02  8.488e-309  2.062e-96
5.090e+02  2.377e-308  2.062e-96
5.100e+02  6.656e-308  2.062e-96
5.110e+02  1.864e-307  2.062e-96
5.120e+02  5.218e-307  2.062e-96
5.130e+02  1.461e-306  2.062e-96
5.140e+02  4.089e-306  2.062e-96
5.150e+02  1.145e-305  2.062e-96
5.160e+02  3.206e-305  2.062e-96
5.170e+02  8.976e-305  2.062e-96
5.180e+02  2.514e-304  2.062e-96
5.190e+02  7.040e-304  2.062e-96
5.200e+02  1.972e-303  2.062e-96
5.210e+02  5.524e-303  2.062e-96
5.220e+02  1.548e-302  2.062e-96
5.230e+02  4.338e-302  2.062e-96
5.240e+02  1.216e-301  2.062e-96
5.250e+02  3.409e-301  2.062e-96
5.260e+02  9.559e-301  2.062e-96
5.270e+02  2.681e-300  2.062e-96
5.280e+02  7.521e-300  2.062e-96
5.290e+02  2.110e-299  2.062e-96
5.300e+02  5.922e-299  2.062e-96
5.310e+02  1.662e-298  2.062e-96
5.320e+02  4.666e-298  2.062e-96
5.330e+02  1.310e-297  2.062e-96
5.340e+02  3.679e-297  2.062e-96
5.350e+02  1.033e-296  2.062e-96
5.360e+02  2.902e-296  2.062e-96
5.370e+02  8.150e-296  2.062e-96
5.380e+02  2.289e-295  2.062e-96
5.390e+02  6.431e-295  2.062e-96
5.400e+02  1.806e-294  2.062e-96
5.410e+02  5.074e-294  2.062e-96
5.420e+02  1.425e-293  2.062e-96
5.430e+02  4.002e-293  2.062e-96
5.440e+02  1.124e-292  2.062e-96
5.450e+02  3.155e-292  2.062e-96
5.460e+02  8.857e-292  2.062e-96
5.470e+02  2.486e-291  2.062e-96
5.480e+02  6.974e-291  2.062e-96
5.490e+02  1.956e-290  2.062e-96
5.500e+02  5.484e-290  2.062e-96
5.510e+02  1.537e-289  2.062e-96
5.520e+02  4.306e-289  2.062e-96
5.530e+02  1.206e-288  2.062e-96
5.540e+02  3.376e-288  2.062e-96
5.550e+02  9.444e-288  2.062e-96
5.560e+02  2.641e-287  2.062e-96
5.570e+02  7.382e-287  2.062e-96
5.580e+02  2.062e-286  2.062e-96
5.590e+02  5.757e-286  2.062e-96
5.600e+02  1.607e-285  2.062e-96
5.610e+02  4.480e-285  2.062e-96
5.620e+02  1.249e-284  2.062e-96
5.630e+02  3.479e-284  2.062e-96
5.640e+02  9.688e-284  2.062e-96
5.650e+02  2.696e-283  2.062e-96
5.660e+02  7.501e-283  2.062e-96
5.670e+02  2.086e-282  2.062e-96
5.680e+02  5.798e-282  2.062e-96
5.690e+02  1.611e-281  2.062e-96
5.700e+02  4.476e-281  2.062e-96
5.710e+02  1.243e-280  2.062e-96
5.720e+02  3.453e-280  2.062e-96
5.730e+02  9.587e-280  2.062e-96
5.740e+02  2.662e-279  2.062e-96
5.750e+02  7.392e-279  2.062e-96
5.760e+02  2.053e-278  2.062e-96
5.770e+02  5.703e-278  2.062e-96
5.780e+02  1.584e-277  2.062e-96
5.790e+02  4.403e-277  2.062e-96
5.800e+02  1.224e-276  2.062e-96
5.810e+02  3.403e-276  2.062e-96
5.820e+02  9.468e-276  2.062e-96
5.830e+02  2.635e-275  2.062e-96
5.840e+02  7.336e-275  2.062e-96
5.850e+02  2.043e-274  2.062e-96
5.860e+02  5.693e-274  2.062e-96
5.870e+02  1.587e-273  2.062e-96
5.880e+02  4.424e-273  2.062e-96
5.890e+02  1.234e-272  2.062e-96
5.900e+02  3.442e-272  2.062e-96
5.910e+02  9.604e-272  2.062e-96
5.920e+02  2.680e-271  2.062e-96
5.930e+02  7.479e-271  2.062e-96
5.940e+02  2.087e-270  2.062e-96
5.950e+02  5.823e-270  2.062e-96
5.960e+02  1.624e-269  2.062e-96
5.970e+02  4.531e-269  2.062e-96
5.980e+02  1.263e-268  2.062e-96
5.990e+02  3.520e-268  2.062e-96
6.000e+02  9.804e-268  2.062e-96
6.010e+02  2.729e-267  2.062e-96
6.020e+02  7.592e-267  2.062e-96
6.030e+02  2.110e-266  2.062e-96
6.040e+02  5.862e-266  2.062e-96
6.050e+02  1.627e-265  2.062e-96
6.060e+02  4.513e-265  2.062e-96
6.070e+02  1.250e-264  2.062e-96
6.080e+02  3.462e-264  2.062e-96
6.090e+02  9.580e-264  2.062e-96
6.100e+02  2.649e-263  2.062e-96
6.110e+02  7.317e-263  2.062e-96
6.120e+02  2.021e-262  2.062e-96
6.130e+02  5.576e-262  2.062e-96
6.140e+02  1.538e-261  2.062e-96
6.150e+02  4.243e-261  2.062e-96
6.160e+02  1.170e-260  2.062e-96
6.170e+02  3.226e-260  2.062e-96
6.180e+02  8.898e-260  2.062e-96
6.190e+02  2.455e-259  2.062e-96
6.200e+02  6.775e-259  2.062e-96
6.210e+02  1.871e-258  2.062e-96
6.220e+02  5.168e-258  2.062e-96
6.230e+02  1.429e-257  2.062e-96
6.240e+02  3.954e-257  2.062e-96
6.250e+02  1.095e-256  2.062e-96
6.260e+02  3.034e-256  2.062e-96
6.270e+02  8.414e-256  2.062e-96
6.280e+02  2.335e-255  2.062e-96
6.290e+02  6.484e-255  2.062e-96
6.300e+02  1.802e-254  2.062e-96
6.310e+02  5.007e-254  2.062e-96
6.320e+02  1.392e-253  2.062e-96
6.330e+02  3.871e-253  2.062e-96
6.340e+02  1.076e-252  2.062e-96
6.350e+02  2.991e-252  2.062e-96
6.360e+02  8.311e-252  2.062e-96
6.370e+02  2.308e-251  2.062e-96
6.380e+02  6.403e-251  2.062e-96
6.390e+02  1.775e-250  2.062e-96
6.400e+02  4.914e-250  2.062e-96
6.410e+02  1.359e-249  2.062e-96
6.420e+02  3.753e-249  2.062e-96
6.430e+02  1.035e-248  2.062e-96
6.440e+02  2.850e-248  2.062e-96
6.450e+02  7.836e-248  2.062e-96
6.460e+02  2.152e-247  2.062e-96
6.470e+02  5.900e-247  2.062e-96
6.480e+02  1.616e-246  2.062e-96
6.490e+02  4.422e-246  2.062e-96
6.500e+02  1.210e-245  2.062e-96
6.510e+02  3.307e-245  2.062e-96
6.520e+02  9.044e-245  2.062e-96
6.530e+02  2.474e-244  2.062e-96
6.540e+02  6.774e-244  2.062e-96
6.550e+02  1.857e-243  2.062e-96
6.560e+02  5.098e-243  2.062e-96
6.570e+02  1.402e-242  2.062e-96
6.580e+02  3.861e-242  2.062e-96
6.590e+02  1.065e-241  2.062e-96
6.600e+02  2.945e-241  2.062e-96
6.610e+02  8.154e-241  2.062e-96
6.620e+02  2.261e-240  2.062e-96
6.630e+02  6.275e-240  2.062e-96
6.640e+02  1.743e-239  2.062e-96
6.650e+02  4.846e-239  2.062e-96
6.660e+02  1.347e-238  2.062e-96
6.670e+02  3.746e-238  2.062e-96
6.680e+02  1.041e-237  2.062e-96
6.690e+02  2.891e-237  2.062e-96
6.700e+02  8.022e-237  2.062e-96
6.710e+02  2.223e-236  2.062e-96
6.720e+02  6.151e-236  2.062e-96
6.730e+02  1.698e-235  2.062e-96
6.740e+02  4.676e-235  2.062e-96
6.750e+02  1.283e-234  2.062e-96
6.760e+02  3.505e-234  2.062e-96
6.770e+02  9.529e-234  2.062e-96
6.780e+02  2.577e-233  2.062e-96
6.790e+02  6.935e-233  2.062e-96
6.800e+02  1.860e-232  2.062e-96
6.810e+02  4.982e-232  2.062e-96
6.820e+02  1.336e-231  2.062e-96
6.830e+02  3.599e-231  2.062e-96
6.840e+02  9.746e-231  2.062e-96
6.850e+02  2.655e-230  2.062e-96
6.860e+02  7.275e-230  2.062e-96
6.870e+02  2.003e-229  2.062e-96
6.880e+02  5.538e-229  2.062e-96
6.890e+02  1.537e-228  2.062e-96
6.900e+02  3.617e-228  2.062e-96
6.910e+02  8.494e-228  2.062e-96
6.920e+02  1.968e-227  2.062e-96
6.930e+02  4.573e-227  2.062e-96
6.940e+02  1.060e-226  2.062e-96
6.950e+02  2.455e-226  2.062e-96
6.960e+02  5.678e-226  2.062e-96
6.970e+02  1.312e-225  2.062e-96
6.980e+02  3.031e-225  2.062e-96
6.990e+02  6.993e-225  2.062e-96
7.000e+02  1.612e-224  2.062e-96
7.010e+02  3.714e-224  2.062e-96
7.020e+02  8.546e-224  2.062e-96
7.030e+02  1.965e-223  2.062e-96
7.040e+02  4.515e-223  2.062e-96
7.050e+02  1.036e-222  2.062e-96
7.060e+02  2.377e-222  2.062e-96
7.070e+02  5.446e-222  2.062e-96
7.080e+02  1.247e-221  2.062e-96
7.090e+02  2.852e-221  2.062e-96
7.100e+02  6.519e-221  2.062e-96
7.110e+02  1.489e-220  2.062e-96
7.120e+02  3.397e-220  2.062e-96
7.130e+02  7.743e-220  2.062e-96
7.140e+02  1.764e-219  2.062e-96
7.150e+02  4.014e-219  2.062e-96
7.160e+02  9.126e-219  2.062e-96
7.170e+02  2.073e-218  2.062e-96
7.180e+02  4.706e-218  2.062e-96
7.190e+02  1.067e-217  2.062e-96
7.200e+02  2.418e-217  2.062e-96
7.210e+02  5.475e-217  2.062e-96
7.220e+02  1.239e-216  2.062e-96
7.230e+02  2.799e-216  2.062e-96
7.240e+02  6.321e-216  2.062e-96
7.250e+02  1.426e-215  2.062e-96
7.260e+02  3.215e-215  2.062e-96
7.270e+02  7.242e-215  2.062e-96
7.280e+02  1.630e-214  2.062e-96
7.290e+02  3.664e-214  2.062e-96
7.300e+02  8.232e-214  2.062e-96
7.310e+02  1.848e-213  2.062e-96
7.320e+02  4.144e-213  2.062e-96
7.330e+02  9.287e-213  2.062e-96
7.340e+02  2.079e-212  2.062e-96
7.350e+02  4.651e-212  2.062e-96
7.360e+02  1.040e-211  2.062e-96
7.370e+02  2.322e-211  2.062e-96
7.380e+02  5.181e-211  2.062e-96
7.390e+02  1.155e-210  2.062e-96
7.400e+02  2.573e-210  2.062e-96
7.410e+02  5.726e-210  2.062e-96
7.420e+02  1.273e-209  2.062e-96
7.430e+02  2.829e-209  2.062e-96
7.440e+02  6.280e-209  2.062e-96
7.450e+02  1.393e-208  2.062e-96
7.460e+02  3.087e-208  2.062e-96
7.470e+02  6.836e-208  2.062e-96
7.480e+02  1.512e-207  2.062e-96
7.490e+02  3.343e-207  2.062e-96
7.500e+02  7.385e-207  2.062e-96
7.510e+02  1.630e-206  2.062e-96
7.520e+02  3.593e-206  2.062e-96
7.530e+02  7.917e-206  2.062e-96
7.540e+02  1.743e-205  2.062e-96
7.550e+02  3.833e-205  2.062e-96
7.560e+02  8.423e-205  2.062e-96
7.570e+02  1.850e-204  2.062e-96
7.580e+02  4.058e-204  2.062e-96
7.590e+02  8.895e-204  2.062e-96
7.600e+02  1.948e-203  2.062e-96
7.610e+02  4.263e-203  2.062e-96
7.620e+02  9.322e-203  2.062e-96
7.630e+02  2.037e-202  2.062e-96
7.640e+02  4.446e-202  2.062e-96
7.650e+02  9.697e-202  2.062e-96
7.660e+02  2.113e-201  2.062e-96
7.670e+02  4.601e-201  2.062e-96
7.680e+02  1.001e-200  2.062e-96
7.690e+02  2.176e-200  2.062e-96
7.700e+02  4.727e-200  2.062e-96
7.710e+02  1.026e-199  2.062e-96
7.720e+02  2.225e-199  2.062e-96
7.730e+02  4.820e-199  2.062e-96
7.740e+02  1.044e-198  2.062e-96
7.750e+02  2.257e-198  2.062e-96
7.760e+02  4.879e-198  2.062e-96
7.770e+02  1.054e-197  2.062e-96
7.780e+02  2.274e-197  2.062e-96
7.790e+02  4.902e-197  2.062e-96
7.800e+02  1.056e-196  2.062e-96
7.810e+02  2.273e-196  2.062e-96
7.820e+02  4.889e-196  2.062e-96
7.830e+02  1.051e-195  2.062e-96
7.840e+02  2.256e-195  2.062e-96
7.850e+02  4.841e-195  2.062e-96
7.860e+02  1.038e-194  2.062e-96
7.870e+02  2.223e-194  2.062e-96
7.880e+02  4.758e-194  2.062e-96
7.890e+02  1.018e-193  2.062e-96
7.900e+02  2.175e-193  2.062e-96
7.910e+02  4.644e-193  2.062e-96
7.920e+02  9.907e-193  2.062e-96
7.930e+02  2.112e-192  2.062e-96
7.940e+02  4.499e-192  2.062e-96
7.950e+02  9.576e-192  2.062e-96
7.960e+02  2.037e-191  2.062e-96
7.970e+02  4.328e-191  2.062e-96
7.980e+02  9.190e-191  2.062e-96
7.990e+02  1.950e-190  2.062e-96
8.000e+02  4.134e-190  2.062e-96
8.010e+02  8.757e-190  2.062e-96
8.020e+02  1.854e-189  2.062e-96
8.030e+02  3.921e-189  2.062e-96
8.040e+02  8.287e-189  2.062e-96
8.050e+02  1.750e-188  2.062e-96
8.060e+02  3.693e-188  2.062e-96
8.070e+02  7.787e-188  2.062e-96
8.080e+02  1.641e-187  2.062e-96
8.090e+02  3.454e-187  2.062e-96
8.100e+02  7.266e-187  2.062e-96
8.110e+02  1.527e-186  2.062e-96
8.120e+02  3.208e-186  2.062e-96
8.130e+02  6.734e-186  2.062e-96
8.140e+02  1.412e-185  2.062e-96
8.150e+02  2.960e-185  2.062e-96
8.160e+02  6.199e-185  2.062e-96
8.170e+02  1.297e-184  2.062e-96
8.180e+02  2.712e-184  2.062e-96
8.190e+02  5.667e-184  2.062e-96
8.200e+02  1.183e-183  2.062e-96
8.210e+02  2.469e-183  2.062e-96
8.220e+02  5.147e-183  2.062e-96
8.230e+02  1.072e-182  2.062e-96
8.240e+02  2.232e-182  2.062e-96
8.250e+02  4.644e-182  2.062e-96
8.260e+02  9.653e-182  2.062e-96
8.270e+02  2.005e-181  2.062e-96
8.280e+02  4.162e-181  2.062e-96
8.290e+02  8.633e-181  2.062e-96
8.300e+02  1.789e-180  2.062e-96
8.310e+02  3.706e-180  2.062e-96
8.320e+02  7.671e-180  2.062e-96
8.330e+02  1.587e-179  2.062e-96
8.340e+02  3.280e-179  2.062e-96
8.350e+02  6.774e-179  2.062e-96
8.360e+02  1.398e-178  2.062e-96
8.370e+02  2.884e-178  2.062e-96
8.380e+02  5.943e-178  2.062e-96
8.390e+02  1.224e-177  2.062e-96
8.400e+02  2.520e-177  2.062e-96
8.410e+02  5.183e-177  2.062e-96
8.420e+02  1.065e-176  2.062e-96
8.430e+02  2.188e-176  2.062e-96
8.440e+02  4.492e-176  2.062e-96
8.450e+02  9.214e-176  2.062e-96
8.460e+02  1.889e-175  2.062e-96
8.470e+02  3.869e-175  2.062e-96
8.480e+02  7.921e-175  2.062e-96
8.490e+02  1.621e-174  2.062e-96
8.500e+02  3.313e-174  2.062e-96
8.510e+02  6.770e-174  2.062e-96
8.520e+02  1.382e-173  2.062e-96
8.530e+02  2.821e-173  2.062e-96
8.540e+02  5.753e-173  2.062e-96
8.550e+02  1.172e-172  2.062e-96
8.560e+02  2.388e-172  2.062e-96
8.570e+02  4.860e-172  2.062e-96
8.580e+02  9.886e-172  2.062e-96
8.590e+02  2.010e-171  2.062e-96
8.600e+02  4.083e-171  2.062e-96
8.610e+02  8.290e-171  2.062e-96
8.620e+02  1.682e-170  2.062e-96
8.630e+02  3.411e-170  2.062e-96
8.640e+02  6.914e-170  2.062e-96
8.650e+02  1.400e-169  2.062e-96
8.660e+02  2.835e-169  2.062e-96
8.670e+02  5.735e-169  2.062e-96
8.680e+02  1.160e-168  2.062e-96
8.690e+02  2.343e-168  2.062e-96
8.700e+02  4.732e-168  2.062e-96
8.710e+02  9.551e-168  2.062e-96
8.720e+02  1.927e-167  2.062e-96
8.730e+02  3.884e-167  2.062e-96
8.740e+02  7.827e-167  2.062e-96
8.750e+02  1.576e-166  2.062e-96
8.760e+02  3.172e-166  2.062e-96
8.770e+02  6.382e-166  2.062e-96
8.780e+02  1.283e-165  2.062e-96
8.790e+02  2.578e-165  2.062e-96
8.800e+02  5.178e-165  2.062e-96
8.810e+02  1.039e-164  2.062e-96
8.820e+02  2.085e-164  2.062e-96
8.830e+02  4.181e-164  2.062e-96
8.840e+02  8.379e-164  2.062e-96
8.850e+02  1.678e-163  2.062e-96
8.860e+02  3.360e-163  2.062e-96
8.870e+02  6.723e-163  2.062e-96
8.880e+02  1.345e-162  2.062e-96
8.890e+02  2.688e-162  2.062e-96
8.900e+02  5.371e-162  2.062e-96
8.910e+02  1.073e-161  2.062e-96
8.920e+02  2.141e-161  2.062e-96
8.930e+02  4.271e-161  2.062e-96
8.940e+02  8.517e-161  2.062e-96
8.950e+02  1.698e-160  2.062e-96
8.960e+02  3.382e-160  2.062e-96
8.970e+02  6.734e-160  2.062e-96
8.980e+02  1.340e-159  2.062e-96
8.990e+02  2.667e-159  2.062e-96
9.000e+02  5.302e-159  2.062e-96
9.010e+02  1.054e-158  2.062e-96
9.020e+02  2.094e-158  2.062e-96
9.030e+02  4.158e-158  2.062e-96
9.040e+02  8.253e-158  2.062e-96
9.050e+02  1.637e-157  2.062e-96
9.060e+02  3.247e-157  2.062e-96
9.070e+02  6.438e-157  2.062e-96
9.080e+02  1.276e-156  2.062e-96
9.090e+02  2.527e-156  2.062e-96
9.100e+02  5.002e-156  2.062e-96
9.110e+02  9.899e-156  2.062e-96
9.120e+02  1.958e-155  2.062e-96
9.130e+02  3.872e-155  2.062e-96
9.140e+02  7.654e-155  2.062e-96
9.150e+02  1.512e-154  2.062e-96
9.160e+02  2.986e-154  2.062e-96
9.170e+02  5.896e-154  2.062e-96
9.180e+02  1.163e-153  2.062e-96
9.190e+02  2.295e-153  2.062e-96
9.200e+02  4.526e-153  2.062e-96
9.210e+02  8.921e-153  2.062e-96
9.220e+02  1.758e-152  2.062e-96
9.230e+02  3.462e-152  2.062e-96
9.240e+02  6.816e-152  2.062e-96
9.250e+02  1.342e-151  2.062e-96
9.260e+02  2.639e-151  2.062e-96
9.270e+02  5.191e-151  2.062e-96
9.280e+02  1.020e-150  2.062e-96
9.290e+02  2.006e-150  2.062e-96
9.300e+02  3.940e-150  2.062e-96
9.310e+02  7.737e-150  2.062e-96
9.320e+02  1.519e-149  2.062e-96
9.330e+02  2.981e-149  2.062e-96
9.340e+02  5.848e-149  2.062e-96
9.350e+02  1.147e-148  2.062e-96
9.360e+02  2.248e-148  2.062e-96
9.370e+02  4.406e-148  2.062e-96
9.380e+02  8.633e-148  2.062e-96
9.390e+02  1.691e-147  2.062e-96
9.400e+02  3.310e-147  2.062e-96
9.410e+02  6.478e-147  2.062e-96
9.420e+02  1.267e-146  2.062e-96
9.430e+02  2.479e-146  2.062e-96
9.440e+02  4.847e-146  2.062e-96
9.450e+02  9.474e-146  2.062e-96
9.460e+02  1.851e-145  2.062e-96
9.470e+02  3.616e-145  2.062e-96
9.480e+02  7.061e-145  2.062e-96
9.490e+02  1.378e-144  2.062e-96
9.500e+02  2.690e-144  2.062e-96
9.510e+02  5.248e-144  2.062e-96
9.520e+02  1.024e-143  2.062e-96
9.530e+02  1.996e-143  2.062e-96
9.540e+02  3.890e-143  2.062e-96
9.550e+02  7.579e-143  2.062e-96
9.560e+02  1.476e-142  2.062e-96
9.570e+02  2.875e-142  2.062e-96
9.580e+02  5.597e-142  2.062e-96
9.590e+02  1.089e-141  2.062e-96
9.600e+02  2.119e-141  2.062e-96
9.610e+02  4.122e-141  2.062e-96
9.620e+02  8.016e-141  2.062e-96
9.630e+02  1.558e-140  2.062e-96
9.640e+02  3.028e-140  2.062e-96
9.650e+02  5.883e-140  2.062e-96
9.660e+02  1.143e-139  2.062e-96
9.670e+02  2.219e-139  2.062e-96
9.680e+02  4.307e-139  2.062e-96
9.690e+02  8.358e-139  2.062e-96
9.700e+02  1.622e-138  2.062e-96
9.710e+02  3.145e-138  2.062e-96
9.720e+02  6.098e-138  2.062e-96
9.730e+02  1.182e-137  2.062e-96
9.740e+02  2.291e-137  2.062e-96
9.750e+02  4.439e-137  2.062e-96
9.760e+02  8.597e-137  2.062e-96
9.770e+02  1.665e-136  2.062e-96
9.780e+02  3.223e-136  2.062e-96
9.790e+02  6.237e-136  2.062e-96
9.800e+02  1.207e-135  2.062e-96
9.810e+02  2.334e-135  2.062e-96
9.820e+02  4.515e-135  2.062e-96
9.830e+02  8.728e-135  2.062e-96
9.840e+02  1.687e-134  2.062e-96
9.850e+02  3.260e-134  2.062e-96
9.860e+02  6.298e-134  2.062e-96
9.870e+02  1.216e-133  2.062e-96
9.880e+02  2.349e-133  2.062e-96
9.890e+02  4.534e-133  2.062e-96
9.900e+02  8.750e-133  2.062e-96
9.910e+02  1.688e-132  2.062e-96
9.920e+02  3.257e-132  2.062e-96
9.930e+02  6.281e-132  2.062e-96
9.940e+02  1.211e-131  2.062e-96
9.950e+02  2.334e-131  2.062e-96
9.960e+02  4.498e-131  2.062e-96
9.970e+02  8.667e-131  2.062e-96
9.980e+02  1.669e-130  2.062e-96
9.990e+02  3.215e-130  2.062e-96
1.000e+03  6.190e-130  2.062e-96
1.001e+03  1.191e-129  2.062e-96
1.002e+03  2.293e-129  2.062e-96
1.003e+03  4.412e-129  2.062e-96
1.004e+03  8.486e-129  2.062e-96
1.005e+03  1.632e-128  2.062e-96
1.006e+03  3.138e-128  2.062e-96
1.007e+03  6.032e-128  2.062e-96
1.008e+03  1.159e-127  2.062e-96
1.009e+03  2.227e-127  2.062e-96
1.010e+03  4.279e-127  2.062e-96
1.011e+03  8.217e-127  2.062e-96
1.012e+03  1.578e-126  2.062e-96
1.013e+03  3.029e-126  2.062e-96
1.014e+03  5.814e-126  2.062e-96
1.015e+03  1.116e-125  2.062e-96
1.016e+03  2.140e-125  2.062e-96
1.017e+03  4.106e-125  2.062e-96
1.018e+03  7.874e-125  2.062e-96
1.019e+03  1.510e-124  2.062e-96
1.020e+03  2.894e-124  2.062e-96
1.021e+03  5.547e-124  2.062e-96
1.022e+03  1.063e-123  2.062e-96
1.023e+03  2.036e-123  2.062e-96
1.024e+03  3.900e-123  2.062e-96
1.025e+03  7.470e-123  2.062e-96
1.026e+03  1.430e-122  2.062e-96
1.027e+03  2.738e-122  2.062e-96
1.028e+03  5.240e-122  2.062e-96
1.029e+03  1.003e-121  2.062e-96
1.030e+03  1.919e-121  2.062e-96
1.031e+03  3.670e-121  2.062e-96
1.032e+03  7.019e-121  2.062e-96
1.033e+03  1.342e-120  2.062e-96
1.034e+03  2.566e-120  2.062e-96
1.035e+03  4.905e-120  2.062e-96
1.036e+03  9.375e-120  2.062e-96
1.037e+03  1.791e-119  2.062e-96
1.038e+03  3.422e-119  2.062e-96
1.039e+03  6.537e-119  2.062e-96
1.040e+03  1.249e-118  2.062e-96
1.041e+03  2.384e-118  2.062e-96
1.042e+03  4.552e-118  2.062e-96
1.043e+03  8.689e-118  2.062e-96
1.044e+03  1.658e-117  2.062e-96
1.045e+03  3.164e-117  2.062e-96
1.046e+03  6.037e-117  2.062e-96
1.047e+03  1.152e-116  2.062e-96
1.048e+03  2.197e-116  2.062e-96
1.049e+03  4.189e-116  2.062e-96
1.050e+03  7.987e-116  2.062e-96
1.051e+03  1.523e-115  2.062e-96
1.052e+03  2.902e-115  2.062e-96
1.053e+03  5.531e-115  2.062e-96
1.054e+03  1.054e-114  2.062e-96
1.055e+03  2.008e-114  2.062e-96
1.056e+03  3.825e-114  2.062e-96
1.057e+03  7.286e-114  2.062e-96
1.058e+03  1.388e-113  2.062e-96
1.059e+03  2.642e-113  2.062e-96
1.060e+03  5.030e-113  2.062e-96
1.061e+03  9.575e-113  2.062e-96
1.062e+03  1.822e-112  2.062e-96
1.063e+03  3.468e-112  2.062e-96
1.064e+03  6.598e-112  2.062e-96
1.065e+03  1.255e-111  2.062e-96
1.066e+03  2.388e-111  2.062e-96
1.067e+03  4.541e-111  2.062e-96
1.068e+03  8.635e-111  2.062e-96
1.069e+03  1.642e-110  2.062e-96
1.070e+03  3.121e-110  2.062e-96
1.071e+03  5.931e-110  2.062e-96
1.072e+03  1.127e-109  2.062e-96
1.073e+03  2.141e-109  2.062e-96
1.074e+03  4.066e-109  2.063e-96
1.075e+03  7.721e-109  2.063e-96
1.076e+03  1.465e-108  2.063e-96
1.077e+03  2.780e-108  2.064e-96
1.078e+03  5.273e-108  2.065e-96
1.079e+03  9.993e-108  2.066e-96
1.080e+03  1.892e-107  2.068e-96
1.081e+03  3.580e-107  2.070e-96
1.082e+03  6.766e-107  2.074e-96
1.083e+03  1.277e-106  2.078e-96
1.084e+03  2.404e-106  2.084e-96
1.085e+03  4.517e-106  2.092e-96
1.086e+03  8.460e-106  2.104e-96
1.087e+03  1.579e-105  2.119e-96
1.088e+03  2.932e-105  2.140e-96
1.089e+03  5.415e-105  2.169e-96
1.090e+03  9.928e-105  2.209e-96
1.091e+03  1.805e-104  2.263e-96
1.092e+03  3.246e-104  2.337e-96
1.093e+03  5.769e-104  2.438e-96
1.094e+03  1.010e-103  2.576e-96
1.095e+03  1.741e-103  2.765e-96
1.096e+03  2.946e-103  3.022e-96
1.097e+03  4.885e-103  3.375e-96
1.098e+03  7.933e-103  3.856e-96
1.099e+03  1.261e-102  4.514e-96
1.100e+03  1.963e-102  5.412e-96
1.101e+03  2.995e-102  6.640e-96
1.102e+03  4.489e-102  8.317e-96
1.103e+03  6.622e-102  1.061e-95
1.104e+03  9.636e-102  1.374e-95
1.105e+03  1.387e-101  1.801e-95
1.106e+03  1.977e-101  2.385e-95
1.107e+03  2.799e-101  3.183e-95
1.108e+03  3.940e-101  4.272e-95
1.109e+03  5.523e-101  5.760e-95
1.110e+03  7.716e-101  7.791e-95
1.111e+03  1.075e-100  1.057e-94
1.112e+03  1.496e-100  1.435e-94
1.113e+03  2.077e-100  1.953e-94
1.114e+03  2.882e-100  2.659e-94
1.115e+03  3.996e-100  3.623e-94
1.116e+03  5.537e-100  4.940e-94
1.117e+03  7.668e-100  6.737e-94
1.118e+03  1.062e-99  9.191e-94
1.119e+03  1.469e-99  1.254e-93
1.120e+03  2.034e-99  1.711e-93
1.121e+03  2.814e-99  2.336e-93
1.122e+03  3.893e-99  3.188e-93
1.123e+03  5.385e-99  4.350e-93
1.124e+03  7.449e-99  5.938e-93
1.125e+03  1.030e-98  8.104e-93
1.126e+03  1.425e-98  1.106e-92
1.127e+03  1.971e-98  1.509e-92
1.128e+03  2.725e-98  2.060e-92
1.129e+03  3.769e-98  2.811e-92
1.130e+03  5.211e-98  3.836e-92
1.131e+03  7.206e-98  5.235e-92
1.132e+03  9.964e-98  7.143e-92
1.133e+03  1.378e-97  9.747e-92
1.134e+03  1.905e-97  1.330e-91
1.135e+03  2.633e-97  1.815e-91
1.136e+03  3.641e-97  2.476e-91
1.137e+03  5.033e-97  3.378e-91
1.138e+03  6.958e-97  4.608e-91
1.139e+03  9.619e-97  6.286e-91
1.140e+03  1.330e-96  8.576e-91
1.141e+03  1.838e-96  1.170e-90
1.142e+03  2.541e-96  1.596e-90
1.143e+03  3.512e-96  2.176e-90
1.144e+03  4.854e-96  2.969e-90
1.145e+03  6.709e-96  4.049e-90
1.146e+03  9.272e-96  5.522e-90
1.147e+03  1.281e-95  7.531e-90
1.148e+03  1.771e-95  1.027e-89
1.149e+03  2.447e-95  1.401e-89
1.150e+03  3.382e-95  1.910e-89
1.151e+03  4.674e-95  2.605e-89
1.152e+03  6.458e-95  3.551e-89
1.153e+03  8.924e-95  4.843e-89
1.154e+03  1.233e-94  6.603e-89
1.155e+03  1.704e-94  9.002e-89
1.156e+03  2.354e-94  1.227e-88
1.157e+03  3.253e-94  1.673e-88
1.158e+03  4.494e-94  2.281e-88
1.159e+03  6.209e-94  3.110e-88
1.160e+03  8.578e-94  4.239e-88
1.161e+03  1.185e-93  5.779e-88
1.162e+03  1.637e-93  7.878e-88
1.163e+03  2.261e-93  1.074e-87
1.164e+03  3.124e-93  1.464e-87
1.165e+03  4.315e-93  1.995e-87
1.166e+03  5.961e-93  2.719e-87
1.167e+03  8.233e-93  3.706e-87
1.168e+03  1.137e-92  5.050e-87
1.169e+03  1.571e-92  6.882e-87
1.170e+03  2.169e-92  9.379e-87
1.171e+03  2.996e-92  1.278e-86
1.172e+03  4.138e-92  1.742e-86
1.173e+03  5.715e-92  2.373e-86
1.174e+03  7.893e-92  3.234e-86
1.175e+03  1.090e-91  4.406e-86
1.176e+03  1.505e-91  6.004e-86
1.177e+03  2.079e-91  8.180e-86
1.178e+03  2.870e-91  1.114e-85
1.179e+03  3.963e-91  1.518e-85
1.180e+03  5.473e-91  2.069e-85
1.181e+03  7.556e-91  2.818e-85
1.182e+03  1.043e-90  3.839e-85
1.183e+03  1.441e-90  5.230e-85
1.184e+03  1.989e-90  7.124e-85
1.185e+03  2.746e-90  9.704e-85
1.186e+03  3.791e-90  1.322e-84
1.187e+03  5.234e-90  1.800e-84
1.188e+03  7.226e-90  2.452e-84
1.189e+03  9.975e-90  3.340e-84
1.190e+03  1.377e-89  4.549e-84
1.191e+03  1.901e-89  6.195e-84
1.192e+03  2.624e-89  8.437e-84
1.193e+03  3.622e-89  1.149e-83
1.194e+03  5.000e-89  1.565e-83
1.195e+03  6.901e-89  2.131e-83
1.196e+03  9.525e-89  2.901e-83
1.197e+03  1.315e-88  3.951e-83
1.198e+03  1.815e-88  5.380e-83
1.199e+03  2.504e-88  7.325e-83
1.200e+03  3.456e-88  9.974e-83
1.201e+03  4.770e-88  1.358e-82
1.202e+03  6.583e-88  1.849e-82
1.203e+03  9.085e-88  2.517e-82
1.204e+03  1.254e-87  3.427e-82
1.205e+03  1.730e-87  4.666e-82
1.206e+03  2.388e-87  6.352e-82
1.207e+03  3.295e-87  8.647e-82
1.208e+03  4.546e-87  1.177e-81
1.209e+03  6.273e-87  1.602e-81
1.210e+03  8.656e-87  2.181e-81
1.211e+03  1.194e-86  2.969e-81
1.212e+03  1.648e-86  4.041e-81
1.213e+03  2.274e-86  5.501e-81
1.214e+03  3.137e-86  7.487e-81
1.215e+03  4.328e-86  1.019e-80
1.216e+03  5.971e-86  1.387e-80
1.217e+03  8.238e-86  1.888e-80
1.218e+03  1.137e-85  2.569e-80
1.219e+03  1.568e-85  3.496e-80
1.220e+03  2.163e-85  4.758e-80
1.221e+03  2.984e-85  6.474e-80
1.222e+03  4.116e-85  8.810e-80
1.223e+03  5.678e-85  1.199e-79
1.224e+03  7.832e-85  1.631e-79
1.225e+03  1.080e-84  2.220e-79
1.226e+03  1.490e-84  3.020e-79
1.227e+03  2.055e-84  4.110e-79
1.228e+03  2.835e-84  5.592e-79
1.229e+03  3.910e-84  7.608e-79
1.230e+03  5.393e-84  1.035e-78
1.231e+03  7.438e-84  1.408e-78
1.232e+03  1.026e-83  1.916e-78
1.233e+03  1.415e-83  2.606e-78
1.234e+03  1.951e-83  3.546e-78
1.235e+03  2.691e-83  4.824e-78
1.236e+03  3.711e-83  6.562e-78
1.237e+03  5.118e-83  8.926e-78
1.238e+03  7.057e-83  1.214e-77
1.239e+03  9.732e-83  1.652e-77
1.240e+03  1.342e-82  2.247e-77
1.241e+03  1.850e-82  3.056e-77
1.242e+03  2.552e-82  4.156e-77
1.243e+03  3.518e-82  5.653e-77
1.244e+03  4.851e-82  7.689e-77
1.245e+03  6.689e-82  1.046e-76
1.246e+03  9.222e-82  1.422e-76
1.247e+03  1.272e-81  1.934e-76
1.248e+03  1.753e-81  2.630e-76
1.249e+03  2.417e-81  3.577e-76
1.250e+03  3.332e-81  4.865e-76
1.251e+03  4.594e-81  6.615e-76
1.252e+03  6.333e-81  8.996e-76
1.253e+03  8.731e-81  1.223e-75
1.254e+03  1.204e-80  1.663e-75
1.255e+03  1.659e-80  2.262e-75
1.256e+03  2.287e-80  3.075e-75
1.257e+03  3.153e-80  4.181e-75
1.258e+03  4.346e-80  5.685e-75
1.259e+03  5.991e-80  7.730e-75
1.260e+03  8.258e-80  1.051e-74
1.261e+03  1.138e-79  1.429e-74
1.262e+03  1.569e-79  1.943e-74
1.263e+03  2.163e-79  2.641e-74
1.264e+03  2.981e-79  3.590e-74
1.265e+03  4.108e-79  4.881e-74
1.266e+03  5.662e-79  6.635e-74
1.267e+03  7.803e-79  9.019e-74
1.268e+03  1.075e-78  1.226e-73
1.269e+03  1.482e-78  1.667e-73
1.270e+03  2.043e-78  2.265e-73
1.271e+03  2.815e-78  3.079e-73
1.272e+03  3.879e-78  4.185e-73
1.273e+03  5.346e-78  5.689e-73
1.274e+03  7.367e-78  7.732e-73
1.275e+03  1.015e-77  1.051e-72
1.276e+03  1.399e-77  1.428e-72
1.277e+03  1.928e-77  1.941e-72
1.278e+03  2.656e-77  2.638e-72
1.279e+03  3.660e-77  3.585e-72
1.280e+03  5.043e-77  4.872e-72
1.281e+03  6.948e-77  6.621e-72
1.282e+03  9.573e-77  8.997e-72
1.283e+03  1.319e-76  1.223e-71
1.284e+03  1.817e-76  1.661e-71
1.285e+03  2.504e-76  2.258e-71
1.286e+03  3.450e-76  3.068e-71
1.287e+03  4.752e-76  4.168e-71
1.288e+03  6.547e-76  5.664e-71
1.289e+03  9.020e-76  7.695e-71
1.290e+03  1.243e-75  1.046e-70
1.291e+03  1.712e-75  1.421e-70
1.292e+03  2.358e-75  1.930e-70
1.293e+03  3.248e-75  2.622e-70
1.294e+03  4.475e-75  3.562e-70
1.295e+03  6.164e-75  4.840e-70
1.296e+03  8.491e-75  6.575e-70
1.297e+03  1.170e-74  8.932e-70
1.298e+03  1.611e-74  1.213e-69
1.299e+03  2.219e-74  1.648e-69
1.300e+03  3.056e-74  2.239e-69
1.301e+03  4.210e-74  3.041e-69
1.302e+03  5.798e-74  4.131e-69
1.303e+03  7.985e-74  5.612e-69
1.304e+03  1.100e-73  7.622e-69
1.305e+03  1.515e-73  1.035e-68
1.306e+03  2.086e-73  1.406e-68
1.307e+03  2.873e-73  1.910e-68
1.308e+03  3.956e-73  2.594e-68
1.309e+03  5.449e-73  3.523e-68
1.310e+03  7.503e-73  4.784e-68
1.311e+03  1.033e-72  6.498e-68
1.312e+03  1.423e-72  8.824e-68
1.313e+03  1.959e-72  1.198e-67
1.314e+03  2.698e-72  1.627e-67
1.315e+03  3.715e-72  2.210e-67
1.316e+03  5.116e-72  3.001e-67
1.317e+03  7.044e-72  4.075e-67
1.318e+03  9.699e-72  5.533e-67
1.319e+03  1.335e-71  7.513e-67
1.320e+03  1.839e-71  1.020e-66
1.321e+03  2.532e-71  1.385e-66
1.322e+03  3.486e-71  1.881e-66
1.323e+03  4.799e-71  2.554e-66
1.324e+03  6.607e-71  3.467e-66
1.325e+03  9.096e-71  4.707e-66
1.326e+03  1.252e-70  6.390e-66
1.327e+03  1.724e-70  8.676e-66
1.328e+03  2.373e-70  1.178e-65
1.329e+03  3.267e-70  1.599e-65
1.330e+03  4.498e-70  2.171e-65
1.331e+03  6.191e-70  2.947e-65
1.332e+03  8.523e-70  4.000e-65
1.333e+03  1.173e-69  5.429e-65
1.334e+03  1.615e-69  7.370e-65
1.335e+03  2.223e-69  1.000e-64
1.336e+03  3.060e-69  1.358e-64
1.337e+03  4.212e-69  1.843e-64
1.338e+03  5.797e-69  2.502e-64
1.339e+03  7.979e-69  3.395e-64
1.340e+03  1.098e-68  4.608e-64
1.341e+03  1.511e-68  6.254e-64
1.342e+03  2.080e-68  8.488e-64
1.343e+03  2.863e-68  1.152e-63
1.344e+03  3.940e-68  1.563e-63
1.345e+03  5.422e-68  2.122e-63
1.346e+03  7.462e-68  2.879e-63
1.347e+03  1.027e-67  3.907e-63
1.348e+03  1.413e-67  5.302e-63
1.349e+03  1.945e-67  7.194e-63
1.350e+03  2.676e-67  9.762e-63
1.351e+03  3.683e-67  1.325e-62
1.352e+03  5.068e-67  1.797e-62
1.353e+03  6.973e-67  2.439e-62
1.354e+03  9.595e-67  3.309e-62
1.355e+03  1.320e-66  4.489e-62
1.356e+03  1.817e-66  6.091e-62
1.357e+03  2.500e-66  8.264e-62
1.358e+03  3.439e-66  1.121e-61
1.359e+03  4.732e-66  1.521e-61
1.360e+03  6.510e-66  2.063e-61
1.361e+03  8.957e-66  2.799e-61
1.362e+03  1.232e-65  3.797e-61
1.363e+03  1.695e-65  5.151e-61
1.364e+03  2.332e-65  6.988e-61
1.365e+03  3.208e-65  9.478e-61
1.366e+03  4.414e-65  1.286e-60
1.367e+03  6.072e-65  1.744e-60
1.368e+03  8.353e-65  2.365e-60
1.369e+03  1.149e-64  3.208e-60
1.370e+03  1.581e-64  4.352e-60
1.371e+03  2.174e-64  5.902e-60
1.372e+03  2.991e-64  8.004e-60
1.373e+03  4.114e-64  1.086e-59
1.374e+03  5.658e-64  1.472e-59
1.375e+03  7.782e-64  1.997e-59
1.376e+03  1.070e-63  2.708e-59
1.377e+03  1.472e-63  3.672e-59
1.378e+03  2.025e-63  4.979e-59
1.379e+03  2.785e-63  6.752e-59
1.380e+03  3.830e-63  9.156e-59
1.381e+03  5.267e-63  1.241e-58
1.382e+03  7.244e-63  1.683e-58
1.383e+03  9.962e-63  2.282e-58
1.384e+03  1.370e-62  3.095e-58
1.385e+03  1.884e-62  4.196e-58
1.386e+03  2.591e-62  5.689e-58
1.387e+03  3.562e-62  7.713e-58
1.388e+03  4.899e-62  1.046e-57
1.389e+03  6.736e-62  1.418e-57
1.390e+03  9.262e-62  1.922e-57
1.391e+03  1.274e-61  2.605e-57
1.392e+03  1.751e-61  3.532e-57
1.393e+03  2.408e-61  4.787e-57
1.394e+03  3.310e-61  6.490e-57
1.395e+03  4.551e-61  8.797e-57
1.396e+03  6.258e-61  1.192e-56
1.397e+03  8.603e-61  1.616e-56
1.398e+03  1.183e-60  2.191e-56
1.399e+03  1.626e-60  2.969e-56
1.400e+03  2.235e-60  4.024e-56
1.401e+03  3.073e-60  5.454e-56
1.402e+03  4.225e-60  7.391e-56
1.403e+03  5.807e-60  1.002e-55
1.404e+03  7.983e-60  1.357e-55
1.405e+03  1.097e-59  1.840e-55
1.406e+03  1.508e-59  2.493e-55
1.407e+03  2.073e-59  3.378e-55
1.408e+03  2.850e-59  4.577e-55
1.409e+03  3.917e-59  6.202e-55
1.410e+03  5.384e-59  8.404e-55
1.411e+03  7.400e-59  1.139e-54
1.412e+03  1.017e-58  1.543e-54
1.413e+03  1.398e-58  2.090e-54
1.414e+03  1.921e-58  2.832e-54
1.415e+03  2.640e-58  3.837e-54
1.416e+03  3.628e-58  5.198e-54
1.417e+03  4.986e-58  7.042e-54
1.418e+03  6.852e-58  9.540e-54
1.419e+03  9.415e-58  1.292e-53
1.420e+03  1.294e-57  1.751e-53
1.421e+03  1.778e-57  2.371e-53
1.422e+03  2.443e-57  3.212e-53
1.423e+03  3.357e-57  4.351e-53
1.424e+03  4.612e-57  5.893e-53
1.425e+03  6.337e-57  7.982e-53
1.426e+03  8.707e-57  1.081e-52
1.427e+03  1.196e-56  1.464e-52
1.428e+03  1.644e-56  1.983e-52
1.429e+03  2.258e-56  2.685e-52
1.430e+03  3.102e-56  3.637e-52
1.431e+03  4.262e-56  4.925e-52
1.432e+03  5.855e-56  6.669e-52
1.433e+03  8.043e-56  9.030e-52
1.434e+03  1.105e-55  1.223e-51
1.435e+03  1.518e-55  1.656e-51
1.436e+03  2.085e-55  2.242e-51
1.437e+03  2.864e-55  3.035e-51
1.438e+03  3.934e-55  4.110e-51
1.439e+03  5.403e-55  5.564e-51
1.440e+03  7.421e-55  7.533e-51
1.441e+03  1.019e-54  1.020e-50
1.442e+03  1.400e-54  1.381e-50
1.443e+03  1.923e-54  1.869e-50
1.444e+03  2.641e-54  2.530e-50
1.445e+03  3.627e-54  3.425e-50
1.446e+03  4.980e-54  4.635e-50
1.447e+03  6.839e-54  6.274e-50
1.448e+03  9.392e-54  8.492e-50
1.449e+03  1.290e-53  1.149e-49
1.450e+03  1.771e-53  1.556e-49
1.451e+03  2.432e-53  2.105e-49
1.452e+03  3.339e-53  2.849e-49
1.453e+03  4.585e-53  3.856e-49
1.454e+03  6.295e-53  5.218e-49
1.455e+03  8.643e-53  7.061e-49
1.456e+03  1.187e-52  9.555e-49
1.457e+03  1.629e-52  1.293e-48
1.458e+03  2.237e-52  1.749e-48
1.459e+03  3.071e-52  2.367e-48
1.460e+03  4.216e-52  3.203e-48
1.461e+03  5.787e-52  4.333e-48
1.462e+03  7.944e-52  5.862e-48
1.463e+03  1.090e-51  7.930e-48
1.464e+03  1.497e-51  1.073e-47
1.465e+03  2.055e-51  1.451e-47
1.466e+03  2.820e-51  1.963e-47
1.467e+03  3.871e-51  2.656e-47
1.468e+03  5.313e-51  3.592e-47
1.469e+03  7.292e-51  4.858e-47
1.470e+03  1.001e-50  6.571e-47
1.471e+03  1.373e-50  8.887e-47
1.472e+03  1.885e-50  1.202e-46
1.473e+03  2.587e-50  1.625e-46
1.474e+03  3.549e-50  2.198e-46
1.475e+03  4.871e-50  2.973e-46
1.476e+03  6.684e-50  4.020e-46
1.477e+03  9.171e-50  5.435e-46
1.478e+03  1.258e-49  7.349e-46
1.479e+03  1.727e-49  9.937e-46
1.480e+03  2.369e-49  1.344e-45
1.481e+03  3.250e-49  1.816e-45
1.482e+03  4.459e-49  2.456e-45
1.483e+03  6.118e-49  3.320e-45
1.484e+03  8.393e-49  4.488e-45
1.485e+03  1.151e-48  6.067e-45
1.486e+03  1.579e-48  8.200e-45
1.487e+03  2.167e-48  1.108e-44
1.488e+03  2.972e-48  1.498e-44
1.489e+03  4.076e-48  2.025e-44
1.490e+03  5.591e-48  2.737e-44
1.491e+03  7.669e-48  3.699e-44
1.492e+03  1.052e-47  4.998e-44
1.493e+03  1.443e-47  6.755e-44
1.494e+03  1.978e-47  9.128e-44
1.495e+03  2.713e-47  1.233e-43
1.496e+03  3.721e-47  1.667e-43
1.497e+03  5.102e-47  2.252e-43
1.498e+03  6.996e-47  3.042e-43
1.499e+03  9.594e-47  4.110e-43
1.500e+03  1.315e-46  5.553e-43
1.501e+03  1.804e-46  7.501e-43
1.502e+03  2.473e-46  1.013e-42
1.503e+03  3.391e-46  1.369e-42
1.504e+03  4.648e-46  1.849e-42
1.505e+03  6.373e-46  2.497e-42
1.506e+03  8.736e-46  3.373e-42
1.507e+03  1.198e-45  4.555e-42
1.508e+03  1.642e-45  6.152e-42
1.509e+03  2.250e-45  8.308e-42
1.510e+03  3.085e-45  1.122e-41
1.511e+03  4.228e-45  1.515e-41
1.512e+03  5.795e-45  2.046e-41
1.513e+03  7.942e-45  2.762e-41
1.514e+03  1.088e-44  3.729e-41
1.515e+03  1.492e-44  5.035e-41
1.516e+03  2.044e-44  6.797e-41
1.517e+03  2.801e-44  9.175e-41
1.518e+03  3.839e-44  1.239e-40
1.519e+03  5.260e-44  1.672e-40
1.520e+03  7.207e-44  2.257e-40
1.521e+03  9.875e-44  3.046e-40
1.522e+03  1.353e-43  4.111e-40
1.523e+03  1.854e-43  5.548e-40
1.524e+03  2.540e-43  7.487e-40
1.525e+03  3.479e-43  1.010e-39
1.526e+03  4.766e-43  1.363e-39
1.527e+03  6.528e-43  1.839e-39
1.528e+03  8.942e-43  2.482e-39
1.529e+03  1.225e-42  3.348e-39
1.530e+03  1.678e-42  4.517e-39
1.531e+03  2.298e-42  6.094e-39
1.532e+03  3.147e-42  8.220e-39
1.533e+03  4.310e-42  1.109e-38
1.534e+03  5.902e-42  1.496e-38
1.535e+03  8.082e-42  2.017e-38
1.536e+03  1.107e-41  2.721e-38
1.537e+03  1.515e-41  3.669e-38
1.538e+03  2.075e-41  4.948e-38
1.539e+03  2.841e-41  6.672e-38
1.540e+03  3.889e-41  8.996e-38
1.541e+03  5.325e-41  1.213e-37
1.542e+03  7.289e-41  1.635e-37
1.543e+03  9.978e-41  2.205e-37
1.544e+03  1.366e-40  2.972e-37
1.545e+03  1.870e-40  4.006e-37
1.546e+03  2.559e-40  5.400e-37
1.547e+03  3.502e-40  7.279e-37
1.548e+03  4.794e-40  9.810e-37
1.549e+03  6.560e-40  1.322e-36
1.550e+03  8.977e-40  1.782e-36
1.551e+03  1.228e-39  2.401e-36
1.552e+03  1.681e-39  3.235e-36
1.553e+03  2.300e-39  4.359e-36
1.554e+03  3.147e-39  5.873e-36
1.555e+03  4.306e-39  7.912e-36
1.556e+03  5.891e-39  1.066e-35
1.557e+03  8.058e-39  1.436e-35
1.558e+03  1.102e-38  1.934e-35
1.559e+03  1.508e-38  2.605e-35
1.560e+03  2.063e-38  3.508e-35
1.561e+03  2.821e-38  4.724e-35
1.562e+03  3.858e-38  6.361e-35
1.563e+03  5.277e-38  8.566e-35
1.564e+03  7.216e-38  1.153e-34
1.565e+03  9.868e-38  1.553e-34
1.566e+03  1.349e-37  2.090e-34
1.567e+03  1.845e-37  2.814e-34
1.568e+03  2.523e-37  3.788e-34
1.569e+03  3.449e-37  5.098e-34
1.570e+03  4.715e-37  6.862e-34
1.571e+03  6.446e-37  9.235e-34
1.572e+03  8.811e-37  1.243e-33
1.573e+03  1.204e-36  1.672e-33
1.574e+03  1.646e-36  2.250e-33
1.575e+03  2.250e-36  3.027e-33
1.576e+03  3.075e-36  4.073e-33
1.577e+03  4.202e-36  5.479e-33
1.578e+03  5.742e-36  7.369e-33
1.579e+03  7.846e-36  9.912e-33
1.580e+03  1.072e-35  1.333e-32
1.581e+03  1.465e-35  1.793e-32
1.582e+03  2.001e-35  2.411e-32
1.583e+03  2.734e-35  3.242e-32
1.584e+03  3.734e-35  4.358e-32
1.585e+03  5.101e-35  5.860e-32
1.586e+03  6.967e-35  7.877e-32
1.587e+03  9.515e-35  1.059e-31
1.588e+03  1.299e-34  1.423e-31
1.589e+03  1.774e-34  1.913e-31
1.590e+03  2.423e-34  2.570e-31
1.591e+03  3.309e-34  3.454e-31
1.592e+03  4.517e-34  4.641e-31
1.593e+03  6.167e-34  6.236e-31
1.594e+03  8.419e-34  8.377e-31
1.595e+03  1.149e-33  1.125e-30
1.596e+03  1.569e-33  1.512e-30
1.597e+03  2.141e-33  2.030e-30
1.598e+03  2.922e-33  2.727e-30
1.599e+03  3.988e-33  3.661e-30
1.600e+03  5.442e-33  4.916e-30
1.601e+03  7.426e-33  6.601e-30
1.602e+03  1.013e-32  8.862e-30
1.603e+03  1.382e-32  1.190e-29
1.604e+03  1.886e-32  1.597e-29
1.605e+03  2.573e-32  2.143e-29
1.606e+03  3.509e-32  2.876e-29
1.607e+03  4.786e-32  3.859e-29
1.608e+03  6.528e-32  5.178e-29
1.609e+03  8.903e-32  6.947e-29
1.610e+03  1.214e-31  9.320e-29
1.611e+03  1.655e-31  1.250e-28
1.612e+03  2.257e-31  1.677e-28
1.613e+03  3.077e-31  2.249e-28
1.614e+03  4.195e-31  3.016e-28
1.615e+03  5.718e-31  4.043e-28
1.616e+03  7.793e-31  5.421e-28
1.617e+03  1.062e-30  7.267e-28
1.618e+03  1.447e-30  9.741e-28
1.619e+03  1.972e-30  1.306e-27
1.620e+03  2.688e-30  1.750e-27
1.621e+03  3.662e-30  2.345e-27
1.622e+03  4.989e-30  3.142e-27
1.623e+03  6.796e-30  4.209e-27
1.624e+03  9.257e-30  5.638e-27
1.625e+03  1.261e-29  7.552e-27
1.626e+03  1.717e-29  1.011e-26
1.627e+03  2.338e-29  1.355e-26
1.628e+03  3.184e-29  1.814e-26
1.629e+03  4.335e-29  2.428e-26
1.630e+03  5.902e-29  3.251e-26
1.631e+03  8.034e-29  4.351e-26
1.632e+03  1.094e-28  5.823e-26
1.633e+03  1.488e-28  7.793e-26
1.634e+03  2.026e-28  1.043e-25
1.635e+03  2.756e-28  1.395e-25
1.636e+03  3.750e-28  1.866e-25
1.637e+03  5.103e-28  2.496e-25
1.638e+03  6.942e-28  3.339e-25
1.639e+03  9.442e-28  4.465e-25
1.640e+03  1.284e-27  5.969e-25
1.641e+03  1.747e-27  7.981e-25
1.642e+03  2.375e-27  1.067e-24
1.643e+03  3.230e-27  1.426e-24
1.644e+03  4.391e-27  1.905e-24
1.645e+03  5.969e-27  2.546e-24
1.646e+03  8.114e-27  3.402e-24
1.647e+03  1.103e-26  4.544e-24
1.648e+03  1.499e-26  6.069e-24
1.649e+03  2.037e-26  8.106e-24
1.650e+03  2.767e-26  1.082e-23
1.651e+03  3.760e-26  1.445e-23
1.652e+03  5.107e-26  1.929e-23
1.653e+03  6.937e-26  2.575e-23
1.654e+03  9.422e-26  3.436e-23
1.655e+03  1.280e-25  4.585e-23
1.656e+03  1.737e-25  6.117e-23
1.657e+03  2.359e-25  8.160e-23
1.658e+03  3.202e-25  1.088e-22
1.659e+03  4.346e-25  1.451e-22
1.660e+03  5.899e-25  1.935e-22
1.661e+03  8.005e-25  2.580e-22
1.662e+03  1.086e-24  3.439e-22
1.663e+03  1.474e-24  4.583e-22
1.664e+03  1.999e-24  6.106e-22
1.665e+03  2.711e-24  8.135e-22
1.666e+03  3.677e-24  1.084e-21
1.667e+03  4.986e-24  1.443e-21
1.668e+03  6.761e-24  1.922e-21
1.669e+03  9.165e-24  2.559e-21
1.670e+03  1.242e-23  3.406e-21
1.671e+03  1.684e-23  4.534e-21
1.672e+03  2.282e-23  6.033e-21
1.673e+03  3.092e-23  8.027e-21
1.674e+03  4.188e-23  1.068e-20
1.675e+03  5.674e-23  1.420e-20
1.676e+03  7.684e-23  1.888e-20
1.677e+03  1.041e-22  2.511e-20
1.678e+03  1.409e-22  3.337e-20
1.679e+03  1.907e-22  4.436e-20
1.680e+03  2.582e-22  5.894e-20
1.681e+03  3.494e-22  7.830e-20
1.682e+03  4.729e-22  1.040e-19
1.683e+03  6.398e-22  1.381e-19
1.684e+03  8.655e-22  1.834e-19
1.685e+03  1.171e-21  2.434e-19
1.686e+03  1.583e-21  3.231e-19
1.687e+03  2.141e-21  4.287e-19
1.688e+03  2.894e-21  5.688e-19
1.689e+03  3.912e-21  7.544e-19
1.690e+03  5.287e-21  1.000e-18
1.691e+03  7.144e-21  1.326e-18
1.692e+03  9.652e-21  1.758e-18
1.693e+03  1.304e-20  2.330e-18
1.694e+03  1.761e-20  3.087e-18
1.695e+03  2.378e-20  4.089e-18
1.696e+03  3.210e-20  5.415e-18
1.697e+03  4.333e-20  7.170e-18
1.698e+03  5.848e-20  9.491e-18
1.699e+03  7.892e-20  1.256e-17
1.700e+03  1.065e-19  1.662e-17
1.701e+03  1.436e-19  2.198e-17
1.702e+03  1.937e-19  2.907e-17
1.703e+03  2.612e-19  3.844e-17
1.704e+03  3.521e-19  5.081e-17
1.705e+03  4.746e-19  6.714e-17
1.706e+03  6.395e-19  8.870e-17
1.707e+03  8.616e-19  1.172e-16
1.708e+03  1.161e-18  1.547e-16
1.709e+03  1.563e-18  2.042e-16
1.710e+03  2.105e-18  2.695e-16
1.711e+03  2.833e-18  3.556e-16
1.712e+03  3.814e-18  4.690e-16
1.713e+03  5.132e-18  6.184e-16
1.714e+03  6.904e-18  8.153e-16
1.715e+03  9.286e-18  1.074e-15
1.716e+03  1.249e-17  1.416e-15
1.717e+03  1.679e-17  1.864e-15
1.718e+03  2.257e-17  2.455e-15
1.719e+03  3.032e-17  3.232e-15
1.720e+03  4.074e-17  4.253e-15
1.721e+03  5.472e-17  5.594e-15
1.722e+03  7.348e-17  7.357e-15
1.723e+03  9.865e-17  9.672e-15
1.724e+03  1.324e-16  1.271e-14
1.725e+03  1.777e-16  1.670e-14
1.726e+03  2.384e-16  2.194e-14
1.727e+03  3.197e-16  2.880e-14
1.728e+03  4.286e-16  3.780e-14
1.729e+03  5.745e-16  4.960e-14
1.730e+03  7.700e-16  6.505e-14
1.731e+03  1.032e-15  8.530e-14
1.732e+03  1.382e-15  1.118e-13
1.733e+03  1.850e-15  1.465e-13
1.734e+03  2.476e-15  1.918e-13
1.735e+03  3.314e-15  2.512e-13
1.736e+03  4.434e-15  3.287e-13
1.737e+03  5.930e-15  4.300e-13
1.738e+03  7.928e-15  5.623e-13
1.739e+03  1.060e-14  7.351e-13
1.740e+03  1.416e-14  9.605e-13
1.741e+03  1.891e-14  1.255e-12
1.742e+03  2.526e-14  1.638e-12
1.743e+03  3.372e-14  2.138e-12
1.744e+03  4.500e-14  2.788e-12
1.745e+03  6.003e-14  3.636e-12
1.746e+03  8.006e-14  4.739e-12
1.747e+03  1.067e-13  6.174e-12
1.748e+03  1.422e-13  8.040e-12
1.749e+03  1.895e-13  1.046e-11
1.750e+03  2.523e-13  1.361e-11
1.751e+03  3.359e-13  1.770e-11
1.752e+03  4.471e-13  2.301e-11
1.753e+03  5.947e-13  2.989e-11
1.754e+03  7.908e-13  3.881e-11
1.755e+03  1.051e-12  5.037e-11
1.756e+03  1.397e-12  6.534e-11
1.757e+03  1.855e-12  8.471e-11
1.758e+03  2.463e-12  1.098e-10
1.759e+03  3.269e-12  1.422e-10
1.760e+03  4.336e-12  1.840e-10
1.761e+03  5.750e-12  2.381e-10
1.762e+03  7.621e-12  3.078e-10
1.763e+03  1.010e-11  3.977e-10
1.764e+03  1.337e-11  5.137e-10
1.765e+03  1.770e-11  6.630e-10
1.766e+03  2.341e-11  8.552e-10
1.767e+03  3.096e-11  1.102e-09
1.768e+03  4.092e-11  1.420e-09
1.769e+03  5.407e-11  1.829e-09
1.770e+03  7.139e-11  2.353e-09
1.771e+03  9.422e-11  3.025e-09
1.772e+03  1.243e-10  3.887e-09
1.773e+03  1.639e-10  4.992e-09
1.774e+03  2.159e-10  6.405e-09
1.775e+03  2.844e-10  8.213e-09
1.776e+03  3.743e-10  1.052e-08
1.777e+03  4.925e-10  1.348e-08
1.778e+03  6.475e-10  1.724e-08
1.779e+03  8.509e-10  2.204e-08
1.780e+03  1.117e-09  2.816e-08
1.781e+03  1.467e-09  3.595e-08
1.782e+03  1.924e-09  4.585e-08
1.783e+03  2.522e-09  5.843e-08
1.784e+03  3.303e-09  7.441e-08
1.785e+03  4.324e-09  9.467e-08
1.786e+03  5.657e-09  1.203e-07
1.787e+03  7.396e-09  1.528e-07
1.788e+03  9.663e-09  1.939e-07
1.789e+03  1.262e-08  2.459e-07
1.790e+03  1.646e-08  3.114e-07
1.791e+03  2.146e-08  3.940e-07
1.792e+03  2.795e-08  4.981e-07
1.793e+03  3.638e-08  6.290e-07
1.794e+03  4.732e-08  7.936e-07
1.795e+03  6.150e-08  1.000e-06
1.796e+03  7.986e-08  1.259e-06
1.797e+03  1.036e-07  1.583e-06
1.798e+03  1.343e-07  1.989e-06
1.799e+03  1.740e-07  2.495e-06
1.800e+03  2.252e-07  3.127e-06
1.801e+03  2.911e-07  3.914e-06
1.802e+03  3.760e-07  4.893e-06
1.803e+03  4.853e-07  6.110e-06
1.804e+03  6.256e-07  7.620e-06
1.805e+03  8.058e-07  9.490e-06
1.806e+03  1.037e-06  1.180e-05
1.807e+03  1.332e-06  1.466e-05
1.808e+03  1.711e-06  1.818e-05
1.809e+03  2.194e-06  2.252e-05
1.810e+03  2.811e-06  2.785e-05
1.811e+03  3.597e-06  3.440e-05
1.812e+03  4.597e-06  4.241e-05
1.813e+03  5.868e-06  5.220e-05
1.814e+03  7.481e-06  6.416e-05
1.815e+03  9.526e-06  7.872e-05
1.816e+03  1.211e-05  9.642e-05
1.817e+03  1.538e-05  1.179e-04
1.818e+03  1.951e-05  1.439e-04
1.819e+03  2.471e-05  1.753e-04
1.820e+03  3.125e-05  2.131e-04
1.821e+03  3.945e-05  2.586e-04
1.822e+03  4.974e-05  3.132e-04
1.823e+03  6.262e-05  3.786e-04
1.824e+03  7.870e-05  4.566e-04
1.825e+03  9.874e-05  5.494e-04
1.826e+03  1.237e-04  6.597e-04
1.827e+03  1.546e-04  7.902e-04
1.828e+03  1.930e-04  9.443e-04
1.829e+03  2.404e-04  1.126e-03
1.830e+03  2.990e-04  1.339e-03
1.831e+03  3.710e-04  1.588e-03
1.832e+03  4.595e-04  1.878e-03
1.833e+03  5.679e-04  2.215e-03
1.834e+03  7.003e-04  2.605e-03
1.835e+03  8.618e-04  3.056e-03
1.836e+03  1.058e-03  3.573e-03
1.837e+03  1.296e-03  4.165e-03
1.838e+03  1.584e-03  4.840e-03
1.839e+03  1.931e-03  5.606e-03
1.840e+03  2.348e-03  6.471e-03
1.841e+03  2.848e-03  7.443e-03
1.842e+03  3.446e-03  8.532e-03
1.843e+03  4.157e-03  9.745e-03
1.844e+03  5.002e-03  1.109e-02
1.845e+03  6.002e-03  1.257e-02
1.846e+03  7.181e-03  1.419e-02
1.847e+03  8.566e-03  1.596e-02
1.848e+03  1.019e-02  1.787e-02
1.849e+03  1.208e-02  1.994e-02
1.850e+03  1.428e-02  2.214e-02
1.851e+03  1.683e-02  2.448e-02
1.852e+03  1.977e-02  2.695e-02
1.853e+03  2.315e-02  2.954e-02
1.854e+03  2.702e-02  3.223e-02
1.855e+03  3.144e-02  3.500e-02
1.856e+03  3.646e-02  3.783e-02
1.857e+03  4.213e-02  4.069e-02
1.858e+03  4.853e-02  4.357e-02
1.859e+03  5.571e-02  4.642e-02
1.860e+03  6.374e-02  4.921e-02
1.861e+03  7.267e-02  5.192e-02
1.862e+03  8.258e-02  5.450e-02
1.863e+03  9.352e-02  5.693e-02
1.864e+03  1.055e-01  5.917e-02
1.865e+03  1.187e-01  6.119e-02
1.866e+03  1.330e-01  6.295e-02
1.867e+03  1.486e-01  6.444e-02
1.868e+03  1.654e-01  6.563e-02
1.869e+03  1.834e-01  6.649e-02
1.870e+03  2.028e-01  6.703e-02
1.871e+03  2.233e-01  6.723e-02
1.872e+03  2.452e-01  6.708e-02
1.873e+03  2.682e-01  6.659e-02
1.874e+03  2.923e-01  6.577e-02
1.875e+03  3.175e-01  6.463e-02
1.876e+03  3.438e-01  6.319e-02
1.877e+03  3.708e-01  6.147e-02
1.878e+03  3.987e-01  5.949e-02
1.879e+03  4.271e-01  5.729e-02
1.880e+03  4.561e-01  5.490e-02
1.881e+03  4.853e-01  5.235e-02
1.882e+03  5.147e-01  4.967e-02
1.883e+03  5.441e-01  4.691e-02
1.884e+03  5.733e-01  4.408e-02
1.885e+03  6.021e-01  4.123e-02
1.886e+03  6.304e-01  3.839e-02
1.887e+03  6.580e-01  3.557e-02
1.888e+03  6.849e-01  3.282e-02
1.889e+03  7.107e-01  3.014e-02
1.890e+03  7.355e-01  2.756e-02
1.891e+03  7.591e-01  2.509e-02
1.892e+03  7.815e-01  2.274e-02
1.893e+03  8.026e-01  2.053e-02
1.894e+03  8.224e-01  1.846e-02
1.895e+03  8.408e-01  1.654e-02
1.896e+03  8.578e-01  1.475e-02
1.897e+03  8.735e-01  1.311e-02
1.898e+03  8.879e-01  1.161e-02
1.899e+03  9.010e-01  1.024e-02
1.900e+03  9.129e-01  9.006e-03
1.901e+03  9.236e-01  7.891e-03
1.902e+03  9.332e-01  6.892e-03
1.903e+03  9.418e-01  6.000e-03
1.904e+03  9.495e-01  5.207e-03
1.905e+03  9.562e-01  4.506e-03
1.906e+03  9.622e-01  3.887e-03
1.907e+03  9.675e-01  3.344e-03
1.908e+03  9.721e-01  2.870e-03
1.909e+03  9.761e-01  2.456e-03
1.910e+03  9.796e-01  2.096e-03
1.911e+03  9.826e-01  1.785e-03
1.912e+03  9.852e-01  1.517e-03
1.913e+03  9.875e-01  1.286e-03
1.914e+03  9.894e-01  1.087e-03
1.915e+03  9.911e-01  9.179e-04
1.916e+03  9.925e-01  7.732e-04
1.917e+03  9.937e-01  6.501e-04
1.918e+03  9.947e-01  5.456e-04
1.919e+03  9.955e-01  4.570e-04
1.920e+03  9.963e-01  3.822e-04
1.921e+03  9.969e-01  3.191e-04
1.922e+03  9.974e-01  2.660e-04
1.923e+03  9.978e-01  2.214e-04
1.924e+03  9.982e-01  1.840e-04
1.925e+03  9.985e-01  1.527e-04
1.926e+03  9.988e-01  1.265e-04
1.927e+03  9.990e-01  1.047e-04
1.928e+03  9.992e-01  8.656e-05
1.929e+03  9.993e-01  7.146e-05
1.930e+03  9.994e-01  5.892e-05
1.931e+03  9.995e-01  4.852e-05
1.932e+03  9.996e-01  3.991e-05
1.933e+03  9.997e-01  3.280e-05
1.934e+03  9.997e-01  2.692e-05
1.935e+03  9.998e-01  2.207e-05
1.936e+03  9.998e-01  1.808e-05
1.937e+03  9.999e-01  1.479e-05
1.938e+03  9.999e-01  1.209e-05
1.939e+03  9.999e-01  9.875e-06
1.940e+03  9.999e-01  8.057e-06
1.941e+03  9.999e-01  6.567e-06
1.942e+03  9.999e-01  5.349e-06
1.943e+03  1.000e+00  4.352e-06
1.944e+03  1.000e+00  3.538e-06
1.945e+03  1.000e+00  2.874e-06
1.946e+03  1.000e+00  2.333e-06
1.947e+03  1.000e+00  1.892e-06
1.948e+03  1.000e+00  1.533e-06
1.949e+03  1.000e+00  1.241e-06
1.950e+03  1.000e+00  1.004e-06
1.951e+03  1.000e+00  8.116e-07
1.952e+03  1.000e+00  6.556e-07
1.953e+03  1.000e+00  5.292e-07
1.954e+03  1.000e+00  4.268e-07
1.955e+03  1.000e+00  3.440e-07
1.956e+03  1.000e+00  2.771e-07
1.957e+03  1.000e+00  2.230e-07
1.958e+03  1.000e+00  1.793e-07
1.959e+03  1.000e+00  1.441e-07
1.960e+03  1.000e+00  1.157e-07
1.961e+03  1.000e+00  9.289e-08
1.962e+03  1.000e+00  7.450e-08
1.963e+03  1.000e+00  5.971e-08
1.964e+03  1.000e+00  4.782e-08
1.965e+03  1.000e+00  3.828e-08
1.966e+03  1.000e+00  3.062e-08
1.967e+03  1.000e+00  2.447e-08
1.968e+03  1.000e+00  1.955e-08
1.969e+03  1.000e+00  1.561e-08
1.970e+03  1.000e+00  1.245e-08
1.971e+03  1.000e+00  9.928e-09
1.972e+03  1.000e+00  7.911e-09
1.973e+03  1.000e+00  6.299e-09
1.974e+03  1.000e+00  5.013e-09
1.975e+03  1.000e+00  3.987e-09
1.976e+03  1.000e+00  3.169e-09
1.977e+03  1.000e+00  2.517e-09
1.978e+03  1.000e+00  1.998e-09
1.979e+03  1.000e+00  1.585e-09
1.980e+03  1.000e+00  1.257e-09
1.981e+03  1.000e+00  9.961e-10
1.982e+03  1.000e+00  7.888e-10
1.983e+03  1.000e+00  6.244e-10
1.984e+03  1.000e+00  4.939e-10
1.985e+03  1.000e+00  3.904e-10
1.986e+03  1.000e+00  3.085e-10
1.987e+03  1.000e+00  2.436e-10
1.988e+03  1.000e+00  1.922e-10
1.989e+03  1.000e+00  1.516e-10
1.990e+03  1.000e+00  1.195e-10
1.991e+03  1.000e+00  9.414e-11
1.992e+03  1.000e+00  7.412e-11
1.993e+03  1.000e+00  5.833e-11
1.994e+03  1.000e+00  4.587e-11
1.995e+03  1.000e+00  3.606e-11
1.996e+03  1.000e+00  2.832e-11
1.997e+03  1.000e+00  2.224e-11
1.998e+03  1.000e+00  1.745e-11
1.999e+03  1.000e+00  1.369e-11
2.000e+03  1.000e+00  1.073e-11
2.001e+03  1.000e+00  8.403e-12
2.002e+03  1.000e+00  6.579e-12
2.003e+03  1.000e+00  5.148e-12
2.004e+03  1.000e+00  4.026e-12
2.005e+03  1.000e+00  3.147e-12
2.006e+03  1.000e+00  2.458e-12
2.007e+03  1.000e+00  1.920e-12
2.008e+03  1.000e+00  1.498e-12
2.009e+03  1.000e+00  1.168e-12
2.010e+03  1.000e+00  9.107e-13
2.011e+03  1.000e+00  7.095e-13
2.012e+03  1.000e+00  5.525e-13
2.013e+03  1.000e+00  4.300e-13
2.014e+03  1.000e+00  3.344e-13
2.015e+03  1.000e+00  2.600e-13
2.016e+03  1.000e+00  2.020e-13
2.017e+03  1.000e+00  1.569e-13
2.018e+03  1.000e+00  1.218e-13
2.019e+03  1.000e+00  9.445e-14
2.020e+03  1.000e+00  7.323e-14
2.021e+03  1.000e+00  5.675e-14
2.022e+03  1.000e+00  4.395e-14
2.023e+03  1.000e+00  3.402e-14
2.024e+03  1.000e+00  2.632e-14
2.025e+03  1.000e+00  2.036e-14
2.026e+03  1.000e+00  1.573e-14
2.027e+03  1.000e+00  1.215e-14
2.028e+03  1.000e+00  9.383e-15
2.029e+03  1.000e+00  7.240e-15
2.030e+03  1.000e+00  5.584e-15
2.031e+03  1.000e+00  4.304e-15
2.032e+03  1.000e+00  3.316e-15
2.033e+03  1.000e+00  2.554e-15
2.034e+03  1.000e+00  1.965e-15
2.035e+03  1.000e+00  1.512e-15
2.036e+03  1.000e+00  1.162e-15
2.037e+03  1.000e+00  8.932e-16
2.038e+03  1.000e+00  6.860e-16
2.039e+03  1.000e+00  5.266e-16
2.040e+03  1.000e+00  4.040e-16
2.041e+03  1.000e+00  3.098e-16
2.042e+03  1.000e+00  2.375e-16
2.043e+03  1.000e+00  1.819e-16
2.044e+03  1.000e+00  1.393e-16
2.045e+03  1.000e+00  1.066e-16
2.046e+03  1.000e+00  8.152e-17
2.047e+03  1.000e+00  6.232e-17
2.048e+03  1.000e+00  4.762e-17
2.049e+03  1.000e+00  3.637e-17
2.050e+03  1.000e+00  2.776e-17
2.051e+03  1.000e+00  2.118e-17
2.052e+03  1.000e+00  1.615e-17
2.053e+03  1.000e+00  1.231e-17
2.054e+03  1.000e+00  9.375e-18
2.055e+03  1.000e+00  7.138e-18
2.056e+03  1.000e+00  5.432e-18
2.057e+03  1.000e+00  4.131e-18
2.058e+03  1.000e+00  3.140e-18
2.059e+03  1.000e+00  2.386e-18
2.060e+03  1.000e+00  1.812e-18
2.061e+03  1.000e+00  1.375e-18
2.062e+03  1.000e+00  1.043e-18
2.063e+03  1.000e+00  7.912e-19
2.064e+03  1.000e+00  5.997e-19
2.065e+03  1.000e+00  4.543e-19
2.066e+03  1.000e+00  3.439e-19
2.067e+03  1.000e+00  2.603e-19
2.068e+03  1.000e+00  1.968e-19
2.069e+03  1.000e+00  1.488e-19
2.070e+03  1.000e+00  1.124e-19
2.071e+03  1.000e+00  8.492e-20
2.072e+03  1.000e+00  6.410e-20
2.073e+03  1.000e+00  4.836e-20
2.074e+03  1.000e+00  3.647e-20
2.075e+03  1.000e+00  2.748e-20
2.076e+03  1.000e+00  2.070e-20
2.077e+03  1.000e+00  1.559e-20
2.078e+03  1.000e+00  1.173e-20
2.079e+03  1.000e+00  8.825e-21
2.080e+03  1.000e+00  6.634e-21
2.081e+03  1.000e+00  4.985e-21
2.082e+03  1.000e+00  3.744e-21
2.083e+03  1.000e+00  2.811e-21
2.084e+03  1.000e+00  2.109e-21
2.085e+03  1.000e+00  1.582e-21
2.086e+03  1.000e+00  1.185e-21
2.087e+03  1.000e+00  8.881e-22
2.088e+03  1.000e+00  6.651e-22
2.089e+03  1.000e+00  4.978e-22
2.090e+03  1.000e+00  3.724e-22
2.091e+03  1.000e+00  2.784e-22
2.092e+03  1.000e+00  2.081e-22
2.093e+03  1.000e+00  1.554e-22
2.094e+03  1.000e+00  1.160e-22
2.095e+03  1.000e+00  8.658e-23
2.096e+03  1.000e+00  6.458e-23
2.097e+03  1.000e+00  4.814e-23
2.098e+03  1.000e+00  3.587e-23
2.099e+03  1.000e+00  2.671e-23
2.100e+03  1.000e+00  1.988e-23
2.101e+03  1.000e+00  1.479e-23
2.102e+03  1.000e+00  1.100e-23
2.103e+03  1.000e+00  8.177e-24
2.104e+03  1.000e+00  6.075e-24
2.105e+03  1.000e+00  4.511e-24
2.106e+03  1.000e+00  3.348e-24
2.107e+03  1.000e+00  2.483e-24
2.108e+03  1.000e+00  1.841e-24
2.109e+03  1.000e+00  1.364e-24
2.110e+03  1.000e+00  1.011e-24
2.111e+03  1.000e+00  7.482e-25
2.112e+03  1.000e+00  5.536e-25
2.113e+03  1.000e+00  4.095e-25
2.114e+03  1.000e+00  3.027e-25
2.115e+03  1.000e+00  2.237e-25
2.116e+03  1.000e+00  1.652e-25
2.117e+03  1.000e+00  1.219e-25
2.118e+03  1.000e+00  8.996e-26
2.119e+03  1.000e+00  6.634e-26
2.120e+03  1.000e+00  4.890e-26
2.121e+03  1.000e+00  3.602e-26
2.122e+03  1.000e+00  2.653e-26
2.123e+03  1.000e+00  1.952e-26
2.124e+03  1.000e+00  1.436e-26
2.125e+03  1.000e+00  1.056e-26
2.126e+03  1.000e+00  7.760e-27
2.127e+03  1.000e+00  5.700e-27
2.128e+03  1.000e+00  4.185e-27
2.129e+03  1.000e+00  3.071e-27
2.130e+03  1.000e+00  2.253e-27
2.131e+03  1.000e+00  1.651e-27
2.132e+03  1.000e+00  1.210e-27
2.133e+03  1.000e+00  8.862e-28
2.134e+03  1.000e+00  6.488e-28
2.135e+03  1.000e+00  4.747e-28
2.136e+03  1.000e+00  3.471e-28
2.137e+03  1.000e+00  2.538e-28
2.138e+03  1.000e+00  1.854e-28
2.139e+03  1.000e+00  1.354e-28
2.140e+03  1.000e+00  9.882e-29
2.141e+03  1.000e+00  7.209e-29
2.142e+03  1.000e+00  5.257e-29
2.143e+03  1.000e+00  3.831e-29
2.144e+03  1.000e+00  2.791e-29
2.145e+03  1.000e+00  2.032e-29
2.146e+03  1.000e+00  1.479e-29
2.147e+03  1.000e+00  1.076e-29
2.148e+03  1.000e+00  7.823e-30
2.149e+03  1.000e+00  5.685e-30
2.150e+03  1.000e+00  4.129e-30
2.151e+03  1.000e+00  2.998e-30
2.152e+03  1.000e+00  2.175e-30
2.153e+03  1.000e+00  1.578e-30
2.154e+03  1.000e+00  1.144e-30
2.155e+03  1.000e+00  8.289e-31
2.156e+03  1.000e+00  6.003e-31
2.157e+03  1.000e+00  4.346e-31
2.158e+03  1.000e+00  3.144e-31
2.159e+03  1.000e+00  2.274e-31
2.160e+03  1.000e+00  1.644e-31
2.161e+03  1.000e+00  1.188e-31
2.162e+03  1.000e+00  8.576e-32
2.163e+03  1.000e+00  6.190e-32
2.164e+03  1.000e+00  4.466e-32
2.165e+03  1.000e+00  3.221e-32
2.166e+03  1.000e+00  2.321e-32
2.167e+03  1.000e+00  1.672e-32
2.168e+03  1.000e+00  1.204e-32
2.169e+03  1.000e+00  8.666e-33
2.170e+03  1.000e+00  6.234e-33
2.171e+03  1.000e+00  4.483e-33
2.172e+03  1.000e+00  3.222e-33
2.173e+03  1.000e+00  2.314e-33
2.174e+03  1.000e+00  1.661e-33
2.175e+03  1.000e+00  1.192e-33
2.176e+03  1.000e+00  8.553e-34
2.177e+03  1.000e+00  6.132e-34
2.178e+03  1.000e+00  4.394e-34
2.179e+03  1.000e+00  3.147e-34
2.180e+03  1.000e+00  2.253e-34
2.181e+03  1.000e+00  1.612e-34
2.182e+03  1.000e+00  1.153e-34
2.183e+03  1.000e+00  8.244e-35
2.184e+03  1.000e+00  5.890e-35
2.185e+03  1.000e+00  4.207e-35
2.186e+03  1.000e+00  3.003e-35
2.187e+03  1.000e+00  2.143e-35
2.188e+03  1.000e+00  1.528e-35
2.189e+03  1.000e+00  1.089e-35
2.190e+03  1.000e+00  7.761e-36
2.191e+03  1.000e+00  5.527e-36
2.192e+03  1.000e+00  3.934e-36
2.193e+03  1.000e+00  2.799e-36
2.194e+03  1.000e+00  1.990e-36
2.195e+03  1.000e+00  1.415e-36
2.196e+03  1.000e+00  1.005e-36
2.197e+03  1.000e+00  7.137e-37
2.198e+03  1.000e+00  5.065e-37
2.199e+03  1.000e+00  3.593e-37
2.200e+03  1.000e+00  2.548e-37
2.201e+03  1.000e+00  1.806e-37
2.202e+03  1.000e+00  1.279e-37
2.203e+03  1.000e+00  9.058e-38
2.204e+03  1.000e+00  6.410e-38
2.205e+03  1.000e+00  4.535e-38
2.206e+03  1.000e+00  3.206e-38
2.207e+03  1.000e+00  2.266e-38
2.208e+03  1.000e+00  1.601e-38
2.209e+03  1.000e+00  1.130e-38
2.210e+03  1.000e+00  7.974e-39
2.211e+03  1.000e+00  5.625e-39
2.212e+03  1.000e+00  3.966e-39
2.213e+03  1.000e+00  2.795e-39
2.214e+03  1.000e+00  1.968e-39
2.215e+03  1.000e+00  1.386e-39
2.216e+03  1.000e+00  9.751e-40
2.217e+03  1.000e+00  6.858e-40
2.218e+03  1.000e+00  4.821e-40
2.219e+03  1.000e+00  3.388e-40
2.220e+03  1.000e+00  2.379e-40
2.221e+03  1.000e+00  1.670e-40
2.222e+03  1.000e+00  1.172e-40
2.223e+03  1.000e+00  8.220e-41
2.224e+03  1.000e+00  5.762e-41
2.225e+03  1.000e+00  4.037e-41
2.226e+03  1.000e+00  2.828e-41
2.227e+03  1.000e+00  1.979e-41
2.228e+03  1.000e+00  1.385e-41
2.229e+03  1.000e+00  9.685e-42
2.230e+03  1.000e+00  6.770e-42
2.231e+03  1.000e+00  4.730e-42
2.232e+03  1.000e+00  3.303e-42
2.233e+03  1.000e+00  2.306e-42
2.234e+03  1.000e+00  1.609e-42
2.235e+03  1.000e+00  1.122e-42
2.236e+03  1.000e+00  7.819e-43
2.237e+03  1.000e+00  5.447e-43
2.238e+03  1.000e+00  3.793e-43
2.239e+03  1.000e+00  2.640e-43
2.240e+03  1.000e+00  1.837e-43
2.241e+03  1.000e+00  1.277e-43
2.242e+03  1.000e+00  8.877e-44
2.243e+03  1.000e+00  6.167e-44
2.244e+03  1.000e+00  4.282e-44
2.245e+03  1.000e+00  2.972e-44
2.246e+03  1.000e+00  2.062e-44
2.247e+03  1.000e+00  1.430e-44
2.248e+03  1.000e+00  9.908e-45
2.249e+03  1.000e+00  6.864e-45
2.250e+03  1.000e+00  4.753e-45
2.251e+03  1.000e+00  3.289e-45
2.252e+03  1.000e+00  2.275e-45
2.253e+03  1.000e+00  1.573e-45
2.254e+03  1.000e+00  1.087e-45
2.255e+03  1.000e+00  7.510e-46
2.256e+03  1.000e+00  5.186e-46
2.257e+03  1.000e+00  3.579e-46
2.258e+03  1.000e+00  2.469e-46
2.259e+03  1.000e+00  1.702e-46
2.260e+03  1.000e+00  1.173e-46
2.261e+03  1.000e+00  8.079e-47
2.262e+03  1.000e+00  5.563e-47
2.263e+03  1.000e+00  3.828e-47
2.264e+03  1.000e+00  2.633e-47
2.265e+03  1.000e+00  1.810e-47
2.266e+03  1.000e+00  1.244e-47
2.267e+03  1.000e+00  8.545e-48
2.268e+03  1.000e+00  5.867e-48
2.269e+03  1.000e+00  4.026e-48
2.270e+03  1.000e+00  2.761e-48
2.271e+03  1.000e+00  1.893e-48
2.272e+03  1.000e+00  1.297e-48
2.273e+03  1.000e+00  8.886e-49
2.274e+03  1.000e+00  6.083e-49
2.275e+03  1.000e+00  4.163e-49
2.276e+03  1.000e+00  2.847e-49
2.277e+03  1.000e+00  1.947e-49
2.278e+03  1.000e+00  1.330e-49
2.279e+03  1.000e+00  9.085e-50
2.280e+03  1.000e+00  6.202e-50
2.281e+03  1.000e+00  4.232e-50
2.282e+03  1.000e+00  2.887e-50
2.283e+03  1.000e+00  1.968e-50
2.284e+03  1.000e+00  1.341e-50
2.285e+03  1.000e+00  9.133e-51
2.286e+03  1.000e+00  6.217e-51
2.287e+03  1.000e+00  4.230e-51
2.288e+03  1.000e+00  2.877e-51
2.289e+03  1.000e+00  1.956e-51
2.290e+03  1.000e+00  1.329e-51
2.291e+03  1.000e+00  9.027e-52
2.292e+03  1.000e+00  6.128e-52
2.293e+03  1.000e+00  4.158e-52
2.294e+03  1.000e+00  2.820e-52
2.295e+03  1.000e+00  1.912e-52
2.296e+03  1.000e+00  1.295e-52
2.297e+03  1.000e+00  8.773e-53
2.298e+03  1.000e+00  5.939e-53
2.299e+03  1.000e+00  4.018e-53
2.300e+03  1.000e+00  2.718e-53
2.301e+03  1.000e+00  1.837e-53
2.302e+03  1.000e+00  1.241e-53
2.303e+03  1.000e+00  8.384e-54
2.304e+03  1.000e+00  5.659e-54
2.305e+03  1.000e+00  3.819e-54
2.306e+03  1.000e+00  2.575e-54
2.307e+03  1.000e+00  1.736e-54
2.308e+03  1.000e+00  1.170e-54
2.309e+03  1.000e+00  7.878e-55
2.310e+03  1.000e+00  5.303e-55
2.311e+03  1.000e+00  3.568e-55
2.312e+03  1.000e+00  2.400e-55
2.313e+03  1.000e+00  1.613e-55
2.314e+03  1.000e+00  1.084e-55
2.315e+03  1.000e+00  7.280e-56
2.316e+03  1.000e+00  4.887e-56
2.317e+03  1.000e+00  3.279e-56
2.318e+03  1.000e+00  2.199e-56
2.319e+03  1.000e+00  1.474e-56
2.320e+03  1.000e+00  9.876e-57
2.321e+03  1.000e+00  6.614e-57
2.322e+03  1.000e+00  4.428e-57
2.323e+03  1.000e+00  2.963e-57
2.324e+03  1.000e+00  1.981e-57
2.325e+03  1.000e+00  1.324e-57
2.326e+03  1.000e+00  8.850e-58
2.327e+03  1.000e+00  5.910e-58
2.328e+03  1.000e+00  3.945e-58
2.329e+03  1.000e+00  2.632e-58
2.330e+03  1.000e+00  1.756e-58
2.331e+03  1.000e+00  1.170e-58
2.332e+03  1.000e+00  7.798e-59
2.333e+03  1.000e+00  5.193e-59
2.334e+03  1.000e+00  3.457e-59
2.335e+03  1.000e+00  2.300e-59
2.336e+03  1.000e+00  1.530e-59
2.337e+03  1.000e+00  1.017e-59
2.338e+03  1.000e+00  6.757e-60
2.339e+03  1.000e+00  4.488e-60
2.340e+03  1.000e+00  2.979e-60
2.341e+03  1.000e+00  1.977e-60
2.342e+03  1.000e+00  1.311e-60
2.343e+03  1.000e+00  8.691e-61
2.344e+03  1.000e+00  5.758e-61
2.345e+03  1.000e+00  3.814e-61
2.346e+03  1.000e+00  2.525e-61
2.347e+03  1.000e+00  1.670e-61
2.348e+03  1.000e+00  1.105e-61
2.349e+03  1.000e+00  7.304e-62
2.350e+03  1.000e+00  4.826e-62
2.351e+03  1.000e+00  3.187e-62
2.352e+03  1.000e+00  2.104e-62
2.353e+03  1.000e+00  1.388e-62
2.354e+03  1.000e+00  9.157e-63
2.355e+03  1.000e+00  6.037e-63
2.356e+03  1.000e+00  3.978e-63
2.357e+03  1.000e+00  2.620e-63
2.358e+03  1.000e+00  1.725e-63
2.359e+03  1.000e+00  1.135e-63
2.360e+03  1.000e+00  7.464e-64
2.361e+03  1.000e+00  4.907e-64
2.362e+03  1.000e+00  3.224e-64
2.363e+03  1.000e+00  2.118e-64
2.364e+03  1.000e+00  1.390e-64
2.365e+03  1.000e+00  9.123e-65
2.366e+03  1.000e+00  5.984e-65
2.367e+03  1.000e+00  3.923e-65
2.368e+03  1.000e+00  2.571e-65
2.369e+03  1.000e+00  1.684e-65
2.370e+03  1.000e+00  1.102e-65
2.371e+03  1.000e+00  7.214e-66
2.372e+03  1.000e+00  4.718e-66
2.373e+03  1.000e+00  3.085e-66
2.374e+03  1.000e+00  2.016e-66
2.375e+03  1.000e+00  1.317e-66
2.376e+03  1.000e+00  8.596e-67
2.377e+03  1.000e+00  5.610e-67
2.378e+03  1.000e+00  3.659e-67
2.379e+03  1.000e+00  2.386e-67
2.380e+03  1.000e+00  1.555e-67
2.381e+03  1.000e+00  1.013e-67
2.382e+03  1.000e+00  6.593e-68
2.383e+03  1.000e+00  4.291e-68
2.384e+03  1.000e+00  2.791e-68
2.385e+03  1.000e+00  1.815e-68
2.386e+03  1.000e+00  1.179e-68
2.387e+03  1.000e+00  7.661e-69
2.388e+03  1.000e+00  4.974e-69
2.389e+03  1.000e+00  3.228e-69
2.390e+03  1.000e+00  2.094e-69
2.391e+03  1.000e+00  1.358e-69
2.392e+03  1.000e+00  8.799e-70
2.393e+03  1.000e+00  5.700e-70
2.394e+03  1.000e+00  3.691e-70
2.395e+03  1.000e+00  2.389e-70
2.396e+03  1.000e+00  1.545e-70
2.397e+03  1.000e+00  9.992e-71
2.398e+03  1.000e+00  6.458e-71
2.399e+03  1.000e+00  4.172e-71
2.400e+03  1.000e+00  2.694e-71
2.401e+03  1.000e+00  1.739e-71
2.402e+03  1.000e+00  1.122e-71
2.403e+03  1.000e+00  7.233e-72
2.404e+03  1.000e+00  4.662e-72
2.405e+03  1.000e+00  3.003e-72
2.406e+03  1.000e+00  1.934e-72
2.407e+03  1.000e+00  1.245e-72
2.408e+03  1.000e+00  8.009e-73
2.409e+03  1.000e+00  5.150e-73
2.410e+03  1.000e+00  3.310e-73
2.411e+03  1.000e+00  2.127e-73
2.412e+03  1.000e+00  1.366e-73
2.413e+03  1.000e+00  8.767e-74
2.414e+03  1.000e+00  5.625e-74
2.415e+03  1.000e+00  3.607e-74
2.416e+03  1.000e+00  2.312e-74
2.417e+03  1.000e+00  1.482e-74
2.418e+03  1.000e+00  9.489e-75
2.419e+03  1.000e+00  6.074e-75
2.420e+03  1.000e+00  3.886e-75
2.421e+03  1.000e+00  2.486e-75
2.422e+03  1.000e+00  1.589e-75
2.423e+03  1.000e+00  1.015e-75
2.424e+03  1.000e+00  6.484e-76
2.425e+03  1.000e+00  4.140e-76
2.426e+03  1.000e+00  2.641e-76
2.427e+03  1.000e+00  1.685e-76
2.428e+03  1.000e+00  1.074e-76
2.429e+03  1.000e+00  6.844e-77
2.430e+03  1.000e+00  4.359e-77
2.431e+03  1.000e+00  2.775e-77
2.432e+03  1.000e+00  1.766e-77
2.433e+03  1.000e+00  1.123e-77
2.434e+03  1.000e+00  7.142e-78
2.435e+03  1.000e+00  4.538e-78
2.436e+03  1.000e+00  2.883e-78
2.437e+03  1.000e+00  1.830e-78
2.438e+03  1.000e+00  1.162e-78
2.439e+03  1.000e+00  7.368e-79
2.440e+03  1.000e+00  4.672e-79
2.441e+03  1.000e+00  2.961e-79
2.442e+03  1.000e+00  1.876e-79
2.443e+03  1.000e+00  1.188e-79
2.444e+03  1.000e+00  7.516e-80
2.445e+03  1.000e+00  4.755e-80
2.446e+03  1.000e+00  3.006e-80
2.447e+03  1.000e+00  1.900e-80
2.448e+03  1.000e+00  1.200e-80
2.449e+03  1.000e+00  7.580e-81
2.450e+03  1.000e+00  4.784e-81
2.451e+03  1.000e+00  3.018e-81
2.452e+03  1.000e+00  1.903e-81
2.453e+03  1.000e+00  1.200e-81
2.454e+03  1.000e+00  7.559e-82
2.455e+03  1.000e+00  4.760e-82
2.456e+03  1.000e+00  2.996e-82
2.457e+03  1.000e+00  1.885e-82
2.458e+03  1.000e+00  1.186e-82
2.459e+03  1.000e+00  7.453e-83
2.460e+03  1.000e+00  4.683e-83
2.461e+03  1.000e+00  2.941e-83
2.462e+03  1.000e+00  1.846e-83
2.463e+03  1.000e+00  1.158e-83
2.464e+03  1.000e+00  7.266e-84
2.465e+03  1.000e+00  4.555e-84
2.466e+03  1.000e+00  2.854e-84
2.467e+03  1.000e+00  1.788e-84
2.468e+03  1.000e+00  1.119e-84
2.469e+03  1.000e+00  7.003e-85
2.470e+03  1.000e+00  4.381e-85
2.471e+03  1.000e+00  2.739e-85
2.472e+03  1.000e+00  1.712e-85
2.473e+03  1.000e+00  1.069e-85
2.474e+03  1.000e+00  6.675e-86
2.475e+03  1.000e+00  4.166e-86
2.476e+03  1.000e+00  2.599e-86
2.477e+03  1.000e+00  1.620e-86
2.478e+03  1.000e+00  1.010e-86
2.479e+03  1.000e+00  6.291e-87
2.480e+03  1.000e+00  3.917e-87
2.481e+03  1.000e+00  2.438e-87
2.482e+03  1.000e+00  1.517e-87
2.483e+03  1.000e+00  9.431e-88
2.484e+03  1.000e+00  5.862e-88
2.485e+03  1.000e+00  3.642e-88
2.486e+03  1.000e+00  2.262e-88
2.487e+03  1.000e+00  1.404e-88
2.488e+03  1.000e+00  8.710e-89
2.489e+03  1.000e+00  5.401e-89
2.490e+03  1.000e+00  3.348e-89
2.491e+03  1.000e+00  2.075e-89
2.492e+03  1.000e+00  1.285e-89
2.493e+03  1.000e+00  7.954e-90
2.494e+03  1.000e+00  4.921e-90
2.495e+03  1.000e+00  3.044e-90
2.496e+03  1.000e+00  1.882e-90
2.497e+03  1.000e+00  1.163e-90
2.498e+03  1.000e+00  7.182e-91
2.499e+03  1.000e+00  4.434e-91
2.500e+03  1.000e+00  2.736e-91
2.501e+03  1.000e+00  1.688e-91
2.502e+03  1.000e+00  1.041e-91
2.503e+03  1.000e+00  6.413e-92
2.504e+03  1.000e+00  3.950e-92
2.505e+03  1.000e+00  2.432e-92
2.506e+03  1.000e+00  1.497e-92
2.507e+03  1.000e+00  9.209e-93
2.508e+03  1.000e+00  5.663e-93
2.509e+03  1.000e+00  3.480e-93
2.510e+03  1.000e+00  2.138e-93
2.511e+03  1.000e+00  1.313e-93
2.512e+03  1.000e+00  8.059e-94
2.513e+03  1.000e+00  4.944e-94
2.514e+03  1.000e+00  3.032e-94
2.515e+03  1.000e+00  1.859e-94
2.516e+03  1.000e+00  1.139e-94
2.517e+03  1.000e+00  6.974e-95
2.518e+03  1.000e+00  4.269e-95
2.519e+03  1.000e+00  2.612e-95
2.520e+03  1.000e+00  1.598e-95
2.521e+03  1.000e+00  9.767e-96
2.522e+03  1.000e+00  5.968e-96
2.523e+03  1.000e+00  3.645e-96
2.524e+03  1.000e+00  2.225e-96
2.525e+03  1.000e+00  1.358e-96
2.526e+03  1.000e+00  8.284e-97
2.527e+03  1.000e+00  5.051e-97
2.528e+03  1.000e+00  3.078e-97
2.529e+03  1.000e+00  1.875e-97
2.530e+03  1.000e+00  1.142e-97
2.531e+03  1.000e+00  6.948e-98
2.532e+03  1.000e+00  4.227e-98
2.533e+03  1.000e+00  2.570e-98
2.534e+03  1.000e+00  1.562e-98
2.535e+03  1.000e+00  9.491e-99
2.536e+03  1.000e+00  5.763e-99
2.537e+03  1.000e+00  3.498e-99
2.538e+03  1.000e+00  2.122e-99
2.539e+03  1.000e+00  1.287e-99
2.540e+03  1.000e+00  7.803e-100
2.541e+03  1.000e+00  4.728e-100
2.542e+03  1.000e+00  2.863e-100
2.543e+03  1.000e+00  1.733e-100
2.544e+03  1.000e+00  1.049e-100
2.545e+03  1.000e+00  6.344e-101
2.546e+03  1.000e+00  3.835e-101
2.547e+03  1.000e+00  2.318e-101
2.548e+03  1.000e+00  1.400e-101
2.549e+03  1.000e+00  8.452e-102
2.550e+03  1.000e+00  5.101e-102
2.551e+03  1.000e+00  3.077e-102
2.552e+03  1.000e+00  1.855e-102
2.553e+03  1.000e+00  1.118e-102
2.554e+03  1.000e+00  6.736e-103
2.555e+03  1.000e+00  4.056e-103
2.556e+03  1.000e+00  2.441e-103
2.557e+03  1.000e+00  1.469e-103
2.558e+03  1.000e+00  8.833e-104
2.559e+03  1.000e+00  5.309e-104
2.560e+03  1.000e+00  3.190e-104
2.561e+03  1.000e+00  1.916e-104
2.562e+03  1.000e+00  1.150e-104
2.563e+03  1.000e+00  6.900e-105
2.564e+03  1.000e+00  4.139e-105
2.565e+03  1.000e+00  2.481e-105
2.566e+03  1.000e+00  1.487e-105
2.567e+03  1.000e+00  8.905e-106
2.568e+03  1.000e+00  5.331e-106
2.569e+03  1.000e+00  3.191e-106
2.570e+03  1.000e+00  1.909e-106
2.571e+03  1.000e+00  1.141e-106
2.572e+03  1.000e+00  6.820e-107
2.573e+03  1.000e+00  4.074e-107
2.574e+03  1.000e+00  2.433e-107
2.575e+03  1.000e+00  1.452e-107
2.576e+03  1.000e+00  8.662e-108
2.577e+03  1.000e+00  5.166e-108
2.578e+03  1.000e+00  3.079e-108
2.579e+03  1.000e+00  1.835e-108
2.580e+03  1.000e+00  1.093e-108
2.581e+03  1.000e+00  6.504e-109
2.582e+03  1.000e+00  3.870e-109
2.583e+03  1.000e+00  2.302e-109
2.584e+03  1.000e+00  1.368e-109
2.585e+03  1.000e+00  8.131e-110
2.586e+03  1.000e+00  4.829e-110
2.587e+03  1.000e+00  2.867e-110
2.588e+03  1.000e+00  1.702e-110
2.589e+03  1.000e+00  1.009e-110
2.590e+03  1.000e+00  5.985e-111
2.591e+03  1.000e+00  3.547e-111
2.592e+03  1.000e+00  2.101e-111
2.593e+03  1.000e+00  1.244e-111
2.594e+03  1.000e+00  7.364e-112
2.595e+03  1.000e+00  4.357e-112
2.596e+03  1.000e+00  2.577e-112
2.597e+03  1.000e+00  1.523e-112
2.598e+03  1.000e+00  8.999e-113
2.599e+03  1.000e+00  5.315e-113
2.600e+03  1.000e+00  3.137e-113
2.601e+03  1.000e+00  1.851e-113
2.602e+03  1.000e+00  1.092e-113
2.603e+03  1.000e+00  6.437e-114
2.604e+03  1.000e+00  3.793e-114
2.605e+03  1.000e+00  2.234e-114
2.606e+03  1.000e+00  1.316e-114
2.607e+03  1.000e+00  7.743e-115
2.608e+03  1.000e+00  4.555e-115
2.609e+03  1.000e+00  2.678e-115
2.610e+03  1.000e+00  1.574e-115
2.611e+03  1.000e+00  9.248e-116
2.612e+03  1.000e+00  5.430e-116
2.613e+03  1.000e+00  3.188e-116
2.614e+03  1.000e+00  1.870e-116
2.615e+03  1.000e+00  1.097e-116
2.616e+03  1.000e+00  6.430e-117
2.617e+03  1.000e+00  3.767e-117
2.618e+03  1.000e+00  2.207e-117
2.619e+03  1.000e+00  1.292e-117
2.620e+03  1.000e+00  7.559e-118
2.621e+03  1.000e+00  4.422e-118
2.622e+03  1.000e+00  2.585e-118
2.623e+03  1.000e+00  1.511e-118
2.624e+03  1.000e+00  8.826e-119
2.625e+03  1.000e+00  5.154e-119
2.626e+03  1.000e+00  3.008e-119
2.627e+03  1.000e+00  1.755e-119
2.628e+03  1.000e+00  1.023e-119
2.629e+03  1.000e+00  5.965e-120
2.630e+03  1.000e+00  3.475e-120
2.631e+03  1.000e+00  2.024e-120
2.632e+03  1.000e+00  1.178e-120
2.633e+03  1.000e+00  6.856e-121
2.634e+03  1.000e+00  3.987e-121
2.635e+03  1.000e+00  2.318e-121
2.636e+03  1.000e+00  1.347e-121
2.637e+03  1.000e+00  7.825e-122
2.638e+03  1.000e+00  4.543e-122
2.639e+03  1.000e+00  2.637e-122
2.640e+03  1.000e+00  1.530e-122
2.641e+03  1.000e+00  8.870e-123
2.642e+03  1.000e+00  5.141e-123
2.643e+03  1.000e+00  2.978e-123
2.644e+03  1.000e+00  1.725e-123
2.645e+03  1.000e+00  9.984e-124
2.646e+03  1.000e+00  5.777e-124
2.647e+03  1.000e+00  3.341e-124
2.648e+03  1.000e+00  1.931e-124
2.649e+03  1.000e+00  1.116e-124
2.650e+03  1.000e+00  6.446e-125
2.651e+03  1.000e+00  3.722e-125
2.652e+03  1.000e+00  2.148e-125
2.653e+03  1.000e+00  1.239e-125
2.654e+03  1.000e+00  7.143e-126
2.655e+03  1.000e+00  4.117e-126
2.656e+03  1.000e+00  2.372e-126
2.657e+03  1.000e+00  1.366e-126
2.658e+03  1.000e+00  7.861e-127
2.659e+03  1.000e+00  4.523e-127
2.660e+03  1.000e+00  2.601e-127
2.661e+03  1.000e+00  1.495e-127
2.662e+03  1.000e+00  8.592e-128
2.663e+03  1.000e+00  4.935e-128
2.664e+03  1.000e+00  2.833e-128
2.665e+03  1.000e+00  1.626e-128
2.666e+03  1.000e+00  9.326e-129
2.667e+03  1.000e+00  5.347e-129
2.668e+03  1.000e+00  3.064e-129
2.669e+03  1.000e+00  1.755e-129
2.670e+03  1.000e+00  1.005e-129
2.671e+03  1.000e+00  5.754e-130
2.672e+03  1.000e+00  3.292e-130
2.673e+03  1.000e+00  1.882e-130
2.674e+03  1.000e+00  1.076e-130
2.675e+03  1.000e+00  6.149e-131
2.676e+03  1.000e+00  3.512e-131
2.677e+03  1.000e+00  2.005e-131
2.678e+03  1.000e+00  1.144e-131
2.679e+03  1.000e+00  6.526e-132
2.680e+03  1.000e+00  3.721e-132
2.681e+03  1.000e+00  2.120e-132
2.682e+03  1.000e+00  1.208e-132
2.683e+03  1.000e+00  6.878e-133
2.684e+03  1.000e+00  3.915e-133
2.685e+03  1.000e+00  2.227e-133
2.686e+03  1.000e+00  1.267e-133
2.687e+03  1.000e+00  7.200e-134
2.688e+03  1.000e+00  4.091e-134
2.689e+03  1.000e+00  2.323e-134
2.690e+03  1.000e+00  1.319e-134
2.691e+03  1.000e+00  7.485e-135
2.692e+03  1.000e+00  4.246e-135
2.693e+03  1.000e+00  2.407e-135
2.694e+03  1.000e+00  1.364e-135
2.695e+03  1.000e+00  7.728e-136
2.696e+03  1.000e+00  4.376e-136
2.697e+03  1.000e+00  2.477e-136
2.698e+03  1.000e+00  1.401e-136
2.699e+03  1.000e+00  7.925e-137
2.700e+03  1.000e+00  4.480e-137
2.701e+03  1.000e+00  2.531e-137
2.702e+03  1.000e+00  1.430e-137
2.703e+03  1.000e+00  8.071e-138
2.704e+03  1.000e+00  4.554e-138
2.705e+03  1.000e+00  2.569e-138
2.706e+03  1.000e+00  1.448e-138
2.707e+03  1.000e+00  8.163e-139
2.708e+03  1.000e+00  4.599e-139
2.709e+03  1.000e+00  2.590e-139
2.710e+03  1.000e+00  1.458e-139
2.711e+03  1.000e+00  8.201e-140
2.712e+03  1.000e+00  4.612e-140
2.713e+03  1.000e+00  2.593e-140
2.714e+03  1.000e+00  1.457e-140
2.715e+03  1.000e+00  8.182e-141
2.716e+03  1.000e+00  4.593e-141
2.717e+03  1.000e+00  2.578e-141
2.718e+03  1.000e+00  1.446e-141
2.719e+03  1.000e+00  8.108e-142
2.720e+03  1.000e+00  4.544e-142
2.721e+03  1.000e+00  2.546e-142
2.722e+03  1.000e+00  1.426e-142
2.723e+03  1.000e+00  7.979e-143
2.724e+03  1.000e+00  4.465e-143
2.725e+03  1.000e+00  2.497e-143
2.726e+03  1.000e+00  1.396e-143
2.727e+03  1.000e+00  7.800e-144
2.728e+03  1.000e+00  4.357e-144
2.729e+03  1.000e+00  2.432e-144
2.730e+03  1.000e+00  1.357e-144
2.731e+03  1.000e+00  7.572e-145
2.732e+03  1.000e+00  4.222e-145
2.733e+03  1.000e+00  2.353e-145
2.734e+03  1.000e+00  1.311e-145
2.735e+03  1.000e+00  7.302e-146
2.736e+03  1.000e+00  4.065e-146
2.737e+03  1.000e+00  2.262e-146
2.738e+03  1.000e+00  1.258e-146
2.739e+03  1.000e+00  6.993e-147
2.740e+03  1.000e+00  3.886e-147
2.741e+03  1.000e+00  2.159e-147
2.742e+03  1.000e+00  1.199e-147
2.743e+03  1.000e+00  6.652e-148
2.744e+03  1.000e+00  3.691e-148
2.745e+03  1.000e+00  2.047e-148
2.746e+03  1.000e+00  1.134e-148
2.747e+03  1.000e+00  6.285e-149
2.748e+03  1.000e+00  3.481e-149
2.749e+03  1.000e+00  1.927e-149
2.750e+03  1.000e+00  1.066e-149
2.751e+03  1.000e+00  5.898e-150
2.752e+03  1.000e+00  3.261e-150
2.753e+03  1.000e+00  1.802e-150
2.754e+03  1.000e+00  9.956e-151
2.755e+03  1.000e+00  5.498e-151
2.756e+03  1.000e+00  3.035e-151
2.757e+03  1.000e+00  1.674e-151
2.758e+03  1.000e+00  9.233e-152
2.759e+03  1.000e+00  5.090e-152
2.760e+03  1.000e+00  2.805e-152
2.761e+03  1.000e+00  1.545e-152
2.762e+03  1.000e+00  8.505e-153
2.763e+03  1.000e+00  4.681e-153
2.764e+03  1.000e+00  2.575e-153
2.765e+03  1.000e+00  1.416e-153
2.766e+03  1.000e+00  7.781e-154
2.767e+03  1.000e+00  4.275e-154
2.768e+03  1.000e+00  2.348e-154
2.769e+03  1.000e+00  1.289e-154
2.770e+03  1.000e+00  7.071e-155
2.771e+03  1.000e+00  3.879e-155
2.772e+03  1.000e+00  2.126e-155
2.773e+03  1.000e+00  1.165e-155
2.774e+03  1.000e+00  6.383e-156
2.775e+03  1.000e+00  3.495e-156
2.776e+03  1.000e+00  1.913e-156
2.777e+03  1.000e+00  1.047e-156
2.778e+03  1.000e+00  5.723e-157
2.779e+03  1.000e+00  3.128e-157
2.780e+03  1.000e+00  1.709e-157
2.781e+03  1.000e+00  9.336e-158
2.782e+03  1.000e+00  5.097e-158
2.783e+03  1.000e+00  2.781e-158
2.784e+03  1.000e+00  1.517e-158
2.785e+03  1.000e+00  8.273e-159
2.786e+03  1.000e+00  4.509e-159
2.787e+03  1.000e+00  2.456e-159
2.788e+03  1.000e+00  1.338e-159
2.789e+03  1.000e+00  7.281e-160
2.790e+03  1.000e+00  3.962e-160
2.791e+03  1.000e+00  2.155e-160
2.792e+03  1.000e+00  1.171e-160
2.793e+03  1.000e+00  6.366e-161
2.794e+03  1.000e+00  3.458e-161
2.795e+03  1.000e+00  1.878e-161
2.796e+03  1.000e+00  1.019e-161
2.797e+03  1.000e+00  5.529e-162
2.798e+03  1.000e+00  2.998e-162
2.799e+03  1.000e+00  1.625e-162
2.800e+03  1.000e+00  8.806e-163
2.801e+03  1.000e+00  4.769e-163
2.802e+03  1.000e+00  2.582e-163
2.803e+03  1.000e+00  1.397e-163
2.804e+03  1.000e+00  7.558e-164
2.805e+03  1.000e+00  4.087e-164
2.806e+03  1.000e+00  2.209e-164
2.807e+03  1.000e+00  1.193e-164
2.808e+03  1.000e+00  6.444e-165
2.809e+03  1.000e+00  3.478e-165
2.810e+03  1.000e+00  1.877e-165
2.811e+03  1.000e+00  1.012e-165
2.812e+03  1.000e+00  5.458e-166
2.813e+03  1.000e+00  2.941e-166
2.814e+03  1.000e+00  1.584e-166
2.815e+03  1.000e+00  8.531e-167
2.816e+03  1.000e+00  4.591e-167
2.817e+03  1.000e+00  2.470e-167
2.818e+03  1.000e+00  1.328e-167
2.819e+03  1.000e+00  7.141e-168
2.820e+03  1.000e+00  3.837e-168
2.821e+03  1.000e+00  2.061e-168
2.822e+03  1.000e+00  1.106e-168
2.823e+03  1.000e+00  5.938e-169
2.824e+03  1.000e+00  3.185e-169
2.825e+03  1.000e+00  1.708e-169
2.826e+03  1.000e+00  9.155e-170
2.827e+03  1.000e+00  4.905e-170
2.828e+03  1.000e+00  2.627e-170
2.829e+03  1.000e+00  1.406e-170
2.830e+03  1.000e+00  7.524e-171
2.831e+03  1.000e+00  4.025e-171
2.832e+03  1.000e+00  2.152e-171
2.833e+03  1.000e+00  1.150e-171
2.834e+03  1.000e+00  6.143e-172
2.835e+03  1.000e+00  3.280e-172
2.836e+03  1.000e+00  1.751e-172
2.837e+03  1.000e+00  9.343e-173
2.838e+03  1.000e+00  4.983e-173
2.839e+03  1.000e+00  2.656e-173
2.840e+03  1.000e+00  1.415e-173
2.841e+03  1.000e+00  7.540e-174
2.842e+03  1.000e+00  4.015e-174
2.843e+03  1.000e+00  2.137e-174
2.844e+03  1.000e+00  1.137e-174
2.845e+03  1.000e+00  6.045e-175
2.846e+03  1.000e+00  3.213e-175
2.847e+03  1.000e+00  1.707e-175
2.848e+03  1.000e+00  9.068e-176
2.849e+03  1.000e+00  4.814e-176
2.850e+03  1.000e+00  2.555e-176
2.851e+03  1.000e+00  1.355e-176
2.852e+03  1.000e+00  7.186e-177
2.853e+03  1.000e+00  3.809e-177
2.854e+03  1.000e+00  2.018e-177
2.855e+03  1.000e+00  1.069e-177
2.856e+03  1.000e+00  5.657e-178
2.857e+03  1.000e+00  2.994e-178
2.858e+03  1.000e+00  1.583e-178
2.859e+03  1.000e+00  8.372e-179
2.860e+03  1.000e+00  4.424e-179
2.861e+03  1.000e+00  2.337e-179
2.862e+03  1.000e+00  1.234e-179
2.863e+03  1.000e+00  6.515e-180
2.864e+03  1.000e+00  3.437e-180
2.865e+03  1.000e+00  1.813e-180
2.866e+03  1.000e+00  9.558e-181
2.867e+03  1.000e+00  5.037e-181
2.868e+03  1.000e+00  2.653e-181
2.869e+03  1.000e+00  1.397e-181
2.870e+03  1.000e+00  7.353e-182
2.871e+03  1.000e+00  3.868e-182
2.872e+03  1.000e+00  2.034e-182
2.873e+03  1.000e+00  1.069e-182
2.874e+03  1.000e+00  5.619e-183
2.875e+03  1.000e+00  2.952e-183
2.876e+03  1.000e+00  1.550e-183
2.877e+03  1.000e+00  8.133e-184
2.878e+03  1.000e+00  4.266e-184
2.879e+03  1.000e+00  2.237e-184
2.880e+03  1.000e+00  1.173e-184
2.881e+03  1.000e+00  6.144e-185
2.882e+03  1.000e+00  3.218e-185
2.883e+03  1.000e+00  1.685e-185
2.884e+03  1.000e+00  8.816e-186
2.885e+03  1.000e+00  4.612e-186
2.886e+03  1.000e+00  2.411e-186
2.887e+03  1.000e+00  1.260e-186
2.888e+03  1.000e+00  6.585e-187
2.889e+03  1.000e+00  3.439e-187
2.890e+03  1.000e+00  1.795e-187
2.891e+03  1.000e+00  9.368e-188
2.892e+03  1.000e+00  4.886e-188
2.893e+03  1.000e+00  2.548e-188
2.894e+03  1.000e+00  1.328e-188
2.895e+03  1.000e+00  6.917e-189
2.896e+03  1.000e+00  3.602e-189
2.897e+03  1.000e+00  1.875e-189
2.898e+03  1.000e+00  9.756e-190
2.899e+03  1.000e+00  5.074e-190
2.900e+03  1.000e+00  2.638e-190
2.901e+03  1.000e+00  1.371e-190
2.902e+03  1.000e+00  7.121e-191
2.903e+03  1.000e+00  3.698e-191
2.904e+03  1.000e+00  1.919e-191
2.905e+03  1.000e+00  9.959e-192
2.906e+03  1.000e+00  5.165e-192
2.907e+03  1.000e+00  2.677e-192
2.908e+03  1.000e+00  1.387e-192
2.909e+03  1.000e+00  7.187e-193
2.910e+03  1.000e+00  3.721e-193
2.911e+03  1.000e+00  1.926e-193
2.912e+03  1.000e+00  9.965e-194
2.913e+03  1.000e+00  5.153e-194
2.914e+03  1.000e+00  2.664e-194
2.915e+03  1.000e+00  1.377e-194
2.916e+03  1.000e+00  7.110e-195
2.917e+03  1.000e+00  3.671e-195
2.918e+03  1.000e+00  1.895e-195
2.919e+03  1.000e+00  9.774e-196
2.920e+03  1.000e+00  5.040e-196
2.921e+03  1.000e+00  2.598e-196
2.922e+03  1.000e+00  1.339e-196
2.923e+03  1.000e+00  6.895e-197
2.924e+03  1.000e+00  3.550e-197
2.925e+03  1.000e+00  1.827e-197
2.926e+03  1.000e+00  9.398e-198
2.927e+03  1.000e+00  4.833e-198
2.928e+03  1.000e+00  2.484e-198
2.929e+03  1.000e+00  1.276e-198
2.930e+03  1.000e+00  6.555e-199
2.931e+03  1.000e+00  3.365e-199
2.932e+03  1.000e+00  1.727e-199
2.933e+03  1.000e+00  8.859e-200
2.934e+03  1.000e+00  4.542e-200
2.935e+03  1.000e+00  2.328e-200
2.936e+03  1.000e+00  1.193e-200
2.937e+03  1.000e+00  6.109e-201
2.938e+03  1.000e+00  3.127e-201
2.939e+03  1.000e+00  1.600e-201
2.940e+03  1.000e+00  8.186e-202
2.941e+03  1.000e+00  4.186e-202
2.942e+03  1.000e+00  2.139e-202
2.943e+03  1.000e+00  1.093e-202
2.944e+03  1.000e+00  5.582e-203
2.945e+03  1.000e+00  2.850e-203
2.946e+03  1.000e+00  1.454e-203
2.947e+03  1.000e+00  7.417e-204
2.948e+03  1.000e+00  3.782e-204
2.949e+03  1.000e+00  1.927e-204
2.950e+03  1.000e+00  9.819e-205
2.951e+03  1.000e+00  5.001e-205
2.952e+03  1.000e+00  2.546e-205
2.953e+03  1.000e+00  1.295e-205
2.954e+03  1.000e+00  6.588e-206
2.955e+03  1.000e+00  3.350e-206
2.956e+03  1.000e+00  1.702e-206
2.957e+03  1.000e+00  8.649e-207
2.958e+03  1.000e+00  4.392e-207
2.959e+03  1.000e+00  2.229e-207
2.960e+03  1.000e+00  1.131e-207
2.961e+03  1.000e+00  5.738e-208
2.962e+03  1.000e+00  2.909e-208
2.963e+03  1.000e+00  1.474e-208
2.964e+03  1.000e+00  7.469e-209
2.965e+03  1.000e+00  3.782e-209
2.966e+03  1.000e+00  1.915e-209
2.967e+03  1.000e+00  9.688e-210
2.968e+03  1.000e+00  4.900e-210
2.969e+03  1.000e+00  2.477e-210
2.970e+03  1.000e+00  1.252e-210
2.971e+03  1.000e+00  6.325e-211
2.972e+03  1.000e+00  3.194e-211
2.973e+03  1.000e+00  1.612e-211
2.974e+03  1.000e+00  8.134e-212
2.975e+03  1.000e+00  4.103e-212
2.976e+03  1.000e+00  2.068e-212
2.977e+03  1.000e+00  1.042e-212
2.978e+03  1.000e+00  5.251e-213
2.979e+03  1.000e+00  2.644e-213
2.980e+03  1.000e+00  1.331e-213
2.981e+03  1.000e+00  6.698e-214
2.982e+03  1.000e+00  3.369e-214
2.983e+03  1.000e+00  1.694e-214
2.984e+03  1.000e+00  8.511e-215
2.985e+03  1.000e+00  4.276e-215
2.986e+03  1.000e+00  2.147e-215
2.987e+03  1.000e+00  1.078e-215
2.988e+03  1.000e+00  5.408e-216
2.989e+03  1.000e+00  2.712e-216
2.990e+03  1.000e+00  1.360e-216
2.991e+03  1.000e+00  6.815e-217
2.992e+03  1.000e+00  3.414e-217
2.993e+03  1.000e+00  1.710e-217
2.994e+03  1.000e+00  8.558e-218
2.995e+03  1.000e+00  4.284e-218
2.996e+03  1.000e+00  2.146e-218
2.997e+03  1.000e+00  1.079e-218
2.998e+03  1.000e+00  5.516e-219
2.999e+03  1.000e+00  3.005e-219
3.000e+03  1.000e+00  2.001e-219
