0.000e+00  0.000e+00  2.783e-162
1.000e+00  0.000e+00  2.783e-162
2.000e+00  0.000e+00  2.783e-162
3.000e+00  0.000e+00  2.783e-162
4.000e+00  0.000e+00  2.783e-162
5.000e+00  0.000e+00  2.783e-162
6.000e+00  0.000e+00  2.783e-162
7.000e+00  0.000e+00  2.783e-162
8.000e+00  0.000e+00  2.783e-162
9.000e+00  0.000e+00  2.783e-162
1.000e+01  0.000e+00  2.783e-162
1.100e+01  0.000e+00  2.783e-162
1.200e+01  0.000e+00  2.783e-162
1.300e+01  0.000e+00  2.783e-162
1.400e+01  0.000e+00  2.783e-162
1.500e+01  0.000e+00  2.783e-162
1.600e+01  0.000e+00  2.783e-162
1.700e+01  0.000e+00  2.783e-162
1.800e+01  0.000e+00  2.783e-162
1.900e+01  0.000e+00  2.783e-162
2.000e+01  0.000e+00  2.783e-162
2.100e+01  0.000e+00  2.783e-162
2.200e+01  0.000e+00  2.783e-162
2.300e+01  0.000e+00  2.783e-162
2.400e+01  0.000e+00  2.783e-162
2.500e+01  0.000e+00  2.783e-162
2.600e+01  0.000e+00  2.783e-162
2.700e+01  0.000e+00  2.783e-162
2.800e+01  0.000e+00  2.783e-162
2.900e+01  0.000e+00  2.783e-162
3.000e+01  0.000e+00  2.783e-162
3.100e+01  0.000e+00  2.783e-162
3.200e+01  0.000e+00  2.783e-162
3.300e+01  0.000e+00  2.783e-162
3.400e+01  0.000e+00  2.783e-162
3.500e+01  0.000e+00  2.783e-162
3.600e+01  0.000e+00  2.783e-162
3.700e+01  0.000e+00  2.783e-162
3.800e+01  0.000e+00  2.783e-162
3.900e+01  0.000e+00  2.783e-162
4.000e+01  0.000e+00  2.783e-162
4.100e+01  0.000e+00  2.783e-162
4.200e+01  0.000e+00  2.783e-162
4.300e+01  0.000e+00  2.783e-162
4.400e+01  0.000e+00  2.783e-162
4.500e+01  0.000e+00  2.783e-162
4.600e+01  0.000e+00  2.783e-162
4.700e+01  0.000e+00  2.783e-162
4.800e+01  0.000e+00  2.783e-162
4.900e+01  0.000e+00  2.783e-162
5.000e+01  0.000e+00  2.783e-162
5.100e+01  0.000e+00  2.783e-162
5.200e+01  0.000e+00  2.783e-162
5.300e+01  0.000e+00  2.783e-162
5.400e+01  0.000e+00  2.783e-162
5.500e+01  0.000e+00  2.783e-162
5.600e+01  0.000e+00  2.783e-162
5.700e+01  0.000e+00  2.783e-162
5.800e+01  0.000e+00  2.783e-162
5.900e+01  0.000e+00  2.783e-162
6.000e+01  0.000e+00  2.783e-162
6.100e+01  0.000e+00  2.783e-162
6.200e+01  0.000e+00  2.783e-162
6.300e+01  0.000e+00  2.783e-162
6.400e+01  0.000e+00  2.783e-162
6.500e+01  0.000e+00  2.783e-162
6.600e+01  0.000e+00  2.783e-162
6.700e+01  0.000e+00  2.783e-162
6.800e+01  0.000e+00  2.783e-162
6.900e+01  0.000e+00  2.783e-162
7.000e+01  0.000e+00  2.783e-162
7.100e+01  0.000e+00  2.783e-162
7.200e+01  0.000e+00  2.783e-162
7.300e+01  0.000e+00  2.783e-162
7.400e+01  0.000e+00  2.783e-162
7.500e+01  0.000e+00  2.783e-162
7.600e+01  0.000e+00  2.783e-162
7.700e+01  0.000e+00  2.783e-162
7.800e+01  0.000e+00  2.783e-162
7.900e+01  0.000e+00  2.783e-162
8.000e+01  0.000e+00  2.783e-162
8.100e+01  0.000e+00  2.783e-162
8.200e+01  0.000e+00  2.783e-162
8.300e+01  0.000e+00  2.783e-162
8.400e+01  0.000e+00  2.783e-162
8.500e+01  0.000e+00  2.783e-162
8.600e+01  0.000e+00  2.783e-162
8.700e+01  0.000e+00  2.783e-162
8.800e+01  0.000e+00  2.783e-162
8.900e+01  0.000e+00  2.783e-162
9.000e+01  0.000e+00  2.783e-162
9.100e+01  0.000e+00  2.783e-162
9.200e+01  0.000e+00  2.783e-162
9.300e+01  0.000e+00  2.783e-162
9.400e+01  0.000e+00  2.783e-162
9.500e+01  0.000e+00  2.783e-162
9.600e+01  0.000e+00  2.783e-162
9.700e+01  0.000e+00  2.783e-162
9.800e+01  0.000e+00  2.783e-162
9.900e+01  0.000e+00  2.783e-162
1.000e+02  0.000e+00  2.783e-162
1.010e+02  0.000e+00  2.783e-162
1.020e+02  0.000e+00  2.783e-162
1.030e+02  0.000e+00  2.783e-162
1.040e+02  0.000e+00  2.783e-162
1.050e+02  0.000e+00  2.783e-162
1.060e+02  0.000e+00  2.783e-162
1.070e+02  0.000e+00  2.783e-162
1.080e+02  0.000e+00  2.783e-162
1.090e+02  0.000e+00  2.783e-162
1.100e+02  0.000e+00  2.783e-162
1.110e+02  0.000e+00  2.783e-162
1.120e+02  0.000e+00  2.783e-162
1.130e+02  0.000e+00  2.783e-162
1.140e+02  0.000e+00  2.783e-162
1.150e+02  0.000e+00  2.783e-162
1.160e+02  0.000e+00  2.783e-162
1.170e+02  0.000e+00  2.783e-162
1.180e+02  0.000e+00  2.783e-162
1.190e+02  0.000e+00  2.783e-162
1.200e+02  0.000e+00  2.783e-162
1.210e+02  0.000e+00  2.783e-162
1.220e+02  0.000e+00  2.783e-162
1.230e+02  0.000e+00  2.783e-162
1.240e+02  0.000e+00  2.783e-162
1.250e+02  0.000e+00  2.783e-162
1.260e+02  0.000e+00  2.783e-162
1.270e+02  0.000e+00  2.783e-162
1.280e+02  0.000e+00  2.783e-162
1.290e+02  0.000e+00  2.783e-162
1.300e+02  0.000e+00  2.783e-162
1.310e+02  0.000e+00  2.783e-162
1.320e+02  0.000e+00  2.783e-162
1.330e+02  0.000e+00  2.783e-162
1.340e+02  0.000e+00  2.783e-162
1.350e+02  0.000e+00  2.783e-162
1.360e+02  0.000e+00  2.783e-162
1.370e+02  0.000e+00  2.783e-162
1.380e+02  0.000e+00  2.783e-162
1.390e+02  0.000e+00  2.783e-162
1.400e+02  0.000e+00  2.783e-162
1.410e+02  0.000e+00  2.783e-162
1.420e+02  0.000e+00  2.783e-162
1.430e+02  0.000e+00  2.783e-162
1.440e+02  0.000e+00  2.783e-162
1.450e+02  0.000e+00  2.783e-162
1.460e+02  0.000e+00  2.783e-162
1.470e+02  0.000e+00  2.783e-162
1.480e+02  0.000e+00  2.783e-162
1.490e+02  0.000e+00  2.783e-162
1.500e+02  0.000e+00  2.783e-162
1.510e+02  0.000e+00  2.783e-162
1.520e+02  0.000e+00  2.783e-162
1.530e+02  0.000e+00  2.783e-162
1.540e+02  0.000e+00  2.783e-162
1.550e+02  0.000e+00  2.783e-162
1.560e+02  0.000e+00  2.783e-162
1.570e+02  0.000e+00  2.783e-162
1.580e+02  0.000e+00  2.783e-162
1.590e+02  0.000e+00  2.783e-162
1.600e+02  0.000e+00  2.783e-162
1.610e+02  0.000e+00  2.783e-162
1.620e+02  0.000e+00  2.783e-162
1.630e+02  0.000e+00  2.783e-162
1.640e+02  0.000e+00  2.783e-162
1.650e+02  0.000e+00  2.783e-162
1.660e+02  0.000e+00  2.783e-162
1.670e+02  0.000e+00  2.783e-162
1.680e+02  0.000e+00  2.783e-162
1.690e+02  0.000e+00  2.783e-162
1.700e+02  0.000e+00  2.783e-162
1.710e+02  0.000e+00  2.783e-162
1.720e+02  0.000e+00  2.783e-162
1.730e+02  0.000e+00  2.783e-162
1.740e+02  0.000e+00  2.783e-162
1.750e+02  0.000e+00  2.783e-162
1.760e+02  0.000e+00  2.783e-162
1.770e+02  0.000e+00  2.783e-162
1.780e+02  0.000e+00  2.783e-162
1.790e+02  0.000e+00  2.783e-162
1.800e+02  0.000e+00  2.783e-162
1.810e+02  0.000e+00  2.783e-162
1.820e+02  0.000e+00  2.783e-162
1.830e+02  0.000e+00  2.783e-162
1.840e+02  0.000e+00  2.783e-162
1.850e+02  0.000e+00  2.783e-162
1.860e+02  0.000e+00  2.783e-162
1.870e+02  0.000e+00  2.783e-162
1.880e+02  0.000e+00  2.783e-162
1.890e+02  0.000e+00  2.783e-162
1.900e+02  0.000e+00  2.783e-162
1.910e+02  0.000e+00  2.783e-162
1.920e+02  0.000e+00  2.783e-162
1.930e+02  0.000e+00  2.783e-162
1.940e+02  0.000e+00  2.783e-162
1.950e+02  0.000e+00  2.783e-162
1.960e+02  0.000e+00  2.783e-162
1.970e+02  0.000e+00  2.783e-162
1.980e+02  0.000e+00  2.783e-162
1.990e+02  0.000e+00  2.783e-162
2.000e+02  0.000e+00  2.783e-162
2.010e+02  0.000e+00  2.783e-162
2.020e+02  0.000e+00  2.783e-162
2.030e+02  0.000e+00  2.783e-162
2.040e+02  0.000e+00  2.783e-162
2.050e+02  0.000e+00  2.783e-162
2.060e+02  0.000e+00  2.783e-162
2.070e+02  0.000e+00  2.783e-162
2.080e+02  0.000e+00  2.783e-162
2.090e+02  0.000e+00  2.783e-162
2.100e+02  0.000e+00  2.783e-162
2.110e+02  0.000e+00  2.783e-162
2.120e+02  0.000e+00  2.783e-162
2.130e+02  0.000e+00  2.783e-162
2.140e+02  0.000e+00  2.783e-162
2.150e+02  0.000e+00  2.783e-162
2.160e+02  0.000e+00  2.783e-162
2.170e+02  0.000e+00  2.783e-162
2.180e+02  0.000e+00  2.783e-162
2.190e+02  0.000e+00  2.783e-162
2.200e+02  0.000e+00  2.783e-162
2.210e+02  0.000e+00  2.783e-162
2.220e+02  0.000e+00  2.783e-162
2.230e+02  0.000e+00  2.783e-162
2.240e+02  0.000e+00  2.783e-162
2.250e+02  0.000e+00  2.783e-162
2.260e+02  0.000e+00  2.783e-162
2.270e+02  0.000e+00  2.783e-162
2.280e+02  0.000e+00  2.783e-162
2.290e+02  0.000e+00  2.783e-162
2.300e+02  0.000e+00  2.783e-162
2.310e+02  0.000e+00  2.783e-162
2.320e+02  0.000e+00  2.783e-162
2.330e+02  0.000e+00  2.783e-162
2.340e+02  0.000e+00  2.783e-162
2.350e+02  0.000e+00  2.783e-162
2.360e+02  0.000e+00  2.783e-162
2.370e+02  0.000e+00  2.783e-162
2.380e+02  0.000e+00  2.783e-162
2.390e+02  0.000e+00  2.783e-162
2.400e+02  0.000e+00  2.783e-162
2.410e+02  0.000e+00  2.783e-162
2.420e+02  0.000e+00  2.783e-162
2.430e+02  0.000e+00  2.783e-162
2.440e+02  0.000e+00  2.783e-162
2.450e+02  0.000e+00  2.783e-162
2.460e+02  0.000e+00  2.783e-162
2.470e+02  0.000e+00  2.783e-162
2.480e+02  0.000e+00  2.783e-162
2.490e+02  0.000e+00  2.783e-162
2.500e+02  0.000e+00  2.783e-162
2.510e+02  0.000e+00  2.783e-162
2.520e+02  0.000e+00  2.783e-162
2.530e+02  0.000e+00  2.783e-162
2.540e+02  0.000e+00  2.783e-162
2.550e+02  0.000e+00  2.783e-162
2.560e+02  0.000e+00  2.783e-162
2.570e+02  0.000e+00  2.783e-162
2.580e+02  0.000e+00  2.783e-162
2.590e+02  0.000e+00  2.783e-162
2.600e+02  0.000e+00  2.783e-162
2.610e+02  0.000e+00  2.783e-162
2.620e+02  0.000e+00  2.783e-162
2.630e+02  0.000e+00  2.783e-162
2.640e+02  0.000e+00  2.783e-162
2.650e+02  0.000e+00  2.783e-162
2.660e+02  0.000e+00  2.783e-162
2.670e+02  0.000e+00  2.783e-162
2.680e+02  0.000e+00  2.783e-162
2.690e+02  0.000e+00  2.783e-162
2.700e+02  0.000e+00  2.783e-162
2.710e+02  0.000e+00  2.783e-162
2.720e+02  0.000e+00  2.783e-162
2.730e+02  0.000e+00  2.783e-162
2.740e+02  0.000e+00  2.783e-162
2.750e+02  0.000e+00  2.783e-162
2.760e+02  0.000e+00  2.783e-162
2.770e+02  0.000e+00  2.783e-162
2.780e+02  0.000e+00  2.783e-162
2.790e+02  0.000e+00  2.783e-162
2.800e+02  0.000e+00  2.783e-162
2.810e+02  0.000e+00  2.783e-162
2.820e+02  0.000e+00  2.783e-162
2.830e+02  0.000e+00  2.783e-162
2.840e+02  0.000e+00  2.783e-162
2.850e+02  0.000e+00  2.783e-162
2.860e+02  0.000e+00  2.783e-162
2.870e+02  0.000e+00  2.783e-162
2.880e+02  0.000e+00  2.783e-162
2.890e+02  0.000e+00  2.783e-162
2.900e+02  0.000e+00  2.783e-162
2.910e+02  0.000e+00  2.783e-162
2.920e+02  0.000e+00  2.783e-162
2.930e+02  0.000e+00  2.783e-162
2.940e+02  0.000e+00  2.783e-162
2.950e+02  0.000e+00  2.783e-162
2.960e+02  0.000e+00  2.783e-162
2.970e+02  0.000e+00  2.783e-162
2.980e+02  0.000e+00  2.783e-162
2.990e+02  0.000e+00  2.783e-162
3.000e+02  0.000e+00  2.783e-162
3.010e+02  0.000e+00  2.783e-162
3.020e+02  0.000e+00  2.783e-162
3.030e+02  0.000e+00  2.783e-162
3.040e+02  0.000e+00  2.783e-162
3.050e+02  0.000e+00  2.783e-162
3.060e+02  0.000e+00  2.783e-162
3.070e+02  0.000e+00  2.783e-162
3.080e+02  0.000e+00  2.783e-162
3.090e+02  0.000e+00  2.783e-162
3.100e+02  0.000e+00  2.783e-162
3.110e+02  0.000e+00  2.783e-162
3.120e+02  0.000e+00  2.783e-162
3.130e+02  0.000e+00  2.783e-162
3.140e+02  0.000e+00  2.783e-162
3.150e+02  0.000e+00  2.783e-162
3.160e+02  0.000e+00  2.783e-162
3.170e+02  0.000e+00  2.783e-162
3.180e+02  0.000e+00  2.783e-162
3.190e+02  0.000e+00  2.783e-162
3.200e+02  0.000e+00  2.783e-162
3.210e+02  0.000e+00  2.783e-162
3.220e+02  0.000e+00  2.783e-162
3.230e+02  0.000e+00  2.783e-162
3.240e+02  0.000e+00  2.783e-162
3.250e+02  0.000e+00  2.783e-162
3.260e+02  0.000e+00  2.783e-162
3.270e+02  0.000e+00  2.783e-162
3.280e+02  0.000e+00  2.783e-162
3.290e+02  0.000e+00  2.783e-162
3.300e+02  0.000e+00  2.783e-162
3.310e+02  0.000e+00  2.783e-162
3.320e+02  0.000e+00  2.783e-162
3.330e+02  0.000e+00  2.783e-162
3.340e+02  0.000e+00  2.783e-162
3.350e+02  0.000e+00  2.783e-162
3.360e+02  0.000e+00  2.783e-162
3.370e+02  0.000e+00  2.783e-162
3.380e+02  0.000e+00  2.783e-162
3.390e+02  0.000e+00  2.783e-162
3.400e+02  0.000e+00  2.783e-162
3.410e+02  0.000e+00  2.783e-162
3.420e+02  0.000e+00  2.783e-162
3.430e+02  0.000e+00  2.783e-162
3.440e+02  0.000e+00  2.783e-162
3.450e+02  0.000e+00  2.783e-162
3.460e+02  0.000e+00  2.783e-162
3.470e+02  0.000e+00  2.783e-162
3.480e+02  0.000e+00  2.783e-162
3.490e+02  0.000e+00  2.783e-162
3.500e+02  0.000e+00  2.783e-162
3.510e+02  0.000e+00  2.783e-162
3.520e+02  0.000e+00  2.783e-162
3.530e+02  0.000e+00  2.783e-162
3.540e+02  0.000e+00  2.783e-162
3.550e+02  0.000e+00  2.783e-162
3.560e+02  0.000e+00  2.783e-162
3.570e+02  0.000e+00  2.783e-162
3.580e+02  0.000e+00  2.783e-162
3.590e+02  0.000e+00  2.783e-162
3.600e+02  0.000e+00  2.783e-162
3.610e+02  0.000e+00  2.783e-162
3.620e+02  0.000e+00  2.783e-162
3.630e+02  0.000e+00  2.783e-162
3.640e+02  0.000e+00  2.783e-162
3.650e+02  0.000e+00  2.783e-162
3.660e+02  0.000e+00  2.783e-162
3.670e+02  0.000e+00  2.783e-162
3.680e+02  0.000e+00  2.783e-162
3.690e+02  0.000e+00  2.783e-162
3.700e+02  0.000e+00  2.783e-162
3.710e+02  0.000e+00  2.783e-162
3.720e+02  0.000e+00  2.783e-162
3.730e+02  0.000e+00  2.783e-162
3.740e+02  0.000e+00  2.783e-162
3.750e+02  0.000e+00  2.783e-162
3.760e+02  0.000e+00  2.783e-162
3.770e+02  0.000e+00  2.783e-162
3.780e+02  0.000e+00  2.783e-162
3.790e+02  0.000e+00  2.783e-162
3.800e+02  0.000e+00  2.783e-162
3.810e+02  0.000e+00  2.783e-162
3.820e+02  0.000e+00  2.783e-162
3.830e+02  0.000e+00  2.783e-162
3.840e+02  0.000e+00  2.783e-162
3.850e+02  0.000e+00  2.783e-162
3.860e+02  0.000e+00  2.783e-162
3.870e+02  0.000e+00  2.783e-162
3.880e+02  0.000e+00  2.783e-162
3.890e+02  0.000e+00  2.783e-162
3.900e+02  0.000e+00  2.783e-162
3.910e+02  0.000e+00  2.783e-162
3.920e+02  0.000e+00  2.783e-162
3.930e+02  0.000e+00  2.783e-162
3.940e+02  0.000e+00  2.783e-162
3.950e+02  0.000e+00  2.783e-162
3.960e+02  0.000e+00  2.783e-162
3.970e+02  0.000e+00  2.783e-162
3.980e+02  0.000e+00  2.783e-162
3.990e+02  0.000e+00  2.783e-162
4.000e+02  0.000e+00  2.783e-162
4.010e+02  0.000e+00  2.783e-162
4.020e+02  0.000e+00  2.783e-162
4.030e+02  0.000e+00  2.783e-162
4.040e+02  0.000e+00  2.783e-162
4.050e+02  0.000e+00  2.783e-162
4.060e+02  0.000e+00  2.783e-162
4.070e+02  0.000e+00  2.783e-162
4.080e+02  0.000e+00  2.783e-162
4.090e+02  0.000e+00  2.783e-162
4.100e+02  0.000e+00  2.783e-162
4.110e+02  0.000e+00  2.783e-162
4.120e+02  0.000e+00  2.783e-162
4.130e+02  0.000e+00  2.783e-162
4.140e+02  0.000e+00  2.783e-162
4.150e+02  0.000e+00  2.783e-162
4.160e+02  0.000e+00  2.783e-162
4.170e+02  0.000e+00  2.783e-162
4.180e+02  0.000e+00  2.783e-162
4.190e+02  0.000e+00  2.783e-162
4.200e+02  0.000e+00  2.783e-162
4.210e+02  0.000e+00  2.783e-162
4.220e+02  0.000e+00  2.783e-162
4.230e+02  0.000e+00  2.783e-162
4.240e+02  0.000e+00  2.783e-162
4.250e+02  0.000e+00  2.783e-162
4.260e+02  0.000e+00  2.783e-162
4.270e+02  0.000e+00  2.783e-162
4.280e+02  0.000e+00  2.783e-162
4.290e+02  0.000e+00  2.783e-162
4.300e+02  0.000e+00  2.783e-162
4.310e+02  0.000e+00  2.783e-162
4.320e+02  0.000e+00  2.783e-162
4.330e+02  0.000e+00  2.783e-162
4.340e+02  0.000e+00  2.783e-162
4.350e+02  0.000e+00  2.783e-162
4.360e+02  0.000e+00  2.783e-162
4.370e+02  0.000e+00  2.783e-162
4.380e+02  0.000e+00  2.783e-162
4.390e+02  0.000e+00  2.783e-162
4.400e+02  0.000e+00  2.783e-162
4.410e+02  0.000e+00  2.783e-162
4.420e+02  0.000e+00  2.783e-162
4.430e+02  0.000e+00  2.783e-162
4.440e+02  0.000e+00  2.783e-162
4.450e+02  0.000e+00  2.783e-162
4.460e+02  0.000e+00  2.783e-162
4.470e+02  0.000e+00  2.783e-162
4.480e+02  0.000e+00  2.783e-162
4.490e+02  0.000e+00  2.783e-162
4.500e+02  0.000e+00  2.783e-162
4.510e+02  0.000e+00  2.783e-162
4.520e+02  0.000e+00  2.783e-162
4.530e+02  0.000e+00  2.783e-162
4.540e+02  1.482e-323  2.783e-162
4.550e+02  1.482e-323  2.783e-162
4.560e+02  1.482e-323  2.783e-162
4.570e+02  1.482e-323  2.783e-162
4.580e+02  1.482e-323  2.783e-162
4.590e+02  1.482e-323  2.783e-162
4.600e+02  1.482e-323  2.783e-162
4.610e+02  1.482e-323  2.783e-162
4.620e+02  1.482e-323  2.783e-162
4.630e+02  1.482e-323  2.783e-162
4.640e+02  1.482e-323  2.783e-162
4.650e+02  1.482e-323  2.783e-162
4.660e+02  1.482e-323  2.783e-162
4.670e+02  1.482e-323  2.783e-162
4.680e+02  1.482e-323  2.783e-162
4.690e+02  1.482e-323  2.783e-162
4.700e+02  1.482e-323  2.783e-162
4.710e+02  1.482e-323  2.783e-162
4.720e+02  1.482e-323  2.783e-162
4.730e+02  1.482e-323  2.783e-162
4.740e+02  1.482e-323  2.783e-162
4.750e+02  1.482e-323  2.783e-162
4.760e+02  1.482e-323  2.783e-162
4.770e+02  1.482e-323  2.783e-162
4.780e+02  1.482e-323  2.783e-162
4.790e+02  1.482e-323  2.783e-162
4.800e+02  1.482e-323  2.783e-162
4.810e+02  1.482e-323  2.783e-162
4.820e+02  1.482e-323  2.783e-162
4.830e+02  1.482e-323  2.783e-162
4.840e+02  1.482e-323  2.783e-162
4.850e+02  1.482e-323  2.783e-162
4.860e+02  1.482e-323  2.783e-162
4.870e+02  1.482e-323  2.783e-162
4.880e+02  1.482e-323  2.783e-162
4.890e+02  1.482e-323  2.783e-162
4.900e+02  1.482e-323  2.783e-162
4.910e+02  1.482e-323  2.783e-162
4.920e+02  1.482e-323  2.783e-162
4.930e+02  1.482e-323  2.783e-162
4.940e+02  1.482e-323  2.783e-162
4.950e+02  1.482e-323  2.783e-162
4.960e+02  1.482e-323  2.783e-162
4.970e+02  1.482e-323  2.783e-162
4.980e+02  1.482e-323  2.783e-162
4.990e+02  1.482e-323  2.783e-162
5.000e+02  1.482e-323  2.783e-162
5.010e+02  1.482e-323  2.783e-162
5.020e+02  1.482e-323  2.783e-162
5.030e+02  1.482e-323  2.783e-162
5.040e+02  1.482e-323  2.783e-162
5.050e+02  1.482e-323  2.783e-162
5.060e+02  1.482e-323  2.783e-162
5.070e+02  1.482e-323  2.783e-162
5.080e+02  1.482e-323  2.783e-162
5.090e+02  1.482e-323  2.783e-162
5.100e+02  1.482e-323  2.783e-162
5.110e+02  1.482e-323  2.783e-162
5.120e+02  1.482e-323  2.783e-162
5.130e+02  1.482e-323  2.783e-162
5.140e+02  1.482e-323  2.783e-162
5.150e+02  1.482e-323  2.783e-162
5.160e+02  1.482e-323  2.783e-162
5.170e+02  1.482e-323  2.783e-162
5.180e+02  1.482e-323  2.783e-162
5.190e+02  1.482e-323  2.783e-162
5.200e+02  1.482e-323  2.783e-162
5.210e+02  1.482e-323  2.783e-162
5.220e+02  1.482e-323  2.783e-162
5.230e+02  1.482e-323  2.783e-162
5.240e+02  1.482e-323  2.783e-162
5.250e+02  1.482e-323  2.783e-162
5.260e+02  1.482e-323  2.783e-162
5.270e+02  1.482e-323  2.783e-162
5.280e+02  1.482e-323  2.783e-162
5.290e+02  1.482e-323  2.783e-162
5.300e+02  1.482e-323  2.783e-162
5.310e+02  1.482e-323  2.783e-162
5.320e+02  1.482e-323  2.783e-162
5.330e+02  1.482e-323  2.783e-162
5.340e+02  1.482e-323  2.783e-162
5.350e+02  1.482e-323  2.783e-162
5.360e+02  1.482e-323  2.783e-162
5.370e+02  1.482e-323  2.783e-162
5.380e+02  1.482e-323  2.783e-162
5.390e+02  1.482e-323  2.783e-162
5.400e+02  1.482e-323  2.783e-162
5.410e+02  1.482e-323  2.783e-162
5.420e+02  1.482e-323  2.783e-162
5.430e+02  1.482e-323  2.783e-162
5.440e+02  1.482e-323  2.783e-162
5.450e+02  1.482e-323  2.783e-162
5.460e+02  1.482e-323  2.783e-162
5.470e+02  1.482e-323  2.783e-162
5.480e+02  1.482e-323  2.783e-162
5.490e+02  1.482e-323  2.783e-162
5.500e+02  1.482e-323  2.783e-162
5.510e+02  1.482e-323  2.783e-162
5.520e+02  1.482e-323  2.783e-162
5.530e+02  1.482e-323  2.783e-162
5.540e+02  1.482e-323  2.783e-162
5.550e+02  1.482e-323  2.783e-162
5.560e+02  1.482e-323  2.783e-162
5.570e+02  1.482e-323  2.783e-162
5.580e+02  1.482e-323  2.783e-162
5.590e+02  1.482e-323  2.783e-162
5.600e+02  1.482e-323  2.783e-162
5.610e+02  1.482e-323  2.783e-162
5.620e+02  1.482e-323  2.783e-162
5.630e+02  1.482e-323  2.783e-162
5.640e+02  1.482e-323  2.783e-162
5.650e+02  1.482e-323  2.783e-162
5.660e+02  1.482e-323  2.783e-162
5.670e+02  1.482e-323  2.783e-162
5.680e+02  1.482e-323  2.783e-162
5.690e+02  1.482e-323  2.783e-162
5.700e+02  1.482e-323  2.783e-162
5.710e+02  1.482e-323  2.783e-162
5.720e+02  1.482e-323  2.783e-162
5.730e+02  1.482e-323  2.783e-162
5.740e+02  1.482e-323  2.783e-162
5.750e+02  1.482e-323  2.783e-162
5.760e+02  1.482e-323  2.783e-162
5.770e+02  1.482e-323  2.783e-162
5.780e+02  1.482e-323  2.783e-162
5.790e+02  1.482e-323  2.783e-162
5.800e+02  1.482e-323  2.783e-162
5.810e+02  1.482e-323  2.783e-162
5.820e+02  1.482e-323  2.783e-162
5.830e+02  1.482e-323  2.783e-162
5.840e+02  1.482e-323  2.783e-162
5.850e+02  1.482e-323  2.783e-162
5.860e+02  1.482e-323  2.783e-162
5.870e+02  1.482e-323  2.783e-162
5.880e+02  1.482e-323  2.783e-162
5.890e+02  1.482e-323  2.783e-162
5.900e+02  1.482e-323  2.783e-162
5.910e+02  1.482e-323  2.783e-162
5.920e+02  1.482e-323  2.783e-162
5.930e+02  1.482e-323  2.783e-162
5.940e+02  1.482e-323  2.783e-162
5.950e+02  1.482e-323  2.783e-162
5.960e+02  1.482e-323  2.783e-162
5.970e+02  1.482e-323  2.783e-162
5.980e+02  1.482e-323  2.783e-162
5.990e+02  1.482e-323  2.783e-162
6.000e+02  1.482e-323  2.783e-162
6.010e+02  1.482e-323  2.783e-162
6.020e+02  1.482e-323  2.783e-162
6.030e+02  1.482e-323  2.783e-162
6.040e+02  1.482e-323  2.783e-162
6.050e+02  1.482e-323  2.783e-162
6.060e+02  1.482e-323  2.783e-162
6.070e+02  1.482e-323  2.783e-162
6.080e+02  1.482e-323  2.783e-162
6.090e+02  1.482e-323  2.783e-162
6.100e+02  1.482e-323  2.783e-162
6.110e+02  1.482e-323  2.783e-162
6.120e+02  1.482e-323  2.783e-162
6.130e+02  1.482e-323  2.783e-162
6.140e+02  1.482e-323  2.783e-162
6.150e+02  1.482e-323  2.783e-162
6.160e+02  1.482e-323  2.783e-162
6.170e+02  1.482e-323  2.783e-162
6.180e+02  1.482e-323  2.783e-162
6.190e+02  1.482e-323  2.783e-162
6.200e+02  1.482e-323  2.783e-162
6.210e+02  1.482e-323  2.783e-162
6.220e+02  1.482e-323  2.783e-162
6.230e+02  1.482e-323  2.783e-162
6.240e+02  1.482e-323  2.783e-162
6.250e+02  1.482e-323  2.783e-162
6.260e+02  1.482e-323  2.783e-162
6.270e+02  1.482e-323  2.783e-162
6.280e+02  1.482e-323  2.783e-162
6.290e+02  1.482e-323  2.783e-162
6.300e+02  1.482e-323  2.783e-162
6.310e+02  1.482e-323  2.783e-162
6.320e+02  1.482e-323  2.783e-162
6.330e+02  1.482e-323  2.783e-162
6.340e+02  1.482e-323  2.783e-162
6.350e+02  1.482e-323  2.783e-162
6.360e+02  1.482e-323  2.783e-162
6.370e+02  1.482e-323  2.783e-162
6.380e+02  1.482e-323  2.783e-162
6.390e+02  1.482e-323  2.783e-162
6.400e+02  1.482e-323  2.783e-162
6.410e+02  1.482e-323  2.783e-162
6.420e+02  1.482e-323  2.783e-162
6.430e+02  1.482e-323  2.783e-162
6.440e+02  1.482e-323  2.783e-162
6.450e+02  1.482e-323  2.783e-162
6.460e+02  1.482e-323  2.783e-162
6.470e+02  1.482e-323  2.783e-162
6.480e+02  1.482e-323  2.783e-162
6.490e+02  1.482e-323  2.783e-162
6.500e+02  1.482e-323  2.783e-162
6.510e+02  1.482e-323  2.783e-162
6.520e+02  1.482e-323  2.783e-162
6.530e+02  1.482e-323  2.783e-162
6.540e+02  1.482e-323  2.783e-162
6.550e+02  1.482e-323  2.783e-162
6.560e+02  1.482e-323  2.783e-162
6.570e+02  1.482e-323  2.783e-162
6.580e+02  1.482e-323  2.783e-162
6.590e+02  1.482e-323  2.783e-162
6.600e+02  1.482e-323  2.783e-162
6.610e+02  1.482e-323  2.783e-162
6.620e+02  1.482e-323  2.783e-162
6.630e+02  1.482e-323  2.783e-162
6.640e+02  1.482e-323  2.783e-162
6.650e+02  1.482e-323  2.783e-162
6.660e+02  1.482e-323  2.783e-162
6.670e+02  1.482e-323  2.783e-162
6.680e+02  1.482e-323  2.783e-162
6.690e+02  1.482e-323  2.783e-162
6.700e+02  1.482e-323  2.783e-162
6.710e+02  1.482e-323  2.783e-162
6.720e+02  1.482e-323  2.783e-162
6.730e+02  1.482e-323  2.783e-162
6.740e+02  1.482e-323  2.783e-162
6.750e+02  1.482e-323  2.783e-162
6.760e+02  1.482e-323  2.783e-162
6.770e+02  1.482e-323  2.783e-162
6.780e+02  1.482e-323  2.783e-162
6.790e+02  1.482e-323  2.783e-162
6.800e+02  1.482e-323  2.783e-162
6.810e+02  1.482e-323  2.783e-162
6.820e+02  1.482e-323  2.783e-162
6.830e+02  1.482e-323  2.783e-162
6.840e+02  1.482e-323  2.783e-162
6.850e+02  1.482e-323  2.783e-162
6.860e+02  1.482e-323  2.783e-162
6.870e+02  1.482e-323  2.783e-162
6.880e+02  1.482e-323  2.783e-162
6.890e+02  1.482e-323  2.783e-162
6.900e+02  1.482e-323  2.783e-162
6.910e+02  1.482e-323  2.783e-162
6.920e+02  1.482e-323  2.783e-162
6.930e+02  1.482e-323  2.783e-162
6.940e+02  1.482e-323  2.783e-162
6.950e+02  1.482e-323  2.783e-162
6.960e+02  1.482e-323  2.783e-162
6.970e+02  1.482e-323  2.783e-162
6.980e+02  1.482e-323  2.783e-162
6.990e+02  1.482e-323  2.783e-162
7.000e+02  1.482e-323  2.783e-162
7.010e+02  1.482e-323  2.783e-162
7.020e+02  1.482e-323  2.783e-162
7.030e+02  1.482e-323  2.783e-162
7.040e+02  1.482e-323  2.783e-162
7.050e+02  1.482e-323  2.783e-162
7.060e+02  1.482e-323  2.783e-162
7.070e+02  1.482e-323  2.783e-162
7.080e+02  1.482e-323  2.783e-162
7.090e+02  1.482e-323  2.783e-162
7.100e+02  1.482e-323  2.783e-162
7.110e+02  1.482e-323  2.783e-162
7.120e+02  1.482e-323  2.783e-162
7.130e+02  1.482e-323  2.783e-162
7.140e+02  1.482e-323  2.783e-162
7.150e+02  1.482e-323  2.783e-162
7.160e+02  1.482e-323  2.783e-162
7.170e+02  1.482e-323  2.783e-162
7.180e+02  1.482e-323  2.783e-162
7.190e+02  1.482e-323  2.783e-162
7.200e+02  1.482e-323  2.783e-162
7.210e+02  1.482e-323  2.783e-162
7.220e+02  1.482e-323  2.783e-162
7.230e+02  1.482e-323  2.783e-162
7.240e+02  1.482e-323  2.783e-162
7.250e+02  1.482e-323  2.783e-162
7.260e+02  1.482e-323  2.783e-162
7.270e+02  1.482e-323  2.783e-162
7.280e+02  1.482e-323  2.783e-162
7.290e+02  1.482e-323  2.783e-162
7.300e+02  1.482e-323  2.783e-162
7.310e+02  1.482e-323  2.783e-162
7.320e+02  1.482e-323  2.783e-162
7.330e+02  1.482e-323  2.783e-162
7.340e+02  1.482e-323  2.783e-162
7.350e+02  1.482e-323  2.783e-162
7.360e+02  1.482e-323  2.783e-162
7.370e+02  1.482e-323  2.783e-162
7.380e+02  1.482e-323  2.783e-162
7.390e+02  1.482e-323  2.783e-162
7.400e+02  1.482e-323  2.783e-162
7.410e+02  1.482e-323  2.783e-162
7.420e+02  1.482e-323  2.783e-162
7.430e+02  1.482e-323  2.783e-162
7.440e+02  1.482e-323  2.783e-162
7.450e+02  1.482e-323  2.783e-162
7.460e+02  1.482e-323  2.783e-162
7.470e+02  1.482e-323  2.783e-162
7.480e+02  1.482e-323  2.783e-162
7.490e+02  1.482e-323  2.783e-162
7.500e+02  1.482e-323  2.783e-162
7.510e+02  1.482e-323  2.783e-162
7.520e+02  1.482e-323  2.783e-162
7.530e+02  1.482e-323  2.783e-162
7.540e+02  1.482e-323  2.783e-162
7.550e+02  1.482e-323  2.783e-162
7.560e+02  1.482e-323  2.783e-162
7.570e+02  1.482e-323  2.783e-162
7.580e+02  1.482e-323  2.783e-162
7.590e+02  1.482e-323  2.783e-162
7.600e+02  1.482e-323  2.783e-162
7.610e+02  1.482e-323  2.783e-162
7.620e+02  1.482e-323  2.783e-162
7.630e+02  1.482e-323  2.783e-162
7.640e+02  1.482e-323  2.783e-162
7.650e+02  1.482e-323  2.783e-162
7.660e+02  1.482e-323  2.783e-162
7.670e+02  1.482e-323  2.783e-162
7.680e+02  1.482e-323  2.783e-162
7.690e+02  1.482e-323  2.783e-162
7.700e+02  1.482e-323  2.783e-162
7.710e+02  1.482e-323  2.783e-162
7.720e+02  1.482e-323  2.783e-162
7.730e+02  1.482e-323  2.783e-162
7.740e+02  1.482e-323  2.783e-162
7.750e+02  1.482e-323  2.783e-162
7.760e+02  1.482e-323  2.783e-162
7.770e+02  1.482e-323  2.783e-162
7.780e+02  1.482e-323  2.783e-162
7.790e+02  1.482e-323  2.783e-162
7.800e+02  1.482e-323  2.783e-162
7.810e+02  1.482e-323  2.783e-162
7.820e+02  1.482e-323  2.783e-162
7.830e+02  1.482e-323  2.783e-162
7.840e+02  1.482e-323  2.783e-162
7.850e+02  1.482e-323  2.783e-162
7.860e+02  1.482e-323  2.783e-162
7.870e+02  1.482e-323  2.783e-162
7.880e+02  1.482e-323  2.783e-162
7.890e+02  1.482e-323  2.783e-162
7.900e+02  1.482e-323  2.783e-162
7.910e+02  1.482e-323  2.783e-162
7.920e+02  1.482e-323  2.783e-162
7.930e+02  1.482e-323  2.783e-162
7.940e+02  1.482e-323  2.783e-162
7.950e+02  1.482e-323  2.783e-162
7.960e+02  1.482e-323  2.783e-162
7.970e+02  1.482e-323  2.783e-162
7.980e+02  1.482e-323  2.783e-162
7.990e+02  1.482e-323  2.783e-162
8.000e+02  1.482e-323  2.783e-162
8.010e+02  1.482e-323  2.783e-162
8.020e+02  1.482e-323  2.783e-162
8.030e+02  1.482e-323  2.783e-162
8.040e+02  1.482e-323  2.783e-162
8.050e+02  1.482e-323  2.783e-162
8.060e+02  1.482e-323  2.783e-162
8.070e+02  1.482e-323  2.783e-162
8.080e+02  1.482e-323  2.783e-162
8.090e+02  1.482e-323  2.783e-162
8.100e+02  1.482e-323  2.783e-162
8.110e+02  1.482e-323  2.783e-162
8.120e+02  1.482e-323  2.783e-162
8.130e+02  1.482e-323  2.783e-162
8.140e+02  1.482e-323  2.783e-162
8.150e+02  1.482e-323  2.783e-162
8.160e+02  1.482e-323  2.783e-162
8.170e+02  1.482e-323  2.783e-162
8.180e+02  1.482e-323  2.783e-162
8.190e+02  1.482e-323  2.783e-162
8.200e+02  1.482e-323  2.783e-162
8.210e+02  1.482e-323  2.783e-162
8.220e+02  1.482e-323  2.783e-162
8.230e+02  1.482e-323  2.783e-162
8.240e+02  1.482e-323  2.783e-162
8.250e+02  1.482e-323  2.783e-162
8.260e+02  1.482e-323  2.783e-162
8.270e+02  1.482e-323  2.783e-162
8.280e+02  1.482e-323  2.783e-162
8.290e+02  1.482e-323  2.783e-162
8.300e+02  1.482e-323  2.783e-162
8.310e+02  1.482e-323  2.783e-162
8.320e+02  1.482e-323  2.783e-162
8.330e+02  1.482e-323  2.783e-162
8.340e+02  1.482e-323  2.783e-162
8.350e+02  1.482e-323  2.783e-162
8.360e+02  1.482e-323  2.783e-162
8.370e+02  1.482e-323  2.783e-162
8.380e+02  1.482e-323  2.783e-162
8.390e+02  1.482e-323  2.783e-162
8.400e+02  1.482e-323  2.783e-162
8.410e+02  1.482e-323  2.783e-162
8.420e+02  1.482e-323  2.783e-162
8.430e+02  1.482e-323  2.783e-162
8.440e+02  1.482e-323  2.783e-162
8.450e+02  1.482e-323  2.783e-162
8.460e+02  1.482e-323  2.783e-162
8.470e+02  1.482e-323  2.783e-162
8.480e+02  1.482e-323  2.783e-162
8.490e+02  1.482e-323  2.783e-162
8.500e+02  1.482e-323  2.783e-162
8.510e+02  1.482e-323  2.783e-162
8.520e+02  1.482e-323  2.783e-162
8.530e+02  1.482e-323  2.783e-162
8.540e+02  1.482e-323  2.783e-162
8.550e+02  1.482e-323  2.783e-162
8.560e+02  1.482e-323  2.783e-162
8.570e+02  1.482e-323  2.783e-162
8.580e+02  1.482e-323  2.783e-162
8.590e+02  1.482e-323  2.783e-162
8.600e+02  1.482e-323  2.783e-162
8.610e+02  1.482e-323  2.783e-162
8.620e+02  1.482e-323  2.783e-162
8.630e+02  1.482e-323  2.783e-162
8.640e+02  1.482e-323  2.783e-162
8.650e+02  1.482e-323  2.783e-162
8.660e+02  1.482e-323  2.783e-162
8.670e+02  1.482e-323  2.783e-162
8.680e+02  1.482e-323  2.783e-162
8.690e+02  1.482e-323  2.783e-162
8.700e+02  1.482e-323  2.783e-162
8.710e+02  1.482e-323  2.783e-162
8.720e+02  1.482e-323  2.783e-162
8.730e+02  1.482e-323  2.783e-162
8.740e+02  1.482e-323  2.783e-162
8.750e+02  1.482e-323  2.783e-162
8.760e+02  1.482e-323  2.783e-162
8.770e+02  1.482e-323  2.783e-162
8.780e+02  1.482e-323  2.783e-162
8.790e+02  1.482e-323  2.783e-162
8.800e+02  1.482e-323  2.783e-162
8.810e+02  1.482e-323  2.783e-162
8.820e+02  1.482e-323  2.783e-162
8.830e+02  1.482e-323  2.783e-162
8.840e+02  1.482e-323  2.783e-162
8.850e+02  1.482e-323  2.783e-162
8.860e+02  1.482e-323  2.783e-162
8.870e+02  1.482e-323  2.783e-162
8.880e+02  1.482e-323  2.783e-162
8.890e+02  1.482e-323  2.783e-162
8.900e+02  1.482e-323  2.783e-162
8.910e+02  1.482e-323  2.783e-162
8.920e+02  1.482e-323  2.783e-162
8.930e+02  1.482e-323  2.783e-162
8.940e+02  1.482e-323  2.783e-162
8.950e+02  1.482e-323  2.783e-162
8.960e+02  1.482e-323  2.783e-162
8.970e+02  1.482e-323  2.783e-162
8.980e+02  1.482e-323  2.783e-162
8.990e+02  1.482e-323  2.783e-162
9.000e+02  1.482e-323  2.783e-162
9.010e+02  1.482e-323  2.783e-162
9.020e+02  1.482e-323  2.783e-162
9.030e+02  1.482e-323  2.783e-162
9.040e+02  1.482e-323  2.783e-162
9.050e+02  1.482e-323  2.783e-162
9.060e+02  1.482e-323  2.783e-162
9.070e+02  1.482e-323  2.783e-162
9.080e+02  1.482e-323  2.783e-162
9.090e+02  1.482e-323  2.783e-162
9.100e+02  1.482e-323  2.783e-162
9.110e+02  1.482e-323  2.783e-162
9.120e+02  1.482e-323  2.783e-162
9.130e+02  1.482e-323  2.783e-162
9.140e+02  1.482e-323  2.783e-162
9.150e+02  1.482e-323  2.783e-162
9.160e+02  1.482e-323  2.783e-162
9.170e+02  1.482e-323  2.783e-162
9.180e+02  1.482e-323  2.783e-162
9.190e+02  1.482e-323  2.783e-162
9.200e+02  1.482e-323  2.783e-162
9.210e+02  1.482e-323  2.783e-162
9.220e+02  1.482e-323  2.783e-162
9.230e+02  1.482e-323  2.783e-162
9.240e+02  1.482e-323  2.783e-162
9.250e+02  1.482e-323  2.783e-162
9.260e+02  1.482e-323  2.783e-162
9.270e+02  1.482e-323  2.783e-162
9.280e+02  1.482e-323  2.783e-162
9.290e+02  1.482e-323  2.783e-162
9.300e+02  1.482e-323  2.783e-162
9.310e+02  1.482e-323  2.783e-162
9.320e+02  1.482e-323  2.783e-162
9.330e+02  1.482e-323  2.783e-162
9.340e+02  1.482e-323  2.783e-162
9.350e+02  1.482e-323  2.783e-162
9.360e+02  1.482e-323  2.783e-162
9.370e+02  1.482e-323  2.783e-162
9.380e+02  1.482e-323  2.783e-162
9.390e+02  1.482e-323  2.783e-162
9.400e+02  1.482e-323  2.783e-162
9.410e+02  1.482e-323  2.783e-162
9.420e+02  1.482e-323  2.783e-162
9.430e+02  1.482e-323  2.783e-162
9.440e+02  1.482e-323  2.783e-162
9.450e+02  1.482e-323  2.783e-162
9.460e+02  1.482e-323  2.783e-162
9.470e+02  1.482e-323  2.783e-162
9.480e+02  1.482e-323  2.783e-162
9.490e+02  1.482e-323  2.783e-162
9.500e+02  1.482e-323  2.783e-162
9.510e+02  1.482e-323  2.783e-162
9.520e+02  1.482e-323  2.783e-162
9.530e+02  1.482e-323  2.783e-162
9.540e+02  1.482e-323  2.783e-162
9.550e+02  1.482e-323  2.783e-162
9.560e+02  1.482e-323  2.783e-162
9.570e+02  1.482e-323  2.783e-162
9.580e+02  1.482e-323  2.783e-162
9.590e+02  1.482e-323  2.783e-162
9.600e+02  1.482e-323  2.783e-162
9.610e+02  1.482e-323  2.783e-162
9.620e+02  1.482e-323  2.783e-162
9.630e+02  1.482e-323  2.783e-162
9.640e+02  1.482e-323  2.783e-162
9.650e+02  1.482e-323  2.783e-162
9.660e+02  1.482e-323  2.783e-162
9.670e+02  1.482e-323  2.783e-162
9.680e+02  1.482e-323  2.783e-162
9.690e+02  1.482e-323  2.783e-162
9.700e+02  1.482e-323  2.783e-162
9.710e+02  1.482e-323  2.783e-162
9.720e+02  1.482e-323  2.783e-162
9.730e+02  1.482e-323  2.783e-162
9.740e+02  1.482e-323  2.783e-162
9.750e+02  1.482e-323  2.783e-162
9.760e+02  1.482e-323  2.783e-162
9.770e+02  1.482e-323  2.783e-162
9.780e+02  1.482e-323  2.783e-162
9.790e+02  1.482e-323  2.783e-162
9.800e+02  1.482e-323  2.783e-162
9.810e+02  1.482e-323  2.783e-162
9.820e+02  1.482e-323  2.783e-162
9.830e+02  1.482e-323  2.783e-162
9.840e+02  1.482e-323  2.783e-162
9.850e+02  1.482e-323  2.783e-162
9.860e+02  1.482e-323  2.783e-162
9.870e+02  1.482e-323  2.783e-162
9.880e+02  1.482e-323  2.783e-162
9.890e+02  1.482e-323  2.783e-162
9.900e+02  1.482e-323  2.783e-162
9.910e+02  1.482e-323  2.783e-162
9.920e+02  1.482e-323  2.783e-162
9.930e+02  1.482e-323  2.783e-162
9.940e+02  1.482e-323  2.783e-162
9.950e+02  1.482e-323  2.783e-162
9.960e+02  1.482e-323  2.783e-162
9.970e+02  1.482e-323  2.783e-162
9.980e+02  1.482e-323  2.783e-162
9.990e+02  1.482e-323  2.783e-162
1.000e+03  1.482e-323  2.783e-162
1.001e+03  1.482e-323  2.783e-162
1.002e+03  1.482e-323  2.783e-162
1.003e+03  1.976e-323  2.783e-162
1.004e+03  3.953e-323  2.783e-162
1.005e+03  8.893e-323  2.783e-162
1.006e+03  1.680e-322  2.783e-162
1.007e+03  3.755e-322  2.783e-162
1.008e+03  8.399e-322  2.783e-162
1.009e+03  1.887e-321  2.783e-162
1.010e+03  4.229e-321  2.783e-162
1.011e+03  9.501e-321  2.783e-162
1.012e+03  2.135e-320  2.783e-162
1.013e+03  4.802e-320  2.783e-162
1.014e+03  1.079e-319  2.783e-162
1.015e+03  2.426e-319  2.783e-162
1.016e+03  5.454e-319  2.783e-162
1.017e+03  1.226e-318  2.783e-162
1.018e+03  2.756e-318  2.783e-162
1.019e+03  6.196e-318  2.783e-162
1.020e+03  1.393e-317  2.783e-162
1.021e+03  3.131e-317  2.783e-162
1.022e+03  7.038e-317  2.783e-162
1.023e+03  1.582e-316  2.783e-162
1.024e+03  3.556e-316  2.783e-162
1.025e+03  7.995e-316  2.783e-162
1.026e+03  1.797e-315  2.783e-162
1.027e+03  4.040e-315  2.783e-162
1.028e+03  9.082e-315  2.783e-162
1.029e+03  2.042e-314  2.783e-162
1.030e+03  4.589e-314  2.783e-162
1.031e+03  1.032e-313  2.783e-162
1.032e+03  2.319e-313  2.783e-162
1.033e+03  5.214e-313  2.783e-162
1.034e+03  1.172e-312  2.783e-162
1.035e+03  2.635e-312  2.783e-162
1.036e+03  5.923e-312  2.783e-162
1.037e+03  1.332e-311  2.783e-162
1.038e+03  2.994e-311  2.783e-162
1.039e+03  6.730e-311  2.783e-162
1.040e+03  1.513e-310  2.783e-162
1.041e+03  3.402e-310  2.783e-162
1.042e+03  7.647e-310  2.783e-162
1.043e+03  1.719e-309  2.783e-162
1.044e+03  3.865e-309  2.783e-162
1.045e+03  8.690e-309  2.783e-162
1.046e+03  1.954e-308  2.783e-162
1.047e+03  4.393e-308  2.783e-162
1.048e+03  9.876e-308  2.783e-162
1.049e+03  2.221e-307  2.783e-162
1.050e+03  4.993e-307  2.783e-162
1.051e+03  1.123e-306  2.783e-162
1.052e+03  2.524e-306  2.783e-162
1.053e+03  5.675e-306  2.783e-162
1.054e+03  1.276e-305  2.783e-162
1.055e+03  2.870e-305  2.783e-162
1.056e+03  6.452e-305  2.783e-162
1.057e+03  1.451e-304  2.783e-162
1.058e+03  3.263e-304  2.783e-162
1.059e+03  7.337e-304  2.783e-162
1.060e+03  1.650e-303  2.783e-162
1.061e+03  3.710e-303  2.783e-162
1.062e+03  8.343e-303  2.783e-162
1.063e+03  1.876e-302  2.783e-162
1.064e+03  4.220e-302  2.783e-162
1.065e+03  9.490e-302  2.783e-162
1.066e+03  2.134e-301  2.783e-162
1.067e+03  4.800e-301  2.783e-162
1.068e+03  1.079e-300  2.783e-162
1.069e+03  2.428e-300  2.783e-162
1.070e+03  5.460e-300  2.783e-162
1.071e+03  1.228e-299  2.783e-162
1.072e+03  2.762e-299  2.783e-162
1.073e+03  6.212e-299  2.783e-162
1.074e+03  1.397e-298  2.783e-162
1.075e+03  3.142e-298  2.783e-162
1.076e+03  7.067e-298  2.783e-162
1.077e+03  1.589e-297  2.783e-162
1.078e+03  3.575e-297  2.783e-162
1.079e+03  8.041e-297  2.783e-162
1.080e+03  1.808e-296  2.783e-162
1.081e+03  4.067e-296  2.783e-162
1.082e+03  9.148e-296  2.783e-162
1.083e+03  2.058e-295  2.783e-162
1.084e+03  4.628e-295  2.783e-162
1.085e+03  1.041e-294  2.783e-162
1.086e+03  2.341e-294  2.783e-162
1.087e+03  5.265e-294  2.783e-162
1.088e+03  1.184e-293  2.783e-162
1.089e+03  2.663e-293  2.783e-162
1.090e+03  5.989e-293  2.783e-162
1.091e+03  1.347e-292  2.783e-162
1.092e+03  3.029e-292  2.783e-162
1.093e+03  6.812e-292  2.783e-162
1.094e+03  1.532e-291  2.783e-162
1.095e+03  3.445e-291  2.783e-162
1.096e+03  7.747e-291  2.783e-162
1.097e+03  1.742e-290  2.783e-162
1.098e+03  3.918e-290  2.783e-162
1.099e+03  8.810e-290  2.783e-162
1.100e+03  1.981e-289  2.783e-162
1.101e+03  4.455e-289  2.783e-162
1.102e+03  1.002e-288  2.783e-162
1.103e+03  2.252e-288  2.783e-162
1.104e+03  5.064e-288  2.783e-162
1.105e+03  1.139e-287  2.783e-162
1.106e+03  2.560e-287  2.783e-162
1.107e+03  5.757e-287  2.783e-162
1.108e+03  1.294e-286  2.783e-162
1.109e+03  2.910e-286  2.783e-162
1.110e+03  6.544e-286  2.783e-162
1.111e+03  1.471e-285  2.783e-162
1.112e+03  3.308e-285  2.783e-162
1.113e+03  7.437e-285  2.783e-162
1.114e+03  1.672e-284  2.783e-162
1.115e+03  3.759e-284  2.783e-162
1.116e+03  8.451e-284  2.783e-162
1.117e+03  1.900e-283  2.783e-162
1.118e+03  4.272e-283  2.783e-162
1.119e+03  9.603e-283  2.783e-162
1.120e+03  2.159e-282  2.783e-162
1.121e+03  4.854e-282  2.783e-162
1.122e+03  1.091e-281  2.783e-162
1.123e+03  2.453e-281  2.783e-162
1.124e+03  5.515e-281  2.783e-162
1.125e+03  1.240e-280  2.783e-162
1.126e+03  2.787e-280  2.783e-162
1.127e+03  6.266e-280  2.783e-162
1.128e+03  1.409e-279  2.783e-162
1.129e+03  3.167e-279  2.783e-162
1.130e+03  7.119e-279  2.783e-162
1.131e+03  1.600e-278  2.783e-162
1.132e+03  3.598e-278  2.783e-162
1.133e+03  8.088e-278  2.783e-162
1.134e+03  1.818e-277  2.783e-162
1.135e+03  4.088e-277  2.783e-162
1.136e+03  9.189e-277  2.783e-162
1.137e+03  2.066e-276  2.783e-162
1.138e+03  4.644e-276  2.783e-162
1.139e+03  1.044e-275  2.783e-162
1.140e+03  2.347e-275  2.783e-162
1.141e+03  5.276e-275  2.783e-162
1.142e+03  1.186e-274  2.783e-162
1.143e+03  2.667e-274  2.783e-162
1.144e+03  5.995e-274  2.783e-162
1.145e+03  1.348e-273  2.783e-162
1.146e+03  3.030e-273  2.783e-162
1.147e+03  6.811e-273  2.783e-162
1.148e+03  1.531e-272  2.783e-162
1.149e+03  3.442e-272  2.783e-162
1.150e+03  7.738e-272  2.783e-162
1.151e+03  1.740e-271  2.783e-162
1.152e+03  3.911e-271  2.783e-162
1.153e+03  8.792e-271  2.783e-162
1.154e+03  1.977e-270  2.783e-162
1.155e+03  4.444e-270  2.783e-162
1.156e+03  9.990e-270  2.783e-162
1.157e+03  2.246e-269  2.783e-162
1.158e+03  5.049e-269  2.783e-162
1.159e+03  1.135e-268  2.783e-162
1.160e+03  2.552e-268  2.783e-162
1.161e+03  5.736e-268  2.783e-162
1.162e+03  1.290e-267  2.783e-162
1.163e+03  2.899e-267  2.783e-162
1.164e+03  6.518e-267  2.783e-162
1.165e+03  1.465e-266  2.783e-162
1.166e+03  3.294e-266  2.783e-162
1.167e+03  7.405e-266  2.783e-162
1.168e+03  1.665e-265  2.783e-162
1.169e+03  3.742e-265  2.783e-162
1.170e+03  8.413e-265  2.783e-162
1.171e+03  1.891e-264  2.783e-162
1.172e+03  4.252e-264  2.783e-162
1.173e+03  9.558e-264  2.783e-162
1.174e+03  2.149e-263  2.783e-162
1.175e+03  4.830e-263  2.783e-162
1.176e+03  1.086e-262  2.783e-162
1.177e+03  2.441e-262  2.783e-162
1.178e+03  5.488e-262  2.783e-162
1.179e+03  1.234e-261  2.783e-162
1.180e+03  2.773e-261  2.783e-162
1.181e+03  6.234e-261  2.783e-162
1.182e+03  1.401e-260  2.783e-162
1.183e+03  3.150e-260  2.783e-162
1.184e+03  7.082e-260  2.783e-162
1.185e+03  1.592e-259  2.783e-162
1.186e+03  3.579e-259  2.783e-162
1.187e+03  8.045e-259  2.783e-162
1.188e+03  1.808e-258  2.783e-162
1.189e+03  4.065e-258  2.783e-162
1.190e+03  9.139e-258  2.783e-162
1.191e+03  2.054e-257  2.783e-162
1.192e+03  4.618e-257  2.783e-162
1.193e+03  1.038e-256  2.783e-162
1.194e+03  2.334e-256  2.783e-162
1.195e+03  5.246e-256  2.783e-162
1.196e+03  1.179e-255  2.783e-162
1.197e+03  2.651e-255  2.783e-162
1.198e+03  5.959e-255  2.783e-162
1.199e+03  1.340e-254  2.783e-162
1.200e+03  3.011e-254  2.783e-162
1.201e+03  6.769e-254  2.783e-162
1.202e+03  1.522e-253  2.783e-162
1.203e+03  3.421e-253  2.783e-162
1.204e+03  7.689e-253  2.783e-162
1.205e+03  1.728e-252  2.783e-162
1.206e+03  3.886e-252  2.783e-162
1.207e+03  8.734e-252  2.783e-162
1.208e+03  1.963e-251  2.783e-162
1.209e+03  4.414e-251  2.783e-162
1.210e+03  9.922e-251  2.783e-162
1.211e+03  2.230e-250  2.783e-162
1.212e+03  5.014e-250  2.783e-162
1.213e+03  1.127e-249  2.783e-162
1.214e+03  2.533e-249  2.783e-162
1.215e+03  5.695e-249  2.783e-162
1.216e+03  1.280e-248  2.783e-162
1.217e+03  2.878e-248  2.783e-162
1.218e+03  6.469e-248  2.783e-162
1.219e+03  1.454e-247  2.783e-162
1.220e+03  3.269e-247  2.783e-162
1.221e+03  7.349e-247  2.783e-162
1.222e+03  1.652e-246  2.783e-162
1.223e+03  3.713e-246  2.783e-162
1.224e+03  8.347e-246  2.783e-162
1.225e+03  1.876e-245  2.783e-162
1.226e+03  4.218e-245  2.783e-162
1.227e+03  9.482e-245  2.783e-162
1.228e+03  2.132e-244  2.783e-162
1.229e+03  4.792e-244  2.783e-162
1.230e+03  1.077e-243  2.783e-162
1.231e+03  2.421e-243  2.783e-162
1.232e+03  5.443e-243  2.783e-162
1.233e+03  1.224e-242  2.783e-162
1.234e+03  2.750e-242  2.783e-162
1.235e+03  6.183e-242  2.783e-162
1.236e+03  1.390e-241  2.783e-162
1.237e+03  3.124e-241  2.783e-162
1.238e+03  7.023e-241  2.783e-162
1.239e+03  1.579e-240  2.783e-162
1.240e+03  3.549e-240  2.783e-162
1.241e+03  7.978e-240  2.783e-162
1.242e+03  1.793e-239  2.783e-162
1.243e+03  4.031e-239  2.783e-162
1.244e+03  9.062e-239  2.783e-162
1.245e+03  2.037e-238  2.783e-162
1.246e+03  4.579e-238  2.783e-162
1.247e+03  1.029e-237  2.783e-162
1.248e+03  2.314e-237  2.783e-162
1.249e+03  5.202e-237  2.783e-162
1.250e+03  1.169e-236  2.783e-162
1.251e+03  2.628e-236  2.783e-162
1.252e+03  5.909e-236  2.783e-162
1.253e+03  1.328e-235  2.783e-162
1.254e+03  2.986e-235  2.783e-162
1.255e+03  6.712e-235  2.783e-162
1.256e+03  1.509e-234  2.783e-162
1.257e+03  3.392e-234  2.783e-162
1.258e+03  7.624e-234  2.783e-162
1.259e+03  1.714e-233  2.783e-162
1.260e+03  3.853e-233  2.783e-162
1.261e+03  8.661e-233  2.783e-162
1.262e+03  1.947e-232  2.783e-162
1.263e+03  4.377e-232  2.783e-162
1.264e+03  9.838e-232  2.783e-162
1.265e+03  2.212e-231  2.783e-162
1.266e+03  4.972e-231  2.783e-162
1.267e+03  1.118e-230  2.783e-162
1.268e+03  2.512e-230  2.783e-162
1.269e+03  5.648e-230  2.783e-162
1.270e+03  1.270e-229  2.783e-162
1.271e+03  2.854e-229  2.783e-162
1.272e+03  6.415e-229  2.783e-162
1.273e+03  1.442e-228  2.783e-162
1.274e+03  3.242e-228  2.783e-162
1.275e+03  7.288e-228  2.783e-162
1.276e+03  1.638e-227  2.783e-162
1.277e+03  3.683e-227  2.783e-162
1.278e+03  8.278e-227  2.783e-162
1.279e+03  1.861e-226  2.783e-162
1.280e+03  4.183e-226  2.783e-162
1.281e+03  9.404e-226  2.783e-162
1.282e+03  2.114e-225  2.783e-162
1.283e+03  4.752e-225  2.783e-162
1.284e+03  1.068e-224  2.783e-162
1.285e+03  2.401e-224  2.783e-162
1.286e+03  5.398e-224  2.783e-162
1.287e+03  1.213e-223  2.783e-162
1.288e+03  2.728e-223  2.783e-162
1.289e+03  6.132e-223  2.783e-162
1.290e+03  1.378e-222  2.783e-162
1.291e+03  3.099e-222  2.783e-162
1.292e+03  6.966e-222  2.783e-162
1.293e+03  1.566e-221  2.783e-162
1.294e+03  3.520e-221  2.783e-162
1.295e+03  7.912e-221  2.783e-162
1.296e+03  1.779e-220  2.783e-162
1.297e+03  3.998e-220  2.783e-162
1.298e+03  8.988e-220  2.783e-162
1.299e+03  2.020e-219  2.783e-162
1.300e+03  4.542e-219  2.783e-162
1.301e+03  1.021e-218  2.783e-162
1.302e+03  2.295e-218  2.783e-162
1.303e+03  5.159e-218  2.783e-162
1.304e+03  1.160e-217  2.783e-162
1.305e+03  2.607e-217  2.783e-162
1.306e+03  5.861e-217  2.783e-162
1.307e+03  1.317e-216  2.783e-162
1.308e+03  2.961e-216  2.783e-162
1.309e+03  6.657e-216  2.783e-162
1.310e+03  1.496e-215  2.783e-162
1.311e+03  3.364e-215  2.783e-162
1.312e+03  7.562e-215  2.783e-162
1.313e+03  1.700e-214  2.783e-162
1.314e+03  3.821e-214  2.783e-162
1.315e+03  8.590e-214  2.783e-162
1.316e+03  1.931e-213  2.783e-162
1.317e+03  4.341e-213  2.783e-162
1.318e+03  9.758e-213  2.783e-162
1.319e+03  2.193e-212  2.783e-162
1.320e+03  4.931e-212  2.783e-162
1.321e+03  1.108e-211  2.783e-162
1.322e+03  2.492e-211  2.783e-162
1.323e+03  5.601e-211  2.783e-162
1.324e+03  1.259e-210  2.783e-162
1.325e+03  2.830e-210  2.783e-162
1.326e+03  6.362e-210  2.783e-162
1.327e+03  1.430e-209  2.783e-162
1.328e+03  3.215e-209  2.783e-162
1.329e+03  7.227e-209  2.783e-162
1.330e+03  1.625e-208  2.783e-162
1.331e+03  3.652e-208  2.783e-162
1.332e+03  8.210e-208  2.783e-162
1.333e+03  1.845e-207  2.783e-162
1.334e+03  4.149e-207  2.783e-162
1.335e+03  9.326e-207  2.783e-162
1.336e+03  2.096e-206  2.783e-162
1.337e+03  4.712e-206  2.783e-162
1.338e+03  1.059e-205  2.783e-162
1.339e+03  2.381e-205  2.783e-162
1.340e+03  5.353e-205  2.783e-162
1.341e+03  1.203e-204  2.783e-162
1.342e+03  2.705e-204  2.783e-162
1.343e+03  6.081e-204  2.783e-162
1.344e+03  1.367e-203  2.783e-162
1.345e+03  3.073e-203  2.783e-162
1.346e+03  6.907e-203  2.783e-162
1.347e+03  1.553e-202  2.783e-162
1.348e+03  3.490e-202  2.783e-162
1.349e+03  7.846e-202  2.783e-162
1.350e+03  1.764e-201  2.783e-162
1.351e+03  3.965e-201  2.783e-162
1.352e+03  8.913e-201  2.783e-162
1.353e+03  2.004e-200  2.783e-162
1.354e+03  4.504e-200  2.783e-162
1.355e+03  1.012e-199  2.783e-162
1.356e+03  2.276e-199  2.783e-162
1.357e+03  5.116e-199  2.783e-162
1.358e+03  1.150e-198  2.783e-162
1.359e+03  2.585e-198  2.783e-162
1.360e+03  5.812e-198  2.783e-162
1.361e+03  1.306e-197  2.783e-162
1.362e+03  2.937e-197  2.783e-162
1.363e+03  6.602e-197  2.783e-162
1.364e+03  1.484e-196  2.783e-162
1.365e+03  3.336e-196  2.783e-162
1.366e+03  7.500e-196  2.783e-162
1.367e+03  1.686e-195  2.783e-162
1.368e+03  3.790e-195  2.783e-162
1.369e+03  8.519e-195  2.783e-162
1.370e+03  1.915e-194  2.783e-162
1.371e+03  4.305e-194  2.783e-162
1.372e+03  9.678e-194  2.783e-162
1.373e+03  2.176e-193  2.783e-162
1.374e+03  4.891e-193  2.783e-162
1.375e+03  1.099e-192  2.783e-162
1.376e+03  2.471e-192  2.783e-162
1.377e+03  5.556e-192  2.783e-162
1.378e+03  1.249e-191  2.783e-162
1.379e+03  2.808e-191  2.783e-162
1.380e+03  6.311e-191  2.783e-162
1.381e+03  1.419e-190  2.783e-162
1.382e+03  3.189e-190  2.783e-162
1.383e+03  7.169e-190  2.783e-162
1.384e+03  1.612e-189  2.783e-162
1.385e+03  3.623e-189  2.783e-162
1.386e+03  8.144e-189  2.783e-162
1.387e+03  1.831e-188  2.783e-162
1.388e+03  4.116e-188  2.783e-162
1.389e+03  9.252e-188  2.783e-162
1.390e+03  2.080e-187  2.783e-162
1.391e+03  4.675e-187  2.783e-162
1.392e+03  1.051e-186  2.783e-162
1.393e+03  2.363e-186  2.783e-162
1.394e+03  5.311e-186  2.783e-162
1.395e+03  1.194e-185  2.783e-162
1.396e+03  2.684e-185  2.783e-162
1.397e+03  6.033e-185  2.783e-162
1.398e+03  1.356e-184  2.783e-162
1.399e+03  3.049e-184  2.783e-162
1.400e+03  6.854e-184  2.783e-162
1.401e+03  1.541e-183  2.783e-162
1.402e+03  3.463e-183  2.783e-162
1.403e+03  7.785e-183  2.783e-162
1.404e+03  1.750e-182  2.783e-162
1.405e+03  3.934e-182  2.783e-162
1.406e+03  8.843e-182  2.783e-162
1.407e+03  1.988e-181  2.783e-162
1.408e+03  4.468e-181  2.783e-162
1.409e+03  1.005e-180  2.783e-162
1.410e+03  2.258e-180  2.784e-162
1.411e+03  5.077e-180  2.784e-162
1.412e+03  1.141e-179  2.785e-162
1.413e+03  2.566e-179  2.789e-162
1.414e+03  5.768e-179  2.803e-162
1.415e+03  1.297e-178  2.849e-162
1.416e+03  2.915e-178  3.009e-162
1.417e+03  6.551e-178  3.562e-162
1.418e+03  1.472e-177  4.321e-162
1.419e+03  3.309e-177  5.630e-162
1.420e+03  7.438e-177  7.455e-162
1.421e+03  1.672e-176  9.973e-162
1.422e+03  3.759e-176  1.342e-161
1.423e+03  8.451e-176  1.811e-161
1.424e+03  1.900e-175  2.451e-161
1.425e+03  4.274e-175  3.317e-161
1.426e+03  9.612e-175  4.493e-161
1.427e+03  2.162e-174  6.086e-161
1.428e+03  4.860e-174  8.242e-161
1.429e+03  1.092e-173  1.116e-160
1.430e+03  2.454e-173  1.512e-160
1.431e+03  5.509e-173  2.048e-160
1.432e+03  1.237e-172  2.774e-160
1.433e+03  2.775e-172  3.757e-160
1.434e+03  6.235e-172  5.088e-160
1.435e+03  1.403e-171  6.892e-160
1.436e+03  3.163e-171  9.334e-160
1.437e+03  7.138e-171  1.264e-159
1.438e+03  1.610e-170  1.712e-159
1.439e+03  3.616e-170  2.319e-159
1.440e+03  8.084e-170  3.141e-159
1.441e+03  1.803e-169  4.254e-159
1.442e+03  4.043e-169  5.762e-159
1.443e+03  9.211e-169  7.805e-159
1.444e+03  2.140e-168  1.057e-158
1.445e+03  4.972e-168  1.432e-158
1.446e+03  1.092e-167  1.939e-158
1.447e+03  2.152e-167  2.626e-158
1.448e+03  4.160e-167  3.557e-158
1.449e+03  5.941e-167  4.818e-158
1.450e+03  7.784e-167  6.525e-158
1.451e+03  1.061e-166  8.838e-158
1.452e+03  1.471e-166  1.197e-157
1.453e+03  2.022e-166  1.621e-157
1.454e+03  2.766e-166  2.196e-157
1.455e+03  3.798e-166  2.974e-157
1.456e+03  5.213e-166  4.028e-157
1.457e+03  7.159e-166  5.456e-157
1.458e+03  9.830e-166  7.389e-157
1.459e+03  1.350e-165  1.001e-156
1.460e+03  1.853e-165  1.355e-156
1.461e+03  2.545e-165  1.836e-156
1.462e+03  3.494e-165  2.486e-156
1.463e+03  4.798e-165  3.368e-156
1.464e+03  6.588e-165  4.561e-156
1.465e+03  9.047e-165  6.178e-156
1.466e+03  1.242e-164  8.367e-156
1.467e+03  1.706e-164  1.133e-155
1.468e+03  2.342e-164  1.535e-155
1.469e+03  3.216e-164  2.079e-155
1.470e+03  4.416e-164  2.815e-155
1.471e+03  6.064e-164  3.813e-155
1.472e+03  8.326e-164  5.165e-155
1.473e+03  1.143e-163  6.995e-155
1.474e+03  1.570e-163  9.474e-155
1.475e+03  2.156e-163  1.283e-154
1.476e+03  2.960e-163  1.738e-154
1.477e+03  4.064e-163  2.354e-154
1.478e+03  5.580e-163  3.188e-154
1.479e+03  7.662e-163  4.317e-154
1.480e+03  1.052e-162  5.847e-154
1.481e+03  1.445e-162  7.920e-154
1.482e+03  1.984e-162  1.073e-153
1.483e+03  2.724e-162  1.453e-153
1.484e+03  3.740e-162  1.968e-153
1.485e+03  5.135e-162  2.665e-153
1.486e+03  7.051e-162  3.609e-153
1.487e+03  9.682e-162  4.888e-153
1.488e+03  1.329e-161  6.620e-153
1.489e+03  1.825e-161  8.967e-153
1.490e+03  2.507e-161  1.214e-152
1.491e+03  3.442e-161  1.645e-152
1.492e+03  4.726e-161  2.228e-152
1.493e+03  6.489e-161  3.017e-152
1.494e+03  8.910e-161  4.086e-152
1.495e+03  1.223e-160  5.534e-152
1.496e+03  1.680e-160  7.495e-152
1.497e+03  2.307e-160  1.015e-151
1.498e+03  3.167e-160  1.375e-151
1.499e+03  4.349e-160  1.862e-151
1.500e+03  5.971e-160  2.522e-151
1.501e+03  8.199e-160  3.416e-151
1.502e+03  1.126e-159  4.626e-151
1.503e+03  1.546e-159  6.265e-151
1.504e+03  2.122e-159  8.485e-151
1.505e+03  2.914e-159  1.149e-150
1.506e+03  4.002e-159  1.556e-150
1.507e+03  5.495e-159  2.108e-150
1.508e+03  7.544e-159  2.855e-150
1.509e+03  1.036e-158  3.867e-150
1.510e+03  1.422e-158  5.237e-150
1.511e+03  1.953e-158  7.092e-150
1.512e+03  2.682e-158  9.606e-150
1.513e+03  3.682e-158  1.301e-149
1.514e+03  5.056e-158  1.762e-149
1.515e+03  6.942e-158  2.386e-149
1.516e+03  9.532e-158  3.232e-149
1.517e+03  1.309e-157  4.377e-149
1.518e+03  1.797e-157  5.928e-149
1.519e+03  2.467e-157  8.029e-149
1.520e+03  3.388e-157  1.087e-148
1.521e+03  4.652e-157  1.473e-148
1.522e+03  6.387e-157  1.994e-148
1.523e+03  8.770e-157  2.701e-148
1.524e+03  1.204e-156  3.658e-148
1.525e+03  1.653e-156  4.955e-148
1.526e+03  2.270e-156  6.710e-148
1.527e+03  3.117e-156  9.088e-148
1.528e+03  4.280e-156  1.231e-147
1.529e+03  5.877e-156  1.667e-147
1.530e+03  8.069e-156  2.258e-147
1.531e+03  1.108e-155  3.058e-147
1.532e+03  1.521e-155  4.141e-147
1.533e+03  2.089e-155  5.608e-147
1.534e+03  2.868e-155  7.595e-147
1.535e+03  3.938e-155  1.029e-146
1.536e+03  5.407e-155  1.393e-146
1.537e+03  7.424e-155  1.887e-146
1.538e+03  1.019e-154  2.555e-146
1.539e+03  1.400e-154  3.461e-146
1.540e+03  1.922e-154  4.687e-146
1.541e+03  2.639e-154  6.348e-146
1.542e+03  3.623e-154  8.597e-146
1.543e+03  4.975e-154  1.164e-145
1.544e+03  6.830e-154  1.577e-145
1.545e+03  9.378e-154  2.135e-145
1.546e+03  1.288e-153  2.892e-145
1.547e+03  1.768e-153  3.917e-145
1.548e+03  2.428e-153  5.305e-145
1.549e+03  3.333e-153  7.184e-145
1.550e+03  4.577e-153  9.730e-145
1.551e+03  6.284e-153  1.318e-144
1.552e+03  8.628e-153  1.785e-144
1.553e+03  1.185e-152  2.417e-144
1.554e+03  1.627e-152  3.273e-144
1.555e+03  2.233e-152  4.433e-144
1.556e+03  3.066e-152  6.004e-144
1.557e+03  4.210e-152  8.131e-144
1.558e+03  5.781e-152  1.101e-143
1.559e+03  7.937e-152  1.491e-143
1.560e+03  1.090e-151  2.020e-143
1.561e+03  1.496e-151  2.735e-143
1.562e+03  2.055e-151  3.704e-143
1.563e+03  2.821e-151  5.017e-143
1.564e+03  3.873e-151  6.794e-143
1.565e+03  5.318e-151  9.202e-143
1.566e+03  7.302e-151  1.246e-142
1.567e+03  1.003e-150  1.688e-142
1.568e+03  1.377e-150  2.286e-142
1.569e+03  1.890e-150  3.095e-142
1.570e+03  2.595e-150  4.192e-142
1.571e+03  3.563e-150  5.677e-142
1.572e+03  4.892e-150  7.689e-142
1.573e+03  6.717e-150  1.041e-141
1.574e+03  9.223e-150  1.410e-141
1.575e+03  1.266e-149  1.910e-141
1.576e+03  1.739e-149  2.586e-141
1.577e+03  2.387e-149  3.503e-141
1.578e+03  3.278e-149  4.744e-141
1.579e+03  4.500e-149  6.425e-141
1.580e+03  6.179e-149  8.701e-141
1.581e+03  8.484e-149  1.178e-140
1.582e+03  1.165e-148  1.596e-140
1.583e+03  1.599e-148  2.161e-140
1.584e+03  2.196e-148  2.927e-140
1.585e+03  3.015e-148  3.964e-140
1.586e+03  4.139e-148  5.368e-140
1.587e+03  5.683e-148  7.270e-140
1.588e+03  7.803e-148  9.845e-140
1.589e+03  1.071e-147  1.333e-139
1.590e+03  1.471e-147  1.806e-139
1.591e+03  2.020e-147  2.445e-139
1.592e+03  2.773e-147  3.312e-139
1.593e+03  3.808e-147  4.485e-139
1.594e+03  5.228e-147  6.074e-139
1.595e+03  7.178e-147  8.226e-139
1.596e+03  9.855e-147  1.114e-138
1.597e+03  1.353e-146  1.509e-138
1.598e+03  1.858e-146  2.043e-138
1.599e+03  2.551e-146  2.767e-138
1.600e+03  3.502e-146  3.747e-138
1.601e+03  4.808e-146  5.075e-138
1.602e+03  6.602e-146  6.872e-138
1.603e+03  9.064e-146  9.307e-138
1.604e+03  1.245e-145  1.260e-137
1.605e+03  1.709e-145  1.707e-137
1.606e+03  2.346e-145  2.312e-137
1.607e+03  3.221e-145  3.131e-137
1.608e+03  4.423e-145  4.240e-137
1.609e+03  6.072e-145  5.741e-137
1.610e+03  8.337e-145  7.775e-137
1.611e+03  1.145e-144  1.053e-136
1.612e+03  1.572e-144  1.426e-136
1.613e+03  2.158e-144  1.931e-136
1.614e+03  2.963e-144  2.615e-136
1.615e+03  4.067e-144  3.542e-136
1.616e+03  5.585e-144  4.797e-136
1.617e+03  7.668e-144  6.496e-136
1.618e+03  1.053e-143  8.797e-136
1.619e+03  1.445e-143  1.191e-135
1.620e+03  1.984e-143  1.613e-135
1.621e+03  2.725e-143  2.185e-135
1.622e+03  3.741e-143  2.959e-135
1.623e+03  5.136e-143  4.007e-135
1.624e+03  7.052e-143  5.426e-135
1.625e+03  9.682e-143  7.349e-135
1.626e+03  1.329e-142  9.952e-135
1.627e+03  1.825e-142  1.348e-134
1.628e+03  2.506e-142  1.825e-134
1.629e+03  3.440e-142  2.472e-134
1.630e+03  4.723e-142  3.347e-134
1.631e+03  6.485e-142  4.533e-134
1.632e+03  8.904e-142  6.139e-134
1.633e+03  1.222e-141  8.313e-134
1.634e+03  1.678e-141  1.126e-133
1.635e+03  2.304e-141  1.525e-133
1.636e+03  3.164e-141  2.065e-133
1.637e+03  4.344e-141  2.796e-133
1.638e+03  5.964e-141  3.786e-133
1.639e+03  8.188e-141  5.128e-133
1.640e+03  1.124e-140  6.944e-133
1.641e+03  1.543e-140  9.404e-133
1.642e+03  2.119e-140  1.273e-132
1.643e+03  2.909e-140  1.725e-132
1.644e+03  3.995e-140  2.335e-132
1.645e+03  5.484e-140  3.163e-132
1.646e+03  7.530e-140  4.283e-132
1.647e+03  1.034e-139  5.800e-132
1.648e+03  1.419e-139  7.855e-132
1.649e+03  1.949e-139  1.064e-131
1.650e+03  2.675e-139  1.440e-131
1.651e+03  3.673e-139  1.951e-131
1.652e+03  5.043e-139  2.642e-131
1.653e+03  6.924e-139  3.577e-131
1.654e+03  9.506e-139  4.844e-131
1.655e+03  1.305e-138  6.560e-131
1.656e+03  1.792e-138  8.884e-131
1.657e+03  2.460e-138  1.203e-130
1.658e+03  3.378e-138  1.629e-130
1.659e+03  4.637e-138  2.206e-130
1.660e+03  6.367e-138  2.988e-130
1.661e+03  8.741e-138  4.046e-130
1.662e+03  1.200e-137  5.479e-130
1.663e+03  1.648e-137  7.420e-130
1.664e+03  2.262e-137  1.005e-129
1.665e+03  3.106e-137  1.361e-129
1.666e+03  4.264e-137  1.843e-129
1.667e+03  5.854e-137  2.495e-129
1.668e+03  8.037e-137  3.379e-129
1.669e+03  1.103e-136  4.576e-129
1.670e+03  1.515e-136  6.197e-129
1.671e+03  2.080e-136  8.392e-129
1.672e+03  2.856e-136  1.136e-128
1.673e+03  3.921e-136  1.539e-128
1.674e+03  5.383e-136  2.084e-128
1.675e+03  7.390e-136  2.822e-128
1.676e+03  1.015e-135  3.822e-128
1.677e+03  1.393e-135  5.175e-128
1.678e+03  1.912e-135  7.008e-128
1.679e+03  2.626e-135  9.490e-128
1.680e+03  3.605e-135  1.285e-127
1.681e+03  4.949e-135  1.740e-127
1.682e+03  6.794e-135  2.357e-127
1.683e+03  9.328e-135  3.191e-127
1.684e+03  1.281e-134  4.322e-127
1.685e+03  1.758e-134  5.853e-127
1.686e+03  2.414e-134  7.925e-127
1.687e+03  3.314e-134  1.073e-126
1.688e+03  4.550e-134  1.453e-126
1.689e+03  6.247e-134  1.968e-126
1.690e+03  8.576e-134  2.665e-126
1.691e+03  1.177e-133  3.609e-126
1.692e+03  1.616e-133  4.887e-126
1.693e+03  2.219e-133  6.618e-126
1.694e+03  3.047e-133  8.962e-126
1.695e+03  4.183e-133  1.214e-125
1.696e+03  5.743e-133  1.643e-125
1.697e+03  7.884e-133  2.225e-125
1.698e+03  1.082e-132  3.014e-125
1.699e+03  1.486e-132  4.081e-125
1.700e+03  2.040e-132  5.526e-125
1.701e+03  2.801e-132  7.483e-125
1.702e+03  3.845e-132  1.013e-124
1.703e+03  5.279e-132  1.372e-124
1.704e+03  7.248e-132  1.858e-124
1.705e+03  9.951e-132  2.516e-124
1.706e+03  1.366e-131  3.407e-124
1.707e+03  1.876e-131  4.614e-124
1.708e+03  2.575e-131  6.248e-124
1.709e+03  3.535e-131  8.461e-124
1.710e+03  4.853e-131  1.146e-123
1.711e+03  6.663e-131  1.552e-123
1.712e+03  9.148e-131  2.101e-123
1.713e+03  1.256e-130  2.845e-123
1.714e+03  1.724e-130  3.853e-123
1.715e+03  2.367e-130  5.217e-123
1.716e+03  3.250e-130  7.065e-123
1.717e+03  4.461e-130  9.566e-123
1.718e+03  6.125e-130  1.295e-122
1.719e+03  8.409e-130  1.754e-122
1.720e+03  1.154e-129  2.375e-122
1.721e+03  1.585e-129  3.217e-122
1.722e+03  2.176e-129  4.356e-122
1.723e+03  2.987e-129  5.898e-122
1.724e+03  4.101e-129  7.987e-122
1.725e+03  5.630e-129  1.082e-121
1.726e+03  7.729e-129  1.464e-121
1.727e+03  1.061e-128  1.983e-121
1.728e+03  1.457e-128  2.685e-121
1.729e+03  2.000e-128  3.636e-121
1.730e+03  2.746e-128  4.924e-121
1.731e+03  3.769e-128  6.668e-121
1.732e+03  5.175e-128  9.029e-121
1.733e+03  7.104e-128  1.223e-120
1.734e+03  9.753e-128  1.656e-120
1.735e+03  1.339e-127  2.242e-120
1.736e+03  1.838e-127  3.036e-120
1.737e+03  2.524e-127  4.111e-120
1.738e+03  3.465e-127  5.566e-120
1.739e+03  4.756e-127  7.537e-120
1.740e+03  6.530e-127  1.021e-119
1.741e+03  8.964e-127  1.382e-119
1.742e+03  1.231e-126  1.871e-119
1.743e+03  1.690e-126  2.534e-119
1.744e+03  2.319e-126  3.431e-119
1.745e+03  3.184e-126  4.647e-119
1.746e+03  4.372e-126  6.292e-119
1.747e+03  6.001e-126  8.520e-119
1.748e+03  8.239e-126  1.154e-118
1.749e+03  1.131e-125  1.562e-118
1.750e+03  1.553e-125  2.115e-118
1.751e+03  2.132e-125  2.864e-118
1.752e+03  2.927e-125  3.879e-118
1.753e+03  4.018e-125  5.252e-118
1.754e+03  5.516e-125  7.112e-118
1.755e+03  7.572e-125  9.630e-118
1.756e+03  1.039e-124  1.304e-117
1.757e+03  1.427e-124  1.766e-117
1.758e+03  1.959e-124  2.391e-117
1.759e+03  2.690e-124  3.237e-117
1.760e+03  3.692e-124  4.384e-117
1.761e+03  5.069e-124  5.936e-117
1.762e+03  6.959e-124  8.037e-117
1.763e+03  9.553e-124  1.088e-116
1.764e+03  1.311e-123  1.474e-116
1.765e+03  1.800e-123  1.995e-116
1.766e+03  2.472e-123  2.702e-116
1.767e+03  3.393e-123  3.659e-116
1.768e+03  4.658e-123  4.954e-116
1.769e+03  6.395e-123  6.708e-116
1.770e+03  8.779e-123  9.083e-116
1.771e+03  1.205e-122  1.230e-115
1.772e+03  1.654e-122  1.665e-115
1.773e+03  2.271e-122  2.255e-115
1.774e+03  3.118e-122  3.053e-115
1.775e+03  4.280e-122  4.135e-115
1.776e+03  5.876e-122  5.598e-115
1.777e+03  8.067e-122  7.581e-115
1.778e+03  1.107e-121  1.026e-114
1.779e+03  1.520e-121  1.390e-114
1.780e+03  2.087e-121  1.882e-114
1.781e+03  2.865e-121  2.548e-114
1.782e+03  3.933e-121  3.450e-114
1.783e+03  5.399e-121  4.672e-114
1.784e+03  7.412e-121  6.326e-114
1.785e+03  1.018e-120  8.566e-114
1.786e+03  1.397e-120  1.160e-113
1.787e+03  1.918e-120  1.570e-113
1.788e+03  2.632e-120  2.126e-113
1.789e+03  3.614e-120  2.879e-113
1.790e+03  4.961e-120  3.899e-113
1.791e+03  6.810e-120  5.279e-113
1.792e+03  9.349e-120  7.148e-113
1.793e+03  1.283e-119  9.678e-113
1.794e+03  1.762e-119  1.310e-112
1.795e+03  2.419e-119  1.774e-112
1.796e+03  3.320e-119  2.403e-112
1.797e+03  4.558e-119  3.253e-112
1.798e+03  6.257e-119  4.405e-112
1.799e+03  8.590e-119  5.964e-112
1.800e+03  1.179e-118  8.076e-112
1.801e+03  1.619e-118  1.093e-111
1.802e+03  2.222e-118  1.481e-111
1.803e+03  3.050e-118  2.005e-111
1.804e+03  4.188e-118  2.714e-111
1.805e+03  5.749e-118  3.675e-111
1.806e+03  7.891e-118  4.976e-111
1.807e+03  1.083e-117  6.738e-111
1.808e+03  1.487e-117  9.123e-111
1.809e+03  2.041e-117  1.235e-110
1.810e+03  2.802e-117  1.673e-110
1.811e+03  3.847e-117  2.265e-110
1.812e+03  5.281e-117  3.066e-110
1.813e+03  7.250e-117  4.152e-110
1.814e+03  9.952e-117  5.621e-110
1.815e+03  1.366e-116  7.611e-110
1.816e+03  1.875e-116  1.031e-109
1.817e+03  2.574e-116  1.395e-109
1.818e+03  3.534e-116  1.889e-109
1.819e+03  4.851e-116  2.558e-109
1.820e+03  6.660e-116  3.464e-109
1.821e+03  9.142e-116  4.690e-109
1.822e+03  1.255e-115  6.350e-109
1.823e+03  1.723e-115  8.597e-109
1.824e+03  2.365e-115  1.164e-108
1.825e+03  3.246e-115  1.576e-108
1.826e+03  4.456e-115  2.134e-108
1.827e+03  6.117e-115  2.889e-108
1.828e+03  8.397e-115  3.912e-108
1.829e+03  1.153e-114  5.297e-108
1.830e+03  1.582e-114  7.172e-108
1.831e+03  2.172e-114  9.710e-108
1.832e+03  2.982e-114  1.315e-107
1.833e+03  4.093e-114  1.780e-107
1.834e+03  5.619e-114  2.410e-107
1.835e+03  7.713e-114  3.263e-107
1.836e+03  1.059e-113  4.418e-107
1.837e+03  1.453e-113  5.982e-107
1.838e+03  1.995e-113  8.099e-107
1.839e+03  2.739e-113  1.097e-106
1.840e+03  3.759e-113  1.485e-106
1.841e+03  5.161e-113  2.010e-106
1.842e+03  7.084e-113  2.722e-106
1.843e+03  9.724e-113  3.685e-106
1.844e+03  1.335e-112  4.989e-106
1.845e+03  1.832e-112  6.755e-106
1.846e+03  2.515e-112  9.146e-106
1.847e+03  3.453e-112  1.238e-105
1.848e+03  4.739e-112  1.677e-105
1.849e+03  6.506e-112  2.270e-105
1.850e+03  8.930e-112  3.073e-105
1.851e+03  1.226e-111  4.161e-105
1.852e+03  1.683e-111  5.634e-105
1.853e+03  2.310e-111  7.627e-105
1.854e+03  3.171e-111  1.033e-104
1.855e+03  4.352e-111  1.398e-104
1.856e+03  5.974e-111  1.893e-104
1.857e+03  8.201e-111  2.563e-104
1.858e+03  1.126e-110  3.470e-104
1.859e+03  1.545e-110  4.698e-104
1.860e+03  2.121e-110  6.360e-104
1.861e+03  2.912e-110  8.611e-104
1.862e+03  3.997e-110  1.166e-103
1.863e+03  5.486e-110  1.578e-103
1.864e+03  7.531e-110  2.137e-103
1.865e+03  1.034e-109  2.893e-103
1.866e+03  1.419e-109  3.917e-103
1.867e+03  1.948e-109  5.303e-103
1.868e+03  2.674e-109  7.180e-103
1.869e+03  3.670e-109  9.721e-103
1.870e+03  5.037e-109  1.316e-102
1.871e+03  6.915e-109  1.782e-102
1.872e+03  9.491e-109  2.412e-102
1.873e+03  1.303e-108  3.266e-102
1.874e+03  1.788e-108  4.422e-102
1.875e+03  2.455e-108  5.987e-102
1.876e+03  3.369e-108  8.105e-102
1.877e+03  4.625e-108  1.097e-101
1.878e+03  6.349e-108  1.486e-101
1.879e+03  8.714e-108  2.011e-101
1.880e+03  1.196e-107  2.723e-101
1.881e+03  1.642e-107  3.686e-101
1.882e+03  2.254e-107  4.991e-101
1.883e+03  3.093e-107  6.757e-101
1.884e+03  4.246e-107  9.148e-101
1.885e+03  5.828e-107  1.238e-100
1.886e+03  8.000e-107  1.677e-100
1.887e+03  1.098e-106  2.270e-100
1.888e+03  1.507e-106  3.073e-100
1.889e+03  2.069e-106  4.160e-100
1.890e+03  2.840e-106  5.632e-100
1.891e+03  3.898e-106  7.625e-100
1.892e+03  5.350e-106  1.032e-99
1.893e+03  7.344e-106  1.398e-99
1.894e+03  1.008e-105  1.892e-99
1.895e+03  1.384e-105  2.561e-99
1.896e+03  1.899e-105  3.468e-99
1.897e+03  2.607e-105  4.695e-99
1.898e+03  3.578e-105  6.356e-99
1.899e+03  4.911e-105  8.604e-99
1.900e+03  6.741e-105  1.165e-98
1.901e+03  9.253e-105  1.577e-98
1.902e+03  1.270e-104  2.135e-98
1.903e+03  1.743e-104  2.890e-98
1.904e+03  2.393e-104  3.913e-98
1.905e+03  3.284e-104  5.297e-98
1.906e+03  4.508e-104  7.171e-98
1.907e+03  6.187e-104  9.708e-98
1.908e+03  8.493e-104  1.314e-97
1.909e+03  1.166e-103  1.779e-97
1.910e+03  1.600e-103  2.409e-97
1.911e+03  2.196e-103  3.261e-97
1.912e+03  3.014e-103  4.414e-97
1.913e+03  4.137e-103  5.976e-97
1.914e+03  5.679e-103  8.089e-97
1.915e+03  7.794e-103  1.095e-96
1.916e+03  1.070e-102  1.482e-96
1.917e+03  1.468e-102  2.007e-96
1.918e+03  2.015e-102  2.717e-96
1.919e+03  2.766e-102  3.678e-96
1.920e+03  3.797e-102  4.979e-96
1.921e+03  5.211e-102  6.740e-96
1.922e+03  7.152e-102  9.124e-96
1.923e+03  9.817e-102  1.235e-95
1.924e+03  1.347e-101  1.672e-95
1.925e+03  1.849e-101  2.264e-95
1.926e+03  2.538e-101  3.064e-95
1.927e+03  3.484e-101  4.148e-95
1.928e+03  4.782e-101  5.615e-95
1.929e+03  6.563e-101  7.602e-95
1.930e+03  9.008e-101  1.029e-94
1.931e+03  1.236e-100  1.393e-94
1.932e+03  1.697e-100  1.886e-94
1.933e+03  2.329e-100  2.553e-94
1.934e+03  3.197e-100  3.456e-94
1.935e+03  4.387e-100  4.678e-94
1.936e+03  6.021e-100  6.332e-94
1.937e+03  8.264e-100  8.572e-94
1.938e+03  1.134e-99  1.160e-93
1.939e+03  1.557e-99  1.571e-93
1.940e+03  2.137e-99  2.126e-93
1.941e+03  2.933e-99  2.878e-93
1.942e+03  4.025e-99  3.896e-93
1.943e+03  5.524e-99  5.274e-93
1.944e+03  7.582e-99  7.139e-93
1.945e+03  1.041e-98  9.664e-93
1.946e+03  1.428e-98  1.308e-92
1.947e+03  1.960e-98  1.771e-92
1.948e+03  2.690e-98  2.397e-92
1.949e+03  3.692e-98  3.245e-92
1.950e+03  5.067e-98  4.392e-92
1.951e+03  6.955e-98  5.945e-92
1.952e+03  9.545e-98  8.048e-92
1.953e+03  1.310e-97  1.089e-91
1.954e+03  1.798e-97  1.475e-91
1.955e+03  2.468e-97  1.996e-91
1.956e+03  3.387e-97  2.702e-91
1.957e+03  4.648e-97  3.657e-91
1.958e+03  6.379e-97  4.950e-91
1.959e+03  8.755e-97  6.701e-91
1.960e+03  1.202e-96  9.070e-91
1.961e+03  1.649e-96  1.228e-90
1.962e+03  2.263e-96  1.662e-90
1.963e+03  3.106e-96  2.250e-90
1.964e+03  4.263e-96  3.045e-90
1.965e+03  5.850e-96  4.122e-90
1.966e+03  8.029e-96  5.579e-90
1.967e+03  1.102e-95  7.551e-90
1.968e+03  1.512e-95  1.022e-89
1.969e+03  2.075e-95  1.383e-89
1.970e+03  2.848e-95  1.873e-89
1.971e+03  3.909e-95  2.535e-89
1.972e+03  5.364e-95  3.431e-89
1.973e+03  7.362e-95  4.644e-89
1.974e+03  1.010e-94  6.286e-89
1.975e+03  1.387e-94  8.508e-89
1.976e+03  1.903e-94  1.152e-88
1.977e+03  2.612e-94  1.559e-88
1.978e+03  3.584e-94  2.110e-88
1.979e+03  4.919e-94  2.855e-88
1.980e+03  6.750e-94  3.865e-88
1.981e+03  9.263e-94  5.231e-88
1.982e+03  1.271e-93  7.080e-88
1.983e+03  1.745e-93  9.583e-88
1.984e+03  2.394e-93  1.297e-87
1.985e+03  3.286e-93  1.756e-87
1.986e+03  4.509e-93  2.376e-87
1.987e+03  6.188e-93  3.216e-87
1.988e+03  8.492e-93  4.353e-87
1.989e+03  1.165e-92  5.892e-87
1.990e+03  1.599e-92  7.974e-87
1.991e+03  2.195e-92  1.079e-86
1.992e+03  3.012e-92  1.461e-86
1.993e+03  4.133e-92  1.977e-86
1.994e+03  5.672e-92  2.676e-86
1.995e+03  7.784e-92  3.622e-86
1.996e+03  1.068e-91  4.902e-86
1.997e+03  1.466e-91  6.634e-86
1.998e+03  2.012e-91  8.979e-86
1.999e+03  2.760e-91  1.215e-85
2.000e+03  3.788e-91  1.645e-85
2.001e+03  5.198e-91  2.226e-85
2.002e+03  7.134e-91  3.013e-85
2.003e+03  9.789e-91  4.077e-85
2.004e+03  1.343e-90  5.518e-85
2.005e+03  1.843e-90  7.468e-85
2.006e+03  2.530e-90  1.011e-84
2.007e+03  3.471e-90  1.368e-84
2.008e+03  4.764e-90  1.851e-84
2.009e+03  6.537e-90  2.506e-84
2.010e+03  8.970e-90  3.391e-84
2.011e+03  1.231e-89  4.589e-84
2.012e+03  1.689e-89  6.211e-84
2.013e+03  2.318e-89  8.405e-84
2.014e+03  3.181e-89  1.138e-83
2.015e+03  4.365e-89  1.539e-83
2.016e+03  5.989e-89  2.083e-83
2.017e+03  8.219e-89  2.820e-83
2.018e+03  1.128e-88  3.816e-83
2.019e+03  1.548e-88  5.164e-83
2.020e+03  2.123e-88  6.989e-83
2.021e+03  2.914e-88  9.458e-83
2.022e+03  3.998e-88  1.280e-82
2.023e+03  5.487e-88  1.732e-82
2.024e+03  7.528e-88  2.344e-82
2.025e+03  1.033e-87  3.172e-82
2.026e+03  1.418e-87  4.293e-82
2.027e+03  1.945e-87  5.809e-82
2.028e+03  2.669e-87  7.861e-82
2.029e+03  3.662e-87  1.064e-81
2.030e+03  5.025e-87  1.440e-81
2.031e+03  6.895e-87  1.948e-81
2.032e+03  9.461e-87  2.636e-81
2.033e+03  1.298e-86  3.568e-81
2.034e+03  1.781e-86  4.828e-81
2.035e+03  2.444e-86  6.533e-81
2.036e+03  3.354e-86  8.841e-81
2.037e+03  4.602e-86  1.196e-80
2.038e+03  6.314e-86  1.619e-80
2.039e+03  8.664e-86  2.191e-80
2.040e+03  1.189e-85  2.964e-80
2.041e+03  1.631e-85  4.012e-80
2.042e+03  2.238e-85  5.428e-80
2.043e+03  3.071e-85  7.345e-80
2.044e+03  4.213e-85  9.940e-80
2.045e+03  5.781e-85  1.345e-79
2.046e+03  7.932e-85  1.820e-79
2.047e+03  1.088e-84  2.463e-79
2.048e+03  1.493e-84  3.332e-79
2.049e+03  2.049e-84  4.509e-79
2.050e+03  2.811e-84  6.101e-79
2.051e+03  3.857e-84  8.256e-79
2.052e+03  5.292e-84  1.117e-78
2.053e+03  7.261e-84  1.512e-78
2.054e+03  9.962e-84  2.045e-78
2.055e+03  1.367e-83  2.768e-78
2.056e+03  1.875e-83  3.745e-78
2.057e+03  2.573e-83  5.067e-78
2.058e+03  3.530e-83  6.856e-78
2.059e+03  4.843e-83  9.276e-78
2.060e+03  6.645e-83  1.255e-77
2.061e+03  9.117e-83  1.698e-77
2.062e+03  1.251e-82  2.298e-77
2.063e+03  1.716e-82  3.109e-77
2.064e+03  2.354e-82  4.207e-77
2.065e+03  3.230e-82  5.692e-77
2.066e+03  4.432e-82  7.701e-77
2.067e+03  6.080e-82  1.042e-76
2.068e+03  8.341e-82  1.410e-76
2.069e+03  1.144e-81  1.907e-76
2.070e+03  1.570e-81  2.581e-76
2.071e+03  2.154e-81  3.491e-76
2.072e+03  2.955e-81  4.724e-76
2.073e+03  4.054e-81  6.391e-76
2.074e+03  5.562e-81  8.647e-76
2.075e+03  7.630e-81  1.170e-75
2.076e+03  1.047e-80  1.583e-75
2.077e+03  1.436e-80  2.141e-75
2.078e+03  1.970e-80  2.897e-75
2.079e+03  2.703e-80  3.919e-75
2.080e+03  3.708e-80  5.302e-75
2.081e+03  5.087e-80  7.174e-75
2.082e+03  6.978e-80  9.705e-75
2.083e+03  9.573e-80  1.313e-74
2.084e+03  1.313e-79  1.776e-74
2.085e+03  1.802e-79  2.403e-74
2.086e+03  2.472e-79  3.251e-74
2.087e+03  3.391e-79  4.398e-74
2.088e+03  4.651e-79  5.950e-74
2.089e+03  6.381e-79  8.049e-74
2.090e+03  8.753e-79  1.089e-73
2.091e+03  1.201e-78  1.473e-73
2.092e+03  1.647e-78  1.993e-73
2.093e+03  2.260e-78  2.696e-73
2.094e+03  3.100e-78  3.647e-73
2.095e+03  4.252e-78  4.933e-73
2.096e+03  5.833e-78  6.673e-73
2.097e+03  8.001e-78  9.027e-73
2.098e+03  1.098e-77  1.221e-72
2.099e+03  1.505e-77  1.652e-72
2.100e+03  2.065e-77  2.235e-72
2.101e+03  2.833e-77  3.023e-72
2.102e+03  3.886e-77  4.089e-72
2.103e+03  5.330e-77  5.531e-72
2.104e+03  7.311e-77  7.482e-72
2.105e+03  1.003e-76  1.012e-71
2.106e+03  1.376e-76  1.369e-71
2.107e+03  1.887e-76  1.852e-71
2.108e+03  2.588e-76  2.505e-71
2.109e+03  3.550e-76  3.388e-71
2.110e+03  4.870e-76  4.582e-71
2.111e+03  6.679e-76  6.198e-71
2.112e+03  9.162e-76  8.384e-71
2.113e+03  1.257e-75  1.134e-70
2.114e+03  1.724e-75  1.534e-70
2.115e+03  2.364e-75  2.075e-70
2.116e+03  3.243e-75  2.806e-70
2.117e+03  4.448e-75  3.795e-70
2.118e+03  6.100e-75  5.133e-70
2.119e+03  8.367e-75  6.943e-70
2.120e+03  1.148e-74  9.390e-70
2.121e+03  1.574e-74  1.270e-69
2.122e+03  2.159e-74  1.718e-69
2.123e+03  2.961e-74  2.323e-69
2.124e+03  4.061e-74  3.142e-69
2.125e+03  5.570e-74  4.249e-69
2.126e+03  7.639e-74  5.747e-69
2.127e+03  1.048e-73  7.773e-69
2.128e+03  1.437e-73  1.051e-68
2.129e+03  1.971e-73  1.422e-68
2.130e+03  2.703e-73  1.923e-68
2.131e+03  3.707e-73  2.600e-68
2.132e+03  5.084e-73  3.516e-68
2.133e+03  6.972e-73  4.755e-68
2.134e+03  9.562e-73  6.431e-68
2.135e+03  1.311e-72  8.697e-68
2.136e+03  1.798e-72  1.176e-67
2.137e+03  2.466e-72  1.590e-67
2.138e+03  3.382e-72  2.151e-67
2.139e+03  4.639e-72  2.909e-67
2.140e+03  6.361e-72  3.933e-67
2.141e+03  8.724e-72  5.319e-67
2.142e+03  1.196e-71  7.192e-67
2.143e+03  1.641e-71  9.726e-67
2.144e+03  2.250e-71  1.315e-66
2.145e+03  3.085e-71  1.778e-66
2.146e+03  4.231e-71  2.405e-66
2.147e+03  5.802e-71  3.252e-66
2.148e+03  7.956e-71  4.397e-66
2.149e+03  1.091e-70  5.945e-66
2.150e+03  1.496e-70  8.039e-66
2.151e+03  2.052e-70  1.087e-65
2.152e+03  2.813e-70  1.470e-65
2.153e+03  3.858e-70  1.987e-65
2.154e+03  5.290e-70  2.687e-65
2.155e+03  7.253e-70  3.633e-65
2.156e+03  9.946e-70  4.912e-65
2.157e+03  1.364e-69  6.641e-65
2.158e+03  1.870e-69  8.979e-65
2.159e+03  2.564e-69  1.214e-64
2.160e+03  3.516e-69  1.641e-64
2.161e+03  4.821e-69  2.219e-64
2.162e+03  6.610e-69  3.000e-64
2.163e+03  9.064e-69  4.056e-64
2.164e+03  1.243e-68  5.484e-64
2.165e+03  1.704e-68  7.413e-64
2.166e+03  2.336e-68  1.002e-63
2.167e+03  3.203e-68  1.355e-63
2.168e+03  4.392e-68  1.832e-63
2.169e+03  6.022e-68  2.476e-63
2.170e+03  8.256e-68  3.348e-63
2.171e+03  1.132e-67  4.525e-63
2.172e+03  1.552e-67  6.118e-63
2.173e+03  2.128e-67  8.270e-63
2.174e+03  2.917e-67  1.118e-62
2.175e+03  3.999e-67  1.511e-62
2.176e+03  5.483e-67  2.043e-62
2.177e+03  7.517e-67  2.761e-62
2.178e+03  1.031e-66  3.733e-62
2.179e+03  1.413e-66  5.045e-62
2.180e+03  1.937e-66  6.820e-62
2.181e+03  2.655e-66  9.218e-62
2.182e+03  3.640e-66  1.246e-61
2.183e+03  4.990e-66  1.684e-61
2.184e+03  6.841e-66  2.276e-61
2.185e+03  9.378e-66  3.077e-61
2.186e+03  1.286e-65  4.159e-61
2.187e+03  1.762e-65  5.621e-61
2.188e+03  2.416e-65  7.597e-61
2.189e+03  3.312e-65  1.027e-60
2.190e+03  4.540e-65  1.388e-60
2.191e+03  6.223e-65  1.876e-60
2.192e+03  8.530e-65  2.535e-60
2.193e+03  1.169e-64  3.426e-60
2.194e+03  1.603e-64  4.630e-60
2.195e+03  2.197e-64  6.257e-60
2.196e+03  3.011e-64  8.455e-60
2.197e+03  4.128e-64  1.143e-59
2.198e+03  5.658e-64  1.544e-59
2.199e+03  7.755e-64  2.087e-59
2.200e+03  1.063e-63  2.820e-59
2.201e+03  1.457e-63  3.811e-59
2.202e+03  1.997e-63  5.149e-59
2.203e+03  2.737e-63  6.958e-59
2.204e+03  3.751e-63  9.403e-59
2.205e+03  5.141e-63  1.271e-58
2.206e+03  7.046e-63  1.717e-58
2.207e+03  9.657e-63  2.320e-58
2.208e+03  1.324e-62  3.134e-58
2.209e+03  1.814e-62  4.235e-58
2.210e+03  2.486e-62  5.722e-58
2.211e+03  3.407e-62  7.732e-58
2.212e+03  4.669e-62  1.045e-57
2.213e+03  6.399e-62  1.411e-57
2.214e+03  8.769e-62  1.907e-57
2.215e+03  1.202e-61  2.576e-57
2.216e+03  1.647e-61  3.481e-57
2.217e+03  2.257e-61  4.702e-57
2.218e+03  3.093e-61  6.353e-57
2.219e+03  4.238e-61  8.582e-57
2.220e+03  5.808e-61  1.159e-56
2.221e+03  7.958e-61  1.566e-56
2.222e+03  1.090e-60  2.116e-56
2.223e+03  1.494e-60  2.858e-56
2.224e+03  2.048e-60  3.861e-56
2.225e+03  2.806e-60  5.216e-56
2.226e+03  3.844e-60  7.045e-56
2.227e+03  5.268e-60  9.517e-56
2.228e+03  7.218e-60  1.285e-55
2.229e+03  9.889e-60  1.736e-55
2.230e+03  1.355e-59  2.345e-55
2.231e+03  1.857e-59  3.168e-55
2.232e+03  2.544e-59  4.279e-55
2.233e+03  3.485e-59  5.779e-55
2.234e+03  4.775e-59  7.805e-55
2.235e+03  6.542e-59  1.054e-54
2.236e+03  8.962e-59  1.424e-54
2.237e+03  1.228e-58  1.923e-54
2.238e+03  1.682e-58  2.597e-54
2.239e+03  2.305e-58  3.507e-54
2.240e+03  3.157e-58  4.736e-54
2.241e+03  4.325e-58  6.395e-54
2.242e+03  5.925e-58  8.637e-54
2.243e+03  8.117e-58  1.166e-53
2.244e+03  1.112e-57  1.575e-53
2.245e+03  1.523e-57  2.127e-53
2.246e+03  2.086e-57  2.872e-53
2.247e+03  2.858e-57  3.877e-53
2.248e+03  3.915e-57  5.236e-53
2.249e+03  5.363e-57  7.069e-53
2.250e+03  7.345e-57  9.545e-53
2.251e+03  1.006e-56  1.289e-52
2.252e+03  1.378e-56  1.740e-52
2.253e+03  1.888e-56  2.349e-52
2.254e+03  2.585e-56  3.172e-52
2.255e+03  3.541e-56  4.282e-52
2.256e+03  4.850e-56  5.781e-52
2.257e+03  6.642e-56  7.804e-52
2.258e+03  9.097e-56  1.054e-51
2.259e+03  1.246e-55  1.422e-51
2.260e+03  1.706e-55  1.920e-51
2.261e+03  2.337e-55  2.592e-51
2.262e+03  3.200e-55  3.498e-51
2.263e+03  4.383e-55  4.722e-51
2.264e+03  6.002e-55  6.374e-51
2.265e+03  8.219e-55  8.603e-51
2.266e+03  1.125e-54  1.161e-50
2.267e+03  1.541e-54  1.567e-50
2.268e+03  2.110e-54  2.115e-50
2.269e+03  2.890e-54  2.855e-50
2.270e+03  3.957e-54  3.853e-50
2.271e+03  5.418e-54  5.200e-50
2.272e+03  7.419e-54  7.018e-50
2.273e+03  1.016e-53  9.471e-50
2.274e+03  1.391e-53  1.278e-49
2.275e+03  1.904e-53  1.725e-49
2.276e+03  2.607e-53  2.327e-49
2.277e+03  3.570e-53  3.140e-49
2.278e+03  4.887e-53  4.238e-49
2.279e+03  6.691e-53  5.718e-49
2.280e+03  9.160e-53  7.715e-49
2.281e+03  1.254e-52  1.041e-48
2.282e+03  1.717e-52  1.404e-48
2.283e+03  2.350e-52  1.895e-48
2.284e+03  3.217e-52  2.557e-48
2.285e+03  4.404e-52  3.449e-48
2.286e+03  6.028e-52  4.653e-48
2.287e+03  8.252e-52  6.277e-48
2.288e+03  1.129e-51  8.468e-48
2.289e+03  1.546e-51  1.142e-47
2.290e+03  2.116e-51  1.541e-47
2.291e+03  2.896e-51  2.078e-47
2.292e+03  3.964e-51  2.804e-47
2.293e+03  5.426e-51  3.781e-47
2.294e+03  7.426e-51  5.100e-47
2.295e+03  1.016e-50  6.879e-47
2.296e+03  1.391e-50  9.278e-47
2.297e+03  1.904e-50  1.251e-46
2.298e+03  2.605e-50  1.688e-46
2.299e+03  3.565e-50  2.276e-46
2.300e+03  4.879e-50  3.069e-46
2.301e+03  6.676e-50  4.139e-46
2.302e+03  9.135e-50  5.581e-46
2.303e+03  1.250e-49  7.525e-46
2.304e+03  1.710e-49  1.015e-45
2.305e+03  2.340e-49  1.368e-45
2.306e+03  3.202e-49  1.845e-45
2.307e+03  4.382e-49  2.487e-45
2.308e+03  5.995e-49  3.353e-45
2.309e+03  8.202e-49  4.521e-45
2.310e+03  1.122e-48  6.095e-45
2.311e+03  1.535e-48  8.216e-45
2.312e+03  2.100e-48  1.108e-44
2.313e+03  2.873e-48  1.493e-44
2.314e+03  3.931e-48  2.013e-44
2.315e+03  5.377e-48  2.713e-44
2.316e+03  7.355e-48  3.656e-44
2.317e+03  1.006e-47  4.928e-44
2.318e+03  1.376e-47  6.642e-44
2.319e+03  1.882e-47  8.952e-44
2.320e+03  2.575e-47  1.206e-43
2.321e+03  3.522e-47  1.626e-43
2.322e+03  4.817e-47  2.191e-43
2.323e+03  6.588e-47  2.953e-43
2.324e+03  9.010e-47  3.979e-43
2.325e+03  1.232e-46  5.361e-43
2.326e+03  1.685e-46  7.223e-43
2.327e+03  2.304e-46  9.733e-43
2.328e+03  3.151e-46  1.311e-42
2.329e+03  4.309e-46  1.767e-42
2.330e+03  5.892e-46  2.380e-42
2.331e+03  8.057e-46  3.206e-42
2.332e+03  1.102e-45  4.319e-42
2.333e+03  1.506e-45  5.818e-42
2.334e+03  2.059e-45  7.837e-42
2.335e+03  2.816e-45  1.056e-41
2.336e+03  3.850e-45  1.422e-41
2.337e+03  5.263e-45  1.915e-41
2.338e+03  7.195e-45  2.579e-41
2.339e+03  9.836e-45  3.473e-41
2.340e+03  1.345e-44  4.678e-41
2.341e+03  1.838e-44  6.299e-41
2.342e+03  2.512e-44  8.482e-41
2.343e+03  3.434e-44  1.142e-40
2.344e+03  4.694e-44  1.538e-40
2.345e+03  6.415e-44  2.071e-40
2.346e+03  8.768e-44  2.788e-40
2.347e+03  1.198e-43  3.753e-40
2.348e+03  1.638e-43  5.053e-40
2.349e+03  2.238e-43  6.802e-40
2.350e+03  3.058e-43  9.156e-40
2.351e+03  4.179e-43  1.233e-39
2.352e+03  5.711e-43  1.659e-39
2.353e+03  7.804e-43  2.233e-39
2.354e+03  1.066e-42  3.005e-39
2.355e+03  1.457e-42  4.045e-39
2.356e+03  1.991e-42  5.443e-39
2.357e+03  2.720e-42  7.325e-39
2.358e+03  3.715e-42  9.856e-39
2.359e+03  5.076e-42  1.326e-38
2.360e+03  6.934e-42  1.785e-38
2.361e+03  9.472e-42  2.401e-38
2.362e+03  1.294e-41  3.230e-38
2.363e+03  1.767e-41  4.346e-38
2.364e+03  2.414e-41  5.846e-38
2.365e+03  3.297e-41  7.864e-38
2.366e+03  4.503e-41  1.058e-37
2.367e+03  6.150e-41  1.423e-37
2.368e+03  8.399e-41  1.914e-37
2.369e+03  1.147e-40  2.574e-37
2.370e+03  1.566e-40  3.461e-37
2.371e+03  2.139e-40  4.655e-37
2.372e+03  2.920e-40  6.260e-37
2.373e+03  3.988e-40  8.417e-37
2.374e+03  5.444e-40  1.132e-36
2.375e+03  7.433e-40  1.522e-36
2.376e+03  1.015e-39  2.046e-36
2.377e+03  1.385e-39  2.750e-36
2.378e+03  1.891e-39  3.697e-36
2.379e+03  2.582e-39  4.970e-36
2.380e+03  3.524e-39  6.680e-36
2.381e+03  4.810e-39  8.978e-36
2.382e+03  6.565e-39  1.207e-35
2.383e+03  8.960e-39  1.622e-35
2.384e+03  1.223e-38  2.179e-35
2.385e+03  1.669e-38  2.928e-35
2.386e+03  2.277e-38  3.935e-35
2.387e+03  3.108e-38  5.287e-35
2.388e+03  4.241e-38  7.103e-35
2.389e+03  5.786e-38  9.542e-35
2.390e+03  7.894e-38  1.282e-34
2.391e+03  1.077e-37  1.722e-34
2.392e+03  1.469e-37  2.313e-34
2.393e+03  2.005e-37  3.106e-34
2.394e+03  2.735e-37  4.172e-34
2.395e+03  3.730e-37  5.603e-34
2.396e+03  5.088e-37  7.523e-34
2.397e+03  6.939e-37  1.010e-33
2.398e+03  9.465e-37  1.356e-33
2.399e+03  1.291e-36  1.821e-33
2.400e+03  1.760e-36  2.445e-33
2.401e+03  2.400e-36  3.282e-33
2.402e+03  3.273e-36  4.406e-33
2.403e+03  4.463e-36  5.913e-33
2.404e+03  6.085e-36  7.937e-33
2.405e+03  8.296e-36  1.065e-32
2.406e+03  1.131e-35  1.429e-32
2.407e+03  1.542e-35  1.918e-32
2.408e+03  2.102e-35  2.574e-32
2.409e+03  2.865e-35  3.453e-32
2.410e+03  3.905e-35  4.632e-32
2.411e+03  5.322e-35  6.214e-32
2.412e+03  7.253e-35  8.336e-32
2.413e+03  9.885e-35  1.118e-31
2.414e+03  1.347e-34  1.500e-31
2.415e+03  1.835e-34  2.011e-31
2.416e+03  2.501e-34  2.697e-31
2.417e+03  3.407e-34  3.616e-31
2.418e+03  4.642e-34  4.848e-31
2.419e+03  6.324e-34  6.500e-31
2.420e+03  8.614e-34  8.714e-31
2.421e+03  1.173e-33  1.168e-30
2.422e+03  1.598e-33  1.566e-30
2.423e+03  2.177e-33  2.098e-30
2.424e+03  2.964e-33  2.812e-30
2.425e+03  4.037e-33  3.768e-30
2.426e+03  5.497e-33  5.049e-30
2.427e+03  7.485e-33  6.765e-30
2.428e+03  1.019e-32  9.063e-30
2.429e+03  1.387e-32  1.214e-29
2.430e+03  1.889e-32  1.626e-29
2.431e+03  2.571e-32  2.178e-29
2.432e+03  3.500e-32  2.917e-29
2.433e+03  4.764e-32  3.906e-29
2.434e+03  6.483e-32  5.230e-29
2.435e+03  8.823e-32  7.003e-29
2.436e+03  1.201e-31  9.375e-29
2.437e+03  1.634e-31  1.255e-28
2.438e+03  2.223e-31  1.680e-28
2.439e+03  3.024e-31  2.248e-28
2.440e+03  4.114e-31  3.009e-28
2.441e+03  5.596e-31  4.026e-28
2.442e+03  7.612e-31  5.387e-28
2.443e+03  1.035e-30  7.207e-28
2.444e+03  1.408e-30  9.641e-28
2.445e+03  1.915e-30  1.290e-27
2.446e+03  2.604e-30  1.725e-27
2.447e+03  3.540e-30  2.307e-27
2.448e+03  4.813e-30  3.084e-27
2.449e+03  6.544e-30  4.124e-27
2.450e+03  8.895e-30  5.514e-27
2.451e+03  1.209e-29  7.371e-27
2.452e+03  1.643e-29  9.852e-27
2.453e+03  2.233e-29  1.317e-26
2.454e+03  3.035e-29  1.760e-26
2.455e+03  4.124e-29  2.351e-26
2.456e+03  5.603e-29  3.141e-26
2.457e+03  7.612e-29  4.197e-26
2.458e+03  1.034e-28  5.606e-26
2.459e+03  1.405e-28  7.487e-26
2.460e+03  1.908e-28  9.999e-26
2.461e+03  2.591e-28  1.335e-25
2.462e+03  3.519e-28  1.783e-25
2.463e+03  4.778e-28  2.380e-25
2.464e+03  6.487e-28  3.177e-25
2.465e+03  8.807e-28  4.240e-25
2.466e+03  1.196e-27  5.659e-25
2.467e+03  1.623e-27  7.551e-25
2.468e+03  2.203e-27  1.007e-24
2.469e+03  2.989e-27  1.344e-24
2.470e+03  4.056e-27  1.793e-24
2.471e+03  5.504e-27  2.391e-24
2.472e+03  7.467e-27  3.188e-24
2.473e+03  1.013e-26  4.251e-24
2.474e+03  1.374e-26  5.668e-24
2.475e+03  1.864e-26  7.555e-24
2.476e+03  2.527e-26  1.007e-23
2.477e+03  3.427e-26  1.342e-23
2.478e+03  4.647e-26  1.788e-23
2.479e+03  6.299e-26  2.382e-23
2.480e+03  8.540e-26  3.173e-23
2.481e+03  1.157e-25  4.227e-23
2.482e+03  1.569e-25  5.629e-23
2.483e+03  2.126e-25  7.495e-23
2.484e+03  2.881e-25  9.979e-23
2.485e+03  3.903e-25  1.328e-22
2.486e+03  5.287e-25  1.768e-22
2.487e+03  7.161e-25  2.353e-22
2.488e+03  9.699e-25  3.130e-22
2.489e+03  1.313e-24  4.164e-22
2.490e+03  1.778e-24  5.539e-22
2.491e+03  2.408e-24  7.367e-22
2.492e+03  3.260e-24  9.796e-22
2.493e+03  4.412e-24  1.302e-21
2.494e+03  5.971e-24  1.731e-21
2.495e+03  8.080e-24  2.301e-21
2.496e+03  1.093e-23  3.058e-21
2.497e+03  1.479e-23  4.063e-21
2.498e+03  2.001e-23  5.397e-21
2.499e+03  2.706e-23  7.168e-21
2.500e+03  3.660e-23  9.519e-21
2.501e+03  4.949e-23  1.264e-20
2.502e+03  6.690e-23  1.678e-20
2.503e+03  9.044e-23  2.227e-20
2.504e+03  1.222e-22  2.955e-20
2.505e+03  1.652e-22  3.921e-20
2.506e+03  2.232e-22  5.201e-20
2.507e+03  3.016e-22  6.898e-20
2.508e+03  4.074e-22  9.148e-20
2.509e+03  5.503e-22  1.213e-19
2.510e+03  7.431e-22  1.608e-19
2.511e+03  1.003e-21  2.131e-19
2.512e+03  1.355e-21  2.823e-19
2.513e+03  1.828e-21  3.740e-19
2.514e+03  2.468e-21  4.953e-19
2.515e+03  3.330e-21  6.559e-19
2.516e+03  4.493e-21  8.684e-19
2.517e+03  6.061e-21  1.150e-18
2.518e+03  8.175e-21  1.521e-18
2.519e+03  1.102e-20  2.013e-18
2.520e+03  1.486e-20  2.663e-18
2.521e+03  2.004e-20  3.521e-18
2.522e+03  2.701e-20  4.656e-18
2.523e+03  3.640e-20  6.155e-18
2.524e+03  4.904e-20  8.135e-18
2.525e+03  6.607e-20  1.075e-17
2.526e+03  8.899e-20  1.420e-17
2.527e+03  1.198e-19  1.876e-17
2.528e+03  1.614e-19  2.477e-17
2.529e+03  2.172e-19  3.269e-17
2.530e+03  2.924e-19  4.315e-17
2.531e+03  3.934e-19  5.693e-17
2.532e+03  5.294e-19  7.510e-17
2.533e+03  7.121e-19  9.905e-17
2.534e+03  9.577e-19  1.306e-16
2.535e+03  1.288e-18  1.721e-16
2.536e+03  1.731e-18  2.268e-16
2.537e+03  2.327e-18  2.989e-16
2.538e+03  3.127e-18  3.936e-16
2.539e+03  4.201e-18  5.183e-16
2.540e+03  5.643e-18  6.822e-16
2.541e+03  7.579e-18  8.978e-16
2.542e+03  1.018e-17  1.181e-15
2.543e+03  1.366e-17  1.554e-15
2.544e+03  1.833e-17  2.043e-15
2.545e+03  2.460e-17  2.685e-15
2.546e+03  3.300e-17  3.529e-15
2.547e+03  4.426e-17  4.636e-15
2.548e+03  5.934e-17  6.088e-15
2.549e+03  7.955e-17  7.993e-15
2.550e+03  1.066e-16  1.049e-14
2.551e+03  1.428e-16  1.376e-14
2.552e+03  1.914e-16  1.805e-14
2.553e+03  2.563e-16  2.367e-14
2.554e+03  3.431e-16  3.103e-14
2.555e+03  4.593e-16  4.066e-14
2.556e+03  6.146e-16  5.326e-14
2.557e+03  8.222e-16  6.974e-14
2.558e+03  1.100e-15  9.129e-14
2.559e+03  1.470e-15  1.195e-13
2.560e+03  1.966e-15  1.563e-13
2.561e+03  2.627e-15  2.043e-13
2.562e+03  3.509e-15  2.671e-13
2.563e+03  4.687e-15  3.490e-13
2.564e+03  6.258e-15  4.558e-13
2.565e+03  8.353e-15  5.951e-13
2.566e+03  1.115e-14  7.766e-13
2.567e+03  1.487e-14  1.013e-12
2.568e+03  1.983e-14  1.321e-12
2.569e+03  2.644e-14  1.722e-12
2.570e+03  3.524e-14  2.244e-12
2.571e+03  4.695e-14  2.923e-12
2.572e+03  6.253e-14  3.805e-12
2.573e+03  8.325e-14  4.952e-12
2.574e+03  1.108e-13  6.441e-12
2.575e+03  1.474e-13  8.375e-12
2.576e+03  1.961e-13  1.088e-11
2.577e+03  2.607e-13  1.414e-11
2.578e+03  3.466e-13  1.836e-11
2.579e+03  4.605e-13  2.382e-11
2.580e+03  6.116e-13  3.090e-11
2.581e+03  8.120e-13  4.006e-11
2.582e+03  1.078e-12  5.192e-11
2.583e+03  1.430e-12  6.724e-11
2.584e+03  1.896e-12  8.705e-11
2.585e+03  2.513e-12  1.126e-10
2.586e+03  3.330e-12  1.457e-10
2.587e+03  4.411e-12  1.883e-10
2.588e+03  5.839e-12  2.432e-10
2.589e+03  7.728e-12  3.140e-10
2.590e+03  1.022e-11  4.051e-10
2.591e+03  1.352e-11  5.224e-10
2.592e+03  1.786e-11  6.733e-10
2.593e+03  2.360e-11  8.673e-10
2.594e+03  3.116e-11  1.116e-09
2.595e+03  4.112e-11  1.436e-09
2.596e+03  5.425e-11  1.847e-09
2.597e+03  7.153e-11  2.373e-09
2.598e+03  9.426e-11  3.047e-09
2.599e+03  1.242e-10  3.909e-09
2.600e+03  1.635e-10  5.013e-09
2.601e+03  2.151e-10  6.424e-09
2.602e+03  2.828e-10  8.227e-09
2.603e+03  3.718e-10  1.053e-08
2.604e+03  4.884e-10  1.346e-08
2.605e+03  6.412e-10  1.720e-08
2.606e+03  8.414e-10  2.196e-08
2.607e+03  1.103e-09  2.802e-08
2.608e+03  1.446e-09  3.572e-08
2.609e+03  1.894e-09  4.550e-08
2.610e+03  2.480e-09  5.792e-08
2.611e+03  3.244e-09  7.366e-08
2.612e+03  4.241e-09  9.360e-08
2.613e+03  5.540e-09  1.188e-07
2.614e+03  7.234e-09  1.507e-07
2.615e+03  9.438e-09  1.910e-07
2.616e+03  1.231e-08  2.419e-07
2.617e+03  1.603e-08  3.060e-07
2.618e+03  2.087e-08  3.868e-07
2.619e+03  2.716e-08  4.883e-07
2.620e+03  3.530e-08  6.160e-07
2.621e+03  4.586e-08  7.762e-07
2.622e+03  5.952e-08  9.770e-07
2.623e+03  7.719e-08  1.229e-06
2.624e+03  1.000e-07  1.543e-06
2.625e+03  1.295e-07  1.936e-06
2.626e+03  1.676e-07  2.427e-06
2.627e+03  2.166e-07  3.038e-06
2.628e+03  2.797e-07  3.799e-06
2.629e+03  3.608e-07  4.745e-06
2.630e+03  4.651e-07  5.919e-06
2.631e+03  5.989e-07  7.374e-06
2.632e+03  7.705e-07  9.175e-06
2.633e+03  9.902e-07  1.140e-05
2.634e+03  1.271e-06  1.415e-05
2.635e+03  1.630e-06  1.753e-05
2.636e+03  2.089e-06  2.169e-05
2.637e+03  2.673e-06  2.681e-05
2.638e+03  3.416e-06  3.308e-05
2.639e+03  4.362e-06  4.075e-05
2.640e+03  5.563e-06  5.012e-05
2.641e+03  7.085e-06  6.155e-05
2.642e+03  9.012e-06  7.546e-05
2.643e+03  1.145e-05  9.236e-05
2.644e+03  1.453e-05  1.129e-04
2.645e+03  1.841e-05  1.376e-04
2.646e+03  2.329e-05  1.676e-04
2.647e+03  2.943e-05  2.036e-04
2.648e+03  3.713e-05  2.470e-04
2.649e+03  4.677e-05  2.990e-04
2.650e+03  5.883e-05  3.611e-04
2.651e+03  7.388e-05  4.353e-04
2.652e+03  9.262e-05  5.237e-04
2.653e+03  1.159e-04  6.285e-04
2.654e+03  1.449e-04  7.526e-04
2.655e+03  1.807e-04  8.991e-04
2.656e+03  2.249e-04  1.072e-03
2.657e+03  2.795e-04  1.274e-03
2.658e+03  3.467e-04  1.511e-03
2.659e+03  4.292e-04  1.787e-03
2.660e+03  5.301e-04  2.107e-03
2.661e+03  6.535e-04  2.479e-03
2.662e+03  8.039e-04  2.907e-03
2.663e+03  9.867e-04  3.400e-03
2.664e+03  1.208e-03  3.964e-03
2.665e+03  1.476e-03  4.607e-03
2.666e+03  1.799e-03  5.337e-03
2.667e+03  2.187e-03  6.163e-03
2.668e+03  2.653e-03  7.093e-03
2.669e+03  3.209e-03  8.134e-03
2.670e+03  3.872e-03  9.295e-03
2.671e+03  4.658e-03  1.058e-02
2.672e+03  5.590e-03  1.201e-02
2.673e+03  6.688e-03  1.357e-02
2.674e+03  7.980e-03  1.527e-02
2.675e+03  9.493e-03  1.712e-02
2.676e+03  1.126e-02  1.911e-02
2.677e+03  1.331e-02  2.125e-02
2.678e+03  1.570e-02  2.352e-02
2.679e+03  1.845e-02  2.593e-02
2.680e+03  2.161e-02  2.846e-02
2.681e+03  2.523e-02  3.109e-02
2.682e+03  2.937e-02  3.381e-02
2.683e+03  3.408e-02  3.660e-02
2.684e+03  3.941e-02  3.944e-02
2.685e+03  4.543e-02  4.230e-02
2.686e+03  5.219e-02  4.515e-02
2.687e+03  5.975e-02  4.796e-02
2.688e+03  6.818e-02  5.070e-02
2.689e+03  7.754e-02  5.333e-02
2.690e+03  8.789e-02  5.582e-02
2.691e+03  9.927e-02  5.814e-02
2.692e+03  1.118e-01  6.026e-02
2.693e+03  1.254e-01  6.215e-02
2.694e+03  1.402e-01  6.377e-02
2.695e+03  1.562e-01  6.511e-02
2.696e+03  1.735e-01  6.614e-02
2.697e+03  1.920e-01  6.686e-02
2.698e+03  2.117e-01  6.724e-02
2.699e+03  2.327e-01  6.728e-02
2.700e+03  2.548e-01  6.698e-02
2.701e+03  2.782e-01  6.635e-02
2.702e+03  3.026e-01  6.540e-02
2.703e+03  3.280e-01  6.414e-02
2.704e+03  3.543e-01  6.259e-02
2.705e+03  3.815e-01  6.078e-02
2.706e+03  4.094e-01  5.873e-02
2.707e+03  4.378e-01  5.647e-02
2.708e+03  4.666e-01  5.403e-02
2.709e+03  4.956e-01  5.146e-02
2.710e+03  5.247e-01  4.877e-02
2.711e+03  5.538e-01  4.600e-02
2.712e+03  5.826e-01  4.319e-02
2.713e+03  6.110e-01  4.036e-02
2.714e+03  6.388e-01  3.755e-02
2.715e+03  6.659e-01  3.478e-02
2.716e+03  6.922e-01  3.207e-02
2.717e+03  7.175e-01  2.945e-02
2.718e+03  7.417e-01  2.692e-02
2.719e+03  7.647e-01  2.451e-02
2.720e+03  7.865e-01  2.223e-02
2.721e+03  8.071e-01  2.007e-02
2.722e+03  8.263e-01  1.806e-02
2.723e+03  8.441e-01  1.619e-02
2.724e+03  8.607e-01  1.445e-02
2.725e+03  8.759e-01  1.286e-02
2.726e+03  8.899e-01  1.140e-02
2.727e+03  9.026e-01  1.008e-02
2.728e+03  9.141e-01  8.874e-03
2.729e+03  9.246e-01  7.791e-03
2.730e+03  9.339e-01  6.818e-03
2.731e+03  9.423e-01  5.950e-03
2.732e+03  9.498e-01  5.177e-03
2.733e+03  9.564e-01  4.491e-03
2.734e+03  9.622e-01  3.887e-03
2.735e+03  9.674e-01  3.355e-03
2.736e+03  9.719e-01  2.888e-03
2.737e+03  9.759e-01  2.481e-03
2.738e+03  9.793e-01  2.126e-03
2.739e+03  9.823e-01  1.818e-03
2.740e+03  9.849e-01  1.551e-03
2.741e+03  9.871e-01  1.321e-03
2.742e+03  9.891e-01  1.123e-03
2.743e+03  9.907e-01  9.527e-04
2.744e+03  9.921e-01  8.069e-04
2.745e+03  9.934e-01  6.823e-04
2.746e+03  9.944e-01  5.760e-04
2.747e+03  9.953e-01  4.855e-04
2.748e+03  9.960e-01  4.086e-04
2.749e+03  9.967e-01  3.434e-04
2.750e+03  9.972e-01  2.883e-04
2.751e+03  9.976e-01  2.417e-04
2.752e+03  9.980e-01  2.024e-04
2.753e+03  9.984e-01  1.692e-04
2.754e+03  9.986e-01  1.414e-04
2.755e+03  9.989e-01  1.180e-04
2.756e+03  9.990e-01  9.835e-05
2.757e+03  9.992e-01  8.191e-05
2.758e+03  9.993e-01  6.815e-05
2.759e+03  9.994e-01  5.666e-05
2.760e+03  9.995e-01  4.706e-05
2.761e+03  9.996e-01  3.905e-05
2.762e+03  9.997e-01  3.238e-05
2.763e+03  9.997e-01  2.683e-05
2.764e+03  9.998e-01  2.222e-05
2.765e+03  9.998e-01  1.838e-05
2.766e+03  9.999e-01  1.520e-05
2.767e+03  9.999e-01  1.256e-05
2.768e+03  9.999e-01  1.037e-05
2.769e+03  9.999e-01  8.555e-06
2.770e+03  9.999e-01  7.055e-06
2.771e+03  9.999e-01  5.815e-06
2.772e+03  1.000e+00  4.790e-06
2.773e+03  1.000e+00  3.943e-06
2.774e+03  1.000e+00  3.244e-06
2.775e+03  1.000e+00  2.668e-06
2.776e+03  1.000e+00  2.193e-06
2.777e+03  1.000e+00  1.802e-06
2.778e+03  1.000e+00  1.479e-06
2.779e+03  1.000e+00  1.214e-06
2.780e+03  1.000e+00  9.961e-07
2.781e+03  1.000e+00  8.168e-07
2.782e+03  1.000e+00  6.694e-07
2.783e+03  1.000e+00  5.484e-07
2.784e+03  1.000e+00  4.491e-07
2.785e+03  1.000e+00  3.676e-07
2.786e+03  1.000e+00  3.008e-07
2.787e+03  1.000e+00  2.460e-07
2.788e+03  1.000e+00  2.012e-07
2.789e+03  1.000e+00  1.644e-07
2.790e+03  1.000e+00  1.343e-07
2.791e+03  1.000e+00  1.097e-07
2.792e+03  1.000e+00  8.954e-08
2.793e+03  1.000e+00  7.307e-08
2.794e+03  1.000e+00  5.961e-08
2.795e+03  1.000e+00  4.861e-08
2.796e+03  1.000e+00  3.963e-08
2.797e+03  1.000e+00  3.229e-08
2.798e+03  1.000e+00  2.631e-08
2.799e+03  1.000e+00  2.142e-08
2.800e+03  1.000e+00  1.744e-08
2.801e+03  1.000e+00  1.419e-08
2.802e+03  1.000e+00  1.155e-08
2.803e+03  1.000e+00  9.393e-09
2.804e+03  1.000e+00  7.638e-09
2.805e+03  1.000e+00  6.208e-09
2.806e+03  1.000e+00  5.045e-09
2.807e+03  1.000e+00  4.098e-09
2.808e+03  1.000e+00  3.328e-09
2.809e+03  1.000e+00  2.702e-09
2.810e+03  1.000e+00  2.193e-09
2.811e+03  1.000e+00  1.780e-09
2.812e+03  1.000e+00  1.444e-09
2.813e+03  1.000e+00  1.171e-09
2.814e+03  1.000e+00  9.491e-10
2.815e+03  1.000e+00  7.693e-10
2.816e+03  1.000e+00  6.233e-10
2.817e+03  1.000e+00  5.049e-10
2.818e+03  1.000e+00  4.089e-10
2.819e+03  1.000e+00  3.311e-10
2.820e+03  1.000e+00  2.680e-10
2.821e+03  1.000e+00  2.169e-10
2.822e+03  1.000e+00  1.754e-10
2.823e+03  1.000e+00  1.419e-10
2.824e+03  1.000e+00  1.147e-10
2.825e+03  1.000e+00  9.275e-11
2.826e+03  1.000e+00  7.496e-11
2.827e+03  1.000e+00  6.057e-11
2.828e+03  1.000e+00  4.893e-11
2.829e+03  1.000e+00  3.951e-11
2.830e+03  1.000e+00  3.190e-11
2.831e+03  1.000e+00  2.575e-11
2.832e+03  1.000e+00  2.078e-11
2.833e+03  1.000e+00  1.677e-11
2.834e+03  1.000e+00  1.352e-11
2.835e+03  1.000e+00  1.091e-11
2.836e+03  1.000e+00  8.793e-12
2.837e+03  1.000e+00  7.088e-12
2.838e+03  1.000e+00  5.712e-12
2.839e+03  1.000e+00  4.602e-12
2.840e+03  1.000e+00  3.707e-12
2.841e+03  1.000e+00  2.985e-12
2.842e+03  1.000e+00  2.403e-12
2.843e+03  1.000e+00  1.934e-12
2.844e+03  1.000e+00  1.557e-12
2.845e+03  1.000e+00  1.253e-12
2.846e+03  1.000e+00  1.008e-12
2.847e+03  1.000e+00  8.103e-13
2.848e+03  1.000e+00  6.515e-13
2.849e+03  1.000e+00  5.237e-13
2.850e+03  1.000e+00  4.209e-13
2.851e+03  1.000e+00  3.382e-13
2.852e+03  1.000e+00  2.717e-13
2.853e+03  1.000e+00  2.182e-13
2.854e+03  1.000e+00  1.752e-13
2.855e+03  1.000e+00  1.407e-13
2.856e+03  1.000e+00  1.129e-13
2.857e+03  1.000e+00  9.061e-14
2.858e+03  1.000e+00  7.270e-14
2.859e+03  1.000e+00  5.832e-14
2.860e+03  1.000e+00  4.677e-14
2.861e+03  1.000e+00  3.750e-14
2.862e+03  1.000e+00  3.006e-14
2.863e+03  1.000e+00  2.409e-14
2.864e+03  1.000e+00  1.930e-14
2.865e+03  1.000e+00  1.547e-14
2.866e+03  1.000e+00  1.239e-14
2.867e+03  1.000e+00  9.920e-15
2.868e+03  1.000e+00  7.942e-15
2.869e+03  1.000e+00  6.358e-15
2.870e+03  1.000e+00  5.088e-15
2.871e+03  1.000e+00  4.071e-15
2.872e+03  1.000e+00  3.257e-15
2.873e+03  1.000e+00  2.605e-15
2.874e+03  1.000e+00  2.083e-15
2.875e+03  1.000e+00  1.666e-15
2.876e+03  1.000e+00  1.331e-15
2.877e+03  1.000e+00  1.064e-15
2.878e+03  1.000e+00  8.502e-16
2.879e+03  1.000e+00  6.792e-16
2.880e+03  1.000e+00  5.425e-16
2.881e+03  1.000e+00  4.332e-16
2.882e+03  1.000e+00  3.458e-16
2.883e+03  1.000e+00  2.761e-16
2.884e+03  1.000e+00  2.203e-16
2.885e+03  1.000e+00  1.758e-16
2.886e+03  1.000e+00  1.403e-16
2.887e+03  1.000e+00  1.119e-16
2.888e+03  1.000e+00  8.921e-17
2.889e+03  1.000e+00  7.113e-17
2.890e+03  1.000e+00  5.670e-17
2.891e+03  1.000e+00  4.519e-17
2.892e+03  1.000e+00  3.601e-17
2.893e+03  1.000e+00  2.869e-17
2.894e+03  1.000e+00  2.285e-17
2.895e+03  1.000e+00  1.820e-17
2.896e+03  1.000e+00  1.449e-17
2.897e+03  1.000e+00  1.153e-17
2.898e+03  1.000e+00  9.181e-18
2.899e+03  1.000e+00  7.306e-18
2.900e+03  1.000e+00  5.813e-18
2.901e+03  1.000e+00  4.624e-18
2.902e+03  1.000e+00  3.678e-18
2.903e+03  1.000e+00  2.924e-18
2.904e+03  1.000e+00  2.325e-18
2.905e+03  1.000e+00  1.848e-18
2.906e+03  1.000e+00  1.469e-18
2.907e+03  1.000e+00  1.167e-18
2.908e+03  1.000e+00  9.270e-19
2.909e+03  1.000e+00  7.363e-19
2.910e+03  1.000e+00  5.847e-19
2.911e+03  1.000e+00  4.643e-19
2.912e+03  1.000e+00  3.686e-19
2.913e+03  1.000e+00  2.925e-19
2.914e+03  1.000e+00  2.321e-19
2.915e+03  1.000e+00  1.842e-19
2.916e+03  1.000e+00  1.461e-19
2.917e+03  1.000e+00  1.159e-19
2.918e+03  1.000e+00  9.187e-20
2.919e+03  1.000e+00  7.284e-20
2.920e+03  1.000e+00  5.774e-20
2.921e+03  1.000e+00  4.576e-20
2.922e+03  1.000e+00  3.626e-20
2.923e+03  1.000e+00  2.872e-20
2.924e+03  1.000e+00  2.275e-20
2.925e+03  1.000e+00  1.802e-20
2.926e+03  1.000e+00  1.427e-20
2.927e+03  1.000e+00  1.129e-20
2.928e+03  1.000e+00  8.939e-21
2.929e+03  1.000e+00  7.074e-21
2.930e+03  1.000e+00  5.597e-21
2.931e+03  1.000e+00  4.427e-21
2.932e+03  1.000e+00  3.502e-21
2.933e+03  1.000e+00  2.769e-21
2.934e+03  1.000e+00  2.189e-21
2.935e+03  1.000e+00  1.731e-21
2.936e+03  1.000e+00  1.368e-21
2.937e+03  1.000e+00  1.081e-21
2.938e+03  1.000e+00  8.540e-22
2.939e+03  1.000e+00  6.746e-22
2.940e+03  1.000e+00  5.328e-22
2.941e+03  1.000e+00  4.207e-22
2.942e+03  1.000e+00  3.321e-22
2.943e+03  1.000e+00  2.622e-22
2.944e+03  1.000e+00  2.069e-22
2.945e+03  1.000e+00  1.633e-22
2.946e+03  1.000e+00  1.288e-22
2.947e+03  1.000e+00  1.016e-22
2.948e+03  1.000e+00  8.013e-23
2.949e+03  1.000e+00  6.318e-23
2.950e+03  1.000e+00  4.981e-23
2.951e+03  1.000e+00  3.926e-23
2.952e+03  1.000e+00  3.094e-23
2.953e+03  1.000e+00  2.438e-23
2.954e+03  1.000e+00  1.921e-23
2.955e+03  1.000e+00  1.513e-23
2.956e+03  1.000e+00  1.192e-23
2.957e+03  1.000e+00  9.382e-24
2.958e+03  1.000e+00  7.386e-24
2.959e+03  1.000e+00  5.814e-24
2.960e+03  1.000e+00  4.575e-24
2.961e+03  1.000e+00  3.600e-24
2.962e+03  1.000e+00  2.832e-24
2.963e+03  1.000e+00  2.228e-24
2.964e+03  1.000e+00  1.752e-24
2.965e+03  1.000e+00  1.377e-24
2.966e+03  1.000e+00  1.083e-24
2.967e+03  1.000e+00  8.511e-25
2.968e+03  1.000e+00  6.689e-25
2.969e+03  1.000e+00  5.256e-25
2.970e+03  1.000e+00  4.129e-25
2.971e+03  1.000e+00  3.243e-25
2.972e+03  1.000e+00  2.547e-25
2.973e+03  1.000e+00  2.000e-25
2.974e+03  1.000e+00  1.570e-25
2.975e+03  1.000e+00  1.232e-25
2.976e+03  1.000e+00  9.670e-26
2.977e+03  1.000e+00  7.587e-26
2.978e+03  1.000e+00  5.952e-26
2.979e+03  1.000e+00  4.669e-26
2.980e+03  1.000e+00  3.661e-26
2.981e+03  1.000e+00  2.871e-26
2.982e+03  1.000e+00  2.251e-26
2.983e+03  1.000e+00  1.764e-26
2.984e+03  1.000e+00  1.383e-26
2.985e+03  1.000e+00  1.084e-26
2.986e+03  1.000e+00  8.492e-27
2.987e+03  1.000e+00  6.655e-27
2.988e+03  1.000e+00  5.216e-27
2.989e+03  1.000e+00  4.090e-27
2.990e+03  1.000e+00  3.209e-27
2.991e+03  1.000e+00  2.520e-27
2.992e+03  1.000e+00  1.984e-27
2.993e+03  1.000e+00  1.567e-27
2.994e+03  1.000e+00  1.245e-27
2.995e+03  1.000e+00  9.978e-28
2.996e+03  1.000e+00  8.113e-28
2.997e+03  1.000e+00  6.740e-28
2.998e+03  1.000e+00  5.777e-28
2.999e+03  1.000e+00  5.165e-28
3.000e+03  1.000e+00  4.868e-28
