1.129311579577859215e+00
1.125795908800895972e+00
1.122280238023932508e+00
1.122280238023932508e+00
1.118764567246969266e+00
1.118764567246969266e+00
1.115327022487272002e+00
1.111733225693043003e+00
1.111733225693043003e+00
1.108217554916079761e+00
1.108217554916079761e+00
1.104623758121850763e+00
1.101186213362153277e+00
1.101186213362153277e+00
1.097592416567924056e+00
1.097592416567924056e+00
1.094076745790960814e+00
1.090482948996731816e+00
1.090482948996731816e+00
1.086967278219768573e+00
1.086967278219768573e+00
1.083373481425539353e+00
1.079857810648576333e+00
1.079857810648576333e+00
1.076342139871612869e+00
1.076342139871612869e+00
1.072826469094649626e+00
1.069310798317686384e+00
1.069310798317686384e+00
1.065795127540723364e+00
1.065795127540723364e+00
1.062279456763760122e+00
1.058685659969530901e+00
1.058685659969530901e+00
1.055248115209833415e+00
1.055248115209833415e+00
1.051732444432870395e+00
1.048216773655907152e+00
1.048216773655907152e+00
1.044779228896209666e+00
1.044779228896209666e+00
1.041263558119246424e+00
1.037747887342283404e+00
1.037747887342283404e+00
1.034310342582585696e+00
1.034310342582585696e+00
1.030794671805622453e+00
1.027357127045924967e+00
1.027357127045924967e+00
1.023919582286227703e+00
1.023919582286227703e+00
1.020482037526530439e+00
1.016966366749567197e+00
1.016966366749567197e+00
1.013528821989869710e+00
1.013528821989869710e+00
1.010169403247438202e+00
1.006653732470474960e+00
1.006653732470474960e+00
1.003294313728043452e+00
1.003294313728043452e+00
9.999348949856118329e-01
9.964192242086484796e-01
9.964192242086484796e-01
9.930598054662171936e-01
9.930598054662171936e-01
9.896222607065194854e-01
9.862628419640881994e-01
9.862628419640881994e-01
9.829034232216564693e-01
9.794658784619593161e-01
9.794658784619593161e-01
9.761064597195275860e-01
9.761064597195275860e-01
9.727470409770960780e-01
9.693876222346645699e-01
9.693876222346645699e-01
9.659500774749671947e-01
9.659500774749671947e-01
9.626687847498014428e-01
9.592312399901041786e-01
9.592312399901041786e-01
9.559499472649384266e-01
9.559499472649384266e-01
9.525124025052409404e-01
9.492311097800751885e-01
9.492311097800751885e-01
9.458716910376439024e-01
9.458716910376439024e-01
9.425122722952121723e-01
9.392309795700464203e-01
9.392309795700464203e-01
9.358715608276150233e-01
9.358715608276150233e-01
9.325902681024492713e-01
9.292308493600178743e-01
9.292308493600178743e-01
9.259495566348521223e-01
9.259495566348521223e-01
9.226682639096863703e-01
