1.127529362743821428e+00
1.124091773223261148e+00
1.124091773223261148e+00
1.120654183702700646e+00
1.120654183702700646e+00
1.117060340113023909e+00
1.113466496523346949e+00
1.113466496523346949e+00
1.110028907002786669e+00
1.110028907002786669e+00
1.106435063413109710e+00
1.102684965754316737e+00
1.102684965754316737e+00
1.099247376233756013e+00
1.099247376233756013e+00
1.095653532644079498e+00
1.091903434985286081e+00
1.091903434985286081e+00
1.088309591395609344e+00
1.088309591395609344e+00
1.084559493736816149e+00
1.080965650147139412e+00
1.080965650147139412e+00
1.077371806557462453e+00
1.077371806557462453e+00
1.073621708898669258e+00
1.070027865308992521e+00
1.070027865308992521e+00
1.066121513581082869e+00
1.066121513581082869e+00
1.062527669991406132e+00
1.058777572332612937e+00
1.058777572332612937e+00
1.055027474673819521e+00
1.051277377015026326e+00
1.051277377015026326e+00
1.047371025287116897e+00
1.047371025287116897e+00
1.043777181697440160e+00
1.039870829969530508e+00
1.039870829969530508e+00
1.035964478241620856e+00
1.035964478241620856e+00
1.032214380582827662e+00
1.028308028854918232e+00
1.028308028854918232e+00
1.024557931196125038e+00
1.024557931196125038e+00
1.020495325399099151e+00
1.016745227740305735e+00
1.016745227740305735e+00
1.012838876012396083e+00
1.012838876012396083e+00
1.008776270215370197e+00
1.005026172556577002e+00
1.005026172556577002e+00
1.000963566759550893e+00
1.000963566759550893e+00
9.970572150316415749e-01
9.931508633037319234e-01
9.931508633037319234e-01
9.890882575067060367e-01
9.890882575067060367e-01
9.848693976405635819e-01
9.811192999817702765e-01
9.811192999817702765e-01
9.769004401156279327e-01
9.769004401156279327e-01
9.728378343186020460e-01
9.687752285215760484e-01
9.687752285215760484e-01
9.647126227245501617e-01
9.647126227245501617e-01
9.604937628584078180e-01
9.564311570613819313e-01
9.564311570613819313e-01
9.522122971952394765e-01
9.522122971952394765e-01
9.479934373290971328e-01
9.437745774629547890e-01
9.437745774629547890e-01
9.397119716659289024e-01
9.397119716659289024e-01
9.353368577306702125e-01
9.311179978645277577e-01
9.311179978645277577e-01
9.268991379983854140e-01
9.268991379983854140e-01
9.226802781322431812e-01
9.183051641969843804e-01
9.183051641969843804e-01
9.139300502617255795e-01
9.139300502617255795e-01
9.095549363264668896e-01
9.051798223912081998e-01
9.051798223912081998e-01
9.006484543868330528e-01
9.006484543868330528e-01
8.962733404515742519e-01
8.918982265163154510e-01
