8.514190317195324820e-01
8.313856427378965019e-01
8.013355592654424209e-01
7.913188647746244309e-01
7.612687813021702388e-01
7.312186978297162687e-01
7.111853088480801777e-01
6.911519198664440866e-01
6.611018363939900055e-01
6.310517529215359245e-01
6.010016694490818434e-01
5.809682804674457524e-01
5.409015025041736813e-01
5.008347245409014992e-01
4.707846410684474736e-01
4.207011686143572460e-01
3.806343906510851194e-01
3.305509181969950028e-01
2.604340567612687951e-01
1.803005008347245697e-01
6.010016694490818295e-02
-1.592654424040066852e+00
-1.602671118530884842e+00
-1.612687813021702832e+00
-1.602671118530884842e+00
-1.612687813021702832e+00
-1.612687813021702832e+00
-1.602671118530884842e+00
-1.612687813021702832e+00
-1.612687813021702832e+00
-1.602671118530884842e+00
-1.612687813021702832e+00
-1.612687813021702832e+00
-1.612687813021702832e+00
-1.612687813021702832e+00
-1.612687813021702832e+00
-1.602671118530884842e+00
-1.612687813021702832e+00
-1.602671118530884842e+00
-1.612687813021702832e+00
-1.602671118530884842e+00
-1.612687813021702832e+00
-1.612687813021702832e+00
-1.602671118530884842e+00
-1.612687813021702832e+00
-1.612687813021702832e+00
-1.612687813021702832e+00
-1.602671118530884842e+00
-1.612687813021702832e+00
-1.612687813021702832e+00
