8.514190317195324820e-01
8.313856427378965019e-01
8.113522537562604109e-01
7.913188647746244309e-01
7.612687813021702388e-01
7.312186978297162687e-01
7.111853088480801777e-01
6.911519198664440866e-01
6.611018363939900055e-01
6.410684474123540255e-01
6.010016694490818434e-01
5.809682804674457524e-01
5.409015025041736813e-01
5.108514190317196002e-01
4.707846410684474736e-01
4.307178631051753470e-01
3.906510851419032204e-01
3.305509181969950028e-01
2.704507512520868406e-01
1.903171953255425597e-01
6.010016694490818295e-02
-1.051752921535893170e+00
-1.121869782971619545e+00
-1.181969949916527485e+00
-1.242070116861435869e+00
-1.312186978297162021e+00
-1.372287145242070183e+00
-1.432387312186978345e+00
-1.502504173622704498e+00
-1.572621035058430872e+00
-1.642737896494157024e+00
-1.712854757929883398e+00
-1.782971619365609328e+00
-1.863105175292153470e+00
-1.933222036727879845e+00
-2.013355592654423987e+00
-2.114583333333333481e+00
-2.206521739130435034e+00
-2.291115311909262875e+00
-2.390532544378698443e+00
-2.498969072164948901e+00
-2.612068965517241548e+00
-2.735891647855530628e+00
-3.285347043701799308e+00
-3.433242506811989170e+00
-3.449999999999999734e+00
-3.445378151260503952e+00
-3.464788732394366466e+00
-3.457627118644067910e+00
-3.467422096317280378e+00
