8.514190317195324820e-01
8.313856427378965019e-01
8.013355592654424209e-01
7.913188647746244309e-01
7.612687813021702388e-01
7.412353923205342587e-01
7.212020033388982787e-01
6.911519198664440866e-01
6.611018363939900055e-01
6.410684474123540255e-01
6.010016694490818434e-01
5.809682804674457524e-01
5.409015025041736813e-01
5.008347245409014992e-01
4.707846410684474736e-01
4.307178631051753470e-01
3.906510851419032204e-01
3.405676126878130483e-01
2.704507512520868406e-01
1.903171953255425597e-01
6.010016694490818295e-02
-4.106844741235392560e-01
-4.207011686143572460e-01
-4.207011686143572460e-01
-4.106844741235392560e-01
-4.106844741235392560e-01
-4.207011686143572460e-01
-4.207011686143572460e-01
-4.207011686143572460e-01
-4.106844741235392560e-01
-4.207011686143572460e-01
-4.207011686143572460e-01
-4.106844741235392560e-01
-4.106844741235392560e-01
-4.207011686143572460e-01
-4.207011686143572460e-01
-4.207011686143572460e-01
-4.207011686143572460e-01
-4.207011686143572460e-01
-4.106844741235392560e-01
-4.106844741235392560e-01
-4.106844741235392560e-01
-4.207011686143572460e-01
-4.207011686143572460e-01
-4.207011686143572460e-01
-4.207011686143572460e-01
-4.207011686143572460e-01
-4.207011686143572460e-01
-4.207011686143572460e-01
-4.207011686143572460e-01
