0.000e+00  2.667e-09  2.731e-04
1.000e+00  2.667e-09  2.731e-04
2.000e+00  2.667e-09  2.731e-04
3.000e+00  2.667e-09  2.731e-04
4.000e+00  2.667e-09  2.731e-04
5.000e+00  2.667e-09  2.731e-04
6.000e+00  2.667e-09  2.731e-04
7.000e+00  2.667e-09  2.731e-04
8.000e+00  2.667e-09  2.731e-04
9.000e+00  2.667e-09  2.731e-04
1.000e+01  2.667e-09  2.731e-04
1.100e+01  2.667e-09  2.731e-04
1.200e+01  2.667e-09  2.731e-04
1.300e+01  2.667e-09  2.731e-04
1.400e+01  2.667e-09  2.731e-04
1.500e+01  2.667e-09  2.731e-04
1.600e+01  2.667e-09  2.731e-04
1.700e+01  2.667e-09  2.731e-04
1.800e+01  2.667e-09  2.731e-04
1.900e+01  2.667e-09  2.731e-04
2.000e+01  2.667e-09  2.731e-04
2.100e+01  2.667e-09  2.731e-04
2.200e+01  2.667e-09  2.731e-04
2.300e+01  2.667e-09  2.731e-04
2.400e+01  2.667e-09  2.731e-04
2.500e+01  2.667e-09  2.731e-04
2.600e+01  2.667e-09  2.731e-04
2.700e+01  2.667e-09  2.731e-04
2.800e+01  2.667e-09  2.731e-04
2.900e+01  2.667e-09  2.731e-04
3.000e+01  2.667e-09  2.731e-04
3.100e+01  2.667e-09  2.731e-04
3.200e+01  2.667e-09  2.731e-04
3.300e+01  2.667e-09  2.731e-04
3.400e+01  2.667e-09  2.731e-04
3.500e+01  2.667e-09  2.731e-04
3.600e+01  2.667e-09  2.731e-04
3.700e+01  2.667e-09  2.731e-04
3.800e+01  2.667e-09  2.731e-04
3.900e+01  2.667e-09  2.731e-04
4.000e+01  2.667e-09  2.731e-04
4.100e+01  2.667e-09  2.731e-04
4.200e+01  2.667e-09  2.731e-04
4.300e+01  2.667e-09  2.731e-04
4.400e+01  2.667e-09  2.731e-04
4.500e+01  2.667e-09  2.731e-04
4.600e+01  2.667e-09  2.731e-04
4.700e+01  2.667e-09  2.731e-04
4.800e+01  2.667e-09  2.731e-04
4.900e+01  2.667e-09  2.731e-04
5.000e+01  2.667e-09  2.731e-04
5.100e+01  2.667e-09  2.731e-04
5.200e+01  2.667e-09  2.731e-04
5.300e+01  2.667e-09  2.731e-04
5.400e+01  2.667e-09  2.731e-04
5.500e+01  2.667e-09  2.731e-04
5.600e+01  2.667e-09  2.731e-04
5.700e+01  2.667e-09  2.731e-04
5.800e+01  2.667e-09  2.731e-04
5.900e+01  2.667e-09  2.731e-04
6.000e+01  2.667e-09  2.731e-04
6.100e+01  2.667e-09  2.731e-04
6.200e+01  2.667e-09  2.731e-04
6.300e+01  2.667e-09  2.731e-04
6.400e+01  2.667e-09  2.731e-04
6.500e+01  2.667e-09  2.731e-04
6.600e+01  2.667e-09  2.731e-04
6.700e+01  2.667e-09  2.731e-04
6.800e+01  2.667e-09  2.731e-04
6.900e+01  2.667e-09  2.731e-04
7.000e+01  2.667e-09  2.731e-04
7.100e+01  2.667e-09  2.731e-04
7.200e+01  2.667e-09  2.731e-04
7.300e+01  2.667e-09  2.731e-04
7.400e+01  2.667e-09  2.731e-04
7.500e+01  2.667e-09  2.731e-04
7.600e+01  2.667e-09  2.731e-04
7.700e+01  2.667e-09  2.731e-04
7.800e+01  2.667e-09  2.731e-04
7.900e+01  2.667e-09  2.731e-04
8.000e+01  2.667e-09  2.731e-04
8.100e+01  2.667e-09  2.731e-04
8.200e+01  2.667e-09  2.731e-04
8.300e+01  2.667e-09  2.731e-04
8.400e+01  2.667e-09  2.731e-04
8.500e+01  2.667e-09  2.731e-04
8.600e+01  2.667e-09  2.731e-04
8.700e+01  2.667e-09  2.731e-04
8.800e+01  2.667e-09  2.731e-04
8.900e+01  2.667e-09  2.731e-04
9.000e+01  2.667e-09  2.731e-04
9.100e+01  2.667e-09  2.731e-04
9.200e+01  2.667e-09  2.731e-04
9.300e+01  2.667e-09  2.731e-04
9.400e+01  2.667e-09  2.731e-04
9.500e+01  2.667e-09  2.731e-04
9.600e+01  2.667e-09  2.731e-04
9.700e+01  2.667e-09  2.731e-04
9.800e+01  2.667e-09  2.731e-04
9.900e+01  2.667e-09  2.731e-04
1.000e+02  2.667e-09  2.731e-04
1.010e+02  2.667e-09  2.731e-04
1.020e+02  2.667e-09  2.731e-04
1.030e+02  2.667e-09  2.731e-04
1.040e+02  2.667e-09  2.731e-04
1.050e+02  2.667e-09  2.731e-04
1.060e+02  2.667e-09  2.731e-04
1.070e+02  2.667e-09  2.731e-04
1.080e+02  2.667e-09  2.731e-04
1.090e+02  2.667e-09  2.731e-04
1.100e+02  2.667e-09  2.731e-04
1.110e+02  2.667e-09  2.731e-04
1.120e+02  2.667e-09  2.731e-04
1.130e+02  2.667e-09  2.731e-04
1.140e+02  2.667e-09  2.731e-04
1.150e+02  2.667e-09  2.731e-04
1.160e+02  2.667e-09  2.731e-04
1.170e+02  2.667e-09  2.731e-04
1.180e+02  2.667e-09  2.731e-04
1.190e+02  2.667e-09  2.731e-04
1.200e+02  2.667e-09  2.731e-04
1.210e+02  2.667e-09  2.731e-04
1.220e+02  2.667e-09  2.731e-04
1.230e+02  2.667e-09  2.731e-04
1.240e+02  2.667e-09  2.731e-04
1.250e+02  2.667e-09  2.731e-04
1.260e+02  2.667e-09  2.731e-04
1.270e+02  2.667e-09  2.731e-04
1.280e+02  2.667e-09  2.731e-04
1.290e+02  2.667e-09  2.731e-04
1.300e+02  2.667e-09  2.731e-04
1.310e+02  2.667e-09  2.731e-04
1.320e+02  2.667e-09  2.731e-04
1.330e+02  2.667e-09  2.731e-04
1.340e+02  2.667e-09  2.731e-04
1.350e+02  2.667e-09  2.731e-04
1.360e+02  2.667e-09  2.731e-04
1.370e+02  2.667e-09  2.731e-04
1.380e+02  2.667e-09  2.731e-04
1.390e+02  2.667e-09  2.731e-04
1.400e+02  2.667e-09  2.731e-04
1.410e+02  2.667e-09  2.731e-04
1.420e+02  2.667e-09  2.731e-04
1.430e+02  2.667e-09  2.731e-04
1.440e+02  2.667e-09  2.731e-04
1.450e+02  2.667e-09  2.731e-04
1.460e+02  2.667e-09  2.731e-04
1.470e+02  2.667e-09  2.731e-04
1.480e+02  2.667e-09  2.731e-04
1.490e+02  2.667e-09  2.731e-04
1.500e+02  2.667e-09  2.731e-04
1.510e+02  2.667e-09  2.731e-04
1.520e+02  2.667e-09  2.731e-04
1.530e+02  2.667e-09  2.731e-04
1.540e+02  2.667e-09  2.731e-04
1.550e+02  2.667e-09  2.731e-04
1.560e+02  2.667e-09  2.731e-04
1.570e+02  2.667e-09  2.731e-04
1.580e+02  2.667e-09  2.731e-04
1.590e+02  2.667e-09  2.731e-04
1.600e+02  2.667e-09  2.731e-04
1.610e+02  2.667e-09  2.731e-04
1.620e+02  2.667e-09  2.731e-04
1.630e+02  2.667e-09  2.731e-04
1.640e+02  2.667e-09  2.731e-04
1.650e+02  2.667e-09  2.731e-04
1.660e+02  2.667e-09  2.731e-04
1.670e+02  2.667e-09  2.731e-04
1.680e+02  2.667e-09  2.731e-04
1.690e+02  2.667e-09  2.731e-04
1.700e+02  2.667e-09  2.731e-04
1.710e+02  2.667e-09  2.731e-04
1.720e+02  2.668e-09  2.731e-04
1.730e+02  2.670e-09  2.731e-04
1.740e+02  2.674e-09  2.731e-04
1.750e+02  2.685e-09  2.731e-04
1.760e+02  2.715e-09  2.731e-04
1.770e+02  2.795e-09  2.732e-04
1.780e+02  3.005e-09  2.732e-04
1.790e+02  3.570e-09  2.732e-04
1.800e+02  5.091e-09  2.734e-04
1.810e+02  9.222e-09  2.737e-04
1.820e+02  2.052e-08  2.742e-04
1.830e+02  5.162e-08  2.754e-04
1.840e+02  1.379e-07  2.777e-04
1.850e+02  3.786e-07  2.822e-04
1.860e+02  1.054e-06  2.913e-04
1.870e+02  2.959e-06  3.092e-04
1.880e+02  8.342e-06  3.438e-04
1.890e+02  2.351e-05  4.101e-04
1.900e+02  6.574e-05  5.341e-04
1.910e+02  1.801e-04  7.591e-04
1.920e+02  4.758e-04  1.150e-03
1.930e+02  1.194e-03  1.796e-03
1.940e+02  2.812e-03  2.798e-03
1.950e+02  6.176e-03  4.251e-03
1.960e+02  1.262e-02  6.209e-03
1.970e+02  2.400e-02  8.646e-03
1.980e+02  4.258e-02  1.144e-02
1.990e+02  7.074e-02  1.436e-02
2.000e+02  1.105e-01  1.711e-02
2.010e+02  1.631e-01  1.936e-02
2.020e+02  2.283e-01  2.085e-02
2.030e+02  3.046e-01  2.139e-02
2.040e+02  3.891e-01  2.095e-02
2.050e+02  4.776e-01  1.961e-02
2.060e+02  5.660e-01  1.758e-02
2.070e+02  6.499e-01  1.510e-02
2.080e+02  7.261e-01  1.246e-02
2.090e+02  7.921e-01  9.885e-03
2.100e+02  8.471e-01  7.547e-03
2.110e+02  8.910e-01  5.552e-03
2.120e+02  9.246e-01  3.941e-03
2.130e+02  9.495e-01  2.702e-03
2.140e+02  9.671e-01  1.791e-03
2.150e+02  9.793e-01  1.148e-03
2.160e+02  9.873e-01  7.133e-04
2.170e+02  9.924e-01  4.295e-04
2.180e+02  9.956e-01  2.509e-04
2.190e+02  9.975e-01  1.423e-04
2.200e+02  9.987e-01  7.844e-05
2.210e+02  9.993e-01  4.203e-05
2.220e+02  9.996e-01  2.191e-05
2.230e+02  9.998e-01  1.112e-05
2.240e+02  9.999e-01  5.497e-06
2.250e+02  1.000e+00  2.648e-06
2.260e+02  1.000e+00  1.244e-06
2.270e+02  1.000e+00  5.702e-07
2.280e+02  1.000e+00  2.551e-07
2.290e+02  1.000e+00  1.114e-07
2.300e+02  1.000e+00  4.756e-08
2.310e+02  1.000e+00  1.984e-08
2.320e+02  1.000e+00  8.095e-09
2.330e+02  1.000e+00  3.230e-09
2.340e+02  1.000e+00  1.262e-09
2.350e+02  1.000e+00  4.824e-10
2.360e+02  1.000e+00  1.806e-10
2.370e+02  1.000e+00  6.628e-11
2.380e+02  1.000e+00  2.383e-11
2.390e+02  1.000e+00  8.402e-12
2.400e+02  1.000e+00  2.905e-12
2.410e+02  1.000e+00  9.856e-13
2.420e+02  1.000e+00  3.282e-13
2.430e+02  1.000e+00  1.073e-13
2.440e+02  1.000e+00  3.443e-14
2.450e+02  1.000e+00  1.086e-14
2.460e+02  1.000e+00  3.363e-15
2.470e+02  1.000e+00  1.024e-15
2.480e+02  1.000e+00  3.066e-16
2.490e+02  1.000e+00  9.028e-17
2.500e+02  1.000e+00  2.615e-17
2.510e+02  1.000e+00  7.451e-18
2.520e+02  1.000e+00  2.090e-18
2.530e+02  1.000e+00  5.770e-19
2.540e+02  1.000e+00  1.569e-19
2.550e+02  1.000e+00  4.200e-20
2.560e+02  1.000e+00  1.108e-20
2.570e+02  1.000e+00  2.880e-21
2.580e+02  1.000e+00  7.376e-22
2.590e+02  1.000e+00  1.863e-22
2.600e+02  1.000e+00  4.638e-23
2.610e+02  1.000e+00  1.139e-23
2.620e+02  1.000e+00  2.758e-24
2.630e+02  1.000e+00  6.590e-25
2.640e+02  1.000e+00  1.554e-25
2.650e+02  1.000e+00  3.616e-26
2.660e+02  1.000e+00  8.306e-27
2.670e+02  1.000e+00  1.884e-27
2.680e+02  1.000e+00  4.219e-28
2.690e+02  1.000e+00  9.333e-29
2.700e+02  1.000e+00  2.039e-29
2.710e+02  1.000e+00  4.403e-30
2.720e+02  1.000e+00  9.393e-31
2.730e+02  1.000e+00  1.980e-31
2.740e+02  1.000e+00  4.128e-32
2.750e+02  1.000e+00  8.505e-33
2.760e+02  1.000e+00  1.733e-33
2.770e+02  1.000e+00  3.491e-34
2.780e+02  1.000e+00  6.957e-35
2.790e+02  1.000e+00  1.371e-35
2.800e+02  1.000e+00  2.674e-36
2.810e+02  1.000e+00  5.161e-37
2.820e+02  1.000e+00  9.856e-38
2.830e+02  1.000e+00  1.863e-38
2.840e+02  1.000e+00  3.485e-39
2.850e+02  1.000e+00  6.456e-40
2.860e+02  1.000e+00  1.184e-40
2.870e+02  1.000e+00  2.150e-41
2.880e+02  1.000e+00  3.868e-42
2.890e+02  1.000e+00  6.891e-43
2.900e+02  1.000e+00  1.216e-43
2.910e+02  1.000e+00  2.126e-44
2.920e+02  1.000e+00  3.683e-45
2.930e+02  1.000e+00  6.323e-46
2.940e+02  1.000e+00  1.076e-46
2.950e+02  1.000e+00  1.814e-47
2.960e+02  1.000e+00  3.032e-48
2.970e+02  1.000e+00  5.024e-49
2.980e+02  1.000e+00  8.255e-50
2.990e+02  1.000e+00  1.345e-50
3.000e+02  1.000e+00  2.172e-51
3.010e+02  1.000e+00  3.480e-52
3.020e+02  1.000e+00  5.531e-53
3.030e+02  1.000e+00  8.718e-54
3.040e+02  1.000e+00  1.363e-54
3.050e+02  1.000e+00  2.115e-55
3.060e+02  1.000e+00  3.256e-56
3.070e+02  1.000e+00  4.973e-57
3.080e+02  1.000e+00  7.538e-58
3.090e+02  1.000e+00  1.134e-58
3.100e+02  1.000e+00  1.693e-59
3.110e+02  1.000e+00  2.510e-60
3.120e+02  1.000e+00  3.693e-61
3.130e+02  1.000e+00  5.395e-62
3.140e+02  1.000e+00  7.824e-63
3.150e+02  1.000e+00  1.127e-63
3.160e+02  1.000e+00  1.611e-64
3.170e+02  1.000e+00  2.289e-65
3.180e+02  1.000e+00  3.228e-66
3.190e+02  1.000e+00  4.523e-67
3.200e+02  1.000e+00  6.294e-68
3.210e+02  1.000e+00  8.701e-69
3.220e+02  1.000e+00  1.195e-69
3.230e+02  1.000e+00  1.631e-70
3.240e+02  1.000e+00  2.211e-71
3.250e+02  1.000e+00  2.978e-72
3.260e+02  1.000e+00  3.987e-73
3.270e+02  1.000e+00  5.304e-74
3.280e+02  1.000e+00  7.013e-75
3.290e+02  1.000e+00  9.216e-76
3.300e+02  1.000e+00  1.204e-76
3.310e+02  1.000e+00  1.563e-77
3.320e+02  1.000e+00  2.018e-78
3.330e+02  1.000e+00  2.589e-79
3.340e+02  1.000e+00  3.303e-80
3.350e+02  1.000e+00  4.190e-81
3.360e+02  1.000e+00  5.285e-82
3.370e+02  1.000e+00  6.629e-83
3.380e+02  1.000e+00  8.268e-84
3.390e+02  1.000e+00  1.026e-84
3.400e+02  1.000e+00  1.265e-85
3.410e+02  1.000e+00  1.552e-86
3.420e+02  1.000e+00  1.894e-87
3.430e+02  1.000e+00  2.300e-88
3.440e+02  1.000e+00  2.777e-89
3.450e+02  1.000e+00  3.336e-90
3.460e+02  1.000e+00  3.987e-91
3.470e+02  1.000e+00  4.741e-92
3.480e+02  1.000e+00  5.608e-93
3.490e+02  1.000e+00  6.602e-94
3.500e+02  1.000e+00  7.732e-95
3.510e+02  1.000e+00  9.012e-96
3.520e+02  1.000e+00  1.045e-96
3.530e+02  1.000e+00  1.207e-97
3.540e+02  1.000e+00  1.386e-98
3.550e+02  1.000e+00  1.585e-99
3.560e+02  1.000e+00  1.803e-100
3.570e+02  1.000e+00  2.043e-101
3.580e+02  1.000e+00  2.303e-102
3.590e+02  1.000e+00  2.585e-103
3.600e+02  1.000e+00  2.888e-104
3.610e+02  1.000e+00  3.213e-105
3.620e+02  1.000e+00  3.558e-106
3.630e+02  1.000e+00  3.922e-107
3.640e+02  1.000e+00  4.306e-108
3.650e+02  1.000e+00  4.706e-109
3.660e+02  1.000e+00  5.122e-110
3.670e+02  1.000e+00  5.550e-111
3.680e+02  1.000e+00  5.989e-112
3.690e+02  1.000e+00  6.436e-113
3.700e+02  1.000e+00  6.888e-114
3.710e+02  1.000e+00  7.342e-115
3.720e+02  1.000e+00  7.793e-116
3.730e+02  1.000e+00  8.239e-117
3.740e+02  1.000e+00  8.676e-118
3.750e+02  1.000e+00  9.100e-119
3.760e+02  1.000e+00  9.507e-120
3.770e+02  1.000e+00  9.894e-121
3.780e+02  1.000e+00  1.026e-121
3.790e+02  1.000e+00  1.059e-122
3.800e+02  1.000e+00  1.090e-123
3.810e+02  1.000e+00  1.117e-124
3.820e+02  1.000e+00  1.140e-125
3.830e+02  1.000e+00  1.160e-126
3.840e+02  1.000e+00  1.176e-127
3.850e+02  1.000e+00  1.188e-128
3.860e+02  1.000e+00  1.195e-129
3.870e+02  1.000e+00  1.199e-130
3.880e+02  1.000e+00  1.198e-131
3.890e+02  1.000e+00  1.192e-132
3.900e+02  1.000e+00  1.183e-133
3.910e+02  1.000e+00  1.170e-134
3.920e+02  1.000e+00  1.153e-135
3.930e+02  1.000e+00  1.132e-136
3.940e+02  1.000e+00  1.108e-137
3.950e+02  1.000e+00  1.081e-138
3.960e+02  1.000e+00  1.051e-139
3.970e+02  1.000e+00  1.018e-140
3.980e+02  1.000e+00  9.834e-142
3.990e+02  1.000e+00  9.476e-143
4.000e+02  1.000e+00  9.955e-144
