0.000e+00  1.384e-38  1.512e-18
1.000e+00  1.384e-38  1.512e-18
2.000e+00  1.384e-38  1.512e-18
3.000e+00  1.384e-38  1.512e-18
4.000e+00  1.384e-38  1.512e-18
5.000e+00  1.384e-38  1.512e-18
6.000e+00  1.384e-38  1.512e-18
7.000e+00  1.384e-38  1.512e-18
8.000e+00  1.384e-38  1.512e-18
9.000e+00  1.384e-38  1.512e-18
1.000e+01  1.384e-38  1.512e-18
1.100e+01  1.384e-38  1.512e-18
1.200e+01  1.384e-38  1.512e-18
1.300e+01  1.384e-38  1.512e-18
1.400e+01  1.384e-38  1.512e-18
1.500e+01  1.384e-38  1.512e-18
1.600e+01  1.384e-38  1.512e-18
1.700e+01  1.384e-38  1.512e-18
1.800e+01  1.384e-38  1.512e-18
1.900e+01  1.384e-38  1.512e-18
2.000e+01  1.384e-38  1.512e-18
2.100e+01  1.384e-38  1.512e-18
2.200e+01  1.384e-38  1.512e-18
2.300e+01  1.384e-38  1.512e-18
2.400e+01  1.384e-38  1.512e-18
2.500e+01  1.384e-38  1.512e-18
2.600e+01  1.384e-38  1.512e-18
2.700e+01  1.384e-38  1.512e-18
2.800e+01  1.384e-38  1.512e-18
2.900e+01  1.384e-38  1.512e-18
3.000e+01  1.384e-38  1.512e-18
3.100e+01  1.384e-38  1.512e-18
3.200e+01  1.384e-38  1.512e-18
3.300e+01  1.384e-38  1.512e-18
3.400e+01  1.384e-38  1.512e-18
3.500e+01  1.384e-38  1.512e-18
3.600e+01  1.384e-38  1.512e-18
3.700e+01  1.384e-38  1.512e-18
3.800e+01  1.384e-38  1.512e-18
3.900e+01  1.384e-38  1.512e-18
4.000e+01  1.384e-38  1.512e-18
4.100e+01  1.384e-38  1.512e-18
4.200e+01  1.384e-38  1.512e-18
4.300e+01  1.384e-38  1.512e-18
4.400e+01  1.384e-38  1.512e-18
4.500e+01  1.384e-38  1.512e-18
4.600e+01  1.384e-38  1.512e-18
4.700e+01  1.384e-38  1.512e-18
4.800e+01  1.384e-38  1.512e-18
4.900e+01  1.384e-38  1.512e-18
5.000e+01  1.384e-38  1.512e-18
5.100e+01  1.384e-38  1.512e-18
5.200e+01  1.384e-38  1.512e-18
5.300e+01  1.384e-38  1.512e-18
5.400e+01  1.384e-38  1.512e-18
5.500e+01  1.384e-38  1.512e-18
5.600e+01  1.384e-38  1.512e-18
5.700e+01  1.384e-38  1.512e-18
5.800e+01  1.384e-38  1.512e-18
5.900e+01  1.384e-38  1.512e-18
6.000e+01  1.384e-38  1.512e-18
6.100e+01  1.384e-38  1.512e-18
6.200e+01  1.384e-38  1.512e-18
6.300e+01  1.384e-38  1.512e-18
6.400e+01  1.384e-38  1.512e-18
6.500e+01  1.384e-38  1.512e-18
6.600e+01  1.384e-38  1.512e-18
6.700e+01  1.384e-38  1.512e-18
6.800e+01  1.384e-38  1.512e-18
6.900e+01  1.384e-38  1.512e-18
7.000e+01  1.384e-38  1.512e-18
7.100e+01  1.384e-38  1.512e-18
7.200e+01  1.384e-38  1.512e-18
7.300e+01  1.384e-38  1.512e-18
7.400e+01  1.384e-38  1.512e-18
7.500e+01  1.384e-38  1.512e-18
7.600e+01  1.384e-38  1.512e-18
7.700e+01  1.384e-38  1.512e-18
7.800e+01  1.384e-38  1.512e-18
7.900e+01  1.384e-38  1.512e-18
8.000e+01  1.384e-38  1.512e-18
8.100e+01  1.384e-38  1.512e-18
8.200e+01  1.384e-38  1.512e-18
8.300e+01  1.384e-38  1.512e-18
8.400e+01  1.384e-38  1.512e-18
8.500e+01  1.384e-38  1.512e-18
8.600e+01  1.384e-38  1.512e-18
8.700e+01  1.384e-38  1.512e-18
8.800e+01  1.384e-38  1.512e-18
8.900e+01  1.384e-38  1.512e-18
9.000e+01  1.384e-38  1.512e-18
9.100e+01  1.384e-38  1.512e-18
9.200e+01  1.384e-38  1.512e-18
9.300e+01  1.385e-38  1.512e-18
9.400e+01  1.386e-38  1.512e-18
9.500e+01  1.389e-38  1.512e-18
9.600e+01  1.399e-38  1.512e-18
9.700e+01  1.426e-38  1.512e-18
9.800e+01  1.505e-38  1.512e-18
9.900e+01  1.734e-38  1.512e-18
1.000e+02  2.395e-38  1.512e-18
1.010e+02  4.307e-38  1.512e-18
1.020e+02  9.833e-38  1.512e-18
1.030e+02  2.580e-37  1.512e-18
1.040e+02  7.191e-37  1.512e-18
1.050e+02  2.051e-36  1.512e-18
1.060e+02  5.893e-36  1.512e-18
1.070e+02  1.698e-35  1.512e-18
1.080e+02  4.895e-35  1.512e-18
1.090e+02  1.411e-34  1.512e-18
1.100e+02  4.068e-34  1.512e-18
1.110e+02  1.172e-33  1.512e-18
1.120e+02  3.377e-33  1.512e-18
1.130e+02  9.725e-33  1.512e-18
1.140e+02  2.800e-32  1.512e-18
1.150e+02  8.058e-32  1.512e-18
1.160e+02  2.318e-31  1.512e-18
1.170e+02  6.668e-31  1.512e-18
1.180e+02  1.917e-30  1.512e-18
1.190e+02  5.512e-30  1.512e-18
1.200e+02  1.584e-29  1.512e-18
1.210e+02  4.550e-29  1.512e-18
1.220e+02  1.307e-28  1.512e-18
1.230e+02  3.752e-28  1.512e-18
1.240e+02  1.077e-27  1.512e-18
1.250e+02  3.091e-27  1.512e-18
1.260e+02  8.868e-27  1.513e-18
1.270e+02  2.543e-26  1.514e-18
1.280e+02  7.293e-26  1.516e-18
1.290e+02  2.091e-25  1.521e-18
1.300e+02  5.991e-25  1.531e-18
1.310e+02  1.717e-24  1.555e-18
1.320e+02  4.917e-24  1.607e-18
1.330e+02  1.408e-23  1.720e-18
1.340e+02  4.031e-23  1.968e-18
1.350e+02  1.154e-22  2.513e-18
1.360e+02  3.302e-22  3.706e-18
1.370e+02  9.446e-22  6.318e-18
1.380e+02  2.701e-21  1.204e-17
1.390e+02  7.724e-21  2.456e-17
1.400e+02  2.208e-20  5.195e-17
1.410e+02  6.309e-20  1.119e-16
1.420e+02  1.802e-19  2.428e-16
1.430e+02  5.148e-19  5.292e-16
1.440e+02  1.470e-18  1.155e-15
1.450e+02  4.195e-18  2.521e-15
1.460e+02  1.197e-17  5.504e-15
1.470e+02  3.413e-17  1.201e-14
1.480e+02  9.727e-17  2.621e-14
1.490e+02  2.771e-16  5.715e-14
1.500e+02  7.888e-16  1.245e-13
1.510e+02  2.243e-15  2.712e-13
1.520e+02  6.375e-15  5.901e-13
1.530e+02  1.809e-14  1.283e-12
1.540e+02  5.126e-14  2.785e-12
1.550e+02  1.450e-13  6.036e-12
1.560e+02  4.089e-13  1.306e-11
1.570e+02  1.150e-12  2.818e-11
1.580e+02  3.221e-12  6.062e-11
1.590e+02  8.976e-12  1.299e-10
1.600e+02  2.486e-11  2.771e-10
1.610e+02  6.829e-11  5.876e-10
1.620e+02  1.858e-10  1.237e-09
1.630e+02  4.993e-10  2.579e-09
1.640e+02  1.322e-09  5.321e-09
1.650e+02  3.440e-09  1.083e-08
1.660e+02  8.766e-09  2.172e-08
1.670e+02  2.181e-08  4.278e-08
1.680e+02  5.284e-08  8.260e-08
1.690e+02  1.243e-07  1.560e-07
1.700e+02  2.833e-07  2.879e-07
1.710e+02  6.248e-07  5.183e-07
1.720e+02  1.332e-06  9.096e-07
1.730e+02  2.743e-06  1.556e-06
1.740e+02  5.462e-06  2.594e-06
1.750e+02  1.052e-05  4.216e-06
1.760e+02  1.962e-05  6.688e-06
1.770e+02  3.548e-05  1.036e-05
1.780e+02  6.231e-05  1.569e-05
1.790e+02  1.064e-04  2.324e-05
1.800e+02  1.769e-04  3.372e-05
1.810e+02  2.869e-04  4.796e-05
1.820e+02  4.544e-04  6.694e-05
1.830e+02  7.037e-04  9.176e-05
1.840e+02  1.067e-03  1.236e-04
1.850e+02  1.586e-03  1.638e-04
1.860e+02  2.312e-03  2.137e-04
1.870e+02  3.312e-03  2.746e-04
1.880e+02  4.663e-03  3.478e-04
1.890e+02  6.459e-03  4.343e-04
1.900e+02  8.809e-03  5.351e-04
1.910e+02  1.184e-02  6.507e-04
1.920e+02  1.568e-02  7.814e-04
1.930e+02  2.050e-02  9.270e-04
1.940e+02  2.644e-02  1.087e-03
1.950e+02  3.369e-02  1.259e-03
1.960e+02  4.241e-02  1.443e-03
1.970e+02  5.277e-02  1.635e-03
1.980e+02  6.494e-02  1.834e-03
1.990e+02  7.907e-02  2.035e-03
2.000e+02  9.528e-02  2.235e-03
2.010e+02  1.137e-01  2.430e-03
2.020e+02  1.343e-01  2.616e-03
2.030e+02  1.572e-01  2.789e-03
2.040e+02  1.824e-01  2.945e-03
2.050e+02  2.098e-01  3.082e-03
2.060e+02  2.393e-01  3.194e-03
2.070e+02  2.707e-01  3.281e-03
2.080e+02  3.039e-01  3.340e-03
2.090e+02  3.386e-01  3.370e-03
2.100e+02  3.746e-01  3.371e-03
2.110e+02  4.115e-01  3.342e-03
2.120e+02  4.490e-01  3.286e-03
2.130e+02  4.868e-01  3.203e-03
2.140e+02  5.246e-01  3.096e-03
2.150e+02  5.620e-01  2.968e-03
2.160e+02  5.987e-01  2.822e-03
2.170e+02  6.344e-01  2.662e-03
2.180e+02  6.689e-01  2.490e-03
2.190e+02  7.019e-01  2.311e-03
2.200e+02  7.331e-01  2.128e-03
2.210e+02  7.625e-01  1.944e-03
2.220e+02  7.900e-01  1.762e-03
2.230e+02  8.154e-01  1.585e-03
2.240e+02  8.388e-01  1.415e-03
2.250e+02  8.600e-01  1.253e-03
2.260e+02  8.792e-01  1.102e-03
2.270e+02  8.965e-01  9.617e-04
2.280e+02  9.118e-01  8.329e-04
2.290e+02  9.253e-01  7.161e-04
2.300e+02  9.372e-01  6.112e-04
2.310e+02  9.475e-01  5.179e-04
2.320e+02  9.564e-01  4.357e-04
2.330e+02  9.640e-01  3.639e-04
2.340e+02  9.705e-01  3.017e-04
2.350e+02  9.759e-01  2.484e-04
2.360e+02  9.805e-01  2.031e-04
2.370e+02  9.843e-01  1.649e-04
2.380e+02  9.875e-01  1.330e-04
2.390e+02  9.901e-01  1.065e-04
2.400e+02  9.921e-01  8.469e-05
2.410e+02  9.938e-01  6.690e-05
2.420e+02  9.952e-01  5.249e-05
2.430e+02  9.963e-01  4.090e-05
2.440e+02  9.971e-01  3.166e-05
2.450e+02  9.978e-01  2.434e-05
2.460e+02  9.983e-01  1.860e-05
2.470e+02  9.987e-01  1.411e-05
2.480e+02  9.991e-01  1.064e-05
2.490e+02  9.993e-01  7.967e-06
2.500e+02  9.995e-01  5.928e-06
2.510e+02  9.996e-01  4.383e-06
2.520e+02  9.997e-01  3.219e-06
2.530e+02  9.998e-01  2.350e-06
2.540e+02  9.999e-01  1.704e-06
2.550e+02  9.999e-01  1.228e-06
2.560e+02  9.999e-01  8.793e-07
2.570e+02  9.999e-01  6.257e-07
2.580e+02  1.000e+00  4.425e-07
2.590e+02  1.000e+00  3.109e-07
2.600e+02  1.000e+00  2.171e-07
2.610e+02  1.000e+00  1.507e-07
2.620e+02  1.000e+00  1.040e-07
2.630e+02  1.000e+00  7.127e-08
2.640e+02  1.000e+00  4.856e-08
2.650e+02  1.000e+00  3.289e-08
2.660e+02  1.000e+00  2.214e-08
2.670e+02  1.000e+00  1.481e-08
2.680e+02  1.000e+00  9.850e-09
2.690e+02  1.000e+00  6.512e-09
2.700e+02  1.000e+00  4.279e-09
2.710e+02  1.000e+00  2.795e-09
2.720e+02  1.000e+00  1.815e-09
2.730e+02  1.000e+00  1.171e-09
2.740e+02  1.000e+00  7.517e-10
2.750e+02  1.000e+00  4.795e-10
2.760e+02  1.000e+00  3.041e-10
2.770e+02  1.000e+00  1.917e-10
2.780e+02  1.000e+00  1.202e-10
2.790e+02  1.000e+00  7.490e-11
2.800e+02  1.000e+00  4.641e-11
2.810e+02  1.000e+00  2.859e-11
2.820e+02  1.000e+00  1.751e-11
2.830e+02  1.000e+00  1.067e-11
2.840e+02  1.000e+00  6.459e-12
2.850e+02  1.000e+00  3.889e-12
2.860e+02  1.000e+00  2.328e-12
2.870e+02  1.000e+00  1.386e-12
2.880e+02  1.000e+00  8.207e-13
2.890e+02  1.000e+00  4.832e-13
2.900e+02  1.000e+00  2.829e-13
2.910e+02  1.000e+00  1.647e-13
2.920e+02  1.000e+00  9.534e-14
2.930e+02  1.000e+00  5.489e-14
2.940e+02  1.000e+00  3.143e-14
2.950e+02  1.000e+00  1.790e-14
2.960e+02  1.000e+00  1.014e-14
2.970e+02  1.000e+00  5.710e-15
2.980e+02  1.000e+00  3.199e-15
2.990e+02  1.000e+00  1.782e-15
3.000e+02  1.000e+00  9.878e-16
3.010e+02  1.000e+00  5.445e-16
3.020e+02  1.000e+00  2.985e-16
3.030e+02  1.000e+00  1.628e-16
3.040e+02  1.000e+00  8.830e-17
3.050e+02  1.000e+00  4.764e-17
3.060e+02  1.000e+00  2.557e-17
3.070e+02  1.000e+00  1.365e-17
3.080e+02  1.000e+00  7.250e-18
3.090e+02  1.000e+00  3.830e-18
3.100e+02  1.000e+00  2.013e-18
3.110e+02  1.000e+00  1.053e-18
3.120e+02  1.000e+00  5.474e-19
3.130e+02  1.000e+00  2.833e-19
3.140e+02  1.000e+00  1.458e-19
3.150e+02  1.000e+00  7.468e-20
3.160e+02  1.000e+00  3.805e-20
3.170e+02  1.000e+00  1.929e-20
3.180e+02  1.000e+00  9.729e-21
3.190e+02  1.000e+00  4.882e-21
3.200e+02  1.000e+00  2.437e-21
3.210e+02  1.000e+00  1.211e-21
3.220e+02  1.000e+00  5.985e-22
3.230e+02  1.000e+00  2.944e-22
3.240e+02  1.000e+00  1.441e-22
3.250e+02  1.000e+00  7.015e-23
3.260e+02  1.000e+00  3.399e-23
3.270e+02  1.000e+00  1.639e-23
3.280e+02  1.000e+00  7.864e-24
3.290e+02  1.000e+00  3.755e-24
3.300e+02  1.000e+00  1.784e-24
3.310e+02  1.000e+00  8.435e-25
3.320e+02  1.000e+00  3.969e-25
3.330e+02  1.000e+00  1.859e-25
3.340e+02  1.000e+00  8.661e-26
3.350e+02  1.000e+00  4.017e-26
3.360e+02  1.000e+00  1.854e-26
3.370e+02  1.000e+00  8.517e-27
3.380e+02  1.000e+00  3.894e-27
3.390e+02  1.000e+00  1.772e-27
3.400e+02  1.000e+00  8.025e-28
3.410e+02  1.000e+00  3.617e-28
3.420e+02  1.000e+00  1.623e-28
3.430e+02  1.000e+00  7.248e-29
3.440e+02  1.000e+00  3.222e-29
3.450e+02  1.000e+00  1.425e-29
3.460e+02  1.000e+00  6.277e-30
3.470e+02  1.000e+00  2.752e-30
3.480e+02  1.000e+00  1.201e-30
3.490e+02  1.000e+00  5.215e-31
3.500e+02  1.000e+00  2.255e-31
3.510e+02  1.000e+00  9.706e-32
3.520e+02  1.000e+00  4.159e-32
3.530e+02  1.000e+00  1.774e-32
3.540e+02  1.000e+00  7.533e-33
3.550e+02  1.000e+00  3.184e-33
3.560e+02  1.000e+00  1.340e-33
3.570e+02  1.000e+00  5.614e-34
3.580e+02  1.000e+00  2.342e-34
3.590e+02  1.000e+00  9.725e-35
3.600e+02  1.000e+00  4.021e-35
3.610e+02  1.000e+00  1.655e-35
3.620e+02  1.000e+00  6.783e-36
3.630e+02  1.000e+00  2.768e-36
3.640e+02  1.000e+00  1.124e-36
3.650e+02  1.000e+00  4.548e-37
3.660e+02  1.000e+00  1.832e-37
3.670e+02  1.000e+00  7.346e-38
3.680e+02  1.000e+00  2.934e-38
3.690e+02  1.000e+00  1.166e-38
3.700e+02  1.000e+00  4.618e-39
3.710e+02  1.000e+00  1.821e-39
3.720e+02  1.000e+00  7.147e-40
3.730e+02  1.000e+00  2.794e-40
3.740e+02  1.000e+00  1.088e-40
3.750e+02  1.000e+00  4.216e-41
3.760e+02  1.000e+00  1.627e-41
3.770e+02  1.000e+00  6.256e-42
3.780e+02  1.000e+00  2.395e-42
3.790e+02  1.000e+00  9.131e-43
3.800e+02  1.000e+00  3.467e-43
3.810e+02  1.000e+00  1.311e-43
3.820e+02  1.000e+00  4.936e-44
3.830e+02  1.000e+00  1.851e-44
3.840e+02  1.000e+00  6.914e-45
3.850e+02  1.000e+00  2.572e-45
3.860e+02  1.000e+00  9.530e-46
3.870e+02  1.000e+00  3.517e-46
3.880e+02  1.000e+00  1.292e-46
3.890e+02  1.000e+00  4.731e-47
3.900e+02  1.000e+00  1.725e-47
3.910e+02  1.000e+00  6.264e-48
3.920e+02  1.000e+00  2.266e-48
3.930e+02  1.000e+00  8.164e-49
3.940e+02  1.000e+00  2.930e-49
3.950e+02  1.000e+00  1.047e-49
3.960e+02  1.000e+00  3.729e-50
3.970e+02  1.000e+00  1.323e-50
3.980e+02  1.000e+00  4.697e-51
3.990e+02  1.000e+00  1.715e-51
4.000e+02  1.000e+00  7.779e-52
