0.000e+00  8.149e-04  1.279e-01
1.000e+00  8.149e-04  1.279e-01
2.000e+00  8.149e-04  1.279e-01
3.000e+00  8.149e-04  1.279e-01
4.000e+00  8.149e-04  1.279e-01
5.000e+00  8.149e-04  1.279e-01
6.000e+00  8.149e-04  1.279e-01
7.000e+00  8.149e-04  1.279e-01
8.000e+00  8.149e-04  1.279e-01
9.000e+00  8.149e-04  1.279e-01
1.000e+01  8.149e-04  1.279e-01
1.100e+01  8.149e-04  1.279e-01
1.200e+01  8.149e-04  1.279e-01
1.300e+01  8.149e-04  1.279e-01
1.400e+01  8.149e-04  1.279e-01
1.500e+01  8.149e-04  1.279e-01
1.600e+01  8.149e-04  1.279e-01
1.700e+01  8.149e-04  1.279e-01
1.800e+01  8.149e-04  1.279e-01
1.900e+01  8.149e-04  1.279e-01
2.000e+01  8.149e-04  1.279e-01
2.100e+01  8.149e-04  1.279e-01
2.200e+01  8.149e-04  1.279e-01
2.300e+01  8.149e-04  1.279e-01
2.400e+01  8.149e-04  1.279e-01
2.500e+01  8.149e-04  1.279e-01
2.600e+01  8.149e-04  1.279e-01
2.700e+01  8.149e-04  1.279e-01
2.800e+01  8.149e-04  1.279e-01
2.900e+01  8.149e-04  1.279e-01
3.000e+01  8.149e-04  1.279e-01
3.100e+01  8.149e-04  1.279e-01
3.200e+01  8.149e-04  1.279e-01
3.300e+01  8.149e-04  1.279e-01
3.400e+01  8.149e-04  1.279e-01
3.500e+01  8.149e-04  1.279e-01
3.600e+01  8.149e-04  1.279e-01
3.700e+01  8.149e-04  1.279e-01
3.800e+01  8.149e-04  1.279e-01
3.900e+01  8.149e-04  1.279e-01
4.000e+01  8.149e-04  1.279e-01
4.100e+01  8.149e-04  1.279e-01
4.200e+01  8.149e-04  1.279e-01
4.300e+01  8.149e-04  1.279e-01
4.400e+01  8.149e-04  1.279e-01
4.500e+01  8.149e-04  1.279e-01
4.600e+01  8.149e-04  1.279e-01
4.700e+01  8.149e-04  1.279e-01
4.800e+01  8.149e-04  1.279e-01
4.900e+01  8.149e-04  1.279e-01
5.000e+01  8.149e-04  1.279e-01
5.100e+01  8.149e-04  1.279e-01
5.200e+01  8.149e-04  1.279e-01
5.300e+01  8.149e-04  1.279e-01
5.400e+01  8.149e-04  1.279e-01
5.500e+01  8.149e-04  1.279e-01
5.600e+01  8.149e-04  1.279e-01
5.700e+01  8.149e-04  1.279e-01
5.800e+01  8.149e-04  1.279e-01
5.900e+01  8.149e-04  1.279e-01
6.000e+01  8.149e-04  1.279e-01
6.100e+01  8.149e-04  1.279e-01
6.200e+01  8.149e-04  1.279e-01
6.300e+01  8.149e-04  1.279e-01
6.400e+01  8.149e-04  1.279e-01
6.500e+01  8.149e-04  1.279e-01
6.600e+01  8.149e-04  1.279e-01
6.700e+01  8.149e-04  1.279e-01
6.800e+01  8.149e-04  1.279e-01
6.900e+01  8.149e-04  1.279e-01
7.000e+01  8.149e-04  1.279e-01
7.100e+01  8.149e-04  1.279e-01
7.200e+01  8.149e-04  1.279e-01
7.300e+01  8.149e-04  1.279e-01
7.400e+01  8.149e-04  1.279e-01
7.500e+01  8.149e-04  1.279e-01
7.600e+01  8.149e-04  1.279e-01
7.700e+01  8.149e-04  1.279e-01
7.800e+01  8.149e-04  1.279e-01
7.900e+01  8.149e-04  1.279e-01
8.000e+01  8.149e-04  1.279e-01
8.100e+01  8.149e-04  1.279e-01
8.200e+01  8.149e-04  1.279e-01
8.300e+01  8.149e-04  1.279e-01
8.400e+01  8.149e-04  1.279e-01
8.500e+01  8.149e-04  1.279e-01
8.600e+01  8.149e-04  1.279e-01
8.700e+01  8.149e-04  1.279e-01
8.800e+01  8.149e-04  1.279e-01
8.900e+01  8.149e-04  1.279e-01
9.000e+01  8.149e-04  1.279e-01
9.100e+01  8.149e-04  1.279e-01
9.200e+01  8.149e-04  1.279e-01
9.300e+01  8.149e-04  1.279e-01
9.400e+01  8.149e-04  1.279e-01
9.500e+01  8.149e-04  1.279e-01
9.600e+01  8.149e-04  1.279e-01
9.700e+01  8.149e-04  1.279e-01
9.800e+01  8.149e-04  1.279e-01
9.900e+01  8.149e-04  1.279e-01
1.000e+02  8.149e-04  1.279e-01
1.010e+02  8.149e-04  1.279e-01
1.020e+02  8.149e-04  1.279e-01
1.030e+02  8.149e-04  1.279e-01
1.040e+02  8.149e-04  1.279e-01
1.050e+02  8.149e-04  1.279e-01
1.060e+02  8.149e-04  1.279e-01
1.070e+02  8.149e-04  1.279e-01
1.080e+02  8.149e-04  1.279e-01
1.090e+02  8.149e-04  1.279e-01
1.100e+02  8.149e-04  1.279e-01
1.110e+02  8.149e-04  1.279e-01
1.120e+02  8.149e-04  1.279e-01
1.130e+02  8.149e-04  1.279e-01
1.140e+02  8.149e-04  1.279e-01
1.150e+02  8.149e-04  1.279e-01
1.160e+02  8.149e-04  1.279e-01
1.170e+02  8.149e-04  1.279e-01
1.180e+02  8.149e-04  1.279e-01
1.190e+02  8.149e-04  1.279e-01
1.200e+02  8.149e-04  1.279e-01
1.210e+02  8.149e-04  1.279e-01
1.220e+02  8.149e-04  1.279e-01
1.230e+02  8.149e-04  1.279e-01
1.240e+02  8.149e-04  1.279e-01
1.250e+02  8.149e-04  1.279e-01
1.260e+02  8.149e-04  1.279e-01
1.270e+02  8.149e-04  1.279e-01
1.280e+02  8.149e-04  1.279e-01
1.290e+02  8.149e-04  1.279e-01
1.300e+02  8.149e-04  1.279e-01
1.310e+02  8.149e-04  1.279e-01
1.320e+02  8.149e-04  1.279e-01
1.330e+02  8.149e-04  1.279e-01
1.340e+02  8.149e-04  1.279e-01
1.350e+02  8.149e-04  1.279e-01
1.360e+02  8.149e-04  1.279e-01
1.370e+02  8.149e-04  1.279e-01
1.380e+02  8.149e-04  1.279e-01
1.390e+02  8.149e-04  1.279e-01
1.400e+02  8.149e-04  1.279e-01
1.410e+02  8.149e-04  1.279e-01
1.420e+02  8.149e-04  1.279e-01
1.430e+02  8.149e-04  1.279e-01
1.440e+02  8.149e-04  1.279e-01
1.450e+02  8.149e-04  1.279e-01
1.460e+02  8.149e-04  1.279e-01
1.470e+02  8.149e-04  1.279e-01
1.480e+02  8.149e-04  1.279e-01
1.490e+02  8.149e-04  1.279e-01
1.500e+02  8.149e-04  1.279e-01
1.510e+02  8.149e-04  1.279e-01
1.520e+02  8.149e-04  1.279e-01
1.530e+02  8.149e-04  1.279e-01
1.540e+02  8.149e-04  1.279e-01
1.550e+02  8.149e-04  1.279e-01
1.560e+02  8.149e-04  1.279e-01
1.570e+02  8.149e-04  1.279e-01
1.580e+02  8.149e-04  1.279e-01
1.590e+02  8.149e-04  1.279e-01
1.600e+02  8.149e-04  1.279e-01
1.610e+02  8.149e-04  1.279e-01
1.620e+02  8.149e-04  1.279e-01
1.630e+02  8.149e-04  1.279e-01
1.640e+02  8.149e-04  1.279e-01
1.650e+02  8.149e-04  1.279e-01
1.660e+02  8.149e-04  1.279e-01
1.670e+02  8.149e-04  1.279e-01
1.680e+02  8.149e-04  1.279e-01
1.690e+02  8.149e-04  1.279e-01
1.700e+02  8.149e-04  1.279e-01
1.710e+02  8.149e-04  1.279e-01
1.720e+02  8.149e-04  1.279e-01
1.730e+02  8.149e-04  1.279e-01
1.740e+02  8.149e-04  1.279e-01
1.750e+02  8.149e-04  1.279e-01
1.760e+02  8.149e-04  1.279e-01
1.770e+02  8.149e-04  1.279e-01
1.780e+02  8.149e-04  1.279e-01
1.790e+02  8.149e-04  1.279e-01
1.800e+02  8.149e-04  1.279e-01
1.810e+02  8.149e-04  1.279e-01
1.820e+02  8.149e-04  1.279e-01
1.830e+02  8.149e-04  1.279e-01
1.840e+02  8.149e-04  1.279e-01
1.850e+02  8.149e-04  1.279e-01
1.860e+02  8.150e-04  1.279e-01
1.870e+02  8.155e-04  1.279e-01
1.880e+02  8.171e-04  1.279e-01
1.890e+02  8.227e-04  1.279e-01
1.900e+02  8.408e-04  1.279e-01
1.910e+02  8.962e-04  1.279e-01
1.920e+02  1.058e-03  1.280e-01
1.930e+02  1.506e-03  1.282e-01
1.940e+02  2.700e-03  1.288e-01
1.950e+02  5.752e-03  1.301e-01
1.960e+02  1.327e-02  1.325e-01
1.970e+02  3.089e-02  1.361e-01
1.980e+02  6.923e-02  1.394e-01
1.990e+02  1.430e-01  1.382e-01
2.000e+02  2.625e-01  1.277e-01
2.010e+02  4.204e-01  1.064e-01
2.020e+02  5.904e-01  7.865e-02
2.030e+02  7.413e-01  5.133e-02
2.040e+02  8.539e-01  2.968e-02
2.050e+02  9.260e-01  1.532e-02
2.060e+02  9.661e-01  7.108e-03
2.070e+02  9.859e-01  2.991e-03
2.080e+02  9.946e-01  1.150e-03
2.090e+02  9.981e-01  4.066e-04
2.100e+02  9.994e-01  1.330e-04
2.110e+02  9.998e-01  4.050e-05
2.120e+02  9.999e-01  1.152e-05
2.130e+02  1.000e+00  3.078e-06
2.140e+02  1.000e+00  7.750e-07
2.150e+02  1.000e+00  1.845e-07
2.160e+02  1.000e+00  4.168e-08
2.170e+02  1.000e+00  8.959e-09
2.180e+02  1.000e+00  1.837e-09
2.190e+02  1.000e+00  3.603e-10
2.200e+02  1.000e+00  6.774e-11
2.210e+02  1.000e+00  1.223e-11
2.220e+02  1.000e+00  2.126e-12
2.230e+02  1.000e+00  3.564e-13
2.240e+02  1.000e+00  5.770e-14
2.250e+02  1.000e+00  9.038e-15
2.260e+02  1.000e+00  1.372e-15
2.270e+02  1.000e+00  2.019e-16
2.280e+02  1.000e+00  2.889e-17
2.290e+02  1.000e+00  4.019e-18
2.300e+02  1.000e+00  5.446e-19
2.310e+02  1.000e+00  7.195e-20
2.320e+02  1.000e+00  9.275e-21
2.330e+02  1.000e+00  1.168e-21
2.340e+02  1.000e+00  1.438e-22
2.350e+02  1.000e+00  1.733e-23
2.360e+02  1.000e+00  2.046e-24
2.370e+02  1.000e+00  2.367e-25
2.380e+02  1.000e+00  2.686e-26
2.390e+02  1.000e+00  2.992e-27
2.400e+02  1.000e+00  3.274e-28
2.410e+02  1.000e+00  3.522e-29
2.420e+02  1.000e+00  3.725e-30
2.430e+02  1.000e+00  3.878e-31
2.440e+02  1.000e+00  3.974e-32
2.450e+02  1.000e+00  4.013e-33
2.460e+02  1.000e+00  3.993e-34
2.470e+02  1.000e+00  3.919e-35
2.480e+02  1.000e+00  3.794e-36
2.490e+02  1.000e+00  3.625e-37
2.500e+02  1.000e+00  3.420e-38
2.510e+02  1.000e+00  3.187e-39
2.520e+02  1.000e+00  2.935e-40
2.530e+02  1.000e+00  2.672e-41
2.540e+02  1.000e+00  2.405e-42
2.550e+02  1.000e+00  2.141e-43
2.560e+02  1.000e+00  1.886e-44
2.570e+02  1.000e+00  1.645e-45
2.580e+02  1.000e+00  1.420e-46
2.590e+02  1.000e+00  1.215e-47
2.600e+02  1.000e+00  1.029e-48
2.610e+02  1.000e+00  8.636e-50
2.620e+02  1.000e+00  7.185e-51
2.630e+02  1.000e+00  5.926e-52
2.640e+02  1.000e+00  4.847e-53
2.650e+02  1.000e+00  3.932e-54
2.660e+02  1.000e+00  3.164e-55
2.670e+02  1.000e+00  2.527e-56
2.680e+02  1.000e+00  2.003e-57
2.690e+02  1.000e+00  1.575e-58
2.700e+02  1.000e+00  1.231e-59
2.710e+02  1.000e+00  9.544e-61
2.720e+02  1.000e+00  7.352e-62
2.730e+02  1.000e+00  5.625e-63
2.740e+02  1.000e+00  4.276e-64
2.750e+02  1.000e+00  3.230e-65
2.760e+02  1.000e+00  2.425e-66
2.770e+02  1.000e+00  1.810e-67
2.780e+02  1.000e+00  1.342e-68
2.790e+02  1.000e+00  9.899e-70
2.800e+02  1.000e+00  7.259e-71
2.810e+02  1.000e+00  5.294e-72
2.820e+02  1.000e+00  3.840e-73
2.830e+02  1.000e+00  2.770e-74
2.840e+02  1.000e+00  1.988e-75
2.850e+02  1.000e+00  1.420e-76
2.860e+02  1.000e+00  1.009e-77
2.870e+02  1.000e+00  7.136e-79
2.880e+02  1.000e+00  5.023e-80
2.890e+02  1.000e+00  3.519e-81
2.900e+02  1.000e+00  2.454e-82
2.910e+02  1.000e+00  1.704e-83
2.920e+02  1.000e+00  1.178e-84
2.930e+02  1.000e+00  8.106e-86
2.940e+02  1.000e+00  5.556e-87
2.950e+02  1.000e+00  3.792e-88
2.960e+02  1.000e+00  2.578e-89
2.970e+02  1.000e+00  1.746e-90
2.980e+02  1.000e+00  1.177e-91
2.990e+02  1.000e+00  7.912e-93
3.000e+02  1.000e+00  5.296e-94
3.010e+02  1.000e+00  3.533e-95
3.020e+02  1.000e+00  2.348e-96
3.030e+02  1.000e+00  1.555e-97
3.040e+02  1.000e+00  1.026e-98
3.050e+02  1.000e+00  6.748e-100
3.060e+02  1.000e+00  4.423e-101
3.070e+02  1.000e+00  2.890e-102
3.080e+02  1.000e+00  1.882e-103
3.090e+02  1.000e+00  1.222e-104
3.100e+02  1.000e+00  7.906e-106
3.110e+02  1.000e+00  5.100e-107
3.120e+02  1.000e+00  3.281e-108
3.130e+02  1.000e+00  2.104e-109
3.140e+02  1.000e+00  1.345e-110
3.150e+02  1.000e+00  8.577e-112
3.160e+02  1.000e+00  5.453e-113
3.170e+02  1.000e+00  3.458e-114
3.180e+02  1.000e+00  2.186e-115
3.190e+02  1.000e+00  1.379e-116
3.200e+02  1.000e+00  8.672e-118
3.210e+02  1.000e+00  5.440e-119
3.220e+02  1.000e+00  3.404e-120
3.230e+02  1.000e+00  2.124e-121
3.240e+02  1.000e+00  1.323e-122
3.250e+02  1.000e+00  8.215e-124
3.260e+02  1.000e+00  5.090e-125
3.270e+02  1.000e+00  3.146e-126
3.280e+02  1.000e+00  1.940e-127
3.290e+02  1.000e+00  1.194e-128
3.300e+02  1.000e+00  7.327e-130
3.310e+02  1.000e+00  4.488e-131
3.320e+02  1.000e+00  2.743e-132
3.330e+02  1.000e+00  1.673e-133
3.340e+02  1.000e+00  1.018e-134
3.350e+02  1.000e+00  6.180e-136
3.360e+02  1.000e+00  3.745e-137
3.370e+02  1.000e+00  2.265e-138
3.380e+02  1.000e+00  1.367e-139
3.390e+02  1.000e+00  8.234e-141
3.400e+02  1.000e+00  4.950e-142
3.410e+02  1.000e+00  2.970e-143
3.420e+02  1.000e+00  1.778e-144
3.430e+02  1.000e+00  1.063e-145
3.440e+02  1.000e+00  6.342e-147
3.450e+02  1.000e+00  3.777e-148
3.460e+02  1.000e+00  2.245e-149
3.470e+02  1.000e+00  1.332e-150
3.480e+02  1.000e+00  7.891e-152
3.490e+02  1.000e+00  4.666e-153
3.500e+02  1.000e+00  2.754e-154
3.510e+02  1.000e+00  1.623e-155
3.520e+02  1.000e+00  9.548e-157
3.530e+02  1.000e+00  5.608e-158
3.540e+02  1.000e+00  3.289e-159
3.550e+02  1.000e+00  1.925e-160
3.560e+02  1.000e+00  1.125e-161
3.570e+02  1.000e+00  6.568e-163
3.580e+02  1.000e+00  3.827e-164
3.590e+02  1.000e+00  2.227e-165
3.600e+02  1.000e+00  1.293e-166
3.610e+02  1.000e+00  7.503e-168
3.620e+02  1.000e+00  4.346e-169
3.630e+02  1.000e+00  2.513e-170
3.640e+02  1.000e+00  1.452e-171
3.650e+02  1.000e+00  8.371e-173
3.660e+02  1.000e+00  4.821e-174
3.670e+02  1.000e+00  2.773e-175
3.680e+02  1.000e+00  1.592e-176
3.690e+02  1.000e+00  9.133e-178
3.700e+02  1.000e+00  5.231e-179
3.710e+02  1.000e+00  2.992e-180
3.720e+02  1.000e+00  1.709e-181
3.730e+02  1.000e+00  9.752e-183
3.740e+02  1.000e+00  5.556e-184
3.750e+02  1.000e+00  3.162e-185
3.760e+02  1.000e+00  1.797e-186
3.770e+02  1.000e+00  1.020e-187
3.780e+02  1.000e+00  5.783e-189
3.790e+02  1.000e+00  3.275e-190
3.800e+02  1.000e+00  1.852e-191
3.810e+02  1.000e+00  1.046e-192
3.820e+02  1.000e+00  5.904e-194
3.830e+02  1.000e+00  3.328e-195
3.840e+02  1.000e+00  1.873e-196
3.850e+02  1.000e+00  1.053e-197
3.860e+02  1.000e+00  5.917e-199
3.870e+02  1.000e+00  3.320e-200
3.880e+02  1.000e+00  1.860e-201
3.890e+02  1.000e+00  1.042e-202
3.900e+02  1.000e+00  5.825e-204
3.910e+02  1.000e+00  3.254e-205
3.920e+02  1.000e+00  1.816e-206
3.930e+02  1.000e+00  1.012e-207
3.940e+02  1.000e+00  5.637e-209
3.950e+02  1.000e+00  3.136e-210
3.960e+02  1.000e+00  1.743e-211
3.970e+02  1.000e+00  9.676e-213
3.980e+02  1.000e+00  5.367e-214
3.990e+02  1.000e+00  2.974e-215
4.000e+02  1.000e+00  1.737e-216
