0.000e+00  3.592e-86  2.123e-23
1.000e+00  6.528e-86  2.123e-23
2.000e+00  1.478e-85  2.123e-23
3.000e+00  3.500e-85  2.123e-23
4.000e+00  8.347e-85  2.123e-23
5.000e+00  1.990e-84  2.123e-23
6.000e+00  4.741e-84  2.123e-23
7.000e+00  1.128e-83  2.123e-23
8.000e+00  2.678e-83  2.123e-23
9.000e+00  6.353e-83  2.123e-23
1.000e+01  1.505e-82  2.123e-23
1.100e+01  3.562e-82  2.123e-23
1.200e+01  8.418e-82  2.123e-23
1.300e+01  1.987e-81  2.123e-23
1.400e+01  4.687e-81  2.123e-23
1.500e+01  1.104e-80  2.123e-23
1.600e+01  2.599e-80  2.123e-23
1.700e+01  6.112e-80  2.123e-23
1.800e+01  1.436e-79  2.123e-23
1.900e+01  3.372e-79  2.123e-23
2.000e+01  7.910e-79  2.123e-23
2.100e+01  1.854e-78  2.123e-23
2.200e+01  4.344e-78  2.123e-23
2.300e+01  1.017e-77  2.123e-23
2.400e+01  2.379e-77  2.123e-23
2.500e+01  5.564e-77  2.123e-23
2.600e+01  1.301e-76  2.123e-23
2.700e+01  3.038e-76  2.123e-23
2.800e+01  7.094e-76  2.123e-23
2.900e+01  1.656e-75  2.123e-23
3.000e+01  3.863e-75  2.123e-23
3.100e+01  9.009e-75  2.123e-23
3.200e+01  2.100e-74  2.123e-23
3.300e+01  4.895e-74  2.123e-23
3.400e+01  1.141e-73  2.123e-23
3.500e+01  2.657e-73  2.123e-23
3.600e+01  6.186e-73  2.123e-23
3.700e+01  1.440e-72  2.123e-23
3.800e+01  3.351e-72  2.123e-23
3.900e+01  7.797e-72  2.123e-23
4.000e+01  1.814e-71  2.123e-23
4.100e+01  4.217e-71  2.123e-23
4.200e+01  9.805e-71  2.123e-23
4.300e+01  2.279e-70  2.123e-23
4.400e+01  5.295e-70  2.123e-23
4.500e+01  1.230e-69  2.123e-23
4.600e+01  2.857e-69  2.123e-23
4.700e+01  6.634e-69  2.123e-23
4.800e+01  1.540e-68  2.123e-23
4.900e+01  3.573e-68  2.123e-23
5.000e+01  8.290e-68  2.123e-23
5.100e+01  1.923e-67  2.123e-23
5.200e+01  4.457e-67  2.123e-23
5.300e+01  1.033e-66  2.123e-23
5.400e+01  2.394e-66  2.123e-23
5.500e+01  5.544e-66  2.123e-23
5.600e+01  1.284e-65  2.123e-23
5.700e+01  2.971e-65  2.123e-23
5.800e+01  6.873e-65  2.123e-23
5.900e+01  1.589e-64  2.123e-23
6.000e+01  3.674e-64  2.123e-23
6.100e+01  8.488e-64  2.123e-23
6.200e+01  1.960e-63  2.123e-23
6.300e+01  4.525e-63  2.123e-23
6.400e+01  1.044e-62  2.123e-23
6.500e+01  2.408e-62  2.123e-23
6.600e+01  5.550e-62  2.123e-23
6.700e+01  1.279e-61  2.123e-23
6.800e+01  2.944e-61  2.123e-23
6.900e+01  6.775e-61  2.123e-23
7.000e+01  1.558e-60  2.123e-23
7.100e+01  3.582e-60  2.123e-23
7.200e+01  8.228e-60  2.123e-23
7.300e+01  1.889e-59  2.123e-23
7.400e+01  4.334e-59  2.123e-23
7.500e+01  9.938e-59  2.123e-23
7.600e+01  2.277e-58  2.123e-23
7.700e+01  5.214e-58  2.123e-23
7.800e+01  1.193e-57  2.123e-23
7.900e+01  2.729e-57  2.123e-23
8.000e+01  6.235e-57  2.123e-23
8.100e+01  1.424e-56  2.123e-23
8.200e+01  3.249e-56  2.123e-23
8.300e+01  7.409e-56  2.123e-23
8.400e+01  1.688e-55  2.123e-23
8.500e+01  3.844e-55  2.123e-23
8.600e+01  8.745e-55  2.123e-23
8.700e+01  1.988e-54  2.123e-23
8.800e+01  4.516e-54  2.123e-23
8.900e+01  1.025e-53  2.123e-23
9.000e+01  2.325e-53  2.123e-23
9.100e+01  5.270e-53  2.123e-23
9.200e+01  1.193e-52  2.123e-23
9.300e+01  2.700e-52  2.123e-23
9.400e+01  6.105e-52  2.123e-23
9.500e+01  1.379e-51  2.123e-23
9.600e+01  3.113e-51  2.123e-23
9.700e+01  7.021e-51  2.123e-23
9.800e+01  1.582e-50  2.123e-23
9.900e+01  3.563e-50  2.123e-23
1.000e+02  8.016e-50  2.123e-23
1.010e+02  1.802e-49  2.123e-23
1.020e+02  4.047e-49  2.123e-23
1.030e+02  9.083e-49  2.123e-23
1.040e+02  2.037e-48  2.123e-23
1.050e+02  4.564e-48  2.123e-23
1.060e+02  1.022e-47  2.123e-23
1.070e+02  2.285e-47  2.123e-23
1.080e+02  5.107e-47  2.123e-23
1.090e+02  1.141e-46  2.123e-23
1.100e+02  2.545e-46  2.123e-23
1.110e+02  5.673e-46  2.123e-23
1.120e+02  1.264e-45  2.123e-23
1.130e+02  2.813e-45  2.123e-23
1.140e+02  6.256e-45  2.123e-23
1.150e+02  1.390e-44  2.123e-23
1.160e+02  3.087e-44  2.123e-23
1.170e+02  6.848e-44  2.123e-23
1.180e+02  1.518e-43  2.123e-23
1.190e+02  3.363e-43  2.123e-23
1.200e+02  7.442e-43  2.123e-23
1.210e+02  1.646e-42  2.123e-23
1.220e+02  3.637e-42  2.123e-23
1.230e+02  8.030e-42  2.123e-23
1.240e+02  1.772e-41  2.123e-23
1.250e+02  3.905e-41  2.123e-23
1.260e+02  8.602e-41  2.123e-23
1.270e+02  1.893e-40  2.123e-23
1.280e+02  4.163e-40  2.123e-23
1.290e+02  9.149e-40  2.123e-23
1.300e+02  2.009e-39  2.123e-23
1.310e+02  4.406e-39  2.123e-23
1.320e+02  9.657e-39  2.123e-23
1.330e+02  2.115e-38  2.123e-23
1.340e+02  4.627e-38  2.123e-23
1.350e+02  1.011e-37  2.123e-23
1.360e+02  2.208e-37  2.123e-23
1.370e+02  4.815e-37  2.123e-23
1.380e+02  1.049e-36  2.123e-23
1.390e+02  2.282e-36  2.123e-23
1.400e+02  4.959e-36  2.124e-23
1.410e+02  1.076e-35  2.124e-23
1.420e+02  2.331e-35  2.125e-23
1.430e+02  5.040e-35  2.126e-23
1.440e+02  1.087e-34  2.128e-23
1.450e+02  2.341e-34  2.130e-23
1.460e+02  5.028e-34  2.134e-23
1.470e+02  1.077e-33  2.139e-23
1.480e+02  2.298e-33  2.146e-23
1.490e+02  4.886e-33  2.156e-23
1.500e+02  1.034e-32  2.170e-23
1.510e+02  2.179e-32  2.191e-23
1.520e+02  4.564e-32  2.220e-23
1.530e+02  9.498e-32  2.261e-23
1.540e+02  1.961e-31  2.319e-23
1.550e+02  4.014e-31  2.402e-23
1.560e+02  8.133e-31  2.519e-23
1.570e+02  1.629e-30  2.683e-23
1.580e+02  3.221e-30  2.914e-23
1.590e+02  6.279e-30  3.238e-23
1.600e+02  1.206e-29  3.692e-23
1.610e+02  2.279e-29  4.326e-23
1.620e+02  4.242e-29  5.210e-23
1.630e+02  7.777e-29  6.442e-23
1.640e+02  1.406e-28  8.154e-23
1.650e+02  2.510e-28  1.053e-22
1.660e+02  4.435e-28  1.382e-22
1.670e+02  7.763e-28  1.837e-22
1.680e+02  1.349e-27  2.465e-22
1.690e+02  2.330e-27  3.331e-22
1.700e+02  4.003e-27  4.521e-22
1.710e+02  6.852e-27  6.156e-22
1.720e+02  1.169e-26  8.399e-22
1.730e+02  1.989e-26  1.147e-21
1.740e+02  3.376e-26  1.566e-21
1.750e+02  5.719e-26  2.139e-21
1.760e+02  9.672e-26  2.919e-21
1.770e+02  1.633e-25  3.980e-21
1.780e+02  2.753e-25  5.422e-21
1.790e+02  4.634e-25  7.377e-21
1.800e+02  7.790e-25  1.002e-20
1.810e+02  1.308e-24  1.360e-20
1.820e+02  2.192e-24  1.844e-20
1.830e+02  3.669e-24  2.496e-20
1.840e+02  6.132e-24  3.373e-20
1.850e+02  1.023e-23  4.552e-20
1.860e+02  1.705e-23  6.135e-20
1.870e+02  2.836e-23  8.255e-20
1.880e+02  4.709e-23  1.109e-19
1.890e+02  7.805e-23  1.488e-19
1.900e+02  1.291e-22  1.993e-19
1.910e+02  2.131e-22  2.666e-19
1.920e+02  3.509e-22  3.560e-19
1.930e+02  5.765e-22  4.745e-19
1.940e+02  9.446e-22  6.314e-19
1.950e+02  1.544e-21  8.387e-19
1.960e+02  2.515e-21  1.112e-18
1.970e+02  4.085e-21  1.471e-18
1.980e+02  6.613e-21  1.943e-18
1.990e+02  1.067e-20  2.560e-18
2.000e+02  1.714e-20  3.365e-18
2.010e+02  2.742e-20  4.413e-18
2.020e+02  4.367e-20  5.773e-18
2.030e+02  6.924e-20  7.530e-18
2.040e+02  1.092e-19  9.795e-18
2.050e+02  1.713e-19  1.270e-17
2.060e+02  2.672e-19  1.641e-17
2.070e+02  4.141e-19  2.114e-17
2.080e+02  6.376e-19  2.712e-17
2.090e+02  9.748e-19  3.467e-17
2.100e+02  1.479e-18  4.412e-17
2.110e+02  2.227e-18  5.589e-17
2.120e+02  3.325e-18  7.048e-17
2.130e+02  4.921e-18  8.842e-17
2.140e+02  7.216e-18  1.103e-16
2.150e+02  1.048e-17  1.369e-16
2.160e+02  1.506e-17  1.690e-16
2.170e+02  2.142e-17  2.072e-16
2.180e+02  3.014e-17  2.525e-16
2.190e+02  4.191e-17  3.056e-16
2.200e+02  5.762e-17  3.675e-16
2.210e+02  7.825e-17  4.387e-16
2.220e+02  1.050e-16  5.200e-16
2.230e+02  1.391e-16  6.118e-16
2.240e+02  1.819e-16  7.144e-16
2.250e+02  2.349e-16  8.280e-16
2.260e+02  2.994e-16  9.523e-16
2.270e+02  3.767e-16  1.087e-15
2.280e+02  4.679e-16  1.231e-15
2.290e+02  5.737e-16  1.384e-15
2.300e+02  6.945e-16  1.544e-15
2.310e+02  8.303e-16  1.710e-15
2.320e+02  9.805e-16  1.879e-15
2.330e+02  1.144e-15  2.051e-15
2.340e+02  1.319e-15  2.223e-15
2.350e+02  1.504e-15  2.394e-15
2.360e+02  1.696e-15  2.561e-15
2.370e+02  1.892e-15  2.723e-15
2.380e+02  2.091e-15  2.879e-15
2.390e+02  2.287e-15  3.026e-15
2.400e+02  2.480e-15  3.165e-15
2.410e+02  2.667e-15  3.293e-15
2.420e+02  2.845e-15  3.412e-15
2.430e+02  3.012e-15  3.520e-15
2.440e+02  3.168e-15  3.617e-15
2.450e+02  3.310e-15  3.704e-15
2.460e+02  3.439e-15  3.781e-15
2.470e+02  3.555e-15  3.848e-15
2.480e+02  3.657e-15  3.906e-15
2.490e+02  3.747e-15  3.957e-15
2.500e+02  3.825e-15  4.000e-15
2.510e+02  3.891e-15  4.036e-15
2.520e+02  3.948e-15  4.066e-15
2.530e+02  3.996e-15  4.092e-15
2.540e+02  4.035e-15  4.113e-15
2.550e+02  4.068e-15  4.130e-15
2.560e+02  4.095e-15  4.144e-15
2.570e+02  4.116e-15  4.155e-15
2.580e+02  4.134e-15  4.164e-15
2.590e+02  4.148e-15  4.171e-15
2.600e+02  4.159e-15  4.177e-15
2.610e+02  4.167e-15  4.181e-15
2.620e+02  4.174e-15  4.185e-15
2.630e+02  4.179e-15  4.187e-15
2.640e+02  4.183e-15  4.189e-15
2.650e+02  4.186e-15  4.191e-15
2.660e+02  4.189e-15  4.192e-15
2.670e+02  4.190e-15  4.193e-15
2.680e+02  4.192e-15  4.193e-15
2.690e+02  4.193e-15  4.194e-15
2.700e+02  4.193e-15  4.194e-15
2.710e+02  4.194e-15  4.195e-15
2.720e+02  4.194e-15  4.195e-15
2.730e+02  4.195e-15  4.195e-15
2.740e+02  4.195e-15  4.195e-15
2.750e+02  4.195e-15  4.195e-15
2.760e+02  4.195e-15  4.195e-15
2.770e+02  4.195e-15  4.195e-15
2.780e+02  4.195e-15  4.195e-15
2.790e+02  4.195e-15  4.195e-15
2.800e+02  4.195e-15  4.195e-15
2.810e+02  4.195e-15  4.195e-15
2.820e+02  4.195e-15  4.195e-15
2.830e+02  4.195e-15  4.195e-15
2.840e+02  4.195e-15  4.195e-15
2.850e+02  4.195e-15  4.195e-15
2.860e+02  4.195e-15  4.195e-15
2.870e+02  4.195e-15  4.195e-15
2.880e+02  4.195e-15  4.195e-15
2.890e+02  4.195e-15  4.195e-15
2.900e+02  4.195e-15  4.195e-15
2.910e+02  4.195e-15  4.195e-15
2.920e+02  4.195e-15  4.195e-15
2.930e+02  4.195e-15  4.195e-15
2.940e+02  4.195e-15  4.195e-15
2.950e+02  4.195e-15  4.195e-15
2.960e+02  4.195e-15  4.195e-15
2.970e+02  4.195e-15  4.195e-15
2.980e+02  4.195e-15  4.195e-15
2.990e+02  4.195e-15  4.195e-15
3.000e+02  4.195e-15  4.195e-15
3.010e+02  4.195e-15  4.195e-15
3.020e+02  4.195e-15  4.195e-15
3.030e+02  4.195e-15  4.195e-15
3.040e+02  4.195e-15  4.195e-15
3.050e+02  4.195e-15  4.195e-15
3.060e+02  4.195e-15  4.195e-15
3.070e+02  4.195e-15  4.195e-15
3.080e+02  4.195e-15  4.195e-15
3.090e+02  4.195e-15  4.195e-15
3.100e+02  4.195e-15  4.195e-15
3.110e+02  4.195e-15  4.195e-15
3.120e+02  4.195e-15  4.195e-15
3.130e+02  4.195e-15  4.195e-15
3.140e+02  4.195e-15  4.195e-15
3.150e+02  4.195e-15  4.195e-15
3.160e+02  4.195e-15  4.195e-15
3.170e+02  4.195e-15  4.195e-15
3.180e+02  4.195e-15  4.195e-15
3.190e+02  4.195e-15  4.195e-15
3.200e+02  4.195e-15  4.195e-15
3.210e+02  4.195e-15  4.195e-15
3.220e+02  4.195e-15  4.195e-15
3.230e+02  4.195e-15  4.195e-15
3.240e+02  4.195e-15  4.195e-15
3.250e+02  4.195e-15  4.195e-15
3.260e+02  4.195e-15  4.195e-15
3.270e+02  4.195e-15  4.195e-15
3.280e+02  4.195e-15  4.195e-15
3.290e+02  4.195e-15  4.195e-15
3.300e+02  4.195e-15  4.195e-15
3.310e+02  4.195e-15  4.195e-15
3.320e+02  4.195e-15  4.195e-15
3.330e+02  4.195e-15  4.195e-15
3.340e+02  4.195e-15  4.195e-15
3.350e+02  4.195e-15  4.195e-15
3.360e+02  4.195e-15  4.195e-15
3.370e+02  4.195e-15  4.195e-15
3.380e+02  4.195e-15  4.195e-15
3.390e+02  4.195e-15  4.195e-15
3.400e+02  4.195e-15  4.195e-15
3.410e+02  4.195e-15  4.195e-15
3.420e+02  4.195e-15  4.195e-15
3.430e+02  4.195e-15  4.195e-15
3.440e+02  4.195e-15  4.195e-15
3.450e+02  4.195e-15  4.195e-15
3.460e+02  4.195e-15  4.195e-15
3.470e+02  4.195e-15  4.195e-15
3.480e+02  4.195e-15  4.195e-15
3.490e+02  4.195e-15  4.195e-15
3.500e+02  4.195e-15  4.195e-15
3.510e+02  4.195e-15  4.195e-15
3.520e+02  4.195e-15  4.195e-15
3.530e+02  4.195e-15  4.195e-15
3.540e+02  4.195e-15  4.195e-15
3.550e+02  4.195e-15  4.195e-15
3.560e+02  4.195e-15  4.195e-15
3.570e+02  4.195e-15  4.195e-15
3.580e+02  4.195e-15  4.195e-15
3.590e+02  4.195e-15  4.195e-15
3.600e+02  4.195e-15  4.195e-15
3.610e+02  4.195e-15  4.195e-15
3.620e+02  4.195e-15  4.195e-15
3.630e+02  4.195e-15  4.195e-15
3.640e+02  4.195e-15  4.195e-15
3.650e+02  4.195e-15  4.195e-15
3.660e+02  4.195e-15  4.195e-15
3.670e+02  4.195e-15  4.195e-15
3.680e+02  4.195e-15  4.195e-15
3.690e+02  4.195e-15  4.195e-15
3.700e+02  4.195e-15  4.195e-15
3.710e+02  4.195e-15  4.195e-15
3.720e+02  4.195e-15  4.195e-15
3.730e+02  4.195e-15  4.195e-15
3.740e+02  4.195e-15  4.195e-15
3.750e+02  4.195e-15  4.195e-15
3.760e+02  4.195e-15  4.195e-15
3.770e+02  4.195e-15  4.195e-15
3.780e+02  4.195e-15  4.195e-15
3.790e+02  4.195e-15  4.195e-15
3.800e+02  4.195e-15  4.195e-15
3.810e+02  4.195e-15  4.195e-15
3.820e+02  4.195e-15  4.195e-15
3.830e+02  4.195e-15  4.195e-15
3.840e+02  4.195e-15  4.195e-15
3.850e+02  4.195e-15  4.195e-15
3.860e+02  4.195e-15  4.195e-15
3.870e+02  4.195e-15  4.195e-15
3.880e+02  4.195e-15  4.195e-15
3.890e+02  4.195e-15  4.195e-15
3.900e+02  4.195e-15  4.195e-15
3.910e+02  4.195e-15  4.195e-15
3.920e+02  4.195e-15  4.195e-15
3.930e+02  4.195e-15  4.195e-15
3.940e+02  4.195e-15  4.195e-15
3.950e+02  4.195e-15  4.195e-15
3.960e+02  4.195e-15  4.195e-15
3.970e+02  4.195e-15  4.195e-15
3.980e+02  4.195e-15  4.195e-15
3.990e+02  4.195e-15  4.195e-15
4.000e+02  4.195e-15  4.195e-15
