0.000e+00  1.028e-88  2.490e-14
1.000e+00  2.741e-88  2.490e-14
2.000e+00  8.978e-88  2.490e-14
3.000e+00  2.993e-87  2.490e-14
4.000e+00  9.953e-87  2.490e-14
5.000e+00  3.298e-86  2.490e-14
6.000e+00  1.088e-85  2.490e-14
7.000e+00  3.577e-85  2.490e-14
8.000e+00  1.171e-84  2.490e-14
9.000e+00  3.818e-84  2.490e-14
1.000e+01  1.240e-83  2.490e-14
1.100e+01  4.009e-83  2.490e-14
1.200e+01  1.291e-82  2.490e-14
1.300e+01  4.141e-82  2.490e-14
1.400e+01  1.323e-81  2.490e-14
1.500e+01  4.207e-81  2.490e-14
1.600e+01  1.333e-80  2.490e-14
1.700e+01  4.204e-80  2.490e-14
1.800e+01  1.321e-79  2.490e-14
1.900e+01  4.132e-79  2.490e-14
2.000e+01  1.287e-78  2.490e-14
2.100e+01  3.993e-78  2.490e-14
2.200e+01  1.233e-77  2.490e-14
2.300e+01  3.794e-77  2.490e-14
2.400e+01  1.162e-76  2.490e-14
2.500e+01  3.544e-76  2.490e-14
2.600e+01  1.076e-75  2.490e-14
2.700e+01  3.255e-75  2.490e-14
2.800e+01  9.801e-75  2.490e-14
2.900e+01  2.939e-74  2.490e-14
3.000e+01  8.773e-74  2.490e-14
3.100e+01  2.608e-73  2.490e-14
3.200e+01  7.718e-73  2.490e-14
3.300e+01  2.274e-72  2.490e-14
3.400e+01  6.673e-72  2.490e-14
3.500e+01  1.949e-71  2.490e-14
3.600e+01  5.670e-71  2.490e-14
3.700e+01  1.642e-70  2.490e-14
3.800e+01  4.735e-70  2.490e-14
3.900e+01  1.359e-69  2.490e-14
4.000e+01  3.886e-69  2.490e-14
4.100e+01  1.106e-68  2.490e-14
4.200e+01  3.134e-68  2.490e-14
4.300e+01  8.841e-68  2.490e-14
4.400e+01  2.483e-67  2.490e-14
4.500e+01  6.945e-67  2.490e-14
4.600e+01  1.934e-66  2.490e-14
4.700e+01  5.361e-66  2.490e-14
4.800e+01  1.480e-65  2.490e-14
4.900e+01  4.067e-65  2.490e-14
5.000e+01  1.113e-64  2.490e-14
5.100e+01  3.032e-64  2.490e-14
5.200e+01  8.226e-64  2.490e-14
5.300e+01  2.222e-63  2.490e-14
5.400e+01  5.976e-63  2.490e-14
5.500e+01  1.600e-62  2.490e-14
5.600e+01  4.267e-62  2.490e-14
5.700e+01  1.133e-61  2.490e-14
5.800e+01  2.996e-61  2.490e-14
5.900e+01  7.887e-61  2.490e-14
6.000e+01  2.068e-60  2.490e-14
6.100e+01  5.400e-60  2.490e-14
6.200e+01  1.404e-59  2.490e-14
6.300e+01  3.636e-59  2.490e-14
6.400e+01  9.379e-59  2.490e-14
6.500e+01  2.409e-58  2.490e-14
6.600e+01  6.165e-58  2.490e-14
6.700e+01  1.571e-57  2.490e-14
6.800e+01  3.989e-57  2.490e-14
6.900e+01  1.009e-56  2.490e-14
7.000e+01  2.542e-56  2.490e-14
7.100e+01  6.380e-56  2.490e-14
7.200e+01  1.596e-55  2.490e-14
7.300e+01  3.977e-55  2.490e-14
7.400e+01  9.876e-55  2.490e-14
7.500e+01  2.444e-54  2.490e-14
7.600e+01  6.028e-54  2.490e-14
7.700e+01  1.482e-53  2.490e-14
7.800e+01  3.632e-53  2.490e-14
7.900e+01  8.873e-53  2.490e-14
8.000e+01  2.161e-52  2.490e-14
8.100e+01  5.248e-52  2.490e-14
8.200e+01  1.271e-51  2.490e-14
8.300e+01  3.070e-51  2.490e-14
8.400e+01  7.394e-51  2.490e-14
8.500e+01  1.777e-50  2.490e-14
8.600e+01  4.259e-50  2.490e-14
8.700e+01  1.018e-49  2.490e-14
8.800e+01  2.430e-49  2.490e-14
8.900e+01  5.788e-49  2.490e-14
9.000e+01  1.376e-48  2.490e-14
9.100e+01  3.264e-48  2.490e-14
9.200e+01  7.729e-48  2.490e-14
9.300e+01  1.828e-47  2.490e-14
9.400e+01  4.315e-47  2.490e-14
9.500e+01  1.017e-46  2.490e-14
9.600e+01  2.395e-46  2.490e-14
9.700e+01  5.633e-46  2.490e-14
9.800e+01  1.323e-45  2.490e-14
9.900e+01  3.105e-45  2.490e-14
1.000e+02  7.280e-45  2.490e-14
1.010e+02  1.705e-44  2.490e-14
1.020e+02  3.992e-44  2.490e-14
1.030e+02  9.337e-44  2.490e-14
1.040e+02  2.183e-43  2.490e-14
1.050e+02  5.099e-43  2.490e-14
1.060e+02  1.191e-42  2.490e-14
1.070e+02  2.779e-42  2.490e-14
1.080e+02  6.485e-42  2.490e-14
1.090e+02  1.512e-41  2.490e-14
1.100e+02  3.526e-41  2.490e-14
1.110e+02  8.219e-41  2.490e-14
1.120e+02  1.915e-40  2.490e-14
1.130e+02  4.462e-40  2.490e-14
1.140e+02  1.039e-39  2.490e-14
1.150e+02  2.421e-39  2.490e-14
1.160e+02  5.636e-39  2.490e-14
1.170e+02  1.312e-38  2.490e-14
1.180e+02  3.054e-38  2.490e-14
1.190e+02  7.108e-38  2.490e-14
1.200e+02  1.654e-37  2.490e-14
1.210e+02  3.849e-37  2.490e-14
1.220e+02  8.953e-37  2.490e-14
1.230e+02  2.083e-36  2.490e-14
1.240e+02  4.844e-36  2.490e-14
1.250e+02  1.126e-35  2.490e-14
1.260e+02  2.619e-35  2.490e-14
1.270e+02  6.087e-35  2.490e-14
1.280e+02  1.415e-34  2.490e-14
1.290e+02  3.287e-34  2.490e-14
1.300e+02  7.638e-34  2.490e-14
1.310e+02  1.774e-33  2.490e-14
1.320e+02  4.119e-33  2.490e-14
1.330e+02  9.563e-33  2.490e-14
1.340e+02  2.220e-32  2.490e-14
1.350e+02  5.150e-32  2.490e-14
1.360e+02  1.194e-31  2.490e-14
1.370e+02  2.770e-31  2.490e-14
1.380e+02  6.419e-31  2.490e-14
1.390e+02  1.487e-30  2.490e-14
1.400e+02  3.445e-30  2.490e-14
1.410e+02  7.975e-30  2.490e-14
1.420e+02  1.845e-29  2.490e-14
1.430e+02  4.268e-29  2.490e-14
1.440e+02  9.867e-29  2.490e-14
1.450e+02  2.280e-28  2.490e-14
1.460e+02  5.265e-28  2.490e-14
1.470e+02  1.215e-27  2.490e-14
1.480e+02  2.803e-27  2.490e-14
1.490e+02  6.460e-27  2.490e-14
1.500e+02  1.488e-26  2.490e-14
1.510e+02  3.425e-26  2.490e-14
1.520e+02  7.878e-26  2.490e-14
1.530e+02  1.810e-25  2.490e-14
1.540e+02  4.157e-25  2.490e-14
1.550e+02  9.535e-25  2.490e-14
1.560e+02  2.185e-24  2.491e-14
1.570e+02  5.001e-24  2.491e-14
1.580e+02  1.143e-23  2.492e-14
1.590e+02  2.610e-23  2.493e-14
1.600e+02  5.949e-23  2.495e-14
1.610e+02  1.353e-22  2.498e-14
1.620e+02  3.073e-22  2.502e-14
1.630e+02  6.960e-22  2.509e-14
1.640e+02  1.572e-21  2.518e-14
1.650e+02  3.538e-21  2.532e-14
1.660e+02  7.932e-21  2.552e-14
1.670e+02  1.770e-20  2.583e-14
1.680e+02  3.927e-20  2.627e-14
1.690e+02  8.651e-20  2.691e-14
1.700e+02  1.890e-19  2.785e-14
1.710e+02  4.089e-19  2.922e-14
1.720e+02  8.740e-19  3.120e-14
1.730e+02  1.842e-18  3.405e-14
1.740e+02  3.823e-18  3.816e-14
1.750e+02  7.794e-18  4.407e-14
1.760e+02  1.559e-17  5.251e-14
1.770e+02  3.058e-17  6.454e-14
1.780e+02  5.884e-17  8.164e-14
1.790e+02  1.111e-16  1.058e-13
1.800e+02  2.062e-16  1.399e-13
1.810e+02  3.766e-16  1.878e-13
1.820e+02  6.780e-16  2.548e-13
1.830e+02  1.205e-15  3.480e-13
1.840e+02  2.116e-15  4.773e-13
1.850e+02  3.677e-15  6.555e-13
1.860e+02  6.325e-15  9.002e-13
1.870e+02  1.077e-14  1.234e-12
1.880e+02  1.818e-14  1.688e-12
1.890e+02  3.041e-14  2.301e-12
1.900e+02  5.039e-14  3.124e-12
1.910e+02  8.273e-14  4.223e-12
1.920e+02  1.346e-13  5.678e-12
1.930e+02  2.168e-13  7.595e-12
1.940e+02  3.458e-13  1.010e-11
1.950e+02  5.460e-13  1.335e-11
1.960e+02  8.530e-13  1.754e-11
1.970e+02  1.318e-12  2.288e-11
1.980e+02  2.014e-12  2.964e-11
1.990e+02  3.041e-12  3.812e-11
2.000e+02  4.537e-12  4.865e-11
2.010e+02  6.684e-12  6.161e-11
2.020e+02  9.720e-12  7.739e-11
2.030e+02  1.395e-11  9.640e-11
2.040e+02  1.974e-11  1.191e-10
2.050e+02  2.755e-11  1.457e-10
2.060e+02  3.790e-11  1.768e-10
2.070e+02  5.140e-11  2.126e-10
2.080e+02  6.868e-11  2.532e-10
2.090e+02  9.041e-11  2.988e-10
2.100e+02  1.173e-10  3.493e-10
2.110e+02  1.498e-10  4.046e-10
2.120e+02  1.886e-10  4.643e-10
2.130e+02  2.340e-10  5.279e-10
2.140e+02  2.861e-10  5.947e-10
2.150e+02  3.447e-10  6.641e-10
2.160e+02  4.096e-10  7.350e-10
2.170e+02  4.801e-10  8.067e-10
2.180e+02  5.552e-10  8.781e-10
2.190e+02  6.339e-10  9.483e-10
2.200e+02  7.148e-10  1.016e-09
2.210e+02  7.966e-10  1.082e-09
2.220e+02  8.779e-10  1.143e-09
2.230e+02  9.573e-10  1.201e-09
2.240e+02  1.034e-09  1.254e-09
2.250e+02  1.106e-09  1.302e-09
2.260e+02  1.172e-09  1.345e-09
2.270e+02  1.234e-09  1.383e-09
2.280e+02  1.289e-09  1.417e-09
2.290e+02  1.338e-09  1.446e-09
2.300e+02  1.381e-09  1.471e-09
2.310e+02  1.418e-09  1.492e-09
2.320e+02  1.449e-09  1.509e-09
2.330e+02  1.475e-09  1.524e-09
2.340e+02  1.497e-09  1.535e-09
2.350e+02  1.515e-09  1.545e-09
2.360e+02  1.529e-09  1.552e-09
2.370e+02  1.541e-09  1.558e-09
2.380e+02  1.550e-09  1.563e-09
2.390e+02  1.557e-09  1.567e-09
2.400e+02  1.562e-09  1.570e-09
2.410e+02  1.566e-09  1.572e-09
2.420e+02  1.569e-09  1.573e-09
2.430e+02  1.571e-09  1.574e-09
2.440e+02  1.573e-09  1.575e-09
2.450e+02  1.574e-09  1.576e-09
2.460e+02  1.575e-09  1.576e-09
2.470e+02  1.576e-09  1.577e-09
2.480e+02  1.576e-09  1.577e-09
2.490e+02  1.577e-09  1.577e-09
2.500e+02  1.577e-09  1.577e-09
2.510e+02  1.577e-09  1.577e-09
2.520e+02  1.577e-09  1.577e-09
2.530e+02  1.577e-09  1.577e-09
2.540e+02  1.577e-09  1.577e-09
2.550e+02  1.577e-09  1.577e-09
2.560e+02  1.577e-09  1.577e-09
2.570e+02  1.577e-09  1.577e-09
2.580e+02  1.577e-09  1.577e-09
2.590e+02  1.577e-09  1.577e-09
2.600e+02  1.577e-09  1.577e-09
2.610e+02  1.577e-09  1.577e-09
2.620e+02  1.577e-09  1.577e-09
2.630e+02  1.577e-09  1.577e-09
2.640e+02  1.577e-09  1.577e-09
2.650e+02  1.577e-09  1.577e-09
2.660e+02  1.577e-09  1.577e-09
2.670e+02  1.577e-09  1.577e-09
2.680e+02  1.577e-09  1.577e-09
2.690e+02  1.577e-09  1.577e-09
2.700e+02  1.577e-09  1.577e-09
2.710e+02  1.577e-09  1.577e-09
2.720e+02  1.577e-09  1.577e-09
2.730e+02  1.577e-09  1.577e-09
2.740e+02  1.577e-09  1.577e-09
2.750e+02  1.577e-09  1.577e-09
2.760e+02  1.577e-09  1.577e-09
2.770e+02  1.577e-09  1.577e-09
2.780e+02  1.577e-09  1.577e-09
2.790e+02  1.577e-09  1.577e-09
2.800e+02  1.577e-09  1.577e-09
2.810e+02  1.577e-09  1.577e-09
2.820e+02  1.577e-09  1.577e-09
2.830e+02  1.577e-09  1.577e-09
2.840e+02  1.577e-09  1.577e-09
2.850e+02  1.577e-09  1.577e-09
2.860e+02  1.577e-09  1.577e-09
2.870e+02  1.577e-09  1.577e-09
2.880e+02  1.577e-09  1.577e-09
2.890e+02  1.577e-09  1.577e-09
2.900e+02  1.577e-09  1.577e-09
2.910e+02  1.577e-09  1.577e-09
2.920e+02  1.577e-09  1.577e-09
2.930e+02  1.577e-09  1.577e-09
2.940e+02  1.577e-09  1.577e-09
2.950e+02  1.577e-09  1.577e-09
2.960e+02  1.577e-09  1.577e-09
2.970e+02  1.577e-09  1.577e-09
2.980e+02  1.577e-09  1.577e-09
2.990e+02  1.577e-09  1.577e-09
3.000e+02  1.577e-09  1.577e-09
3.010e+02  1.577e-09  1.577e-09
3.020e+02  1.577e-09  1.577e-09
3.030e+02  1.577e-09  1.577e-09
3.040e+02  1.577e-09  1.577e-09
3.050e+02  1.577e-09  1.577e-09
3.060e+02  1.577e-09  1.577e-09
3.070e+02  1.577e-09  1.577e-09
3.080e+02  1.577e-09  1.577e-09
3.090e+02  1.577e-09  1.577e-09
3.100e+02  1.577e-09  1.577e-09
3.110e+02  1.577e-09  1.577e-09
3.120e+02  1.577e-09  1.577e-09
3.130e+02  1.577e-09  1.577e-09
3.140e+02  1.577e-09  1.577e-09
3.150e+02  1.577e-09  1.577e-09
3.160e+02  1.577e-09  1.577e-09
3.170e+02  1.577e-09  1.577e-09
3.180e+02  1.577e-09  1.577e-09
3.190e+02  1.577e-09  1.577e-09
3.200e+02  1.577e-09  1.577e-09
3.210e+02  1.577e-09  1.577e-09
3.220e+02  1.577e-09  1.577e-09
3.230e+02  1.577e-09  1.577e-09
3.240e+02  1.577e-09  1.577e-09
3.250e+02  1.577e-09  1.577e-09
3.260e+02  1.577e-09  1.577e-09
3.270e+02  1.577e-09  1.577e-09
3.280e+02  1.577e-09  1.577e-09
3.290e+02  1.577e-09  1.577e-09
3.300e+02  1.577e-09  1.577e-09
3.310e+02  1.577e-09  1.577e-09
3.320e+02  1.577e-09  1.577e-09
3.330e+02  1.577e-09  1.577e-09
3.340e+02  1.577e-09  1.577e-09
3.350e+02  1.577e-09  1.577e-09
3.360e+02  1.577e-09  1.577e-09
3.370e+02  1.577e-09  1.577e-09
3.380e+02  1.577e-09  1.577e-09
3.390e+02  1.577e-09  1.577e-09
3.400e+02  1.577e-09  1.577e-09
3.410e+02  1.577e-09  1.577e-09
3.420e+02  1.577e-09  1.577e-09
3.430e+02  1.577e-09  1.577e-09
3.440e+02  1.577e-09  1.577e-09
3.450e+02  1.577e-09  1.577e-09
3.460e+02  1.577e-09  1.577e-09
3.470e+02  1.577e-09  1.577e-09
3.480e+02  1.577e-09  1.577e-09
3.490e+02  1.577e-09  1.577e-09
3.500e+02  1.577e-09  1.577e-09
3.510e+02  1.577e-09  1.577e-09
3.520e+02  1.577e-09  1.577e-09
3.530e+02  1.577e-09  1.577e-09
3.540e+02  1.577e-09  1.577e-09
3.550e+02  1.577e-09  1.577e-09
3.560e+02  1.577e-09  1.577e-09
3.570e+02  1.577e-09  1.577e-09
3.580e+02  1.577e-09  1.577e-09
3.590e+02  1.577e-09  1.577e-09
3.600e+02  1.577e-09  1.577e-09
3.610e+02  1.577e-09  1.577e-09
3.620e+02  1.577e-09  1.577e-09
3.630e+02  1.577e-09  1.577e-09
3.640e+02  1.577e-09  1.577e-09
3.650e+02  1.577e-09  1.577e-09
3.660e+02  1.577e-09  1.577e-09
3.670e+02  1.577e-09  1.577e-09
3.680e+02  1.577e-09  1.577e-09
3.690e+02  1.577e-09  1.577e-09
3.700e+02  1.577e-09  1.577e-09
3.710e+02  1.577e-09  1.577e-09
3.720e+02  1.577e-09  1.577e-09
3.730e+02  1.577e-09  1.577e-09
3.740e+02  1.577e-09  1.577e-09
3.750e+02  1.577e-09  1.577e-09
3.760e+02  1.577e-09  1.577e-09
3.770e+02  1.577e-09  1.577e-09
3.780e+02  1.577e-09  1.577e-09
3.790e+02  1.577e-09  1.577e-09
3.800e+02  1.577e-09  1.577e-09
3.810e+02  1.577e-09  1.577e-09
3.820e+02  1.577e-09  1.577e-09
3.830e+02  1.577e-09  1.577e-09
3.840e+02  1.577e-09  1.577e-09
3.850e+02  1.577e-09  1.577e-09
3.860e+02  1.577e-09  1.577e-09
3.870e+02  1.577e-09  1.577e-09
3.880e+02  1.577e-09  1.577e-09
3.890e+02  1.577e-09  1.577e-09
3.900e+02  1.577e-09  1.577e-09
3.910e+02  1.577e-09  1.577e-09
3.920e+02  1.577e-09  1.577e-09
3.930e+02  1.577e-09  1.577e-09
3.940e+02  1.577e-09  1.577e-09
3.950e+02  1.577e-09  1.577e-09
3.960e+02  1.577e-09  1.577e-09
3.970e+02  1.577e-09  1.577e-09
3.980e+02  1.577e-09  1.577e-09
3.990e+02  1.577e-09  1.577e-09
4.000e+02  1.577e-09  1.577e-09
