0.000000000000000000e+00
0.000000000000000000e+00
0.000000000000000000e+00
0.000000000000000000e+00
0.000000000000000000e+00
0.000000000000000000e+00
0.000000000000000000e+00
0.000000000000000000e+00
0.000000000000000000e+00
0.000000000000000000e+00
0.000000000000000000e+00
0.000000000000000000e+00
0.000000000000000000e+00
0.000000000000000000e+00
0.000000000000000000e+00
0.000000000000000000e+00
-1.500000000000000000e+00
-1.500000000000000000e+00
-1.500000000000000000e+00
-1.500000000000000000e+00
-1.200000000000000178e+00
0.000000000000000000e+00
0.000000000000000000e+00
0.000000000000000000e+00
0.000000000000000000e+00
0.000000000000000000e+00
0.000000000000000000e+00
0.000000000000000000e+00
0.000000000000000000e+00
0.000000000000000000e+00
0.000000000000000000e+00
-8.571428571428570953e-01
-8.571428571428570953e-01
-8.571428571428570953e-01
-8.571428571428570953e-01
-7.500000000000000000e-01
-7.500000000000000000e-01
-7.500000000000000000e-01
-7.500000000000000000e-01
0.000000000000000000e+00
0.000000000000000000e+00
0.000000000000000000e+00
0.000000000000000000e+00
0.000000000000000000e+00
0.000000000000000000e+00
-6.000000000000000888e-01
-6.000000000000000888e-01
-6.000000000000000888e-01
-6.000000000000000888e-01
-6.000000000000000888e-01
-5.454545454545455252e-01
-5.454545454545455252e-01
-5.454545454545455252e-01
-5.454545454545455252e-01
-5.454545454545455252e-01
-5.000000000000000000e-01
-5.000000000000000000e-01
0.000000000000000000e+00
-5.000000000000000000e-01
-5.000000000000000000e-01
-4.615384615384615641e-01
-4.615384615384615641e-01
-4.615384615384615641e-01
-4.615384615384615641e-01
-4.615384615384615641e-01
-4.285714285714285476e-01
-4.285714285714285476e-01
-4.285714285714285476e-01
-4.285714285714285476e-01
-4.285714285714285476e-01
-4.000000000000000222e-01
-8.000000000000000444e-01
-8.000000000000000444e-01
-4.000000000000000222e-01
-4.000000000000000222e-01
-3.750000000000000000e-01
-3.750000000000000000e-01
-3.750000000000000000e-01
-3.750000000000000000e-01
-3.750000000000000000e-01
-3.529411764705882582e-01
-3.529411764705882582e-01
-3.529411764705882582e-01
-7.058823529411765163e-01
-7.058823529411765163e-01
-6.666666666666666297e-01
-6.666666666666666297e-01
-6.666666666666666297e-01
-6.666666666666666297e-01
-3.333333333333333148e-01
-3.157894736842105088e-01
-3.157894736842105088e-01
-3.157894736842105088e-01
-3.157894736842105088e-01
-3.157894736842105088e-01
-6.000000000000000888e-01
-6.000000000000000888e-01
-6.000000000000000888e-01
-6.000000000000000888e-01
-6.000000000000000888e-01
-5.714285714285713969e-01
-5.714285714285713969e-01
-5.714285714285713969e-01
-5.714285714285713969e-01
-2.857142857142856984e-01
-2.727272727272727626e-01
-2.727272727272727626e-01
-5.454545454545455252e-01
-5.454545454545455252e-01
-5.454545454545455252e-01
-5.217391304347825942e-01
-5.217391304347825942e-01
-5.217391304347825942e-01
-5.217391304347825942e-01
-5.217391304347825942e-01
-5.000000000000000000e-01
-5.000000000000000000e-01
-5.000000000000000000e-01
-5.000000000000000000e-01
-5.000000000000000000e-01
-4.800000000000000377e-01
-4.800000000000000377e-01
-4.800000000000000377e-01
-4.800000000000000377e-01
-4.800000000000000377e-01
-4.615384615384615641e-01
-4.615384615384615641e-01
-4.615384615384615641e-01
-4.615384615384615641e-01
-4.615384615384615641e-01
-4.444444444444444198e-01
-6.666666666666666297e-01
-6.666666666666666297e-01
-6.666666666666666297e-01
-4.444444444444444198e-01
-4.285714285714285476e-01
-4.285714285714285476e-01
-4.285714285714285476e-01
-4.285714285714285476e-01
-4.285714285714285476e-01
-4.137931034482758563e-01
-4.137931034482758563e-01
-6.206896551724138122e-01
-6.206896551724138122e-01
-6.206896551724138122e-01
-6.000000000000000888e-01
-6.000000000000000888e-01
-6.000000000000000888e-01
-6.000000000000000888e-01
-4.000000000000000222e-01
-3.870967741935483764e-01
-3.870967741935483764e-01
-3.870967741935483764e-01
-5.806451612903226200e-01
-5.806451612903226200e-01
-5.625000000000000000e-01
-5.625000000000000000e-01
-5.625000000000000000e-01
-5.625000000000000000e-01
-5.625000000000000000e-01
-5.454545454545455252e-01
-5.454545454545455252e-01
-5.454545454545455252e-01
-5.454545454545455252e-01
-5.454545454545455252e-01
-5.294117647058824705e-01
-5.294117647058824705e-01
-5.294117647058824705e-01
-5.294117647058824705e-01
-5.294117647058824705e-01
-5.142857142857143460e-01
-5.142857142857143460e-01
-5.142857142857143460e-01
-5.142857142857143460e-01
-5.142857142857143460e-01
-6.666666666666666297e-01
-6.666666666666666297e-01
-6.666666666666666297e-01
-5.000000000000000000e-01
-5.000000000000000000e-01
-4.864864864864865135e-01
-4.864864864864865135e-01
-4.864864864864865135e-01
-4.864864864864865135e-01
-4.864864864864865135e-01
-4.736842105263157632e-01
-6.315789473684210176e-01
-6.315789473684210176e-01
-6.315789473684210176e-01
-6.315789473684210176e-01
-6.153846153846154188e-01
-6.153846153846154188e-01
-4.615384615384615641e-01
-4.615384615384615641e-01
-4.615384615384615641e-01
-4.500000000000000111e-01
-4.500000000000000111e-01
-6.000000000000000888e-01
-6.000000000000000888e-01
-6.000000000000000888e-01
-5.853658536585366612e-01
-5.853658536585366612e-01
-5.853658536585366612e-01
-5.853658536585366612e-01
-5.853658536585366612e-01
-5.714285714285713969e-01
-4.285714285714285476e-01
-5.714285714285713969e-01
-5.714285714285713969e-01
-5.714285714285713969e-01
-5.581395348837209225e-01
-5.581395348837209225e-01
-5.581395348837209225e-01
-5.581395348837209225e-01
-5.581395348837209225e-01
-5.454545454545455252e-01
-5.454545454545455252e-01
-5.454545454545455252e-01
-6.818181818181818787e-01
-5.454545454545455252e-01
-5.333333333333334370e-01
-5.333333333333334370e-01
-5.333333333333334370e-01
-5.333333333333334370e-01
-5.333333333333334370e-01
-5.217391304347825942e-01
-5.217391304347825942e-01
-5.217391304347825942e-01
-6.521739130434782705e-01
-6.521739130434782705e-01
-6.382978723404255650e-01
-6.382978723404255650e-01
-6.382978723404255650e-01
-5.106382978723404964e-01
-5.106382978723404964e-01
-5.000000000000000000e-01
-5.000000000000000000e-01
-5.000000000000000000e-01
-5.000000000000000000e-01
-6.250000000000001110e-01
-6.122448979591836871e-01
-6.122448979591836871e-01
-6.122448979591836871e-01
-6.122448979591836871e-01
-6.122448979591836871e-01
-6.000000000000000888e-01
-6.000000000000000888e-01
-4.800000000000000377e-01
-4.800000000000000377e-01
-6.000000000000000888e-01
-5.882352941176470784e-01
-5.882352941176470784e-01
-5.882352941176470784e-01
-5.882352941176470784e-01
-5.882352941176470784e-01
-5.769230769230769829e-01
-5.769230769230769829e-01
-5.769230769230769829e-01
-5.769230769230769829e-01
-5.769230769230769829e-01
-5.660377358490567001e-01
-5.660377358490567001e-01
-5.660377358490567001e-01
-5.660377358490567001e-01
-5.660377358490567001e-01
-5.555555555555555802e-01
-5.555555555555555802e-01
-5.555555555555555802e-01
-5.555555555555555802e-01
-5.555555555555555802e-01
-6.545454545454545414e-01
-6.545454545454545414e-01
-6.545454545454545414e-01
-5.454545454545455252e-01
-5.454545454545455252e-01
-5.357142857142858094e-01
-5.357142857142858094e-01
-5.357142857142858094e-01
-5.357142857142858094e-01
-5.357142857142858094e-01
-6.315789473684210176e-01
-6.315789473684210176e-01
-6.315789473684210176e-01
-6.315789473684210176e-01
-6.315789473684210176e-01
-6.206896551724138122e-01
-5.172413793103448620e-01
-5.172413793103448620e-01
-5.172413793103448620e-01
-5.172413793103448620e-01
-6.101694915254237683e-01
-6.101694915254237683e-01
-6.101694915254237683e-01
-6.101694915254237683e-01
-6.101694915254237683e-01
-6.000000000000000888e-01
-6.000000000000000888e-01
-6.000000000000000888e-01
-6.000000000000000888e-01
-5.000000000000000000e-01
-5.901639344262294973e-01
-5.901639344262294973e-01
-5.901639344262294973e-01
-5.901639344262294973e-01
-5.901639344262294973e-01
-5.806451612903226200e-01
-5.806451612903226200e-01
-5.806451612903226200e-01
-5.806451612903226200e-01
-5.806451612903226200e-01
-6.666666666666666297e-01
-6.666666666666666297e-01
-5.714285714285713969e-01
-5.714285714285713969e-01
-5.714285714285713969e-01
-5.625000000000000000e-01
-5.625000000000000000e-01
-5.625000000000000000e-01
-5.625000000000000000e-01
-5.625000000000000000e-01
-6.461538461538461897e-01
-6.461538461538461897e-01
-6.461538461538461897e-01
-6.461538461538461897e-01
-5.538461538461538769e-01
-5.454545454545455252e-01
-5.454545454545455252e-01
-5.454545454545455252e-01
-5.454545454545455252e-01
-5.454545454545455252e-01
-6.268656716417910779e-01
-6.268656716417910779e-01
-6.268656716417910779e-01
-6.268656716417910779e-01
-6.268656716417910779e-01
-6.176470588235294379e-01
-6.176470588235294379e-01
-6.176470588235294379e-01
-5.294117647058824705e-01
-5.294117647058824705e-01
-6.086956521739130821e-01
-6.086956521739130821e-01
-6.086956521739130821e-01
-6.086956521739130821e-01
-6.086956521739130821e-01
-6.000000000000000888e-01
-6.000000000000000888e-01
-6.000000000000000888e-01
-6.000000000000000888e-01
-6.857142857142857206e-01
-6.760563380281691126e-01
-5.915492957746478764e-01
-5.915492957746478764e-01
-5.915492957746478764e-01
-5.915492957746478764e-01
-5.833333333333333703e-01
-5.833333333333333703e-01
-5.833333333333333703e-01
-5.833333333333333703e-01
-6.666666666666666297e-01
-6.575342465753424293e-01
-6.575342465753424293e-01
-6.575342465753424293e-01
-5.753424657534246256e-01
-5.753424657534246256e-01
-5.675675675675676546e-01
-5.675675675675676546e-01
-5.675675675675676546e-01
-5.675675675675676546e-01
-6.486486486486486847e-01
-6.400000000000001243e-01
-6.400000000000001243e-01
-6.400000000000001243e-01
-6.400000000000001243e-01
-6.400000000000001243e-01
-6.315789473684210176e-01
-5.526315789473684736e-01
-5.526315789473684736e-01
-5.526315789473684736e-01
-6.315789473684210176e-01
-6.233766233766234732e-01
-6.233766233766234732e-01
-6.233766233766234732e-01
-6.233766233766234732e-01
-6.233766233766234732e-01
-6.153846153846154188e-01
-6.153846153846154188e-01
-6.153846153846154188e-01
-6.153846153846154188e-01
-6.153846153846154188e-01
-6.075949367088607778e-01
-6.075949367088607778e-01
-6.075949367088607778e-01
-6.075949367088607778e-01
-6.075949367088607778e-01
-6.000000000000000888e-01
-6.000000000000000888e-01
-6.000000000000000888e-01
-6.750000000000000444e-01
-6.750000000000000444e-01
-6.666666666666666297e-01
-5.925925925925925597e-01
-5.925925925925925597e-01
-5.925925925925925597e-01
-5.925925925925925597e-01
-5.853658536585366612e-01
-5.853658536585366612e-01
-5.853658536585366612e-01
-6.585365853658536883e-01
-6.585365853658536883e-01
-6.506024096385543132e-01
-6.506024096385543132e-01
-6.506024096385543132e-01
-5.783132530120482784e-01
-5.783132530120482784e-01
-5.714285714285713969e-01
-5.714285714285713969e-01
-6.428571428571429047e-01
-6.428571428571429047e-01
-6.428571428571429047e-01
-6.352941176470588980e-01
-6.352941176470588980e-01
-6.352941176470588980e-01
-6.352941176470588980e-01
-6.352941176470588980e-01
-6.279069767441861627e-01
-5.581395348837209225e-01
-6.279069767441861627e-01
-6.279069767441861627e-01
-6.279069767441861627e-01
-6.206896551724138122e-01
-6.206896551724138122e-01
-6.206896551724138122e-01
-6.206896551724138122e-01
-6.206896551724138122e-01
-6.136363636363637575e-01
-6.136363636363637575e-01
-6.136363636363637575e-01
-6.136363636363637575e-01
-6.136363636363637575e-01
-6.067415730337079038e-01
-6.067415730337079038e-01
-6.067415730337079038e-01
-6.067415730337079038e-01
-6.067415730337079038e-01
-6.000000000000000888e-01
-6.666666666666666297e-01
-6.666666666666666297e-01
-6.666666666666666297e-01
-6.000000000000000888e-01
-5.934065934065934078e-01
-5.934065934065934078e-01
-5.934065934065934078e-01
-5.934065934065934078e-01
-5.934065934065934078e-01
-5.869565217391304879e-01
-6.521739130434782705e-01
-6.521739130434782705e-01
-6.521739130434782705e-01
-6.521739130434782705e-01
-6.451612903225807383e-01
-6.451612903225807383e-01
-5.806451612903226200e-01
-5.806451612903226200e-01
-5.806451612903226200e-01
-6.382978723404255650e-01
-6.382978723404255650e-01
-6.382978723404255650e-01
-6.382978723404255650e-01
-6.382978723404255650e-01
-6.315789473684210176e-01
-6.315789473684210176e-01
-6.315789473684210176e-01
-6.315789473684210176e-01
-5.684210526315790490e-01
-6.250000000000001110e-01
-6.250000000000001110e-01
-6.250000000000001110e-01
-6.250000000000001110e-01
-6.250000000000001110e-01
-6.185567010309278579e-01
-6.185567010309278579e-01
-6.185567010309278579e-01
-6.185567010309278579e-01
-6.804123711340206437e-01
-6.734693877551021224e-01
-6.122448979591836871e-01
-6.122448979591836871e-01
-6.122448979591836871e-01
-6.122448979591836871e-01
-6.060606060606060774e-01
-6.060606060606060774e-01
-6.060606060606060774e-01
-6.060606060606060774e-01
-6.666666666666666297e-01
-6.600000000000000311e-01
-6.600000000000000311e-01
-6.600000000000000311e-01
-6.000000000000000888e-01
-6.000000000000000888e-01
-5.940594059405941429e-01
-5.940594059405941429e-01
-5.940594059405941429e-01
-6.534653465346534906e-01
-6.534653465346534906e-01
-6.470588235294117974e-01
-6.470588235294117974e-01
-6.470588235294117974e-01
-6.470588235294117974e-01
-6.470588235294117974e-01
-6.407766990291262621e-01
-5.825242718446602685e-01
-5.825242718446602685e-01
-6.407766990291262621e-01
-6.407766990291262621e-01
-6.346153846153846922e-01
-6.346153846153846922e-01
-6.346153846153846922e-01
-6.346153846153846922e-01
-6.346153846153846922e-01
-6.285714285714286698e-01
-6.285714285714286698e-01
-6.285714285714286698e-01
-6.285714285714286698e-01
-6.285714285714286698e-01
-6.226415094339623479e-01
-6.226415094339623479e-01
-6.226415094339623479e-01
-6.226415094339623479e-01
-6.226415094339623479e-01
-6.168224299065421246e-01
-6.728971962616823177e-01
-6.728971962616823177e-01
-6.728971962616823177e-01
-6.168224299065421246e-01
-6.111111111111111605e-01
-6.111111111111111605e-01
-6.111111111111111605e-01
-6.111111111111111605e-01
-6.111111111111111605e-01
-6.055045871559633364e-01
-6.605504587155963669e-01
-6.605504587155963669e-01
-6.605504587155963669e-01
-6.605504587155963669e-01
-6.545454545454545414e-01
-6.545454545454545414e-01
-6.000000000000000888e-01
-6.000000000000000888e-01
-6.000000000000000888e-01
-6.486486486486486847e-01
-6.486486486486486847e-01
-6.486486486486486847e-01
-6.486486486486486847e-01
-6.486486486486486847e-01
-6.428571428571429047e-01
-6.428571428571429047e-01
-6.428571428571429047e-01
-5.892857142857143016e-01
-5.892857142857143016e-01
-6.371681415929203451e-01
-6.371681415929203451e-01
-6.371681415929203451e-01
-6.371681415929203451e-01
-6.371681415929203451e-01
-6.315789473684210176e-01
-6.315789473684210176e-01
-6.315789473684210176e-01
-6.315789473684210176e-01
-6.842105263157894912e-01
-6.782608695652174724e-01
-6.260869565217391797e-01
-6.260869565217391797e-01
-6.260869565217391797e-01
-6.260869565217391797e-01
-6.206896551724138122e-01
-6.206896551724138122e-01
-6.206896551724138122e-01
-6.724137931034482873e-01
-6.724137931034482873e-01
-6.666666666666666297e-01
-6.666666666666666297e-01
-6.153846153846154188e-01
-6.153846153846154188e-01
-6.153846153846154188e-01
-6.101694915254237683e-01
-6.101694915254237683e-01
-6.101694915254237683e-01
-6.610169491525423879e-01
-6.610169491525423879e-01
-6.554621848739495826e-01
-6.554621848739495826e-01
-6.554621848739495826e-01
-6.554621848739495826e-01
-6.050420168067227600e-01
-6.000000000000000888e-01
-6.000000000000000888e-01
-6.500000000000000222e-01
-6.500000000000000222e-01
-6.500000000000000222e-01
-6.446280991735537924e-01
-6.446280991735537924e-01
-6.446280991735537924e-01
-6.446280991735537924e-01
-6.446280991735537924e-01
-6.393442622950820109e-01
-6.393442622950820109e-01
-6.393442622950820109e-01
-6.393442622950820109e-01
-6.393442622950820109e-01
-6.341463414634147533e-01
-6.341463414634147533e-01
-6.341463414634147533e-01
-6.341463414634147533e-01
-6.341463414634147533e-01
-6.290322580645162365e-01
-6.774193548387097419e-01
-6.774193548387097419e-01
-6.290322580645162365e-01
-6.290322580645162365e-01
-6.239999999999999991e-01
-6.239999999999999991e-01
-6.239999999999999991e-01
-6.239999999999999991e-01
-6.239999999999999991e-01
-6.666666666666666297e-01
-6.666666666666666297e-01
-6.666666666666666297e-01
-6.666666666666666297e-01
-6.190476190476190688e-01
-6.141732283464567121e-01
-6.141732283464567121e-01
-6.141732283464567121e-01
-6.141732283464567121e-01
-6.614173228346457156e-01
-6.562500000000000000e-01
-6.562500000000000000e-01
-6.562500000000000000e-01
-6.562500000000000000e-01
-6.562500000000000000e-01
-6.511627906976744651e-01
-6.511627906976744651e-01
-6.046511627906977493e-01
-6.511627906976744651e-01
-6.511627906976744651e-01
-6.461538461538461897e-01
-6.461538461538461897e-01
-6.461538461538461897e-01
-6.461538461538461897e-01
-6.461538461538461897e-01
-6.412213740458015954e-01
-6.412213740458015954e-01
-6.412213740458015954e-01
-6.412213740458015954e-01
-6.412213740458015954e-01
-6.363636363636364646e-01
-6.363636363636364646e-01
-6.363636363636364646e-01
-6.363636363636364646e-01
-6.363636363636364646e-01
-6.315789473684210176e-01
-6.315789473684210176e-01
-6.766917293233082331e-01
-6.766917293233082331e-01
-6.315789473684210176e-01
-6.268656716417910779e-01
-6.268656716417910779e-01
-6.268656716417910779e-01
-6.268656716417910779e-01
-6.268656716417910779e-01
-6.222222222222222321e-01
-6.666666666666666297e-01
-6.666666666666666297e-01
-6.666666666666666297e-01
-6.666666666666666297e-01
-6.617647058823529216e-01
-6.617647058823529216e-01
-6.176470588235294379e-01
-6.176470588235294379e-01
-6.176470588235294379e-01
-6.569343065693431516e-01
-6.569343065693431516e-01
-6.569343065693431516e-01
-6.569343065693431516e-01
-6.569343065693431516e-01
-6.521739130434782705e-01
-6.521739130434782705e-01
-6.521739130434782705e-01
-6.086956521739130821e-01
-6.086956521739130821e-01
-6.474820143884891799e-01
-6.474820143884891799e-01
-6.474820143884891799e-01
-6.474820143884891799e-01
-6.474820143884891799e-01
-6.428571428571429047e-01
-6.428571428571429047e-01
-6.428571428571429047e-01
-6.428571428571429047e-01
-6.857142857142857206e-01
-6.808510638297872175e-01
-6.382978723404255650e-01
-6.382978723404255650e-01
-6.382978723404255650e-01
-6.382978723404255650e-01
-6.338028169014084945e-01
-6.338028169014084945e-01
-6.338028169014084945e-01
-6.760563380281691126e-01
-6.760563380281691126e-01
-6.713286713286713558e-01
-6.713286713286713558e-01
-6.293706293706293753e-01
-6.293706293706293753e-01
-6.293706293706293753e-01
-6.250000000000001110e-01
-6.250000000000001110e-01
-6.666666666666666297e-01
-6.666666666666666297e-01
-6.666666666666666297e-01
-6.620689655172413701e-01
-6.620689655172413701e-01
-6.620689655172413701e-01
-6.206896551724138122e-01
-6.206896551724138122e-01
-6.164383561643835829e-01
-6.164383561643835829e-01
-6.575342465753424293e-01
-6.575342465753424293e-01
-6.575342465753424293e-01
-6.530612244897959773e-01
-6.530612244897959773e-01
-6.530612244897959773e-01
-6.530612244897959773e-01
-6.530612244897959773e-01
-6.486486486486486847e-01
-6.486486486486486847e-01
-6.486486486486486847e-01
-6.486486486486486847e-01
-6.486486486486486847e-01
-6.442953020134228881e-01
-6.442953020134228881e-01
-6.442953020134228881e-01
-6.442953020134228881e-01
-6.442953020134228881e-01
-6.800000000000000488e-01
-6.800000000000000488e-01
-6.400000000000001243e-01
-6.400000000000001243e-01
-6.400000000000001243e-01
-6.357615894039735371e-01
-6.357615894039735371e-01
-6.357615894039735371e-01
-6.357615894039735371e-01
-6.754966887417219734e-01
-6.710526315789474561e-01
-6.710526315789474561e-01
-6.710526315789474561e-01
-6.315789473684210176e-01
-6.315789473684210176e-01
-6.274509803921569651e-01
-6.274509803921569651e-01
-6.274509803921569651e-01
-6.666666666666666297e-01
-6.666666666666666297e-01
-6.623376623376623362e-01
-6.623376623376623362e-01
-6.623376623376623362e-01
-6.623376623376623362e-01
-6.623376623376623362e-01
-6.580645161290322731e-01
-6.193548387096774466e-01
-6.580645161290322731e-01
-6.580645161290322731e-01
-6.580645161290322731e-01
-6.538461538461538547e-01
-6.538461538461538547e-01
-6.538461538461538547e-01
-6.538461538461538547e-01
-6.538461538461538547e-01
-6.496815286624204600e-01
-6.496815286624204600e-01
-6.496815286624204600e-01
-6.496815286624204600e-01
-6.496815286624204600e-01
-6.455696202531646666e-01
-6.455696202531646666e-01
-6.455696202531646666e-01
-6.455696202531646666e-01
-6.455696202531646666e-01
-6.415094339622642305e-01
-6.792452830188679958e-01
-6.792452830188679958e-01
-6.415094339622642305e-01
-6.415094339622642305e-01
-6.375000000000000666e-01
-6.375000000000000666e-01
-6.375000000000000666e-01
-6.375000000000000666e-01
-6.375000000000000666e-01
-6.708074534161491131e-01
-6.708074534161491131e-01
-6.708074534161491131e-01
-6.708074534161491131e-01
-6.335403726708075389e-01
-6.296296296296296502e-01
-6.296296296296296502e-01
-6.296296296296296502e-01
-6.296296296296296502e-01
-6.666666666666666297e-01
-6.625766871165644778e-01
-6.625766871165644778e-01
-6.625766871165644778e-01
-6.625766871165644778e-01
-6.625766871165644778e-01
-6.585365853658536883e-01
-6.585365853658536883e-01
-6.219512195121951192e-01
-6.585365853658536883e-01
-6.585365853658536883e-01
-6.545454545454545414e-01
-6.545454545454545414e-01
-6.545454545454545414e-01
-6.545454545454545414e-01
-6.545454545454545414e-01
-6.506024096385543132e-01
-6.506024096385543132e-01
-6.867469879518072196e-01
-6.506024096385543132e-01
-6.506024096385543132e-01
-6.467065868263474071e-01
-6.467065868263474071e-01
-6.467065868263474071e-01
-6.467065868263474071e-01
-6.467065868263474071e-01
-6.428571428571429047e-01
-6.785714285714286031e-01
-6.785714285714286031e-01
-6.785714285714286031e-01
-6.428571428571429047e-01
-6.390532544378698665e-01
-6.390532544378698665e-01
-6.390532544378698665e-01
-6.390532544378698665e-01
-6.390532544378698665e-01
-6.352941176470588980e-01
-6.705882352941177071e-01
-6.705882352941177071e-01
-6.705882352941177071e-01
-6.705882352941177071e-01
-6.666666666666666297e-01
-6.315789473684210176e-01
-6.315789473684210176e-01
-6.315789473684210176e-01
-6.315789473684210176e-01
-6.627906976744186718e-01
-6.627906976744186718e-01
-6.627906976744186718e-01
-6.627906976744186718e-01
-6.627906976744186718e-01
-6.589595375722543391e-01
-6.589595375722543391e-01
-6.589595375722543391e-01
-6.242774566473988651e-01
-6.589595375722543391e-01
-6.551724137931035363e-01
-6.551724137931035363e-01
-6.551724137931035363e-01
-6.551724137931035363e-01
-6.551724137931035363e-01
-6.514285714285714679e-01
-6.514285714285714679e-01
-6.514285714285714679e-01
-6.857142857142857206e-01
-6.514285714285714679e-01
-6.477272727272728181e-01
-6.477272727272728181e-01
-6.477272727272728181e-01
-6.477272727272728181e-01
-6.477272727272728181e-01
-6.440677966101695517e-01
-6.440677966101695517e-01
-6.779661016949153352e-01
-6.779661016949153352e-01
-6.779661016949153352e-01
-6.741573033707864981e-01
-6.404494382022472010e-01
-6.404494382022472010e-01
-6.404494382022472010e-01
-6.404494382022472010e-01
-6.368715083798882626e-01
-6.703910614525139255e-01
-6.703910614525139255e-01
-6.703910614525139255e-01
-6.703910614525139255e-01
-6.666666666666666297e-01
-6.666666666666666297e-01
-6.333333333333334147e-01
-6.333333333333334147e-01
-6.333333333333334147e-01
-6.629834254143646133e-01
-6.629834254143646133e-01
-6.629834254143646133e-01
-6.629834254143646133e-01
-6.629834254143646133e-01
-6.593406593406593297e-01
-6.593406593406593297e-01
-6.593406593406593297e-01
-6.593406593406593297e-01
-6.593406593406593297e-01
-6.557377049180328488e-01
-6.557377049180328488e-01
-6.557377049180328488e-01
-6.557377049180328488e-01
-6.557377049180328488e-01
-6.521739130434782705e-01
-6.521739130434782705e-01
-6.521739130434782705e-01
-6.847826086956522174e-01
-6.847826086956522174e-01
-6.810810810810811189e-01
-6.486486486486486847e-01
-6.486486486486486847e-01
-6.486486486486486847e-01
-6.486486486486486847e-01
-6.451612903225807383e-01
-6.451612903225807383e-01
-6.774193548387097419e-01
-6.774193548387097419e-01
-6.774193548387097419e-01
-6.737967914438502959e-01
-6.737967914438502959e-01
-6.417112299465240755e-01
-6.417112299465240755e-01
-6.417112299465240755e-01
-6.382978723404255650e-01
-6.382978723404255650e-01
-6.702127659574468321e-01
-6.702127659574468321e-01
-6.702127659574468321e-01
-6.666666666666666297e-01
-6.666666666666666297e-01
-6.666666666666666297e-01
-6.349206349206348854e-01
-6.349206349206348854e-01
-6.315789473684210176e-01
-6.631578947368421684e-01
-6.631578947368421684e-01
-6.631578947368421684e-01
-6.631578947368421684e-01
-6.596858638743455794e-01
-6.596858638743455794e-01
-6.596858638743455794e-01
-6.596858638743455794e-01
-6.282722513089005201e-01
-6.562500000000000000e-01
-6.562500000000000000e-01
-6.562500000000000000e-01
-6.562500000000000000e-01
-6.562500000000000000e-01
-6.528497409326424750e-01
-6.528497409326424750e-01
-6.528497409326424750e-01
-6.528497409326424750e-01
-6.839378238341969896e-01
-6.804123711340206437e-01
-6.494845360824742508e-01
-6.494845360824742508e-01
-6.494845360824742508e-01
-6.494845360824742508e-01
-6.461538461538461897e-01
-6.461538461538461897e-01
-6.461538461538461897e-01
-6.769230769230769607e-01
-6.769230769230769607e-01
-6.734693877551021224e-01
-6.734693877551021224e-01
-6.734693877551021224e-01
-6.428571428571429047e-01
-6.428571428571429047e-01
-6.395939086294416542e-01
-6.395939086294416542e-01
-6.700507614213198071e-01
-6.700507614213198071e-01
-6.700507614213198071e-01
-6.666666666666666297e-01
-6.666666666666666297e-01
-6.666666666666666297e-01
-6.666666666666666297e-01
-6.363636363636364646e-01
-6.331658291457287202e-01
-6.633165829145729608e-01
-6.633165829145729608e-01
-6.633165829145729608e-01
-6.633165829145729608e-01
-6.600000000000000311e-01
-6.600000000000000311e-01
-6.600000000000000311e-01
-6.600000000000000311e-01
-6.600000000000000311e-01
-6.865671641791045721e-01
-6.567164179104477695e-01
-6.567164179104477695e-01
-6.567164179104477695e-01
-6.567164179104477695e-01
-6.534653465346534906e-01
-6.534653465346534906e-01
-6.534653465346534906e-01
-6.534653465346534906e-01
-6.831683168316832200e-01
-6.798029556650246885e-01
-6.798029556650246885e-01
-6.502463054187193059e-01
-6.502463054187193059e-01
-6.502463054187193059e-01
-6.470588235294117974e-01
-6.470588235294117974e-01
-6.470588235294117974e-01
-6.764705882352941568e-01
-6.764705882352941568e-01
-6.731707317073171160e-01
-6.731707317073171160e-01
-6.731707317073171160e-01
-6.439024390243902607e-01
-6.439024390243902607e-01
-6.407766990291262621e-01
-6.407766990291262621e-01
-6.699029126213592589e-01
-6.699029126213592589e-01
-6.699029126213592589e-01
-6.666666666666666297e-01
-6.666666666666666297e-01
-6.666666666666666297e-01
-6.666666666666666297e-01
-6.376811594202899114e-01
-6.346153846153846922e-01
-6.634615384615384359e-01
-6.634615384615384359e-01
-6.634615384615384359e-01
-6.634615384615384359e-01
-6.602870813397130334e-01
-6.602870813397130334e-01
-6.602870813397130334e-01
-6.602870813397130334e-01
-6.602870813397130334e-01
-6.857142857142857206e-01
-6.571428571428571397e-01
-6.571428571428571397e-01
-6.571428571428571397e-01
-6.571428571428571397e-01
-6.540284360189574375e-01
-6.540284360189574375e-01
-6.540284360189574375e-01
-6.540284360189574375e-01
-6.824644549763033696e-01
-6.792452830188679958e-01
-6.792452830188679958e-01
-6.792452830188679958e-01
-6.509433962264151718e-01
-6.509433962264151718e-01
-6.478873239436619969e-01
-6.478873239436619969e-01
-6.478873239436619969e-01
-6.760563380281691126e-01
-6.760563380281691126e-01
-6.728971962616823177e-01
-6.728971962616823177e-01
-6.728971962616823177e-01
-6.728971962616823177e-01
-6.448598130841122211e-01
-6.418604651162791441e-01
-6.418604651162791441e-01
-6.697674418604651070e-01
-6.697674418604651070e-01
-6.697674418604651070e-01
-6.666666666666666297e-01
-6.666666666666666297e-01
-6.666666666666666297e-01
-6.666666666666666297e-01
-6.666666666666666297e-01
-6.635944700460830736e-01
-6.635944700460830736e-01
-6.635944700460830736e-01
-6.635944700460830736e-01
-6.635944700460830736e-01
-6.605504587155963669e-01
-6.605504587155963669e-01
-6.605504587155963669e-01
-6.605504587155963669e-01
-6.605504587155963669e-01
-6.849315068493150305e-01
-6.849315068493150305e-01
-6.575342465753424293e-01
-6.575342465753424293e-01
-6.575342465753424293e-01
-6.545454545454545414e-01
-6.545454545454545414e-01
-6.545454545454545414e-01
-6.545454545454545414e-01
-6.818181818181818787e-01
-6.787330316742081759e-01
-6.787330316742081759e-01
-6.787330316742081759e-01
-6.515837104072398356e-01
-6.515837104072398356e-01
-6.486486486486486847e-01
-6.486486486486486847e-01
-6.486486486486486847e-01
-6.756756756756757687e-01
-6.756756756756757687e-01
-6.726457399103139556e-01
-6.726457399103139556e-01
-6.726457399103139556e-01
-6.726457399103139556e-01
-6.457399103139014329e-01
-6.428571428571429047e-01
-6.428571428571429047e-01
-6.696428571428572063e-01
-6.696428571428572063e-01
-6.696428571428572063e-01
-6.666666666666666297e-01
-6.666666666666666297e-01
-6.666666666666666297e-01
-6.666666666666666297e-01
-6.666666666666666297e-01
-6.637168141592920678e-01
-6.637168141592920678e-01
-6.637168141592920678e-01
-6.637168141592920678e-01
-6.637168141592920678e-01
-6.607929515418502486e-01
-6.607929515418502486e-01
-6.607929515418502486e-01
-6.607929515418502486e-01
-6.607929515418502486e-01
-6.842105263157894912e-01
-6.842105263157894912e-01
-6.578947368421053099e-01
-6.578947368421053099e-01
-6.578947368421053099e-01
-6.550218340611354551e-01
-6.550218340611354551e-01
-6.550218340611354551e-01
-6.550218340611354551e-01
-6.812227074235808200e-01
-6.782608695652174724e-01
-6.782608695652174724e-01
-6.782608695652174724e-01
-6.521739130434782705e-01
-6.521739130434782705e-01
-6.493506493506493449e-01
-6.493506493506493449e-01
-6.493506493506493449e-01
-6.753246753246754386e-01
-6.753246753246754386e-01
-6.724137931034482873e-01
-6.724137931034482873e-01
-6.724137931034482873e-01
-6.724137931034482873e-01
-6.465517241379310498e-01
-6.437768240343347825e-01
-6.437768240343347825e-01
-6.695278969957082493e-01
-6.695278969957082493e-01
-6.695278969957082493e-01
-6.666666666666666297e-01
-6.666666666666666297e-01
-6.666666666666666297e-01
-6.666666666666666297e-01
-6.666666666666666297e-01
-6.638297872340425121e-01
-6.893617021276595702e-01
-6.638297872340425121e-01
-6.638297872340425121e-01
-6.638297872340425121e-01
-6.610169491525423879e-01
-6.610169491525423879e-01
-6.610169491525423879e-01
-6.610169491525423879e-01
-6.610169491525423879e-01
-6.835443037974683334e-01
-6.835443037974683334e-01
-6.835443037974683334e-01
-6.582278481012658888e-01
-6.582278481012658888e-01
-6.554621848739495826e-01
-6.554621848739495826e-01
-6.554621848739495826e-01
-6.554621848739495826e-01
-6.806722689075630495e-01
-6.778242677824268814e-01
-6.778242677824268814e-01
-6.778242677824268814e-01
-6.778242677824268814e-01
-6.527196652719665648e-01
-6.500000000000000222e-01
-6.500000000000000222e-01
-6.500000000000000222e-01
-6.750000000000000444e-01
-6.750000000000000444e-01
-6.721991701244813822e-01
-6.721991701244813822e-01
-6.721991701244813822e-01
-6.721991701244813822e-01
-6.721991701244813822e-01
-6.694214876033058870e-01
-6.446280991735537924e-01
-6.694214876033058870e-01
-6.694214876033058870e-01
-6.694214876033058870e-01
-6.666666666666666297e-01
-6.666666666666666297e-01
-6.666666666666666297e-01
-6.666666666666666297e-01
-6.666666666666666297e-01
-6.639344262295082677e-01
-6.885245901639345245e-01
-6.639344262295082677e-01
-6.639344262295082677e-01
-6.639344262295082677e-01
-6.612244897959184131e-01
-6.612244897959184131e-01
-6.612244897959184131e-01
-6.612244897959184131e-01
-6.612244897959184131e-01
-6.829268292682927344e-01
-6.829268292682927344e-01
-6.829268292682927344e-01
-6.585365853658536883e-01
-6.585365853658536883e-01
-6.558704453441296378e-01
-6.558704453441296378e-01
-6.558704453441296378e-01
-6.558704453441296378e-01
-6.801619433198381470e-01
-6.774193548387097419e-01
-6.774193548387097419e-01
-6.774193548387097419e-01
-6.774193548387097419e-01
-6.532258064516129892e-01
-6.506024096385543132e-01
-6.506024096385543132e-01
-6.506024096385543132e-01
-6.746987951807229544e-01
-6.746987951807229544e-01
-6.720000000000000417e-01
-6.720000000000000417e-01
-6.720000000000000417e-01
-6.720000000000000417e-01
-6.720000000000000417e-01
-6.693227091633466852e-01
-6.454183266932271845e-01
-6.693227091633466852e-01
-6.693227091633466852e-01
-6.693227091633466852e-01
-6.666666666666666297e-01
-6.666666666666666297e-01
-6.666666666666666297e-01
-6.666666666666666297e-01
-6.666666666666666297e-01
-6.640316205533597360e-01
-6.877470355731225560e-01
-6.640316205533597360e-01
-6.640316205533597360e-01
-6.640316205533597360e-01
-6.614173228346457156e-01
-6.614173228346457156e-01
-6.614173228346457156e-01
-6.614173228346457156e-01
-6.614173228346457156e-01
-6.823529411764706065e-01
-6.823529411764706065e-01
-6.823529411764706065e-01
-6.588235294117646967e-01
-6.588235294117646967e-01
-6.562500000000000000e-01
-6.562500000000000000e-01
-6.562500000000000000e-01
-6.562500000000000000e-01
-6.796875000000000000e-01
-6.770428015564202706e-01
-6.770428015564202706e-01
-6.770428015564202706e-01
-6.770428015564202706e-01
-6.536964980544747172e-01
-6.511627906976744651e-01
-6.511627906976744651e-01
-6.511627906976744651e-01
-6.744186046511628785e-01
-6.744186046511628785e-01
-6.718146718146718044e-01
-6.718146718146718044e-01
-6.718146718146718044e-01
-6.718146718146718044e-01
-6.718146718146718044e-01
-6.692307692307692957e-01
-6.461538461538461897e-01
-6.692307692307692957e-01
-6.692307692307692957e-01
-6.692307692307692957e-01
-6.666666666666666297e-01
-6.666666666666666297e-01
-6.666666666666666297e-01
-6.666666666666666297e-01
-6.666666666666666297e-01
-6.641221374045802595e-01
-6.870229007633588125e-01
-6.641221374045802595e-01
-6.641221374045802595e-01
-6.641221374045802595e-01
-6.615969581749049366e-01
-6.615969581749049366e-01
-6.615969581749049366e-01
-6.615969581749049366e-01
-6.615969581749049366e-01
-6.818181818181818787e-01
-6.818181818181818787e-01
-6.818181818181818787e-01
-6.590909090909091717e-01
-6.590909090909091717e-01
-6.566037735849057366e-01
-6.566037735849057366e-01
-6.566037735849057366e-01
-6.566037735849057366e-01
-6.792452830188679958e-01
-6.766917293233082331e-01
-6.766917293233082331e-01
-6.766917293233082331e-01
-6.766917293233082331e-01
-6.541353383458646809e-01
-6.516853932584270037e-01
-6.516853932584270037e-01
-6.516853932584270037e-01
-6.741573033707864981e-01
-6.741573033707864981e-01
-6.716417910447761708e-01
-6.716417910447761708e-01
-6.716417910447761708e-01
-6.716417910447761708e-01
-6.716417910447761708e-01
-6.691449814126394502e-01
-6.468401486988848426e-01
-6.691449814126394502e-01
-6.691449814126394502e-01
-6.691449814126394502e-01
-6.666666666666666297e-01
-6.666666666666666297e-01
-6.666666666666666297e-01
-6.666666666666666297e-01
-6.666666666666666297e-01
-6.642066420664206605e-01
-6.863468634686347158e-01
-6.642066420664206605e-01
-6.642066420664206605e-01
-6.642066420664206605e-01
-6.617647058823529216e-01
-6.617647058823529216e-01
-6.617647058823529216e-01
-6.617647058823529216e-01
-6.617647058823529216e-01
-6.813186813186813406e-01
-6.813186813186813406e-01
-6.813186813186813406e-01
-6.593406593406593297e-01
-6.593406593406593297e-01
-6.569343065693431516e-01
-6.569343065693431516e-01
-6.569343065693431516e-01
-6.569343065693431516e-01
-6.788321167883212270e-01
-6.763636363636363891e-01
-6.763636363636363891e-01
-6.763636363636363891e-01
-6.763636363636363891e-01
-6.545454545454545414e-01
-6.521739130434782705e-01
-6.521739130434782705e-01
-6.521739130434782705e-01
-6.739130434782608647e-01
-6.739130434782608647e-01
-6.714801444043321244e-01
-6.714801444043321244e-01
-6.714801444043321244e-01
-6.714801444043321244e-01
-6.714801444043321244e-01
-6.690647482014389080e-01
-6.690647482014389080e-01
-6.690647482014389080e-01
-6.690647482014389080e-01
-6.690647482014389080e-01
-6.666666666666666297e-01
-6.666666666666666297e-01
-6.666666666666666297e-01
-6.666666666666666297e-01
-6.666666666666666297e-01
-6.857142857142857206e-01
-6.857142857142857206e-01
-6.642857142857142572e-01
-6.642857142857142572e-01
-6.642857142857142572e-01
-6.619217081850534701e-01
-6.619217081850534701e-01
-6.619217081850534701e-01
-6.619217081850534701e-01
-6.832740213523131878e-01
-6.808510638297872175e-01
-6.808510638297872175e-01
-6.808510638297872175e-01
-6.595744680851064468e-01
-6.595744680851064468e-01
-6.572438162544169682e-01
-6.572438162544169682e-01
-6.572438162544169682e-01
-6.784452296819788453e-01
-6.784452296819788453e-01
-6.760563380281691126e-01
-6.760563380281691126e-01
-6.760563380281691126e-01
-6.760563380281691126e-01
-6.549295774647887480e-01
-6.526315789473684514e-01
-6.526315789473684514e-01
-6.736842105263158853e-01
-6.736842105263158853e-01
-6.736842105263158853e-01
-6.713286713286713558e-01
-6.713286713286713558e-01
-6.713286713286713558e-01
-6.713286713286713558e-01
-6.713286713286713558e-01
-6.689895470383275811e-01
-6.689895470383275811e-01
-6.689895470383275811e-01
-6.689895470383275811e-01
-6.689895470383275811e-01
-6.666666666666666297e-01
-6.666666666666666297e-01
-6.666666666666666297e-01
-6.666666666666666297e-01
-6.666666666666666297e-01
-6.851211072664360469e-01
-6.851211072664360469e-01
-6.643598615916955774e-01
-6.643598615916955774e-01
-6.643598615916955774e-01
-6.620689655172413701e-01
-6.620689655172413701e-01
-6.620689655172413701e-01
-6.620689655172413701e-01
-6.827586206896552046e-01
-6.804123711340206437e-01
-6.804123711340206437e-01
-6.804123711340206437e-01
-6.597938144329896781e-01
-6.597938144329896781e-01
-6.575342465753424293e-01
-6.575342465753424293e-01
-6.575342465753424293e-01
-6.780821917808219634e-01
-6.780821917808219634e-01
-6.757679180887372627e-01
-6.757679180887372627e-01
-6.757679180887372627e-01
-6.757679180887372627e-01
-6.552901023890785881e-01
-6.530612244897959773e-01
-6.530612244897959773e-01
-6.734693877551021224e-01
-6.734693877551021224e-01
-6.734693877551021224e-01
-6.711864406779661785e-01
-6.711864406779661785e-01
-6.711864406779661785e-01
-6.711864406779661785e-01
-6.711864406779661785e-01
-6.689189189189189699e-01
-6.689189189189189699e-01
-6.689189189189189699e-01
-6.689189189189189699e-01
-6.689189189189189699e-01
-6.666666666666666297e-01
-6.666666666666666297e-01
-6.666666666666666297e-01
-6.666666666666666297e-01
-6.666666666666666297e-01
-6.845637583892617561e-01
-6.845637583892617561e-01
-6.644295302013423221e-01
-6.644295302013423221e-01
-6.644295302013423221e-01
-6.622073578595317755e-01
-6.622073578595317755e-01
-6.622073578595317755e-01
-6.622073578595317755e-01
-6.822742474916387856e-01
-6.800000000000000488e-01
-6.800000000000000488e-01
-6.800000000000000488e-01
-6.600000000000000311e-01
-6.600000000000000311e-01
-6.578073089700996467e-01
-6.578073089700996467e-01
-6.578073089700996467e-01
-6.777408637873755248e-01
-6.777408637873755248e-01
-6.754966887417219734e-01
-6.754966887417219734e-01
-6.754966887417219734e-01
-6.754966887417219734e-01
-6.556291390728476998e-01
-6.534653465346534906e-01
-6.534653465346534906e-01
-6.732673267326733102e-01
-6.732673267326733102e-01
-6.732673267326733102e-01
-6.710526315789474561e-01
-6.710526315789474561e-01
-6.710526315789474561e-01
-6.710526315789474561e-01
-6.710526315789474561e-01
-6.885245901639345245e-01
-6.688524590163934525e-01
-6.688524590163934525e-01
-6.688524590163934525e-01
-6.688524590163934525e-01
-6.666666666666666297e-01
-6.666666666666666297e-01
-6.666666666666666297e-01
-6.666666666666666297e-01
-6.862745098039215730e-01
-6.840390879478827069e-01
-6.840390879478827069e-01
-6.644951140065146200e-01
-6.644951140065146200e-01
-6.644951140065146200e-01
-6.623376623376623362e-01
-6.623376623376623362e-01
-6.623376623376623362e-01
-6.818181818181818787e-01
-6.818181818181818787e-01
-6.796116504854369245e-01
-6.796116504854369245e-01
-6.796116504854369245e-01
-6.601941747572815933e-01
-6.601941747572815933e-01
-6.580645161290322731e-01
-6.580645161290322731e-01
-6.774193548387097419e-01
-6.774193548387097419e-01
-6.774193548387097419e-01
-6.752411575562701218e-01
-6.752411575562701218e-01
-6.752411575562701218e-01
-6.752411575562701218e-01
-6.559485530546624865e-01
-6.538461538461538547e-01
-6.730769230769231282e-01
-6.730769230769231282e-01
-6.730769230769231282e-01
-6.730769230769231282e-01
-6.709265175718850394e-01
-6.709265175718850394e-01
-6.709265175718850394e-01
-6.709265175718850394e-01
-6.709265175718850394e-01
-6.878980891719745916e-01
-6.687898089171975258e-01
-6.687898089171975258e-01
-6.687898089171975258e-01
-6.687898089171975258e-01
-6.666666666666666297e-01
-6.666666666666666297e-01
-6.666666666666666297e-01
-6.666666666666666297e-01
-6.857142857142857206e-01
-6.835443037974683334e-01
-6.835443037974683334e-01
-6.645569620253164445e-01
-6.645569620253164445e-01
-6.645569620253164445e-01
-6.624605678233438377e-01
-6.624605678233438377e-01
-6.624605678233438377e-01
-6.813880126182966235e-01
-6.813880126182966235e-01
-6.792452830188679958e-01
-6.792452830188679958e-01
-6.792452830188679958e-01
-6.603773584905661131e-01
-6.603773584905661131e-01
-6.583072100313480668e-01
-6.583072100313480668e-01
-6.771159874608151386e-01
-6.771159874608151386e-01
-6.771159874608151386e-01
-6.750000000000000444e-01
-6.750000000000000444e-01
-6.750000000000000444e-01
-6.750000000000000444e-01
-6.562500000000000000e-01
-6.542056074766355867e-01
-6.728971962616823177e-01
-6.728971962616823177e-01
-6.728971962616823177e-01
-6.728971962616823177e-01
-6.708074534161491131e-01
-6.708074534161491131e-01
-6.708074534161491131e-01
-6.708074534161491131e-01
-6.708074534161491131e-01
-6.873065015479876694e-01
-6.687306501547988224e-01
-6.687306501547988224e-01
-6.687306501547988224e-01
-6.687306501547988224e-01
-6.666666666666666297e-01
-6.666666666666666297e-01
-6.666666666666666297e-01
-6.851851851851852304e-01
-6.851851851851852304e-01
-6.830769230769231370e-01
-6.830769230769231370e-01
-6.646153846153847189e-01
-6.646153846153847189e-01
-6.646153846153847189e-01
-6.625766871165644778e-01
-6.625766871165644778e-01
-6.809815950920246053e-01
-6.809815950920246053e-01
-6.809815950920246053e-01
-6.788990825688073771e-01
-6.788990825688073771e-01
-6.788990825688073771e-01
-6.605504587155963669e-01
-6.605504587155963669e-01
-6.585365853658536883e-01
-6.768292682926829729e-01
-6.768292682926829729e-01
-6.768292682926829729e-01
-6.768292682926829729e-01
-6.747720364741641719e-01
-6.747720364741641719e-01
-6.747720364741641719e-01
-6.747720364741641719e-01
-6.565349544072949239e-01
-6.727272727272727293e-01
-6.727272727272727293e-01
-6.727272727272727293e-01
-6.727272727272727293e-01
-6.727272727272727293e-01
-6.706948640483384461e-01
-6.706948640483384461e-01
-6.706948640483384461e-01
-6.706948640483384461e-01
-6.888217522658610648e-01
-6.867469879518072196e-01
-6.686746987951807109e-01
-6.686746987951807109e-01
-6.686746987951807109e-01
-6.686746987951807109e-01
-6.666666666666666297e-01
-6.666666666666666297e-01
-6.666666666666666297e-01
-6.846846846846846857e-01
-6.846846846846846857e-01
-6.826347305389222075e-01
-6.826347305389222075e-01
-6.646706586826347518e-01
-6.646706586826347518e-01
-6.646706586826347518e-01
-6.626865671641791744e-01
-6.626865671641791744e-01
-6.805970149253731671e-01
-6.805970149253731671e-01
-6.805970149253731671e-01
-6.785714285714286031e-01
-6.785714285714286031e-01
-6.785714285714286031e-01
-6.607142857142856984e-01
-6.607142857142856984e-01
-6.587537091988131532e-01
-6.765578635014837250e-01
-6.765578635014837250e-01
-6.765578635014837250e-01
-6.765578635014837250e-01
-6.745562130177515936e-01
-6.745562130177515936e-01
-6.745562130177515936e-01
-6.745562130177515936e-01
-6.568047337278106745e-01
-6.725663716814159754e-01
-6.725663716814159754e-01
-6.725663716814159754e-01
-6.725663716814159754e-01
-6.725663716814159754e-01
-6.705882352941177071e-01
-6.705882352941177071e-01
-6.705882352941177071e-01
-6.705882352941177071e-01
-6.882352941176470562e-01
-6.862170087976540156e-01
-6.686217008797654682e-01
-6.686217008797654682e-01
-6.686217008797654682e-01
-6.686217008797654682e-01
-6.666666666666666297e-01
-6.666666666666666297e-01
-6.842105263157894912e-01
-6.842105263157894912e-01
-6.842105263157894912e-01
-6.822157434402332798e-01
-6.822157434402332798e-01
-6.647230320699709649e-01
-6.647230320699709649e-01
-6.647230320699709649e-01
-6.627906976744186718e-01
-6.802325581395348708e-01
-6.802325581395348708e-01
-6.802325581395348708e-01
-6.802325581395348708e-01
-6.782608695652174724e-01
-6.782608695652174724e-01
-6.782608695652174724e-01
-6.608695652173913748e-01
-6.608695652173913748e-01
-6.763005780346821316e-01
-6.763005780346821316e-01
-6.763005780346821316e-01
-6.763005780346821316e-01
-6.763005780346821316e-01
-6.743515850144092827e-01
-6.743515850144092827e-01
-6.743515850144092827e-01
-6.570605187319885632e-01
-6.743515850144092827e-01
-6.724137931034482873e-01
-6.724137931034482873e-01
-6.724137931034482873e-01
-6.724137931034482873e-01
-6.724137931034482873e-01
-6.704871060171919694e-01
-6.704871060171919694e-01
-6.704871060171919694e-01
-6.876790830945559430e-01
-6.704871060171919694e-01
-6.685714285714285943e-01
-6.685714285714285943e-01
-6.685714285714285943e-01
-6.685714285714285943e-01
-6.685714285714285943e-01
-6.666666666666666297e-01
-6.666666666666666297e-01
-6.837606837606837740e-01
-6.837606837606837740e-01
-6.837606837606837740e-01
-6.818181818181818787e-01
-6.647727272727272929e-01
-6.647727272727272929e-01
-6.647727272727272929e-01
-6.647727272727272929e-01
-6.628895184135977781e-01
-6.798866855524079433e-01
-6.798866855524079433e-01
-6.798866855524079433e-01
-6.798866855524079433e-01
-6.779661016949153352e-01
-6.779661016949153352e-01
-6.610169491525423879e-01
-6.610169491525423879e-01
-6.610169491525423879e-01
-6.760563380281691126e-01
-6.760563380281691126e-01
-6.760563380281691126e-01
-6.760563380281691126e-01
-6.760563380281691126e-01
-6.741573033707864981e-01
-6.741573033707864981e-01
-6.741573033707864981e-01
-6.573033707865169051e-01
-6.741573033707864981e-01
-6.722689075630252642e-01
-6.722689075630252642e-01
-6.722689075630252642e-01
-6.722689075630252642e-01
-6.722689075630252642e-01
-6.703910614525139255e-01
-6.703910614525139255e-01
-6.871508379888269236e-01
-6.871508379888269236e-01
-6.703910614525139255e-01
-6.685236768802228502e-01
-6.685236768802228502e-01
-6.685236768802228502e-01
-6.685236768802228502e-01
-6.685236768802228502e-01
-6.666666666666666297e-01
-6.833333333333333481e-01
-6.833333333333333481e-01
-6.833333333333333481e-01
-6.833333333333333481e-01
-6.814404432132964429e-01
-6.648199445983379308e-01
-6.648199445983379308e-01
-6.648199445983379308e-01
-6.648199445983379308e-01
-6.795580110497237980e-01
-6.795580110497237980e-01
-6.795580110497237980e-01
-6.795580110497237980e-01
-6.795580110497237980e-01
-6.776859504132232148e-01
-6.776859504132232148e-01
-6.611570247933884481e-01
-6.611570247933884481e-01
-6.776859504132232148e-01
-6.758241758241758657e-01
-6.758241758241758657e-01
-6.758241758241758657e-01
-6.758241758241758657e-01
-6.758241758241758657e-01
-6.739726027397260344e-01
-6.739726027397260344e-01
-6.739726027397260344e-01
-6.739726027397260344e-01
-6.739726027397260344e-01
-6.721311475409836866e-01
-6.721311475409836866e-01
-6.721311475409836866e-01
-6.721311475409836866e-01
-6.721311475409836866e-01
-6.702997275204359839e-01
-6.702997275204359839e-01
-6.866485013623978562e-01
-6.866485013623978562e-01
-6.702997275204359839e-01
-6.684782608695651884e-01
-6.684782608695651884e-01
-6.684782608695651884e-01
-6.684782608695651884e-01
-6.684782608695651884e-01
-6.666666666666666297e-01
-6.829268292682927344e-01
-6.829268292682927344e-01
-6.829268292682927344e-01
-6.829268292682927344e-01
-6.810810810810811189e-01
-6.648648648648649573e-01
-6.648648648648649573e-01
-6.648648648648649573e-01
-6.648648648648649573e-01
-6.792452830188679958e-01
-6.792452830188679958e-01
-6.792452830188679958e-01
-6.792452830188679958e-01
-6.792452830188679958e-01
-6.774193548387097419e-01
-6.774193548387097419e-01
-6.612903225806452401e-01
-6.612903225806452401e-01
-6.774193548387097419e-01
-6.756032171581770607e-01
-6.756032171581770607e-01
-6.756032171581770607e-01
-6.756032171581770607e-01
-6.756032171581770607e-01
-6.737967914438502959e-01
-6.737967914438502959e-01
-6.898395721925134616e-01
-6.737967914438502959e-01
-6.737967914438502959e-01
-6.720000000000000417e-01
-6.720000000000000417e-01
-6.720000000000000417e-01
-6.720000000000000417e-01
-6.720000000000000417e-01
-6.702127659574468321e-01
-6.861702127659574657e-01
-6.861702127659574657e-01
-6.861702127659574657e-01
-6.702127659574468321e-01
-6.684350132625995755e-01
-6.684350132625995755e-01
-6.684350132625995755e-01
-6.684350132625995755e-01
-6.684350132625995755e-01
-6.825396825396825573e-01
-6.825396825396825573e-01
-6.825396825396825573e-01
-6.825396825396825573e-01
-6.825396825396825573e-01
-6.807387862796834277e-01
-6.649076517150396270e-01
-6.649076517150396270e-01
-6.649076517150396270e-01
-6.807387862796834277e-01
-6.789473684210527438e-01
-6.789473684210527438e-01
-6.789473684210527438e-01
-6.789473684210527438e-01
-6.789473684210527438e-01
-6.771653543307086798e-01
-6.614173228346457156e-01
-6.614173228346457156e-01
-6.771653543307086798e-01
-6.771653543307086798e-01
-6.753926701570680535e-01
-6.753926701570680535e-01
-6.753926701570680535e-01
-6.753926701570680535e-01
-6.753926701570680535e-01
-6.736292428198433768e-01
-6.736292428198433768e-01
-6.736292428198433768e-01
-6.736292428198433768e-01
-6.736292428198433768e-01
-6.718750000000001110e-01
-6.718750000000001110e-01
-6.718750000000001110e-01
-6.718750000000001110e-01
-6.718750000000001110e-01
-6.701298701298701310e-01
-6.857142857142857206e-01
-6.857142857142857206e-01
-6.701298701298701310e-01
-6.701298701298701310e-01
-6.683937823834197323e-01
-6.683937823834197323e-01
-6.683937823834197323e-01
-6.683937823834197323e-01
-6.683937823834197323e-01
-6.821705426356590163e-01
-6.821705426356590163e-01
-6.821705426356590163e-01
-6.821705426356590163e-01
-6.666666666666666297e-01
-6.649484536082473918e-01
-6.649484536082473918e-01
-6.649484536082473918e-01
-6.804123711340206437e-01
-6.804123711340206437e-01
-6.786632390745501731e-01
-6.786632390745501731e-01
-6.786632390745501731e-01
-6.786632390745501731e-01
-6.786632390745501731e-01
-6.769230769230769607e-01
-6.615384615384615197e-01
-6.769230769230769607e-01
-6.769230769230769607e-01
-6.769230769230769607e-01
-6.751918158567774553e-01
-6.751918158567774553e-01
-6.751918158567774553e-01
-6.751918158567774553e-01
-6.751918158567774553e-01
-6.734693877551021224e-01
-6.887755102040816757e-01
-6.734693877551021224e-01
-6.734693877551021224e-01
-6.734693877551021224e-01
-6.717557251908397031e-01
-6.717557251908397031e-01
-6.717557251908397031e-01
-6.717557251908397031e-01
-6.717557251908397031e-01
-6.852791878172589390e-01
-6.852791878172589390e-01
-6.852791878172589390e-01
-6.700507614213198071e-01
-6.700507614213198071e-01
-6.683544303797468444e-01
-6.683544303797468444e-01
-6.683544303797468444e-01
-6.683544303797468444e-01
-6.835443037974683334e-01
-6.818181818181818787e-01
-6.818181818181818787e-01
-6.818181818181818787e-01
-6.818181818181818787e-01
-6.666666666666666297e-01
-6.649874055415617713e-01
-6.649874055415617713e-01
-6.649874055415617713e-01
-6.801007556675062737e-01
-6.801007556675062737e-01
-6.783919597989950256e-01
-6.783919597989950256e-01
-6.783919597989950256e-01
-6.783919597989950256e-01
-6.783919597989950256e-01
-6.766917293233082331e-01
-6.616541353383458279e-01
-6.766917293233082331e-01
-6.766917293233082331e-01
-6.766917293233082331e-01
-6.750000000000000444e-01
-6.750000000000000444e-01
-6.750000000000000444e-01
-6.750000000000000444e-01
-6.750000000000000444e-01
-6.882793017456360074e-01
-6.882793017456360074e-01
-6.733167082294264638e-01
-6.733167082294264638e-01
-6.733167082294264638e-01
-6.716417910447761708e-01
-6.716417910447761708e-01
-6.716417910447761708e-01
-6.716417910447761708e-01
-6.865671641791045721e-01
-6.848635235732010162e-01
-6.848635235732010162e-01
-6.848635235732010162e-01
-6.699751861042183565e-01
-6.699751861042183565e-01
-6.683168316831683553e-01
-6.683168316831683553e-01
-6.683168316831683553e-01
-6.831683168316832200e-01
-6.831683168316832200e-01
-6.814814814814815769e-01
-6.814814814814815769e-01
-6.814814814814815769e-01
-6.666666666666666297e-01
-6.666666666666666297e-01
-6.650246305418719972e-01
-6.650246305418719972e-01
-6.798029556650246885e-01
-6.798029556650246885e-01
-6.798029556650246885e-01
-6.781326781326781905e-01
-6.781326781326781905e-01
-6.781326781326781905e-01
-6.781326781326781905e-01
-6.633906633906634376e-01
-6.617647058823529216e-01
-6.764705882352941568e-01
-6.764705882352941568e-01
-6.764705882352941568e-01
-6.764705882352941568e-01
-6.748166259168705272e-01
-6.748166259168705272e-01
-6.748166259168705272e-01
-6.748166259168705272e-01
-6.748166259168705272e-01
-6.878048780487805436e-01
-6.731707317073171160e-01
-6.731707317073171160e-01
-6.731707317073171160e-01
-6.731707317073171160e-01
-6.715328467153285352e-01
-6.715328467153285352e-01
-6.715328467153285352e-01
-6.715328467153285352e-01
-6.861313868613139189e-01
-6.844660194174757573e-01
-6.844660194174757573e-01
-6.699029126213592589e-01
-6.699029126213592589e-01
-6.699029126213592589e-01
-6.682808716707021590e-01
-6.682808716707021590e-01
-6.682808716707021590e-01
-6.828087167070218122e-01
-6.828087167070218122e-01
-6.811594202898550998e-01
-6.811594202898550998e-01
-6.811594202898550998e-01
-6.666666666666666297e-01
-6.666666666666666297e-01
-6.650602409638554091e-01
-6.795180722891566161e-01
-6.795180722891566161e-01
-6.795180722891566161e-01
-6.795180722891566161e-01
-6.778846153846154188e-01
-6.778846153846154188e-01
-6.778846153846154188e-01
-6.778846153846154188e-01
-6.634615384615384359e-01
-6.762589928057554101e-01
-6.762589928057554101e-01
-6.762589928057554101e-01
-6.762589928057554101e-01
-6.762589928057554101e-01
-6.746411483253589303e-01
-6.746411483253589303e-01
-6.746411483253589303e-01
-6.746411483253589303e-01
-6.889952153110048272e-01
-6.873508353221957634e-01
-6.730310262529832777e-01
-6.730310262529832777e-01
-6.730310262529832777e-01
-6.730310262529832777e-01
-6.714285714285714857e-01
-6.714285714285714857e-01
-6.714285714285714857e-01
-6.857142857142857206e-01
-6.857142857142857206e-01
-6.840855106888361625e-01
-6.840855106888361625e-01
-6.698337292161520296e-01
-6.698337292161520296e-01
-6.698337292161520296e-01
-6.682464454976303481e-01
-6.682464454976303481e-01
-6.824644549763033696e-01
-6.824644549763033696e-01
-6.824644549763033696e-01
-6.808510638297872175e-01
-6.808510638297872175e-01
-6.808510638297872175e-01
-6.666666666666666297e-01
-6.666666666666666297e-01
-6.650943396226415283e-01
-6.792452830188679958e-01
-6.792452830188679958e-01
-6.792452830188679958e-01
-6.792452830188679958e-01
-6.776470588235294912e-01
-6.776470588235294912e-01
-6.776470588235294912e-01
-6.776470588235294912e-01
-6.635294117647059231e-01
-6.760563380281691126e-01
-6.760563380281691126e-01
-6.760563380281691126e-01
-6.760563380281691126e-01
-6.760563380281691126e-01
-6.744730679156909492e-01
-6.744730679156909492e-01
-6.744730679156909492e-01
-6.885245901639345245e-01
-6.744730679156909492e-01
-6.728971962616823177e-01
-6.728971962616823177e-01
-6.728971962616823177e-01
-6.728971962616823177e-01
-6.728971962616823177e-01
-6.713286713286713558e-01
-6.713286713286713558e-01
-6.853146853146854234e-01
-6.853146853146854234e-01
-6.853146853146854234e-01
-6.837209302325581994e-01
-6.697674418604651070e-01
-6.697674418604651070e-01
-6.697674418604651070e-01
-6.697674418604651070e-01
-6.682134570765660975e-01
-6.821345707656613078e-01
-6.821345707656613078e-01
-6.821345707656613078e-01
-6.821345707656613078e-01
-6.805555555555555802e-01
-6.805555555555555802e-01
-6.666666666666666297e-01
-6.666666666666666297e-01
-6.666666666666666297e-01
-6.789838337182448891e-01
-6.789838337182448891e-01
-6.789838337182448891e-01
-6.789838337182448891e-01
-6.789838337182448891e-01
-6.774193548387097419e-01
-6.774193548387097419e-01
-6.774193548387097419e-01
-6.635944700460830736e-01
-6.774193548387097419e-01
-6.758620689655172598e-01
-6.758620689655172598e-01
-6.758620689655172598e-01
-6.758620689655172598e-01
-6.758620689655172598e-01
-6.743119266055046523e-01
-6.743119266055046523e-01
-6.743119266055046523e-01
-6.880733944954129377e-01
-6.743119266055046523e-01
-6.727688787185355235e-01
-6.727688787185355235e-01
-6.727688787185355235e-01
-6.727688787185355235e-01
-6.727688787185355235e-01
-6.712328767123287854e-01
-6.849315068493150305e-01
-6.849315068493150305e-01
-6.849315068493150305e-01
-6.849315068493150305e-01
-6.833712984054669537e-01
-6.697038724373576279e-01
-6.697038724373576279e-01
-6.697038724373576279e-01
-6.697038724373576279e-01
-6.818181818181818787e-01
-6.818181818181818787e-01
-6.818181818181818787e-01
-6.818181818181818787e-01
-6.818181818181818787e-01
-6.802721088435375041e-01
-6.802721088435375041e-01
-6.666666666666666297e-01
-6.666666666666666297e-01
-6.802721088435375041e-01
-6.787330316742081759e-01
-6.787330316742081759e-01
-6.787330316742081759e-01
-6.787330316742081759e-01
-6.787330316742081759e-01
-6.772009029345372744e-01
-6.772009029345372744e-01
-6.772009029345372744e-01
-6.772009029345372744e-01
-6.772009029345372744e-01
-6.756756756756757687e-01
-6.756756756756757687e-01
-6.756756756756757687e-01
-6.756756756756757687e-01
-6.756756756756757687e-01
-6.741573033707864981e-01
-6.741573033707864981e-01
-6.876404494382022392e-01
-6.876404494382022392e-01
-6.741573033707864981e-01
-6.726457399103139556e-01
-6.726457399103139556e-01
-6.726457399103139556e-01
-6.726457399103139556e-01
-6.726457399103139556e-01
-6.711409395973154668e-01
-6.845637583892617561e-01
-6.845637583892617561e-01
-6.845637583892617561e-01
-6.711409395973154668e-01
-6.696428571428572063e-01
-6.696428571428572063e-01
-6.696428571428572063e-01
-6.696428571428572063e-01
-6.830357142857143016e-01
-6.815144766146993272e-01
-6.815144766146993272e-01
-6.815144766146993272e-01
-6.815144766146993272e-01
-6.815144766146993272e-01
-6.800000000000000488e-01
-6.666666666666666297e-01
-6.666666666666666297e-01
-6.800000000000000488e-01
-6.800000000000000488e-01
-6.784922394678493118e-01
-6.784922394678493118e-01
-6.784922394678493118e-01
-6.784922394678493118e-01
-6.784922394678493118e-01
-6.769911504424779292e-01
-6.902654867256637905e-01
-6.769911504424779292e-01
-6.769911504424779292e-01
-6.769911504424779292e-01
-6.754966887417219734e-01
-6.754966887417219734e-01
-6.754966887417219734e-01
-6.754966887417219734e-01
-6.887417218543047115e-01
-6.872246696035242408e-01
-6.872246696035242408e-01
-6.872246696035242408e-01
-6.740088105726872447e-01
-6.740088105726872447e-01
-6.725274725274725807e-01
-6.857142857142857206e-01
-6.857142857142857206e-01
-6.857142857142857206e-01
-6.857142857142857206e-01
-6.842105263157894912e-01
-6.842105263157894912e-01
-6.842105263157894912e-01
-6.973684210526316374e-01
-6.842105263157894912e-01
-6.827133479212253997e-01
-6.827133479212253997e-01
-6.827133479212253997e-01
-6.958424507658643732e-01
-6.958424507658643732e-01
-6.943231441048035579e-01
-6.943231441048035579e-01
-6.943231441048035579e-01
-7.074235807860261849e-01
-7.074235807860261849e-01
-7.058823529411765163e-01
-7.058823529411765163e-01
