0.000e+00  7.552e-06  2.926e-65
1.000e+00  8.512e-06  3.257e-65
2.000e+00  1.055e-05  3.954e-65
3.000e+00  1.389e-05  5.091e-65
4.000e+00  1.894e-05  6.787e-65
5.000e+00  2.627e-05  9.218e-65
6.000e+00  3.672e-05  1.263e-64
7.000e+00  5.146e-05  1.738e-64
8.000e+00  7.212e-05  2.393e-64
9.000e+00  1.009e-04  3.293e-64
1.000e+01  1.410e-04  4.525e-64
1.100e+01  1.964e-04  6.207e-64
1.200e+01  2.729e-04  8.496e-64
1.300e+01  3.780e-04  1.160e-63
1.400e+01  5.221e-04  1.580e-63
1.500e+01  7.189e-04  2.147e-63
1.600e+01  9.864e-04  2.909e-63
1.700e+01  1.349e-03  3.929e-63
1.800e+01  1.837e-03  5.291e-63
1.900e+01  2.492e-03  7.102e-63
2.000e+01  3.366e-03  9.499e-63
2.100e+01  4.527e-03  1.266e-62
2.200e+01  6.059e-03  1.680e-62
2.300e+01  8.067e-03  2.221e-62
2.400e+01  1.068e-02  2.923e-62
2.500e+01  1.406e-02  3.828e-62
2.600e+01  1.839e-02  4.987e-62
2.700e+01  2.390e-02  6.462e-62
2.800e+01  3.083e-02  8.325e-62
2.900e+01  3.946e-02  1.066e-61
3.000e+01  5.009e-02  1.356e-61
3.100e+01  6.304e-02  1.712e-61
3.200e+01  7.860e-02  2.147e-61
3.300e+01  9.707e-02  2.671e-61
3.400e+01  1.187e-01  3.297e-61
3.500e+01  1.435e-01  4.036e-61
3.600e+01  1.718e-01  4.898e-61
3.700e+01  2.033e-01  5.892e-61
3.800e+01  2.380e-01  7.027e-61
3.900e+01  2.755e-01  8.308e-61
4.000e+01  3.153e-01  9.736e-61
4.100e+01  3.571e-01  1.131e-60
4.200e+01  4.000e-01  1.304e-60
4.300e+01  4.437e-01  1.491e-60
4.400e+01  4.873e-01  1.691e-60
4.500e+01  5.303e-01  1.905e-60
4.600e+01  5.721e-01  2.131e-60
4.700e+01  6.123e-01  2.370e-60
4.800e+01  6.505e-01  2.620e-60
4.900e+01  6.864e-01  2.881e-60
5.000e+01  7.198e-01  3.152e-60
5.100e+01  7.506e-01  3.435e-60
5.200e+01  7.788e-01  3.728e-60
5.300e+01  8.045e-01  4.031e-60
5.400e+01  8.277e-01  4.346e-60
5.500e+01  8.485e-01  4.673e-60
5.600e+01  8.671e-01  5.012e-60
5.700e+01  8.837e-01  5.363e-60
5.800e+01  8.984e-01  5.728e-60
5.900e+01  9.113e-01  6.108e-60
6.000e+01  9.227e-01  6.504e-60
6.100e+01  9.328e-01  6.916e-60
6.200e+01  9.416e-01  7.346e-60
6.300e+01  9.493e-01  7.795e-60
6.400e+01  9.560e-01  8.264e-60
6.500e+01  9.618e-01  8.755e-60
6.600e+01  9.669e-01  9.270e-60
6.700e+01  9.713e-01  9.809e-60
6.800e+01  9.752e-01  1.037e-59
6.900e+01  9.785e-01  1.097e-59
7.000e+01  9.814e-01  1.159e-59
7.100e+01  9.839e-01  1.224e-59
7.200e+01  9.861e-01  1.293e-59
7.300e+01  9.880e-01  1.365e-59
7.400e+01  9.896e-01  1.441e-59
7.500e+01  9.910e-01  1.521e-59
7.600e+01  9.923e-01  1.605e-59
7.700e+01  9.933e-01  1.693e-59
7.800e+01  9.942e-01  1.786e-59
7.900e+01  9.950e-01  1.884e-59
8.000e+01  9.957e-01  1.987e-59
8.100e+01  9.963e-01  2.096e-59
8.200e+01  9.968e-01  2.210e-59
8.300e+01  9.972e-01  2.330e-59
8.400e+01  9.976e-01  2.457e-59
8.500e+01  9.979e-01  2.590e-59
8.600e+01  9.982e-01  2.731e-59
8.700e+01  9.985e-01  2.879e-59
8.800e+01  9.987e-01  3.034e-59
8.900e+01  9.989e-01  3.198e-59
9.000e+01  9.990e-01  3.371e-59
9.100e+01  9.991e-01  3.553e-59
9.200e+01  9.993e-01  3.745e-59
9.300e+01  9.994e-01  3.946e-59
9.400e+01  9.995e-01  4.159e-59
9.500e+01  9.995e-01  4.383e-59
9.600e+01  9.996e-01  4.618e-59
9.700e+01  9.996e-01  4.866e-59
9.800e+01  9.997e-01  5.128e-59
9.900e+01  9.997e-01  5.402e-59
1.000e+02  9.998e-01  5.692e-59
1.010e+02  9.998e-01  5.997e-59
1.020e+02  9.998e-01  6.318e-59
1.030e+02  9.999e-01  6.655e-59
1.040e+02  9.999e-01  7.011e-59
1.050e+02  9.999e-01  7.385e-59
1.060e+02  9.999e-01  7.779e-59
1.070e+02  9.999e-01  8.194e-59
1.080e+02  9.999e-01  8.630e-59
1.090e+02  9.999e-01  9.089e-59
1.100e+02  9.999e-01  9.572e-59
1.110e+02  1.000e+00  1.008e-58
1.120e+02  1.000e+00  1.061e-58
1.130e+02  1.000e+00  1.118e-58
1.140e+02  1.000e+00  1.177e-58
1.150e+02  1.000e+00  1.239e-58
1.160e+02  1.000e+00  1.305e-58
1.170e+02  1.000e+00  1.373e-58
1.180e+02  1.000e+00  1.446e-58
1.190e+02  1.000e+00  1.522e-58
1.200e+02  1.000e+00  1.602e-58
1.210e+02  1.000e+00  1.686e-58
1.220e+02  1.000e+00  1.774e-58
1.230e+02  1.000e+00  1.867e-58
1.240e+02  1.000e+00  1.965e-58
1.250e+02  1.000e+00  2.067e-58
1.260e+02  1.000e+00  2.175e-58
1.270e+02  1.000e+00  2.288e-58
1.280e+02  1.000e+00  2.407e-58
1.290e+02  1.000e+00  2.532e-58
1.300e+02  1.000e+00  2.663e-58
1.310e+02  1.000e+00  2.800e-58
1.320e+02  1.000e+00  2.945e-58
1.330e+02  1.000e+00  3.096e-58
1.340e+02  1.000e+00  3.255e-58
1.350e+02  1.000e+00  3.422e-58
1.360e+02  1.000e+00  3.597e-58
1.370e+02  1.000e+00  3.780e-58
1.380e+02  1.000e+00  3.973e-58
1.390e+02  1.000e+00  4.174e-58
1.400e+02  1.000e+00  4.385e-58
1.410e+02  1.000e+00  4.607e-58
1.420e+02  1.000e+00  4.839e-58
1.430e+02  1.000e+00  5.081e-58
1.440e+02  1.000e+00  5.336e-58
1.450e+02  1.000e+00  5.602e-58
1.460e+02  1.000e+00  5.880e-58
1.470e+02  1.000e+00  6.171e-58
1.480e+02  1.000e+00  6.476e-58
1.490e+02  1.000e+00  6.795e-58
1.500e+02  1.000e+00  7.127e-58
1.510e+02  1.000e+00  7.475e-58
1.520e+02  1.000e+00  7.838e-58
1.530e+02  1.000e+00  8.217e-58
1.540e+02  1.000e+00  8.613e-58
1.550e+02  1.000e+00  9.026e-58
1.560e+02  1.000e+00  9.456e-58
1.570e+02  1.000e+00  9.905e-58
1.580e+02  1.000e+00  1.037e-57
1.590e+02  1.000e+00  1.086e-57
1.600e+02  1.000e+00  1.137e-57
1.610e+02  1.000e+00  1.189e-57
1.620e+02  1.000e+00  1.244e-57
1.630e+02  1.000e+00  1.301e-57
1.640e+02  1.000e+00  1.360e-57
1.650e+02  1.000e+00  1.422e-57
1.660e+02  1.000e+00  1.485e-57
1.670e+02  1.000e+00  1.552e-57
1.680e+02  1.000e+00  1.620e-57
1.690e+02  1.000e+00  1.691e-57
1.700e+02  1.000e+00  1.765e-57
1.710e+02  1.000e+00  1.841e-57
1.720e+02  1.000e+00  1.919e-57
1.730e+02  1.000e+00  2.000e-57
1.740e+02  1.000e+00  2.084e-57
1.750e+02  1.000e+00  2.170e-57
1.760e+02  1.000e+00  2.259e-57
1.770e+02  1.000e+00  2.351e-57
1.780e+02  1.000e+00  2.445e-57
1.790e+02  1.000e+00  2.542e-57
1.800e+02  1.000e+00  2.642e-57
1.810e+02  1.000e+00  2.744e-57
1.820e+02  1.000e+00  2.849e-57
1.830e+02  1.000e+00  2.956e-57
1.840e+02  1.000e+00  3.065e-57
1.850e+02  1.000e+00  3.177e-57
1.860e+02  1.000e+00  3.292e-57
1.870e+02  1.000e+00  3.408e-57
1.880e+02  1.000e+00  3.527e-57
1.890e+02  1.000e+00  3.648e-57
1.900e+02  1.000e+00  3.771e-57
1.910e+02  1.000e+00  3.895e-57
1.920e+02  1.000e+00  4.022e-57
1.930e+02  1.000e+00  4.149e-57
1.940e+02  1.000e+00  4.278e-57
1.950e+02  1.000e+00  4.409e-57
1.960e+02  1.000e+00  4.540e-57
1.970e+02  1.000e+00  4.672e-57
1.980e+02  1.000e+00  4.804e-57
1.990e+02  1.000e+00  4.937e-57
2.000e+02  1.000e+00  5.070e-57
2.010e+02  1.000e+00  5.203e-57
2.020e+02  1.000e+00  5.335e-57
2.030e+02  1.000e+00  5.467e-57
2.040e+02  1.000e+00  5.597e-57
2.050e+02  1.000e+00  5.727e-57
2.060e+02  1.000e+00  5.854e-57
2.070e+02  1.000e+00  5.980e-57
2.080e+02  1.000e+00  6.104e-57
2.090e+02  1.000e+00  6.225e-57
2.100e+02  1.000e+00  6.344e-57
2.110e+02  1.000e+00  6.459e-57
2.120e+02  1.000e+00  6.571e-57
2.130e+02  1.000e+00  6.679e-57
2.140e+02  1.000e+00  6.783e-57
2.150e+02  1.000e+00  6.883e-57
2.160e+02  1.000e+00  6.978e-57
2.170e+02  1.000e+00  7.068e-57
2.180e+02  1.000e+00  7.152e-57
2.190e+02  1.000e+00  7.231e-57
2.200e+02  1.000e+00  7.304e-57
2.210e+02  1.000e+00  7.371e-57
2.220e+02  1.000e+00  7.432e-57
2.230e+02  1.000e+00  7.486e-57
2.240e+02  1.000e+00  7.533e-57
2.250e+02  1.000e+00  7.573e-57
2.260e+02  1.000e+00  7.605e-57
2.270e+02  1.000e+00  7.631e-57
2.280e+02  1.000e+00  7.648e-57
2.290e+02  1.000e+00  7.658e-57
2.300e+02  1.000e+00  7.661e-57
2.310e+02  1.000e+00  7.655e-57
2.320e+02  1.000e+00  7.642e-57
2.330e+02  1.000e+00  7.621e-57
2.340e+02  1.000e+00  7.592e-57
2.350e+02  1.000e+00  7.555e-57
2.360e+02  1.000e+00  7.510e-57
2.370e+02  1.000e+00  7.457e-57
2.380e+02  1.000e+00  7.397e-57
2.390e+02  1.000e+00  7.330e-57
2.400e+02  1.000e+00  7.255e-57
2.410e+02  1.000e+00  7.173e-57
2.420e+02  1.000e+00  7.084e-57
2.430e+02  1.000e+00  6.989e-57
2.440e+02  1.000e+00  6.887e-57
2.450e+02  1.000e+00  6.779e-57
2.460e+02  1.000e+00  6.665e-57
2.470e+02  1.000e+00  6.546e-57
2.480e+02  1.000e+00  6.422e-57
2.490e+02  1.000e+00  6.292e-57
2.500e+02  1.000e+00  6.159e-57
2.510e+02  1.000e+00  6.021e-57
2.520e+02  1.000e+00  5.879e-57
2.530e+02  1.000e+00  5.734e-57
2.540e+02  1.000e+00  5.586e-57
2.550e+02  1.000e+00  5.436e-57
2.560e+02  1.000e+00  5.283e-57
2.570e+02  1.000e+00  5.128e-57
2.580e+02  1.000e+00  4.972e-57
2.590e+02  1.000e+00  4.815e-57
2.600e+02  1.000e+00  4.658e-57
2.610e+02  1.000e+00  4.500e-57
2.620e+02  1.000e+00  4.342e-57
2.630e+02  1.000e+00  4.185e-57
2.640e+02  1.000e+00  4.029e-57
2.650e+02  1.000e+00  3.873e-57
2.660e+02  1.000e+00  3.719e-57
2.670e+02  1.000e+00  3.567e-57
2.680e+02  1.000e+00  3.417e-57
2.690e+02  1.000e+00  3.269e-57
2.700e+02  1.000e+00  3.123e-57
2.710e+02  1.000e+00  2.981e-57
2.720e+02  1.000e+00  2.841e-57
2.730e+02  1.000e+00  2.705e-57
2.740e+02  1.000e+00  2.571e-57
2.750e+02  1.000e+00  2.442e-57
2.760e+02  1.000e+00  2.316e-57
2.770e+02  1.000e+00  2.193e-57
2.780e+02  1.000e+00  2.075e-57
2.790e+02  1.000e+00  1.960e-57
2.800e+02  1.000e+00  1.849e-57
2.810e+02  1.000e+00  1.743e-57
2.820e+02  1.000e+00  1.640e-57
2.830e+02  1.000e+00  1.542e-57
2.840e+02  1.000e+00  1.447e-57
2.850e+02  1.000e+00  1.357e-57
2.860e+02  1.000e+00  1.271e-57
2.870e+02  1.000e+00  1.188e-57
2.880e+02  1.000e+00  1.110e-57
2.890e+02  1.000e+00  1.035e-57
2.900e+02  1.000e+00  9.640e-58
2.910e+02  1.000e+00  8.968e-58
2.920e+02  1.000e+00  8.332e-58
2.930e+02  1.000e+00  7.730e-58
2.940e+02  1.000e+00  7.163e-58
2.950e+02  1.000e+00  6.629e-58
2.960e+02  1.000e+00  6.127e-58
2.970e+02  1.000e+00  5.655e-58
2.980e+02  1.000e+00  5.212e-58
2.990e+02  1.000e+00  4.798e-58
3.000e+02  1.000e+00  4.411e-58
3.010e+02  1.000e+00  4.050e-58
3.020e+02  1.000e+00  3.714e-58
3.030e+02  1.000e+00  3.401e-58
3.040e+02  1.000e+00  3.110e-58
3.050e+02  1.000e+00  2.840e-58
3.060e+02  1.000e+00  2.590e-58
3.070e+02  1.000e+00  2.359e-58
3.080e+02  1.000e+00  2.146e-58
3.090e+02  1.000e+00  1.950e-58
3.100e+02  1.000e+00  1.769e-58
3.110e+02  1.000e+00  1.602e-58
3.120e+02  1.000e+00  1.450e-58
3.130e+02  1.000e+00  1.310e-58
3.140e+02  1.000e+00  1.182e-58
3.150e+02  1.000e+00  1.065e-58
3.160e+02  1.000e+00  9.585e-59
3.170e+02  1.000e+00  8.614e-59
3.180e+02  1.000e+00  7.731e-59
3.190e+02  1.000e+00  6.929e-59
3.200e+02  1.000e+00  6.202e-59
3.210e+02  1.000e+00  5.544e-59
3.220e+02  1.000e+00  4.949e-59
3.230e+02  1.000e+00  4.411e-59
3.240e+02  1.000e+00  3.927e-59
3.250e+02  1.000e+00  3.491e-59
3.260e+02  1.000e+00  3.100e-59
3.270e+02  1.000e+00  2.748e-59
3.280e+02  1.000e+00  2.433e-59
3.290e+02  1.000e+00  2.151e-59
3.300e+02  1.000e+00  1.900e-59
3.310e+02  1.000e+00  1.675e-59
3.320e+02  1.000e+00  1.475e-59
3.330e+02  1.000e+00  1.297e-59
3.340e+02  1.000e+00  1.139e-59
3.350e+02  1.000e+00  9.991e-60
3.360e+02  1.000e+00  8.750e-60
3.370e+02  1.000e+00  7.653e-60
3.380e+02  1.000e+00  6.684e-60
3.390e+02  1.000e+00  5.830e-60
3.400e+02  1.000e+00  5.078e-60
3.410e+02  1.000e+00  4.417e-60
3.420e+02  1.000e+00  3.837e-60
3.430e+02  1.000e+00  3.328e-60
3.440e+02  1.000e+00  2.883e-60
3.450e+02  1.000e+00  2.494e-60
3.460e+02  1.000e+00  2.154e-60
3.470e+02  1.000e+00  1.858e-60
3.480e+02  1.000e+00  1.601e-60
3.490e+02  1.000e+00  1.377e-60
3.500e+02  1.000e+00  1.183e-60
3.510e+02  1.000e+00  1.015e-60
3.520e+02  1.000e+00  8.698e-61
3.530e+02  1.000e+00  7.442e-61
3.540e+02  1.000e+00  6.359e-61
3.550e+02  1.000e+00  5.425e-61
3.560e+02  1.000e+00  4.623e-61
3.570e+02  1.000e+00  3.933e-61
3.580e+02  1.000e+00  3.342e-61
3.590e+02  1.000e+00  2.836e-61
3.600e+02  1.000e+00  2.403e-61
3.610e+02  1.000e+00  2.033e-61
3.620e+02  1.000e+00  1.718e-61
3.630e+02  1.000e+00  1.450e-61
3.640e+02  1.000e+00  1.222e-61
3.650e+02  1.000e+00  1.028e-61
3.660e+02  1.000e+00  8.640e-62
3.670e+02  1.000e+00  7.251e-62
3.680e+02  1.000e+00  6.076e-62
3.690e+02  1.000e+00  5.085e-62
3.700e+02  1.000e+00  4.250e-62
3.710e+02  1.000e+00  3.547e-62
3.720e+02  1.000e+00  2.956e-62
3.730e+02  1.000e+00  2.460e-62
3.740e+02  1.000e+00  2.044e-62
3.750e+02  1.000e+00  1.697e-62
3.760e+02  1.000e+00  1.406e-62
3.770e+02  1.000e+00  1.164e-62
3.780e+02  1.000e+00  9.619e-63
3.790e+02  1.000e+00  7.939e-63
3.800e+02  1.000e+00  6.544e-63
3.810e+02  1.000e+00  5.386e-63
3.820e+02  1.000e+00  4.427e-63
3.830e+02  1.000e+00  3.633e-63
3.840e+02  1.000e+00  2.978e-63
3.850e+02  1.000e+00  2.438e-63
3.860e+02  1.000e+00  1.992e-63
3.870e+02  1.000e+00  1.626e-63
3.880e+02  1.000e+00  1.326e-63
3.890e+02  1.000e+00  1.079e-63
3.900e+02  1.000e+00  8.771e-64
3.910e+02  1.000e+00  7.119e-64
3.920e+02  1.000e+00  5.771e-64
3.930e+02  1.000e+00  4.671e-64
3.940e+02  1.000e+00  3.776e-64
3.950e+02  1.000e+00  3.048e-64
3.960e+02  1.000e+00  2.457e-64
3.970e+02  1.000e+00  1.978e-64
3.980e+02  1.000e+00  1.590e-64
3.990e+02  1.000e+00  1.276e-64
4.000e+02  1.000e+00  1.023e-64
4.010e+02  1.000e+00  8.191e-65
4.020e+02  1.000e+00  6.548e-65
4.030e+02  1.000e+00  5.227e-65
4.040e+02  1.000e+00  4.167e-65
4.050e+02  1.000e+00  3.317e-65
4.060e+02  1.000e+00  2.637e-65
4.070e+02  1.000e+00  2.094e-65
4.080e+02  1.000e+00  1.660e-65
4.090e+02  1.000e+00  1.314e-65
4.100e+02  1.000e+00  1.039e-65
4.110e+02  1.000e+00  8.202e-66
4.120e+02  1.000e+00  6.467e-66
4.130e+02  1.000e+00  5.091e-66
4.140e+02  1.000e+00  4.003e-66
4.150e+02  1.000e+00  3.143e-66
4.160e+02  1.000e+00  2.464e-66
4.170e+02  1.000e+00  1.929e-66
4.180e+02  1.000e+00  1.508e-66
4.190e+02  1.000e+00  1.178e-66
4.200e+02  1.000e+00  9.182e-67
4.210e+02  1.000e+00  7.150e-67
4.220e+02  1.000e+00  5.559e-67
4.230e+02  1.000e+00  4.316e-67
4.240e+02  1.000e+00  3.347e-67
4.250e+02  1.000e+00  2.592e-67
4.260e+02  1.000e+00  2.004e-67
4.270e+02  1.000e+00  1.547e-67
4.280e+02  1.000e+00  1.193e-67
4.290e+02  1.000e+00  9.188e-68
4.300e+02  1.000e+00  7.065e-68
4.310e+02  1.000e+00  5.425e-68
4.320e+02  1.000e+00  4.160e-68
4.330e+02  1.000e+00  3.186e-68
4.340e+02  1.000e+00  2.436e-68
4.350e+02  1.000e+00  1.861e-68
4.360e+02  1.000e+00  1.419e-68
4.370e+02  1.000e+00  1.081e-68
4.380e+02  1.000e+00  8.218e-69
4.390e+02  1.000e+00  6.241e-69
4.400e+02  1.000e+00  4.733e-69
4.410e+02  1.000e+00  3.585e-69
4.420e+02  1.000e+00  2.711e-69
4.430e+02  1.000e+00  2.048e-69
4.440e+02  1.000e+00  1.544e-69
4.450e+02  1.000e+00  1.163e-69
4.460e+02  1.000e+00  8.750e-70
4.470e+02  1.000e+00  6.572e-70
4.480e+02  1.000e+00  4.929e-70
4.490e+02  1.000e+00  3.692e-70
4.500e+02  1.000e+00  2.762e-70
4.510e+02  1.000e+00  2.063e-70
4.520e+02  1.000e+00  1.539e-70
4.530e+02  1.000e+00  1.146e-70
4.540e+02  1.000e+00  8.528e-71
4.550e+02  1.000e+00  6.335e-71
4.560e+02  1.000e+00  4.700e-71
4.570e+02  1.000e+00  3.482e-71
4.580e+02  1.000e+00  2.576e-71
4.590e+02  1.000e+00  1.903e-71
4.600e+02  1.000e+00  1.404e-71
4.610e+02  1.000e+00  1.034e-71
4.620e+02  1.000e+00  7.611e-72
4.630e+02  1.000e+00  5.592e-72
4.640e+02  1.000e+00  4.103e-72
4.650e+02  1.000e+00  3.007e-72
4.660e+02  1.000e+00  2.200e-72
4.670e+02  1.000e+00  1.608e-72
4.680e+02  1.000e+00  1.173e-72
4.690e+02  1.000e+00  8.548e-73
4.700e+02  1.000e+00  6.221e-73
4.710e+02  1.000e+00  4.521e-73
4.720e+02  1.000e+00  3.281e-73
4.730e+02  1.000e+00  2.378e-73
4.740e+02  1.000e+00  1.721e-73
4.750e+02  1.000e+00  1.244e-73
4.760e+02  1.000e+00  8.977e-74
4.770e+02  1.000e+00  6.470e-74
4.780e+02  1.000e+00  4.657e-74
4.790e+02  1.000e+00  3.348e-74
4.800e+02  1.000e+00  2.403e-74
4.810e+02  1.000e+00  1.723e-74
4.820e+02  1.000e+00  1.233e-74
4.830e+02  1.000e+00  8.816e-75
4.840e+02  1.000e+00  6.294e-75
4.850e+02  1.000e+00  4.487e-75
4.860e+02  1.000e+00  3.195e-75
4.870e+02  1.000e+00  2.271e-75
4.880e+02  1.000e+00  1.613e-75
4.890e+02  1.000e+00  1.144e-75
4.900e+02  1.000e+00  8.101e-76
4.910e+02  1.000e+00  5.732e-76
4.920e+02  1.000e+00  4.052e-76
4.930e+02  1.000e+00  2.864e-76
4.940e+02  1.000e+00  2.027e-76
4.950e+02  1.000e+00  1.439e-76
4.960e+02  1.000e+00  1.031e-76
4.970e+02  1.000e+00  7.516e-77
4.980e+02  1.000e+00  5.678e-77
4.990e+02  1.000e+00  4.565e-77
5.000e+02  1.000e+00  4.042e-77
