0.000e+00  1.000e+00  8.466e-115
1.000e+00  1.000e+00  8.494e-115
2.000e+00  1.000e+00  8.549e-115
3.000e+00  1.000e+00  8.633e-115
4.000e+00  1.000e+00  8.744e-115
5.000e+00  1.000e+00  8.884e-115
6.000e+00  1.000e+00  9.052e-115
7.000e+00  1.000e+00  9.250e-115
8.000e+00  1.000e+00  9.477e-115
9.000e+00  1.000e+00  9.734e-115
1.000e+01  1.000e+00  1.002e-114
1.100e+01  1.000e+00  1.034e-114
1.200e+01  1.000e+00  1.069e-114
1.300e+01  1.000e+00  1.108e-114
1.400e+01  1.000e+00  1.150e-114
1.500e+01  1.000e+00  1.196e-114
1.600e+01  1.000e+00  1.245e-114
1.700e+01  1.000e+00  1.298e-114
1.800e+01  1.000e+00  1.355e-114
1.900e+01  1.000e+00  1.416e-114
2.000e+01  1.000e+00  1.481e-114
2.100e+01  1.000e+00  1.550e-114
2.200e+01  1.000e+00  1.625e-114
2.300e+01  1.000e+00  1.704e-114
2.400e+01  1.000e+00  1.788e-114
2.500e+01  1.000e+00  1.877e-114
2.600e+01  1.000e+00  1.971e-114
2.700e+01  1.000e+00  2.072e-114
2.800e+01  1.000e+00  2.178e-114
2.900e+01  1.000e+00  2.290e-114
3.000e+01  1.000e+00  2.409e-114
3.100e+01  1.000e+00  2.535e-114
3.200e+01  1.000e+00  2.668e-114
3.300e+01  1.000e+00  2.809e-114
3.400e+01  1.000e+00  2.957e-114
3.500e+01  1.000e+00  3.114e-114
3.600e+01  1.000e+00  3.279e-114
3.700e+01  1.000e+00  3.454e-114
3.800e+01  1.000e+00  3.638e-114
3.900e+01  1.000e+00  3.833e-114
4.000e+01  1.000e+00  4.037e-114
4.100e+01  1.000e+00  4.254e-114
4.200e+01  1.000e+00  4.481e-114
4.300e+01  1.000e+00  4.722e-114
4.400e+01  1.000e+00  4.975e-114
4.500e+01  1.000e+00  5.242e-114
4.600e+01  1.000e+00  5.523e-114
4.700e+01  1.000e+00  5.819e-114
4.800e+01  1.000e+00  6.131e-114
4.900e+01  1.000e+00  6.460e-114
5.000e+01  1.000e+00  6.806e-114
5.100e+01  1.000e+00  7.171e-114
5.200e+01  1.000e+00  7.555e-114
5.300e+01  1.000e+00  7.960e-114
5.400e+01  1.000e+00  8.386e-114
5.500e+01  1.000e+00  8.834e-114
5.600e+01  1.000e+00  9.306e-114
5.700e+01  1.000e+00  9.804e-114
5.800e+01  1.000e+00  1.033e-113
5.900e+01  1.000e+00  1.088e-113
6.000e+01  1.000e+00  1.146e-113
6.100e+01  1.000e+00  1.207e-113
6.200e+01  1.000e+00  1.271e-113
6.300e+01  1.000e+00  1.339e-113
6.400e+01  1.000e+00  1.410e-113
6.500e+01  1.000e+00  1.485e-113
6.600e+01  1.000e+00  1.563e-113
6.700e+01  1.000e+00  1.646e-113
6.800e+01  1.000e+00  1.733e-113
6.900e+01  1.000e+00  1.825e-113
7.000e+01  1.000e+00  1.921e-113
7.100e+01  1.000e+00  2.023e-113
7.200e+01  1.000e+00  2.129e-113
7.300e+01  1.000e+00  2.241e-113
7.400e+01  1.000e+00  2.359e-113
7.500e+01  1.000e+00  2.483e-113
7.600e+01  1.000e+00  2.613e-113
7.700e+01  1.000e+00  2.750e-113
7.800e+01  1.000e+00  2.894e-113
7.900e+01  1.000e+00  3.045e-113
8.000e+01  1.000e+00  3.203e-113
8.100e+01  1.000e+00  3.370e-113
8.200e+01  1.000e+00  3.545e-113
8.300e+01  1.000e+00  3.729e-113
8.400e+01  1.000e+00  3.922e-113
8.500e+01  1.000e+00  4.125e-113
8.600e+01  1.000e+00  4.338e-113
8.700e+01  1.000e+00  4.562e-113
8.800e+01  1.000e+00  4.796e-113
8.900e+01  1.000e+00  5.042e-113
9.000e+01  1.000e+00  5.301e-113
9.100e+01  1.000e+00  5.572e-113
9.200e+01  1.000e+00  5.856e-113
9.300e+01  1.000e+00  6.154e-113
9.400e+01  1.000e+00  6.467e-113
9.500e+01  1.000e+00  6.794e-113
9.600e+01  1.000e+00  7.138e-113
9.700e+01  1.000e+00  7.498e-113
9.800e+01  1.000e+00  7.875e-113
9.900e+01  1.000e+00  8.270e-113
1.000e+02  1.000e+00  8.684e-113
1.010e+02  1.000e+00  9.117e-113
1.020e+02  1.000e+00  9.571e-113
1.030e+02  1.000e+00  1.005e-112
1.040e+02  1.000e+00  1.054e-112
1.050e+02  1.000e+00  1.106e-112
1.060e+02  1.000e+00  1.161e-112
1.070e+02  1.000e+00  1.218e-112
1.080e+02  1.000e+00  1.277e-112
1.090e+02  1.000e+00  1.339e-112
1.100e+02  1.000e+00  1.404e-112
1.110e+02  1.000e+00  1.472e-112
1.120e+02  1.000e+00  1.543e-112
1.130e+02  1.000e+00  1.617e-112
1.140e+02  1.000e+00  1.694e-112
1.150e+02  1.000e+00  1.775e-112
1.160e+02  1.000e+00  1.859e-112
1.170e+02  1.000e+00  1.947e-112
1.180e+02  1.000e+00  2.038e-112
1.190e+02  1.000e+00  2.134e-112
1.200e+02  1.000e+00  2.233e-112
1.210e+02  1.000e+00  2.337e-112
1.220e+02  1.000e+00  2.445e-112
1.230e+02  1.000e+00  2.557e-112
1.240e+02  1.000e+00  2.674e-112
1.250e+02  1.000e+00  2.796e-112
1.260e+02  1.000e+00  2.922e-112
1.270e+02  1.000e+00  3.054e-112
1.280e+02  1.000e+00  3.190e-112
1.290e+02  1.000e+00  3.332e-112
1.300e+02  1.000e+00  3.480e-112
1.310e+02  1.000e+00  3.633e-112
1.320e+02  1.000e+00  3.792e-112
1.330e+02  1.000e+00  3.957e-112
1.340e+02  1.000e+00  4.128e-112
1.350e+02  1.000e+00  4.305e-112
1.360e+02  1.000e+00  4.489e-112
1.370e+02  1.000e+00  4.679e-112
1.380e+02  1.000e+00  4.876e-112
1.390e+02  1.000e+00  5.079e-112
1.400e+02  1.000e+00  5.290e-112
1.410e+02  1.000e+00  5.508e-112
1.420e+02  1.000e+00  5.733e-112
1.430e+02  1.000e+00  5.965e-112
1.440e+02  1.000e+00  6.205e-112
1.450e+02  1.000e+00  6.452e-112
1.460e+02  1.000e+00  6.708e-112
1.470e+02  1.000e+00  6.971e-112
1.480e+02  1.000e+00  7.242e-112
1.490e+02  1.000e+00  7.521e-112
1.500e+02  1.000e+00  7.809e-112
1.510e+02  1.000e+00  8.105e-112
1.520e+02  1.000e+00  8.409e-112
1.530e+02  1.000e+00  8.721e-112
1.540e+02  1.000e+00  9.042e-112
1.550e+02  1.000e+00  9.371e-112
1.560e+02  1.000e+00  9.709e-112
1.570e+02  1.000e+00  1.006e-111
1.580e+02  1.000e+00  1.041e-111
1.590e+02  1.000e+00  1.077e-111
1.600e+02  1.000e+00  1.115e-111
1.610e+02  1.000e+00  1.153e-111
1.620e+02  1.000e+00  1.191e-111
1.630e+02  1.000e+00  1.231e-111
1.640e+02  1.000e+00  1.272e-111
1.650e+02  1.000e+00  1.313e-111
1.660e+02  1.000e+00  1.355e-111
1.670e+02  1.000e+00  1.398e-111
1.680e+02  1.000e+00  1.442e-111
1.690e+02  1.000e+00  1.486e-111
1.700e+02  1.000e+00  1.531e-111
1.710e+02  1.000e+00  1.577e-111
1.720e+02  1.000e+00  1.624e-111
1.730e+02  1.000e+00  1.671e-111
1.740e+02  1.000e+00  1.719e-111
1.750e+02  1.000e+00  1.768e-111
1.760e+02  1.000e+00  1.817e-111
1.770e+02  1.000e+00  1.866e-111
1.780e+02  1.000e+00  1.916e-111
1.790e+02  1.000e+00  1.967e-111
1.800e+02  1.000e+00  2.018e-111
1.810e+02  1.000e+00  2.069e-111
1.820e+02  1.000e+00  2.121e-111
1.830e+02  1.000e+00  2.173e-111
1.840e+02  1.000e+00  2.225e-111
1.850e+02  1.000e+00  2.277e-111
1.860e+02  1.000e+00  2.330e-111
1.870e+02  1.000e+00  2.382e-111
1.880e+02  1.000e+00  2.435e-111
1.890e+02  1.000e+00  2.487e-111
1.900e+02  1.000e+00  2.540e-111
1.910e+02  1.000e+00  2.592e-111
1.920e+02  1.000e+00  2.644e-111
1.930e+02  1.000e+00  2.696e-111
1.940e+02  1.000e+00  2.747e-111
1.950e+02  1.000e+00  2.798e-111
1.960e+02  1.000e+00  2.848e-111
1.970e+02  1.000e+00  2.898e-111
1.980e+02  1.000e+00  2.948e-111
1.990e+02  1.000e+00  2.996e-111
2.000e+02  1.000e+00  3.044e-111
2.010e+02  1.000e+00  3.091e-111
2.020e+02  1.000e+00  3.137e-111
2.030e+02  1.000e+00  3.182e-111
2.040e+02  1.000e+00  3.226e-111
2.050e+02  1.000e+00  3.269e-111
2.060e+02  1.000e+00  3.310e-111
2.070e+02  1.000e+00  3.351e-111
2.080e+02  1.000e+00  3.390e-111
2.090e+02  1.000e+00  3.427e-111
2.100e+02  1.000e+00  3.463e-111
2.110e+02  1.000e+00  3.498e-111
2.120e+02  1.000e+00  3.531e-111
2.130e+02  1.000e+00  3.563e-111
2.140e+02  1.000e+00  3.592e-111
2.150e+02  1.000e+00  3.620e-111
2.160e+02  1.000e+00  3.646e-111
2.170e+02  1.000e+00  3.671e-111
2.180e+02  1.000e+00  3.693e-111
2.190e+02  1.000e+00  3.713e-111
2.200e+02  1.000e+00  3.732e-111
2.210e+02  1.000e+00  3.748e-111
2.220e+02  1.000e+00  3.763e-111
2.230e+02  1.000e+00  3.775e-111
2.240e+02  1.000e+00  3.785e-111
2.250e+02  1.000e+00  3.793e-111
2.260e+02  1.000e+00  3.798e-111
2.270e+02  1.000e+00  3.802e-111
2.280e+02  1.000e+00  3.803e-111
2.290e+02  1.000e+00  3.802e-111
2.300e+02  1.000e+00  3.799e-111
2.310e+02  1.000e+00  3.794e-111
2.320e+02  1.000e+00  3.786e-111
2.330e+02  1.000e+00  3.777e-111
2.340e+02  1.000e+00  3.765e-111
2.350e+02  1.000e+00  3.751e-111
2.360e+02  1.000e+00  3.734e-111
2.370e+02  1.000e+00  3.716e-111
2.380e+02  1.000e+00  3.695e-111
2.390e+02  1.000e+00  3.672e-111
2.400e+02  1.000e+00  3.648e-111
2.410e+02  1.000e+00  3.621e-111
2.420e+02  1.000e+00  3.592e-111
2.430e+02  1.000e+00  3.562e-111
2.440e+02  1.000e+00  3.529e-111
2.450e+02  1.000e+00  3.495e-111
2.460e+02  1.000e+00  3.458e-111
2.470e+02  1.000e+00  3.421e-111
2.480e+02  1.000e+00  3.381e-111
2.490e+02  1.000e+00  3.340e-111
2.500e+02  1.000e+00  3.297e-111
2.510e+02  1.000e+00  3.253e-111
2.520e+02  1.000e+00  3.207e-111
2.530e+02  1.000e+00  3.161e-111
2.540e+02  1.000e+00  3.113e-111
2.550e+02  1.000e+00  3.063e-111
2.560e+02  1.000e+00  3.013e-111
2.570e+02  1.000e+00  2.961e-111
2.580e+02  1.000e+00  2.909e-111
2.590e+02  1.000e+00  2.856e-111
2.600e+02  1.000e+00  2.802e-111
2.610e+02  1.000e+00  2.747e-111
2.620e+02  1.000e+00  2.692e-111
2.630e+02  1.000e+00  2.636e-111
2.640e+02  1.000e+00  2.579e-111
2.650e+02  1.000e+00  2.523e-111
2.660e+02  1.000e+00  2.466e-111
2.670e+02  1.000e+00  2.408e-111
2.680e+02  1.000e+00  2.351e-111
2.690e+02  1.000e+00  2.293e-111
2.700e+02  1.000e+00  2.236e-111
2.710e+02  1.000e+00  2.178e-111
2.720e+02  1.000e+00  2.121e-111
2.730e+02  1.000e+00  2.063e-111
2.740e+02  1.000e+00  2.006e-111
2.750e+02  1.000e+00  1.950e-111
2.760e+02  1.000e+00  1.893e-111
2.770e+02  1.000e+00  1.838e-111
2.780e+02  1.000e+00  1.782e-111
2.790e+02  1.000e+00  1.727e-111
2.800e+02  1.000e+00  1.673e-111
2.810e+02  1.000e+00  1.620e-111
2.820e+02  1.000e+00  1.567e-111
2.830e+02  1.000e+00  1.515e-111
2.840e+02  1.000e+00  1.463e-111
2.850e+02  1.000e+00  1.413e-111
2.860e+02  1.000e+00  1.363e-111
2.870e+02  1.000e+00  1.314e-111
2.880e+02  1.000e+00  1.266e-111
2.890e+02  1.000e+00  1.219e-111
2.900e+02  1.000e+00  1.173e-111
2.910e+02  1.000e+00  1.128e-111
2.920e+02  1.000e+00  1.084e-111
2.930e+02  1.000e+00  1.042e-111
2.940e+02  1.000e+00  9.996e-112
2.950e+02  1.000e+00  9.588e-112
2.960e+02  1.000e+00  9.190e-112
2.970e+02  1.000e+00  8.803e-112
2.980e+02  1.000e+00  8.427e-112
2.990e+02  1.000e+00  8.061e-112
3.000e+02  1.000e+00  7.706e-112
3.010e+02  1.000e+00  7.362e-112
3.020e+02  1.000e+00  7.028e-112
3.030e+02  1.000e+00  6.705e-112
3.040e+02  1.000e+00  6.393e-112
3.050e+02  1.000e+00  6.091e-112
3.060e+02  1.000e+00  5.800e-112
3.070e+02  1.000e+00  5.519e-112
3.080e+02  1.000e+00  5.248e-112
3.090e+02  1.000e+00  4.987e-112
3.100e+02  1.000e+00  4.735e-112
3.110e+02  1.000e+00  4.494e-112
3.120e+02  1.000e+00  4.261e-112
3.130e+02  1.000e+00  4.039e-112
3.140e+02  1.000e+00  3.825e-112
3.150e+02  1.000e+00  3.620e-112
3.160e+02  1.000e+00  3.424e-112
3.170e+02  1.000e+00  3.236e-112
3.180e+02  1.000e+00  3.056e-112
3.190e+02  1.000e+00  2.885e-112
3.200e+02  1.000e+00  2.721e-112
3.210e+02  1.000e+00  2.565e-112
3.220e+02  1.000e+00  2.416e-112
3.230e+02  1.000e+00  2.274e-112
3.240e+02  1.000e+00  2.140e-112
3.250e+02  1.000e+00  2.011e-112
3.260e+02  1.000e+00  1.889e-112
3.270e+02  1.000e+00  1.774e-112
3.280e+02  1.000e+00  1.664e-112
3.290e+02  1.000e+00  1.560e-112
3.300e+02  1.000e+00  1.462e-112
3.310e+02  1.000e+00  1.368e-112
3.320e+02  1.000e+00  1.280e-112
3.330e+02  1.000e+00  1.197e-112
3.340e+02  1.000e+00  1.118e-112
3.350e+02  1.000e+00  1.044e-112
3.360e+02  1.000e+00  9.744e-113
3.370e+02  1.000e+00  9.085e-113
3.380e+02  1.000e+00  8.465e-113
3.390e+02  1.000e+00  7.882e-113
3.400e+02  1.000e+00  7.335e-113
3.410e+02  1.000e+00  6.820e-113
3.420e+02  1.000e+00  6.338e-113
3.430e+02  1.000e+00  5.885e-113
3.440e+02  1.000e+00  5.461e-113
3.450e+02  1.000e+00  5.064e-113
3.460e+02  1.000e+00  4.693e-113
3.470e+02  1.000e+00  4.346e-113
3.480e+02  1.000e+00  4.022e-113
3.490e+02  1.000e+00  3.720e-113
3.500e+02  1.000e+00  3.438e-113
3.510e+02  1.000e+00  3.175e-113
3.520e+02  1.000e+00  2.930e-113
3.530e+02  1.000e+00  2.702e-113
3.540e+02  1.000e+00  2.490e-113
3.550e+02  1.000e+00  2.293e-113
3.560e+02  1.000e+00  2.111e-113
3.570e+02  1.000e+00  1.941e-113
3.580e+02  1.000e+00  1.784e-113
3.590e+02  1.000e+00  1.639e-113
3.600e+02  1.000e+00  1.504e-113
3.610e+02  1.000e+00  1.380e-113
3.620e+02  1.000e+00  1.264e-113
3.630e+02  1.000e+00  1.158e-113
3.640e+02  1.000e+00  1.060e-113
3.650e+02  1.000e+00  9.695e-114
3.660e+02  1.000e+00  8.862e-114
3.670e+02  1.000e+00  8.094e-114
3.680e+02  1.000e+00  7.388e-114
3.690e+02  1.000e+00  6.739e-114
3.700e+02  1.000e+00  6.142e-114
3.710e+02  1.000e+00  5.595e-114
3.720e+02  1.000e+00  5.093e-114
3.730e+02  1.000e+00  4.632e-114
3.740e+02  1.000e+00  4.211e-114
3.750e+02  1.000e+00  3.825e-114
3.760e+02  1.000e+00  3.472e-114
3.770e+02  1.000e+00  3.149e-114
3.780e+02  1.000e+00  2.855e-114
3.790e+02  1.000e+00  2.586e-114
3.800e+02  1.000e+00  2.341e-114
3.810e+02  1.000e+00  2.117e-114
3.820e+02  1.000e+00  1.914e-114
3.830e+02  1.000e+00  1.729e-114
3.840e+02  1.000e+00  1.561e-114
3.850e+02  1.000e+00  1.408e-114
3.860e+02  1.000e+00  1.269e-114
3.870e+02  1.000e+00  1.143e-114
3.880e+02  1.000e+00  1.029e-114
3.890e+02  1.000e+00  9.256e-115
3.900e+02  1.000e+00  8.321e-115
3.910e+02  1.000e+00  7.474e-115
3.920e+02  1.000e+00  6.710e-115
3.930e+02  1.000e+00  6.019e-115
3.940e+02  1.000e+00  5.395e-115
3.950e+02  1.000e+00  4.833e-115
3.960e+02  1.000e+00  4.327e-115
3.970e+02  1.000e+00  3.870e-115
3.980e+02  1.000e+00  3.460e-115
3.990e+02  1.000e+00  3.091e-115
4.000e+02  1.000e+00  2.759e-115
4.010e+02  1.000e+00  2.461e-115
4.020e+02  1.000e+00  2.194e-115
4.030e+02  1.000e+00  1.954e-115
4.040e+02  1.000e+00  1.740e-115
4.050e+02  1.000e+00  1.548e-115
4.060e+02  1.000e+00  1.376e-115
4.070e+02  1.000e+00  1.222e-115
4.080e+02  1.000e+00  1.085e-115
4.090e+02  1.000e+00  9.624e-116
4.100e+02  1.000e+00  8.531e-116
4.110e+02  1.000e+00  7.557e-116
4.120e+02  1.000e+00  6.690e-116
4.130e+02  1.000e+00  5.918e-116
4.140e+02  1.000e+00  5.231e-116
4.150e+02  1.000e+00  4.621e-116
4.160e+02  1.000e+00  4.079e-116
4.170e+02  1.000e+00  3.599e-116
4.180e+02  1.000e+00  3.172e-116
4.190e+02  1.000e+00  2.794e-116
4.200e+02  1.000e+00  2.460e-116
4.210e+02  1.000e+00  2.164e-116
4.220e+02  1.000e+00  1.902e-116
4.230e+02  1.000e+00  1.671e-116
4.240e+02  1.000e+00  1.467e-116
4.250e+02  1.000e+00  1.287e-116
4.260e+02  1.000e+00  1.128e-116
4.270e+02  1.000e+00  9.880e-117
4.280e+02  1.000e+00  8.648e-117
4.290e+02  1.000e+00  7.565e-117
4.300e+02  1.000e+00  6.613e-117
4.310e+02  1.000e+00  5.776e-117
4.320e+02  1.000e+00  5.042e-117
4.330e+02  1.000e+00  4.398e-117
4.340e+02  1.000e+00  3.834e-117
4.350e+02  1.000e+00  3.340e-117
4.360e+02  1.000e+00  2.907e-117
4.370e+02  1.000e+00  2.529e-117
4.380e+02  1.000e+00  2.198e-117
4.390e+02  1.000e+00  1.909e-117
4.400e+02  1.000e+00  1.657e-117
4.410e+02  1.000e+00  1.438e-117
4.420e+02  1.000e+00  1.246e-117
4.430e+02  1.000e+00  1.079e-117
4.440e+02  1.000e+00  9.343e-118
4.450e+02  1.000e+00  8.081e-118
4.460e+02  1.000e+00  6.985e-118
4.470e+02  1.000e+00  6.034e-118
4.480e+02  1.000e+00  5.208e-118
4.490e+02  1.000e+00  4.492e-118
4.500e+02  1.000e+00  3.872e-118
4.510e+02  1.000e+00  3.335e-118
4.520e+02  1.000e+00  2.871e-118
4.530e+02  1.000e+00  2.469e-118
4.540e+02  1.000e+00  2.122e-118
4.550e+02  1.000e+00  1.823e-118
4.560e+02  1.000e+00  1.565e-118
4.570e+02  1.000e+00  1.342e-118
4.580e+02  1.000e+00  1.150e-118
4.590e+02  1.000e+00  9.852e-119
4.600e+02  1.000e+00  8.432e-119
4.610e+02  1.000e+00  7.212e-119
4.620e+02  1.000e+00  6.164e-119
4.630e+02  1.000e+00  5.265e-119
4.640e+02  1.000e+00  4.494e-119
4.650e+02  1.000e+00  3.833e-119
4.660e+02  1.000e+00  3.267e-119
4.670e+02  1.000e+00  2.782e-119
4.680e+02  1.000e+00  2.368e-119
4.690e+02  1.000e+00  2.014e-119
4.700e+02  1.000e+00  1.712e-119
4.710e+02  1.000e+00  1.454e-119
4.720e+02  1.000e+00  1.234e-119
4.730e+02  1.000e+00  1.046e-119
4.740e+02  1.000e+00  8.869e-120
4.750e+02  1.000e+00  7.512e-120
4.760e+02  1.000e+00  6.358e-120
4.770e+02  1.000e+00  5.377e-120
4.780e+02  1.000e+00  4.545e-120
4.790e+02  1.000e+00  3.839e-120
4.800e+02  1.000e+00  3.240e-120
4.810e+02  1.000e+00  2.733e-120
4.820e+02  1.000e+00  2.304e-120
4.830e+02  1.000e+00  1.942e-120
4.840e+02  1.000e+00  1.635e-120
4.850e+02  1.000e+00  1.376e-120
4.860e+02  1.000e+00  1.158e-120
4.870e+02  1.000e+00  9.749e-121
4.880e+02  1.000e+00  8.207e-121
4.890e+02  1.000e+00  6.913e-121
4.900e+02  1.000e+00  5.830e-121
4.910e+02  1.000e+00  4.926e-121
4.920e+02  1.000e+00  4.176e-121
4.930e+02  1.000e+00  3.557e-121
4.940e+02  1.000e+00  3.051e-121
4.950e+02  1.000e+00  2.643e-121
4.960e+02  1.000e+00  2.320e-121
4.970e+02  1.000e+00  2.072e-121
4.980e+02  1.000e+00  1.893e-121
4.990e+02  1.000e+00  1.777e-121
5.000e+02  1.000e+00  1.719e-121
