1.791492910758965662e+00
1.756463719766472087e+00
1.721434528773978290e+00
1.686405337781484715e+00
1.651376146788990917e+00
1.611342785654712229e+00
1.571309424520433540e+00
1.531276063386155295e+00
1.491242702251876606e+00
1.446205170975813248e+00
1.401167639699749889e+00
1.356130108423686531e+00
1.311092577147623173e+00
1.261050875729774923e+00
1.211009174311926673e+00
1.155963302752293753e+00
1.090909090909091050e+00
1.035863219349457909e+00
9.658048373644704254e-01
9.007506255212677226e-01
8.206839032527106781e-01
7.306088407005838503e-01
6.355296080066722419e-01
5.204336947456214002e-01
3.703085904920767613e-01
7.506255212677231947e-02
-1.601334445371142556e-01
-1.601334445371142556e-01
-1.651376146788990917e-01
-1.651376146788990917e-01
-1.601334445371142556e-01
-1.651376146788990917e-01
-1.601334445371142556e-01
-1.601334445371142556e-01
-1.651376146788990917e-01
-1.601334445371142556e-01
-1.601334445371142556e-01
-1.601334445371142556e-01
-1.601334445371142556e-01
-1.651376146788990917e-01
-1.651376146788990917e-01
-1.601334445371142556e-01
-1.601334445371142556e-01
-1.601334445371142556e-01
-1.601334445371142556e-01
-1.601334445371142556e-01
-1.601334445371142556e-01
-1.601334445371142556e-01
-1.601334445371142556e-01
-1.601334445371142556e-01
