3.383966244725738814e+00
3.323204419889502770e+00
3.264586160108548185e+00
3.203728362183755340e+00
3.140992167101827715e+00
3.076726342710997653e+00
3.014999999999999680e+00
2.945054945054945250e+00
2.871428571428571885e+00
2.791183294663573289e+00
2.719278466741826605e+00
2.629508196721311641e+00
2.549682875264270621e+00
2.455102040816326880e+00
2.364705882352941213e+00
2.264788732394366289e+00
2.157423971377459893e+00
2.044067796610169907e+00
1.916597164303586398e+00
1.786488740617180992e+00
1.636363636363636243e+00
1.476230191826522153e+00
1.286071726438698937e+00
1.070892410341951706e+00
8.507089241034194727e-01
6.155129274395330086e-01
3.452877397831526363e-01
0.000000000000000000e+00
-1.687041564792176151e+00
-1.674911660777385070e+00
-1.676470588235294157e+00
-1.688212927756654214e+00
-1.700787401574803237e+00
-1.665306122448979576e+00
-1.696202531645569556e+00
-1.695652173913043459e+00
-1.687500000000000000e+00
-1.686635944700460854e+00
-1.677725118483412325e+00
-1.660194174757281482e+00
-1.671641791044776282e+00
-1.683673469387755084e+00
-1.696335078534031648e+00
-1.700534759358288905e+00
-1.681318681318681341e+00
-1.685393258426966412e+00
-1.680000000000000160e+00
-1.684210526315789380e+00
-1.714285714285714191e+00
-1.682926829268292845e+00
