1.801501251042535445e+00
1.766472060050041648e+00
1.731442869057548073e+00
1.696413678065054276e+00
1.656380316930775587e+00
1.616346955796497342e+00
1.581317764804003323e+00
1.541284403669724856e+00
1.501251042535446167e+00
1.456213511259382809e+00
1.411175979983319451e+00
1.366138448707256092e+00
1.321100917431192734e+00
1.266055045871559814e+00
1.216013344453711564e+00
1.155963302752293753e+00
1.100917431192660612e+00
1.040867389491242800e+00
9.708090075062552060e-01
9.057547956630525032e-01
8.256880733944954587e-01
7.406171809841535225e-01
6.405337781484570225e-01
5.204336947456214002e-01
3.703085904920767613e-01
9.007506255212677226e-02
-2.001668056713928334e-01
-2.001668056713928334e-01
-2.001668056713928334e-01
-2.001668056713928334e-01
-2.001668056713928334e-01
-2.001668056713928334e-01
-2.001668056713928334e-01
-2.001668056713928334e-01
-2.001668056713928334e-01
-2.001668056713928334e-01
-2.001668056713928334e-01
-1.951626355296080251e-01
-2.001668056713928334e-01
-2.001668056713928334e-01
-2.001668056713928334e-01
-2.001668056713928334e-01
-2.001668056713928334e-01
-2.001668056713928334e-01
-2.001668056713928334e-01
-2.001668056713928334e-01
-2.001668056713928334e-01
-1.951626355296080251e-01
-2.001668056713928334e-01
-2.001668056713928334e-01
