2.200729927007299747e+00
2.159355416293643692e+00
2.117647058823529882e+00
2.079105760963027016e+00
2.030303030303030720e+00
1.981651376146789101e+00
1.936613844870725742e+00
1.886572143452877492e+00
1.836530442035029465e+00
1.786488740617180992e+00
1.731442869057548073e+00
1.676396997497914931e+00
1.616346955796497342e+00
1.556296914095079309e+00
1.496246872393661498e+00
1.431192660550458795e+00
1.356130108423686531e+00
1.286071726438698937e+00
1.201000834028357112e+00
1.115929941618015064e+00
1.020850708924103456e+00
9.107589658048373948e-01
7.956630525437864421e-01
6.505421184320266947e-01
4.804003336113427669e-01
2.802335279399499890e-01
-2.502085070892410418e-02
-7.556296914095079753e-01
-7.556296914095079753e-01
-7.556296914095079753e-01
-7.556296914095079753e-01
-7.556296914095079753e-01
-7.556296914095079753e-01
-7.556296914095079753e-01
-7.556296914095079753e-01
-7.556296914095079753e-01
-7.506255212677230837e-01
-7.556296914095079753e-01
-7.556296914095079753e-01
-7.556296914095079753e-01
-7.556296914095079753e-01
-7.556296914095079753e-01
-7.506255212677230837e-01
-7.556296914095079753e-01
-7.556296914095079753e-01
-7.556296914095079753e-01
-7.556296914095079753e-01
-7.556296914095079753e-01
-7.556296914095079753e-01
-7.556296914095079753e-01
