2.641840087623220423e+00
2.596340150699677274e+00
2.540654699049630594e+00
2.496894409937888248e+00
2.443768996960486550e+00
2.390485629335976192e+00
2.334946757018393271e+00
2.277620396600566810e+00
2.218951241950322117e+00
2.159355416293643692e+00
2.095569070373588527e+00
2.028595458368376736e+00
1.961634695579649756e+00
1.886572143452877492e+00
1.811509591326105006e+00
1.731442869057548073e+00
1.646371976647206026e+00
1.556296914095079309e+00
1.461217681401167701e+00
1.361134278565471423e+00
1.241034195162635578e+00
1.115929941618015064e+00
9.658048373644704254e-01
8.006672226855713337e-01
6.155129274395330086e-01
4.153461217681401751e-01
1.651376146788990917e-01
-1.135946622185154409e+00
-1.135946622185154409e+00
-1.135946622185154409e+00
-1.135946622185154409e+00
-1.135946622185154409e+00
-1.135946622185154409e+00
-1.135946622185154409e+00
-1.135946622185154409e+00
-1.135946622185154409e+00
-1.135946622185154409e+00
-1.135946622185154409e+00
-1.135946622185154409e+00
-1.135946622185154409e+00
-1.135946622185154409e+00
-1.135946622185154409e+00
-1.135946622185154409e+00
-1.135946622185154409e+00
-1.135946622185154409e+00
-1.135946622185154409e+00
-1.135946622185154409e+00
-1.135946622185154409e+00
-1.135946622185154409e+00
-1.135946622185154409e+00
