2.549682875264270621e+00
2.504672897196261960e+00
2.456211812627291380e+00
2.407185628742515071e+00
2.357771260997067575e+00
2.305927342256214096e+00
2.252100840336134446e+00
2.196721311475410054e+00
2.140195208518190118e+00
2.081104400345125338e+00
2.018410041841004254e+00
1.956630525437864865e+00
1.886572143452877492e+00
1.816513761467890120e+00
1.741451209341117634e+00
1.666388657214345370e+00
1.586321934945788215e+00
1.501251042535446167e+00
1.406171809841534781e+00
1.306088407005838281e+00
1.195996663886572220e+00
1.070892410341951706e+00
9.307756463719767392e-01
7.656380316930776475e-01
5.904920767306088836e-01
3.903252710592160502e-01
1.401167639699749945e-01
-1.060884070058381923e+00
-1.060884070058381923e+00
-1.060884070058381923e+00
-1.060884070058381923e+00
-1.060884070058381923e+00
-1.060884070058381923e+00
-1.060884070058381923e+00
-1.065888240200166814e+00
-1.060884070058381923e+00
-1.060884070058381923e+00
-1.060884070058381923e+00
-1.065888240200166814e+00
-1.060884070058381923e+00
-1.060884070058381923e+00
-1.060884070058381923e+00
-1.060884070058381923e+00
-1.060884070058381923e+00
-1.060884070058381923e+00
-1.065888240200166814e+00
-1.065888240200166814e+00
-1.065888240200166814e+00
-1.060884070058381923e+00
-1.060884070058381923e+00
