4.401459854014599493e+00
4.330341113105924400e+00
4.243386243386243706e+00
4.180242634315424866e+00
4.091836734693877986e+00
4.013311148086522451e+00
3.918566775244299638e+00
3.840764331210190896e+00
3.751166407465007513e+00
3.654545454545454763e+00
3.552282768777614397e+00
3.450643776824034337e+00
3.340720221606648277e+00
3.224598930481283876e+00
3.104247104247104261e+00
2.981504315659679438e+00
2.844705882352941195e+00
2.691964285714286031e+00
2.530954879328436657e+00
2.363636363636363757e+00
2.172506738544474292e+00
1.951626355296080195e+00
1.706422018348624059e+00
1.436196830692243465e+00
1.160967472894078645e+00
8.707256046705588171e-01
5.504587155963303058e-01
1.601334445371142556e-01
-2.376554174067496028e+00
-2.378698224852071164e+00
-2.360360360360360676e+00
-2.373831775700934621e+00
-2.361290322580645196e+00
-2.380000000000000338e+00
-2.371134020618556715e+00
-2.382978723404255650e+00
-2.386861313868613443e+00
-2.368421052631579204e+00
-2.362934362934363097e+00
-2.371541501976284660e+00
-2.365853658536585247e+00
-2.365145228215767670e+00
-2.374468085106383075e+00
-2.373913043478260931e+00
-2.373333333333333517e+00
-2.372727272727273018e+00
-2.361111111111111605e+00
-2.377358490566038096e+00
-2.365384615384615419e+00
-2.382352941176470562e+00
