2.319230769230769429e+00
2.277620396600566810e+00
2.233333333333333393e+00
2.188747731397459262e+00
2.142095914742451424e+00
2.093750000000000000e+00
2.044067796610169907e+00
1.991659716430358884e+00
1.936613844870725742e+00
1.886572143452877492e+00
1.831526271893244351e+00
1.771476230191826762e+00
1.706422018348624059e+00
1.641367806505421356e+00
1.581317764804003323e+00
1.506255212677231281e+00
1.436196830692243465e+00
1.351125938281901639e+00
1.271059216013344484e+00
1.180984153461217767e+00
1.080900750625521267e+00
9.658048373644704254e-01
8.407005838198498004e-01
6.905754795663052725e-01
5.204336947456214002e-01
3.202668890742285113e-01
4.503753127606338613e-02
-8.657214345287740365e-01
-8.657214345287740365e-01
-8.657214345287740365e-01
-8.657214345287740365e-01
-8.657214345287740365e-01
-8.707256046705588171e-01
-8.657214345287740365e-01
-8.657214345287740365e-01
-8.657214345287740365e-01
-8.657214345287740365e-01
-8.657214345287740365e-01
-8.657214345287740365e-01
-8.707256046705588171e-01
-8.657214345287740365e-01
-8.657214345287740365e-01
-8.657214345287740365e-01
-8.657214345287740365e-01
-8.657214345287740365e-01
-8.657214345287740365e-01
-8.657214345287740365e-01
-8.657214345287740365e-01
-8.707256046705588171e-01
-8.707256046705588171e-01
