4.629558541266795224e+00
4.548204158790170482e+00
4.474953617810760953e+00
4.390510948905109956e+00
4.304114490161002671e+00
4.231578947368420884e+00
4.126929674099486078e+00
4.046979865771811902e+00
3.954098360655737832e+00
3.853035143769968141e+00
3.745341614906832373e+00
3.638009049773755610e+00
3.526315789473684514e+00
3.398305084745762539e+00
3.277173913043478493e+00
3.144719687092568439e+00
3.000000000000000000e+00
2.851415094339622591e+00
2.680000000000000160e+00
2.503105590062111752e+00
2.302857142857142936e+00
2.075536480686695384e+00
1.806505421184320337e+00
1.526271893244370181e+00
1.236030025020850687e+00
9.357798165137615198e-01
5.954962468723936642e-01
1.851542952460383806e-01
-2.525096525096525379e+00
-2.536912751677852462e+00
-2.538461538461538769e+00
-2.509090909090909260e+00
-2.513207547169811651e+00
-2.531250000000000000e+00
-2.516129032258064946e+00
-2.525000000000000355e+00
-2.523605150214592641e+00
-2.522123893805309880e+00
-2.509090909090909260e+00
-2.523364485981308469e+00
-2.538461538461538769e+00
-2.512315270935960854e+00
-2.545454545454545858e+00
-2.549222797927461315e+00
-2.507936507936507908e+00
-2.529729729729730092e+00
-2.519337016574585864e+00
-2.508474576271186418e+00
-2.531791907514451268e+00
-2.541176470588235592e+00
