1.996663886572143554e+00
1.956630525437864865e+00
1.921601334445371068e+00
1.876563803169307709e+00
1.841534612176814134e+00
1.796497080900750776e+00
1.756463719766472087e+00
1.706422018348624059e+00
1.661384487072560701e+00
1.616346955796497342e+00
1.566305254378648870e+00
1.516263552960800620e+00
1.466221851542952592e+00
1.406171809841534781e+00
1.351125938281901639e+00
1.291075896580483828e+00
1.226021684737281126e+00
1.155963302752293753e+00
1.085904920767306159e+00
1.005838198498749003e+00
9.157631359466221754e-01
8.256880733944954587e-01
7.105921601334446169e-01
5.854879065888239920e-01
4.203502919099249002e-01
2.001668056713928334e-01
-5.304420350291909614e-01
-5.354462051709758530e-01
-5.304420350291909614e-01
-5.354462051709758530e-01
-5.354462051709758530e-01
-5.304420350291909614e-01
-5.354462051709758530e-01
-5.304420350291909614e-01
-5.354462051709758530e-01
-5.354462051709758530e-01
-5.304420350291909614e-01
-5.304420350291909614e-01
-5.354462051709758530e-01
-5.354462051709758530e-01
-5.354462051709758530e-01
-5.354462051709758530e-01
-5.354462051709758530e-01
-5.304420350291909614e-01
-5.304420350291909614e-01
-5.304420350291909614e-01
-5.354462051709758530e-01
-5.354462051709758530e-01
-5.354462051709758530e-01
-5.354462051709758530e-01
