1.841534612176814134e+00
1.806505421184320337e+00
1.771476230191826762e+00
1.736447039199332742e+00
1.696413678065054276e+00
1.656380316930775587e+00
1.621351125938282012e+00
1.581317764804003323e+00
1.536280233527939965e+00
1.491242702251876606e+00
1.451209341117598139e+00
1.401167639699749889e+00
1.351125938281901639e+00
1.296080066722268720e+00
1.246038365304420470e+00
1.190992493744787328e+00
1.130942452043369517e+00
1.065888240200166814e+00
1.000834028356964112e+00
9.257714762301918476e-01
8.457047539616346921e-01
7.556296914095079753e-01
6.555462885738115864e-01
5.354462051709758530e-01
3.803169307756463779e-01
1.201000834028356917e-01
-3.052543786488740585e-01
-3.052543786488740585e-01
-3.052543786488740585e-01
-3.052543786488740585e-01
-3.052543786488740585e-01
-3.052543786488740585e-01
-3.052543786488740585e-01
-3.052543786488740585e-01
-3.052543786488740585e-01
-3.052543786488740585e-01
-3.052543786488740585e-01
-3.052543786488740585e-01
-3.052543786488740585e-01
-3.052543786488740585e-01
-3.052543786488740585e-01
-3.052543786488740585e-01
-3.052543786488740585e-01
-3.052543786488740585e-01
-3.052543786488740585e-01
-3.052543786488740585e-01
-3.052543786488740585e-01
-3.052543786488740585e-01
-3.052543786488740585e-01
-3.052543786488740585e-01
