7.559257166916050472e-126
7.354575791852151599e-125
1.092311931365612224e-123
2.813346515343001761e-122
1.020701289655395982e-120
7.426616300709194806e-119
8.854814195079115335e-117
2.202501859514143789e-114
1.050646338078804930e-111
1.100645796632364835e-108
2.897139322790983091e-105
1.618201366351506898e-101
2.721712188939056671e-97
1.442983083378155816e-92
2.559540638553900397e-87
2.007513897613952318e-83
6.237971698371810106e-85
2.071883367659017285e-86
9.355073735793609243e-88
7.680544248442758770e-89
2.733499165224883622e-89
7.237124833610043318e-81
1.060045656155534969e-43
8.610084667665758307e-01
-1.000000000000000000e+00
-1.000000000000000000e+00
-1.000000000000000000e+00
-1.000000000000000000e+00
-1.000000000000000000e+00
-1.000000000000000000e+00
-1.000000000000000000e+00
-1.000000000000000000e+00
-1.000000000000000000e+00
-1.000000000000000000e+00
-1.000000000000000000e+00
-1.000000000000000000e+00
-1.000000000000000000e+00
-1.000000000000000000e+00
-1.000000000000000000e+00
-1.000000000000000000e+00
-1.000000000000000000e+00
-1.000000000000000000e+00
-1.000000000000000000e+00
-1.000000000000000000e+00
-1.000000000000000000e+00
-1.000000000000000000e+00
-1.000000000000000000e+00
-1.000000000000000000e+00
-1.000000000000000000e+00
-1.000000000000000000e+00
