1.761467889908256979e+00
1.726283048211508575e+00
1.692551505546751045e+00
1.660194174757281482e+00
1.626446280991735494e+00
1.586440677966101775e+00
1.541379310344827669e+00
1.502572898799313883e+00
1.459183673469387710e+00
1.416526138279932567e+00
1.372287145242070183e+00
1.316831683168316891e+00
1.272430668841761925e+00
1.215434083601286241e+00
1.158227848101266000e+00
1.110419906687402758e+00
1.044274809160305351e+00
9.865470852017937942e-01
9.071856287425149601e-01
8.336025848142164518e-01
7.472924187725631384e-01
6.521739130434782705e-01
5.469613259668508753e-01
3.966942148760330689e-01
1.568627450980392413e-01
-4.153461217681401751e-01
-4.153461217681401751e-01
-4.153461217681401751e-01
-4.153461217681401751e-01
-4.203502919099249002e-01
-4.153461217681401751e-01
-4.153461217681401751e-01
-4.153461217681401751e-01
-4.153461217681401751e-01
-4.153461217681401751e-01
-4.153461217681401751e-01
-4.153461217681401751e-01
-4.153461217681401751e-01
-4.153461217681401751e-01
-4.153461217681401751e-01
-4.153461217681401751e-01
-4.153461217681401751e-01
-4.153461217681401751e-01
-4.153461217681401751e-01
-4.153461217681401751e-01
-4.153461217681401751e-01
-4.153461217681401751e-01
-4.153461217681401751e-01
-4.153461217681401751e-01
-4.153461217681401751e-01
