1.781484570475396323e+00
1.771476230191826762e+00
1.761467889908256979e+00
1.756463719766472087e+00
1.746455379482902304e+00
1.741451209341117634e+00
1.736447039199332742e+00
1.726438698915763403e+00
1.721434528773978290e+00
1.706422018348624059e+00
1.701417848206838945e+00
1.691409507923269384e+00
1.686405337781484715e+00
1.676396997497914931e+00
1.666388657214345370e+00
1.661384487072560701e+00
1.646371976647206026e+00
1.641367806505421356e+00
1.631359466221851573e+00
1.626355296080066681e+00
1.616346955796497342e+00
1.606338615512927559e+00
1.601334445371142667e+00
1.591326105087572884e+00
1.581317764804003323e+00
1.571309424520433540e+00
1.561301084236864201e+00
1.556296914095079309e+00
1.546288573811509526e+00
1.536280233527939965e+00
1.531276063386155295e+00
1.516263552960800620e+00
1.511259382819015951e+00
1.496246872393661498e+00
1.491242702251876606e+00
1.476230191826522153e+00
1.471226021684737484e+00
1.461217681401167701e+00
1.451209341117598139e+00
1.441201000834028356e+00
1.431192660550458795e+00
1.421184320266889234e+00
1.411175979983319451e+00
1.401167639699749889e+00
1.391159299416180106e+00
1.381150959132610545e+00
1.371142618849040984e+00
1.356130108423686531e+00
1.346121768140116748e+00
1.336113427856547187e+00
