1.771476230191826762e+00
1.741451209341117634e+00
1.711426188490408729e+00
1.681401167639699601e+00
1.651376146788990917e+00
1.616346955796497342e+00
1.586321934945788215e+00
1.551292743953294639e+00
1.521267723102585512e+00
1.486238532110091937e+00
1.451209341117598139e+00
1.411175979983319451e+00
1.376146788990825875e+00
1.336113427856547187e+00
1.296080066722268720e+00
1.251042535446205362e+00
1.211009174311926673e+00
1.165971643035863314e+00
1.120934111759799956e+00
1.070892410341951706e+00
1.015846538782318564e+00
9.608006672226855338e-01
9.057547956630525032e-01
8.407005838198498004e-01
7.706422018348624281e-01
6.955796497080900531e-01
6.105087572977481170e-01
5.054211843202669474e-01
3.853211009174312141e-01
2.151793160967472862e-01
-4.153461217681401751e-01
-4.153461217681401751e-01
-4.153461217681401751e-01
-4.153461217681401751e-01
-4.153461217681401751e-01
-4.153461217681401751e-01
-4.153461217681401751e-01
-4.153461217681401751e-01
-4.153461217681401751e-01
-4.153461217681401751e-01
-4.153461217681401751e-01
-4.153461217681401751e-01
-4.153461217681401751e-01
-4.153461217681401751e-01
-4.153461217681401751e-01
-4.153461217681401751e-01
-4.153461217681401751e-01
-4.153461217681401751e-01
-4.153461217681401751e-01
-4.153461217681401751e-01
