1.766472060050041648e+00
1.741451209341117634e+00
1.716430358632193620e+00
1.681401167639699601e+00
1.656380316930775587e+00
1.626355296080066681e+00
1.596330275229357998e+00
1.561301084236864201e+00
1.526271893244370181e+00
1.491242702251876606e+00
1.461217681401167701e+00
1.426188490408674125e+00
1.391159299416180106e+00
1.351125938281901639e+00
1.311092577147623173e+00
1.276063386155129376e+00
1.231025854879066017e+00
1.185988323603002659e+00
1.140950792326939300e+00
1.095913261050875942e+00
1.045871559633027692e+00
9.958298582151794420e-01
9.407839866555464114e-01
8.807339449541284893e-01
8.156797331109257865e-01
7.456213511259383031e-01
6.705587989991660391e-01
5.854879065888239920e-01
4.753961634695579308e-01
3.552960800667223085e-01
1.751459549624687362e-01
-4.153461217681401751e-01
-4.153461217681401751e-01
-4.153461217681401751e-01
-4.153461217681401751e-01
-4.153461217681401751e-01
-4.153461217681401751e-01
-4.153461217681401751e-01
-4.153461217681401751e-01
-4.153461217681401751e-01
-4.153461217681401751e-01
-4.153461217681401751e-01
-4.153461217681401751e-01
-4.153461217681401751e-01
-4.153461217681401751e-01
-4.153461217681401751e-01
-4.153461217681401751e-01
-4.203502919099249002e-01
-4.153461217681401751e-01
-4.153461217681401751e-01
