1.771476230191826762e+00
1.751459549624687417e+00
1.736447039199332742e+00
1.716430358632193620e+00
1.696413678065054276e+00
1.676396997497914931e+00
1.656380316930775587e+00
1.636363636363636243e+00
1.616346955796497342e+00
1.596330275229357998e+00
1.571309424520433540e+00
1.551292743953294639e+00
1.531276063386155295e+00
1.506255212677231281e+00
1.481234361968307045e+00
1.456213511259382809e+00
1.436196830692243465e+00
1.411175979983319451e+00
1.386155129274395437e+00
1.361134278565471423e+00
1.331109257714762295e+00
1.306088407005838281e+00
1.281067556296914045e+00
1.251042535446205362e+00
1.221017514595496234e+00
1.195996663886572220e+00
1.165971643035863314e+00
1.130942452043369517e+00
1.100917431192660612e+00
1.065888240200166814e+00
1.035863219349457909e+00
9.958298582151794420e-01
9.608006672226855338e-01
9.257714762301918476e-01
8.807339449541284893e-01
8.407005838198498004e-01
7.906588824020016615e-01
7.456213511259383031e-01
6.955796497080900531e-01
6.405337781484570225e-01
5.804837364470393224e-01
5.204336947456214002e-01
4.503753127606338613e-01
3.753127606338615418e-01
2.952460383653044418e-01
1.951626355296080251e-01
-4.153461217681401751e-01
-4.153461217681401751e-01
-4.153461217681401751e-01
-4.153461217681401751e-01
