1.771476230191826762e+00
1.756463719766472087e+00
1.741451209341117634e+00
1.721434528773978290e+00
1.701417848206838945e+00
1.686405337781484715e+00
1.666388657214345370e+00
1.646371976647206026e+00
1.626355296080066681e+00
1.611342785654712229e+00
1.591326105087572884e+00
1.571309424520433540e+00
1.551292743953294639e+00
1.526271893244370181e+00
1.506255212677231281e+00
1.486238532110091937e+00
1.466221851542952592e+00
1.441201000834028356e+00
1.421184320266889234e+00
1.396163469557964998e+00
1.376146788990825875e+00
1.351125938281901639e+00
1.326105087572977403e+00
1.301084236864053389e+00
1.276063386155129376e+00
1.251042535446205362e+00
1.226021684737281126e+00
1.201000834028357112e+00
1.170975813177647984e+00
1.145954962468723970e+00
1.110925771476230173e+00
1.080900750625521267e+00
1.050875729774812584e+00
1.020850708924103456e+00
9.858215179316097698e-01
9.507923269391158616e-01
9.157631359466221754e-01
8.757297748123437087e-01
8.407005838198498004e-01
8.006672226855713337e-01
7.556296914095079753e-01
7.105921601334446169e-01
6.605504587155963669e-01
6.105087572977481170e-01
5.554628857381150864e-01
4.904086738949124391e-01
4.353628023352794085e-01
3.603002502085070891e-01
2.902418682235196612e-01
1.951626355296080251e-01
