1.776480400333611431e+00
1.751459549624687417e+00
1.726438698915763403e+00
1.706422018348624059e+00
1.686405337781484715e+00
1.656380316930775587e+00
1.636363636363636243e+00
1.611342785654712229e+00
1.586321934945788215e+00
1.561301084236864201e+00
1.536280233527939965e+00
1.511259382819015951e+00
1.486238532110091937e+00
1.456213511259382809e+00
1.426188490408674125e+00
1.401167639699749889e+00
1.366138448707256092e+00
1.336113427856547187e+00
1.311092577147623173e+00
1.276063386155129376e+00
1.246038365304420470e+00
1.211009174311926673e+00
1.180984153461217767e+00
1.145954962468723970e+00
1.105921601334445503e+00
1.065888240200166814e+00
1.030859049207673239e+00
9.858215179316097698e-01
9.407839866555464114e-01
8.957464553794828310e-01
8.507089241034194727e-01
7.956630525437864421e-01
7.406171809841535225e-01
6.805671392827357113e-01
6.155129274395330086e-01
5.454545454545455252e-01
4.603836530442035335e-01
3.703085904920767613e-01
2.652210175145954807e-01
1.301084236864053501e-01
-4.203502919099249002e-01
-4.153461217681401751e-01
-4.153461217681401751e-01
-4.153461217681401751e-01
-4.153461217681401751e-01
-4.203502919099249002e-01
-4.153461217681401751e-01
-4.153461217681401751e-01
-4.203502919099249002e-01
-4.153461217681401751e-01
