1.781484570475396323e+00
1.781484570475396323e+00
1.781484570475396323e+00
1.781484570475396323e+00
1.776480400333611431e+00
1.776480400333611431e+00
1.776480400333611431e+00
1.776480400333611431e+00
1.776480400333611431e+00
1.771476230191826762e+00
1.771476230191826762e+00
1.771476230191826762e+00
1.771476230191826762e+00
1.766472060050041648e+00
1.766472060050041648e+00
1.766472060050041648e+00
1.766472060050041648e+00
1.766472060050041648e+00
1.761467889908256979e+00
1.761467889908256979e+00
1.761467889908256979e+00
1.761467889908256979e+00
1.756463719766472087e+00
1.756463719766472087e+00
1.756463719766472087e+00
1.756463719766472087e+00
1.756463719766472087e+00
1.751459549624687417e+00
1.751459549624687417e+00
1.751459549624687417e+00
1.751459549624687417e+00
1.751459549624687417e+00
1.746455379482902304e+00
1.746455379482902304e+00
1.746455379482902304e+00
1.741451209341117634e+00
1.741451209341117634e+00
1.741451209341117634e+00
1.741451209341117634e+00
1.741451209341117634e+00
1.741451209341117634e+00
1.741451209341117634e+00
1.736447039199332742e+00
1.731442869057548073e+00
1.731442869057548073e+00
1.731442869057548073e+00
1.731442869057548073e+00
1.731442869057548073e+00
1.731442869057548073e+00
1.726438698915763403e+00
