0.000000000000000000e+00
0.000000000000000000e+00
0.000000000000000000e+00
0.000000000000000000e+00
0.000000000000000000e+00
0.000000000000000000e+00
0.000000000000000000e+00
0.000000000000000000e+00
0.000000000000000000e+00
0.000000000000000000e+00
0.000000000000000000e+00
0.000000000000000000e+00
0.000000000000000000e+00
0.000000000000000000e+00
0.000000000000000000e+00
0.000000000000000000e+00
0.000000000000000000e+00
0.000000000000000000e+00
0.000000000000000000e+00
0.000000000000000000e+00
0.000000000000000000e+00
0.000000000000000000e+00
0.000000000000000000e+00
0.000000000000000000e+00
0.000000000000000000e+00
-6.666666666666666297e-01
-6.666666666666666297e-01
-6.666666666666666297e-01
-6.666666666666666297e-01
-6.666666666666666297e-01
-6.000000000000000888e-01
-6.000000000000000888e-01
-6.000000000000000888e-01
-6.000000000000000888e-01
-6.000000000000000888e-01
-5.454545454545455252e-01
0.000000000000000000e+00
0.000000000000000000e+00
0.000000000000000000e+00
0.000000000000000000e+00
0.000000000000000000e+00
0.000000000000000000e+00
0.000000000000000000e+00
0.000000000000000000e+00
0.000000000000000000e+00
0.000000000000000000e+00
0.000000000000000000e+00
0.000000000000000000e+00
0.000000000000000000e+00
0.000000000000000000e+00
0.000000000000000000e+00
0.000000000000000000e+00
0.000000000000000000e+00
0.000000000000000000e+00
0.000000000000000000e+00
0.000000000000000000e+00
0.000000000000000000e+00
0.000000000000000000e+00
0.000000000000000000e+00
0.000000000000000000e+00
0.000000000000000000e+00
0.000000000000000000e+00
0.000000000000000000e+00
0.000000000000000000e+00
0.000000000000000000e+00
0.000000000000000000e+00
0.000000000000000000e+00
0.000000000000000000e+00
0.000000000000000000e+00
0.000000000000000000e+00
0.000000000000000000e+00
0.000000000000000000e+00
0.000000000000000000e+00
0.000000000000000000e+00
0.000000000000000000e+00
0.000000000000000000e+00
0.000000000000000000e+00
0.000000000000000000e+00
0.000000000000000000e+00
0.000000000000000000e+00
0.000000000000000000e+00
0.000000000000000000e+00
0.000000000000000000e+00
0.000000000000000000e+00
0.000000000000000000e+00
0.000000000000000000e+00
0.000000000000000000e+00
0.000000000000000000e+00
0.000000000000000000e+00
0.000000000000000000e+00
0.000000000000000000e+00
0.000000000000000000e+00
0.000000000000000000e+00
0.000000000000000000e+00
0.000000000000000000e+00
0.000000000000000000e+00
0.000000000000000000e+00
0.000000000000000000e+00
0.000000000000000000e+00
0.000000000000000000e+00
0.000000000000000000e+00
0.000000000000000000e+00
0.000000000000000000e+00
0.000000000000000000e+00
0.000000000000000000e+00
0.000000000000000000e+00
0.000000000000000000e+00
0.000000000000000000e+00
0.000000000000000000e+00
0.000000000000000000e+00
0.000000000000000000e+00
0.000000000000000000e+00
0.000000000000000000e+00
0.000000000000000000e+00
0.000000000000000000e+00
0.000000000000000000e+00
0.000000000000000000e+00
0.000000000000000000e+00
0.000000000000000000e+00
0.000000000000000000e+00
0.000000000000000000e+00
0.000000000000000000e+00
0.000000000000000000e+00
0.000000000000000000e+00
0.000000000000000000e+00
0.000000000000000000e+00
0.000000000000000000e+00
0.000000000000000000e+00
0.000000000000000000e+00
0.000000000000000000e+00
0.000000000000000000e+00
0.000000000000000000e+00
0.000000000000000000e+00
0.000000000000000000e+00
0.000000000000000000e+00
0.000000000000000000e+00
0.000000000000000000e+00
0.000000000000000000e+00
0.000000000000000000e+00
0.000000000000000000e+00
0.000000000000000000e+00
0.000000000000000000e+00
0.000000000000000000e+00
0.000000000000000000e+00
1.875000000000000000e-01
1.818181818181818232e-01
1.818181818181818232e-01
1.818181818181818232e-01
1.818181818181818232e-01
1.818181818181818232e-01
1.764705882352941291e-01
1.764705882352941291e-01
1.764705882352941291e-01
1.764705882352941291e-01
1.764705882352941291e-01
1.714285714285714302e-01
1.714285714285714302e-01
1.714285714285714302e-01
1.714285714285714302e-01
1.714285714285714302e-01
1.666666666666666574e-01
1.666666666666666574e-01
1.666666666666666574e-01
1.666666666666666574e-01
1.666666666666666574e-01
1.621621621621621712e-01
1.621621621621621712e-01
1.621621621621621712e-01
1.621621621621621712e-01
1.621621621621621712e-01
1.578947368421052544e-01
1.578947368421052544e-01
1.578947368421052544e-01
1.578947368421052544e-01
1.578947368421052544e-01
1.538461538461538547e-01
1.538461538461538547e-01
1.538461538461538547e-01
1.538461538461538547e-01
1.538461538461538547e-01
1.500000000000000222e-01
1.500000000000000222e-01
1.500000000000000222e-01
1.500000000000000222e-01
0.000000000000000000e+00
0.000000000000000000e+00
0.000000000000000000e+00
0.000000000000000000e+00
0.000000000000000000e+00
0.000000000000000000e+00
0.000000000000000000e+00
0.000000000000000000e+00
0.000000000000000000e+00
0.000000000000000000e+00
0.000000000000000000e+00
0.000000000000000000e+00
0.000000000000000000e+00
0.000000000000000000e+00
0.000000000000000000e+00
0.000000000000000000e+00
0.000000000000000000e+00
0.000000000000000000e+00
0.000000000000000000e+00
0.000000000000000000e+00
0.000000000000000000e+00
0.000000000000000000e+00
0.000000000000000000e+00
0.000000000000000000e+00
0.000000000000000000e+00
0.000000000000000000e+00
0.000000000000000000e+00
0.000000000000000000e+00
0.000000000000000000e+00
0.000000000000000000e+00
0.000000000000000000e+00
0.000000000000000000e+00
0.000000000000000000e+00
0.000000000000000000e+00
0.000000000000000000e+00
0.000000000000000000e+00
0.000000000000000000e+00
0.000000000000000000e+00
0.000000000000000000e+00
0.000000000000000000e+00
0.000000000000000000e+00
0.000000000000000000e+00
1.224489795918367319e-01
1.224489795918367319e-01
1.224489795918367319e-01
1.224489795918367319e-01
1.200000000000000094e-01
1.200000000000000094e-01
1.200000000000000094e-01
1.200000000000000094e-01
1.200000000000000094e-01
1.176470588235294101e-01
1.176470588235294101e-01
1.176470588235294101e-01
1.176470588235294101e-01
1.176470588235294101e-01
1.153846153846153910e-01
1.153846153846153910e-01
1.153846153846153910e-01
1.153846153846153910e-01
1.153846153846153910e-01
1.132075471698113234e-01
1.132075471698113234e-01
1.132075471698113234e-01
1.132075471698113234e-01
1.132075471698113234e-01
1.111111111111111049e-01
1.111111111111111049e-01
1.111111111111111049e-01
1.111111111111111049e-01
1.111111111111111049e-01
1.090909090909090856e-01
1.090909090909090856e-01
1.090909090909090856e-01
1.090909090909090856e-01
1.090909090909090856e-01
1.071428571428571369e-01
1.071428571428571369e-01
1.071428571428571369e-01
1.071428571428571369e-01
1.071428571428571369e-01
1.052631578947368363e-01
1.052631578947368363e-01
1.052631578947368363e-01
1.052631578947368363e-01
1.052631578947368363e-01
1.034482758620689641e-01
1.034482758620689641e-01
1.034482758620689641e-01
1.034482758620689641e-01
1.034482758620689641e-01
1.016949152542372947e-01
1.016949152542372947e-01
1.016949152542372947e-01
1.016949152542372947e-01
1.016949152542372947e-01
1.000000000000000056e-01
1.000000000000000056e-01
1.000000000000000056e-01
1.000000000000000056e-01
1.000000000000000056e-01
9.836065573770493009e-02
9.836065573770493009e-02
0.000000000000000000e+00
0.000000000000000000e+00
0.000000000000000000e+00
0.000000000000000000e+00
0.000000000000000000e+00
0.000000000000000000e+00
0.000000000000000000e+00
0.000000000000000000e+00
0.000000000000000000e+00
9.523809523809523281e-02
9.523809523809523281e-02
9.523809523809523281e-02
9.523809523809523281e-02
9.375000000000000000e-02
9.375000000000000000e-02
9.375000000000000000e-02
9.375000000000000000e-02
9.375000000000000000e-02
9.230769230769231282e-02
9.230769230769231282e-02
9.230769230769231282e-02
9.230769230769231282e-02
9.230769230769231282e-02
9.090909090909091161e-02
9.090909090909091161e-02
9.090909090909091161e-02
9.090909090909091161e-02
9.090909090909091161e-02
8.955223880597015795e-02
8.955223880597015795e-02
8.955223880597015795e-02
8.955223880597015795e-02
8.955223880597015795e-02
8.823529411764706454e-02
8.823529411764706454e-02
8.823529411764706454e-02
8.823529411764706454e-02
8.823529411764706454e-02
8.695652173913044625e-02
8.695652173913044625e-02
8.695652173913044625e-02
8.695652173913044625e-02
8.695652173913044625e-02
8.571428571428571508e-02
8.571428571428571508e-02
8.571428571428571508e-02
8.571428571428571508e-02
8.571428571428571508e-02
8.450704225352113907e-02
8.450704225352113907e-02
8.450704225352113907e-02
8.450704225352113907e-02
8.450704225352113907e-02
8.333333333333332871e-02
8.333333333333332871e-02
8.333333333333332871e-02
8.333333333333332871e-02
8.333333333333332871e-02
8.219178082191780366e-02
8.219178082191780366e-02
8.219178082191780366e-02
8.219178082191780366e-02
8.219178082191780366e-02
8.108108108108108558e-02
8.108108108108108558e-02
8.108108108108108558e-02
8.108108108108108558e-02
8.108108108108108558e-02
8.000000000000001554e-02
8.000000000000001554e-02
8.000000000000001554e-02
8.000000000000001554e-02
8.000000000000001554e-02
7.894736842105262720e-02
7.894736842105262720e-02
7.894736842105262720e-02
7.894736842105262720e-02
7.894736842105262720e-02
1.558441558441558683e-01
1.558441558441558683e-01
1.558441558441558683e-01
1.558441558441558683e-01
1.558441558441558683e-01
1.538461538461538547e-01
1.538461538461538547e-01
1.538461538461538547e-01
1.538461538461538547e-01
7.692307692307692735e-02
7.594936708860759722e-02
7.594936708860759722e-02
7.594936708860759722e-02
7.594936708860759722e-02
7.594936708860759722e-02
7.500000000000001110e-02
7.500000000000001110e-02
7.500000000000001110e-02
7.500000000000001110e-02
7.500000000000001110e-02
7.407407407407406996e-02
7.407407407407406996e-02
7.407407407407406996e-02
7.407407407407406996e-02
7.407407407407406996e-02
7.317073170731708265e-02
7.317073170731708265e-02
7.317073170731708265e-02
7.317073170731708265e-02
7.317073170731708265e-02
7.228915662650603480e-02
7.228915662650603480e-02
7.228915662650603480e-02
7.228915662650603480e-02
7.228915662650603480e-02
7.142857142857142461e-02
7.142857142857142461e-02
7.142857142857142461e-02
7.142857142857142461e-02
7.142857142857142461e-02
7.058823529411764608e-02
7.058823529411764608e-02
7.058823529411764608e-02
7.058823529411764608e-02
7.058823529411764608e-02
6.976744186046511531e-02
6.976744186046511531e-02
6.976744186046511531e-02
6.976744186046511531e-02
6.976744186046511531e-02
6.896551724137930939e-02
6.896551724137930939e-02
6.896551724137930939e-02
6.896551724137930939e-02
6.896551724137930939e-02
6.818181818181819065e-02
6.818181818181819065e-02
6.818181818181819065e-02
6.818181818181819065e-02
6.818181818181819065e-02
6.741573033707864981e-02
6.741573033707864981e-02
6.741573033707864981e-02
6.741573033707864981e-02
6.741573033707864981e-02
6.666666666666667962e-02
6.666666666666667962e-02
6.666666666666667962e-02
6.666666666666667962e-02
6.666666666666667962e-02
1.318681318681318992e-01
1.318681318681318992e-01
1.318681318681318992e-01
1.318681318681318992e-01
1.318681318681318992e-01
1.304347826086956486e-01
1.304347826086956486e-01
1.304347826086956486e-01
1.304347826086956486e-01
1.304347826086956486e-01
1.290322580645161532e-01
1.290322580645161532e-01
1.290322580645161532e-01
1.290322580645161532e-01
1.290322580645161532e-01
1.276595744680851241e-01
1.276595744680851241e-01
1.276595744680851241e-01
1.276595744680851241e-01
1.276595744680851241e-01
1.263157894736842146e-01
1.263157894736842146e-01
1.263157894736842146e-01
1.263157894736842146e-01
1.263157894736842146e-01
1.250000000000000000e-01
6.250000000000000000e-02
6.250000000000000000e-02
6.250000000000000000e-02
6.250000000000000000e-02
6.185567010309278579e-02
6.185567010309278579e-02
6.185567010309278579e-02
6.185567010309278579e-02
6.185567010309278579e-02
6.122448979591836593e-02
6.122448979591836593e-02
6.122448979591836593e-02
6.122448979591836593e-02
6.122448979591836593e-02
6.060606060606061468e-02
6.060606060606061468e-02
6.060606060606061468e-02
6.060606060606061468e-02
6.060606060606061468e-02
6.000000000000000472e-02
6.000000000000000472e-02
6.000000000000000472e-02
6.000000000000000472e-02
6.000000000000000472e-02
5.940594059405941013e-02
5.940594059405941013e-02
5.940594059405941013e-02
5.940594059405941013e-02
5.940594059405941013e-02
5.882352941176470507e-02
5.882352941176470507e-02
5.882352941176470507e-02
5.882352941176470507e-02
5.882352941176470507e-02
5.825242718446601436e-02
5.825242718446601436e-02
5.825242718446601436e-02
5.825242718446601436e-02
5.825242718446601436e-02
5.769230769230769551e-02
5.769230769230769551e-02
5.769230769230769551e-02
5.769230769230769551e-02
5.769230769230769551e-02
5.714285714285714801e-02
5.714285714285714801e-02
5.714285714285714801e-02
1.142857142857142960e-01
1.142857142857142960e-01
1.132075471698113234e-01
1.132075471698113234e-01
1.132075471698113234e-01
1.132075471698113234e-01
1.132075471698113234e-01
1.121495327102803724e-01
1.121495327102803724e-01
1.121495327102803724e-01
1.121495327102803724e-01
1.121495327102803724e-01
1.111111111111111049e-01
1.111111111111111049e-01
1.111111111111111049e-01
1.111111111111111049e-01
1.111111111111111049e-01
1.100917431192660612e-01
1.100917431192660612e-01
1.100917431192660612e-01
1.100917431192660612e-01
1.100917431192660612e-01
1.090909090909090856e-01
1.090909090909090856e-01
1.090909090909090856e-01
1.090909090909090856e-01
1.090909090909090856e-01
1.081081081081081141e-01
1.081081081081081141e-01
1.081081081081081141e-01
1.081081081081081141e-01
1.081081081081081141e-01
1.071428571428571369e-01
1.071428571428571369e-01
1.071428571428571369e-01
1.071428571428571369e-01
1.071428571428571369e-01
1.061946902654867242e-01
1.061946902654867242e-01
1.061946902654867242e-01
5.309734513274336209e-02
5.309734513274336209e-02
5.263157894736841813e-02
5.263157894736841813e-02
5.263157894736841813e-02
5.263157894736841813e-02
5.263157894736841813e-02
5.217391304347826497e-02
5.217391304347826497e-02
5.217391304347826497e-02
5.217391304347826497e-02
5.217391304347826497e-02
5.172413793103448204e-02
5.172413793103448204e-02
5.172413793103448204e-02
5.172413793103448204e-02
5.172413793103448204e-02
5.128205128205128721e-02
5.128205128205128721e-02
5.128205128205128721e-02
5.128205128205128721e-02
5.128205128205128721e-02
5.084745762711864736e-02
5.084745762711864736e-02
5.084745762711864736e-02
5.084745762711864736e-02
5.084745762711864736e-02
5.042016806722689204e-02
5.042016806722689204e-02
5.042016806722689204e-02
5.042016806722689204e-02
5.042016806722689204e-02
5.000000000000000278e-02
5.000000000000000278e-02
5.000000000000000278e-02
1.000000000000000056e-01
1.000000000000000056e-01
9.917355371900826722e-02
9.917355371900826722e-02
9.917355371900826722e-02
9.917355371900826722e-02
9.917355371900826722e-02
9.836065573770493009e-02
9.836065573770493009e-02
9.836065573770493009e-02
9.836065573770493009e-02
9.836065573770493009e-02
9.756097560975611482e-02
9.756097560975611482e-02
9.756097560975611482e-02
9.756097560975611482e-02
9.756097560975611482e-02
9.677419354838709409e-02
9.677419354838709409e-02
9.677419354838709409e-02
9.677419354838709409e-02
9.677419354838709409e-02
9.600000000000000200e-02
9.600000000000000200e-02
9.600000000000000200e-02
9.600000000000000200e-02
9.600000000000000200e-02
9.523809523809523281e-02
9.523809523809523281e-02
9.523809523809523281e-02
9.523809523809523281e-02
9.523809523809523281e-02
9.448818897637795144e-02
9.448818897637795144e-02
9.448818897637795144e-02
9.448818897637795144e-02
9.448818897637795144e-02
9.375000000000000000e-02
9.375000000000000000e-02
9.375000000000000000e-02
9.375000000000000000e-02
9.375000000000000000e-02
9.302325581395348708e-02
9.302325581395348708e-02
9.302325581395348708e-02
9.302325581395348708e-02
9.302325581395348708e-02
9.230769230769231282e-02
9.230769230769231282e-02
9.230769230769231282e-02
9.230769230769231282e-02
9.230769230769231282e-02
9.160305343511450371e-02
9.160305343511450371e-02
9.160305343511450371e-02
9.160305343511450371e-02
4.580152671755725186e-02
4.545454545454545581e-02
4.545454545454545581e-02
4.545454545454545581e-02
4.545454545454545581e-02
4.545454545454545581e-02
4.511278195488721554e-02
4.511278195488721554e-02
4.511278195488721554e-02
4.511278195488721554e-02
4.511278195488721554e-02
4.477611940298507898e-02
4.477611940298507898e-02
4.477611940298507898e-02
4.477611940298507898e-02
4.477611940298507898e-02
4.444444444444444614e-02
4.444444444444444614e-02
4.444444444444444614e-02
4.444444444444444614e-02
4.444444444444444614e-02
8.823529411764706454e-02
8.823529411764706454e-02
8.823529411764706454e-02
8.823529411764706454e-02
8.823529411764706454e-02
8.759124087591241281e-02
8.759124087591241281e-02
8.759124087591241281e-02
8.759124087591241281e-02
8.759124087591241281e-02
8.695652173913044625e-02
8.695652173913044625e-02
8.695652173913044625e-02
8.695652173913044625e-02
8.695652173913044625e-02
8.633093525179856564e-02
8.633093525179856564e-02
8.633093525179856564e-02
8.633093525179856564e-02
8.633093525179856564e-02
8.571428571428571508e-02
8.571428571428571508e-02
8.571428571428571508e-02
8.571428571428571508e-02
8.571428571428571508e-02
8.510638297872340219e-02
8.510638297872340219e-02
8.510638297872340219e-02
8.510638297872340219e-02
8.510638297872340219e-02
8.450704225352113907e-02
8.450704225352113907e-02
8.450704225352113907e-02
8.450704225352113907e-02
8.450704225352113907e-02
8.391608391608391948e-02
8.391608391608391948e-02
8.391608391608391948e-02
8.391608391608391948e-02
8.391608391608391948e-02
8.333333333333332871e-02
8.333333333333332871e-02
8.333333333333332871e-02
8.333333333333332871e-02
8.333333333333332871e-02
8.275862068965517127e-02
8.275862068965517127e-02
8.275862068965517127e-02
8.275862068965517127e-02
8.275862068965517127e-02
8.219178082191780366e-02
8.219178082191780366e-02
8.219178082191780366e-02
8.219178082191780366e-02
8.219178082191780366e-02
8.163265306122449716e-02
8.163265306122449716e-02
8.163265306122449716e-02
8.163265306122449716e-02
8.163265306122449716e-02
8.108108108108108558e-02
8.108108108108108558e-02
8.108108108108108558e-02
8.108108108108108558e-02
8.108108108108108558e-02
8.053691275167786101e-02
8.053691275167786101e-02
8.053691275167786101e-02
8.053691275167786101e-02
8.053691275167786101e-02
8.000000000000001554e-02
8.000000000000001554e-02
8.000000000000001554e-02
4.000000000000000777e-02
4.000000000000000777e-02
3.973509933774834607e-02
3.973509933774834607e-02
3.973509933774834607e-02
3.973509933774834607e-02
3.973509933774834607e-02
3.947368421052631360e-02
7.894736842105262720e-02
7.894736842105262720e-02
7.894736842105262720e-02
7.894736842105262720e-02
7.843137254901962063e-02
7.843137254901962063e-02
7.843137254901962063e-02
7.843137254901962063e-02
7.843137254901962063e-02
7.792207792207793415e-02
7.792207792207793415e-02
7.792207792207793415e-02
7.792207792207793415e-02
7.792207792207793415e-02
7.741935483870968082e-02
7.741935483870968082e-02
7.741935483870968082e-02
7.741935483870968082e-02
7.741935483870968082e-02
7.692307692307692735e-02
7.692307692307692735e-02
7.692307692307692735e-02
7.692307692307692735e-02
7.692307692307692735e-02
7.643312101910829104e-02
7.643312101910829104e-02
7.643312101910829104e-02
7.643312101910829104e-02
7.643312101910829104e-02
7.594936708860759722e-02
7.594936708860759722e-02
7.594936708860759722e-02
7.594936708860759722e-02
7.594936708860759722e-02
7.547169811320755817e-02
7.547169811320755817e-02
7.547169811320755817e-02
7.547169811320755817e-02
7.547169811320755817e-02
7.500000000000001110e-02
7.500000000000001110e-02
7.500000000000001110e-02
7.500000000000001110e-02
7.500000000000001110e-02
7.453416149068323171e-02
7.453416149068323171e-02
7.453416149068323171e-02
7.453416149068323171e-02
7.453416149068323171e-02
7.407407407407406996e-02
7.407407407407406996e-02
7.407407407407406996e-02
7.407407407407406996e-02
7.407407407407406996e-02
7.361963190184049599e-02
7.361963190184049599e-02
7.361963190184049599e-02
7.361963190184049599e-02
7.361963190184049599e-02
7.317073170731708265e-02
7.317073170731708265e-02
7.317073170731708265e-02
7.317073170731708265e-02
7.317073170731708265e-02
7.272727272727273762e-02
7.272727272727273762e-02
7.272727272727273762e-02
7.272727272727273762e-02
7.272727272727273762e-02
7.228915662650603480e-02
7.228915662650603480e-02
7.228915662650603480e-02
7.228915662650603480e-02
7.228915662650603480e-02
7.185628742514971190e-02
7.185628742514971190e-02
7.185628742514971190e-02
7.185628742514971190e-02
7.185628742514971190e-02
7.142857142857142461e-02
7.142857142857142461e-02
7.142857142857142461e-02
1.071428571428571369e-01
1.071428571428571369e-01
1.065088757396449731e-01
1.065088757396449731e-01
1.065088757396449731e-01
1.065088757396449731e-01
7.100591715976331542e-02
7.058823529411764608e-02
7.058823529411764608e-02
7.058823529411764608e-02
7.058823529411764608e-02
7.058823529411764608e-02
7.017543859649122417e-02
7.017543859649122417e-02
7.017543859649122417e-02
7.017543859649122417e-02
7.017543859649122417e-02
6.976744186046511531e-02
6.976744186046511531e-02
6.976744186046511531e-02
6.976744186046511531e-02
6.976744186046511531e-02
6.936416184971098964e-02
6.936416184971098964e-02
6.936416184971098964e-02
6.936416184971098964e-02
6.936416184971098964e-02
6.896551724137930939e-02
6.896551724137930939e-02
6.896551724137930939e-02
6.896551724137930939e-02
6.896551724137930939e-02
6.857142857142857484e-02
6.857142857142857484e-02
6.857142857142857484e-02
6.857142857142857484e-02
6.857142857142857484e-02
6.818181818181819065e-02
6.818181818181819065e-02
6.818181818181819065e-02
6.818181818181819065e-02
6.818181818181819065e-02
6.779661016949152519e-02
6.779661016949152519e-02
6.779661016949152519e-02
6.779661016949152519e-02
6.779661016949152519e-02
6.741573033707864981e-02
6.741573033707864981e-02
6.741573033707864981e-02
6.741573033707864981e-02
6.741573033707864981e-02
6.703910614525140921e-02
6.703910614525140921e-02
6.703910614525140921e-02
6.703910614525140921e-02
6.703910614525140921e-02
6.666666666666667962e-02
6.666666666666667962e-02
6.666666666666667962e-02
6.666666666666667962e-02
6.666666666666667962e-02
6.629834254143646133e-02
6.629834254143646133e-02
6.629834254143646133e-02
6.629834254143646133e-02
6.629834254143646133e-02
6.593406593406594962e-02
6.593406593406594962e-02
6.593406593406594962e-02
6.593406593406594962e-02
6.593406593406594962e-02
6.557377049180328210e-02
6.557377049180328210e-02
6.557377049180328210e-02
6.557377049180328210e-02
6.557377049180328210e-02
6.521739130434782428e-02
6.521739130434782428e-02
6.521739130434782428e-02
6.521739130434782428e-02
6.521739130434782428e-02
6.486486486486486847e-02
6.486486486486486847e-02
6.486486486486486847e-02
6.486486486486486847e-02
9.729729729729730270e-02
9.677419354838709409e-02
9.677419354838709409e-02
9.677419354838709409e-02
9.677419354838709409e-02
9.677419354838709409e-02
9.625668449197861964e-02
9.625668449197861964e-02
9.625668449197861964e-02
9.625668449197861964e-02
9.625668449197861964e-02
9.574468085106382920e-02
9.574468085106382920e-02
9.574468085106382920e-02
9.574468085106382920e-02
9.574468085106382920e-02
9.523809523809523281e-02
9.523809523809523281e-02
9.523809523809523281e-02
9.523809523809523281e-02
9.523809523809523281e-02
9.473684210526316096e-02
6.315789473684210731e-02
6.315789473684210731e-02
6.315789473684210731e-02
6.315789473684210731e-02
6.282722513089006311e-02
6.282722513089006311e-02
6.282722513089006311e-02
6.282722513089006311e-02
6.282722513089006311e-02
6.250000000000000000e-02
6.250000000000000000e-02
6.250000000000000000e-02
6.250000000000000000e-02
6.250000000000000000e-02
6.217616580310881408e-02
6.217616580310881408e-02
6.217616580310881408e-02
6.217616580310881408e-02
6.217616580310881408e-02
6.185567010309278579e-02
6.185567010309278579e-02
6.185567010309278579e-02
6.185567010309278579e-02
6.185567010309278579e-02
6.153846153846154188e-02
6.153846153846154188e-02
6.153846153846154188e-02
6.153846153846154188e-02
6.153846153846154188e-02
6.122448979591836593e-02
6.122448979591836593e-02
6.122448979591836593e-02
6.122448979591836593e-02
6.122448979591836593e-02
6.091370558375634042e-02
6.091370558375634042e-02
6.091370558375634042e-02
6.091370558375634042e-02
6.091370558375634042e-02
6.060606060606061468e-02
6.060606060606061468e-02
6.060606060606061468e-02
6.060606060606061468e-02
6.060606060606061468e-02
6.030150753768844657e-02
6.030150753768844657e-02
6.030150753768844657e-02
6.030150753768844657e-02
6.030150753768844657e-02
6.000000000000000472e-02
6.000000000000000472e-02
6.000000000000000472e-02
6.000000000000000472e-02
6.000000000000000472e-02
5.970149253731343170e-02
5.970149253731343170e-02
5.970149253731343170e-02
5.970149253731343170e-02
5.970149253731343170e-02
5.940594059405941013e-02
5.940594059405941013e-02
5.940594059405941013e-02
5.940594059405941013e-02
5.940594059405941013e-02
5.911330049261084157e-02
8.866995073891625889e-02
8.866995073891625889e-02
8.866995073891625889e-02
8.866995073891625889e-02
8.823529411764706454e-02
8.823529411764706454e-02
8.823529411764706454e-02
8.823529411764706454e-02
8.823529411764706454e-02
8.780487804878049640e-02
8.780487804878049640e-02
8.780487804878049640e-02
8.780487804878049640e-02
8.780487804878049640e-02
8.737864077669903196e-02
8.737864077669903196e-02
8.737864077669903196e-02
8.737864077669903196e-02
8.737864077669903196e-02
8.695652173913044625e-02
8.695652173913044625e-02
8.695652173913044625e-02
8.695652173913044625e-02
8.695652173913044625e-02
8.653846153846155020e-02
8.653846153846155020e-02
8.653846153846155020e-02
8.653846153846155020e-02
8.653846153846155020e-02
8.612440191387560340e-02
8.612440191387560340e-02
8.612440191387560340e-02
8.612440191387560340e-02
8.612440191387560340e-02
8.571428571428571508e-02
8.571428571428571508e-02
8.571428571428571508e-02
5.714285714285714801e-02
5.714285714285714801e-02
5.687203791469194747e-02
5.687203791469194747e-02
5.687203791469194747e-02
5.687203791469194747e-02
5.687203791469194747e-02
5.660377358490566169e-02
5.660377358490566169e-02
5.660377358490566169e-02
5.660377358490566169e-02
5.660377358490566169e-02
5.633802816901408578e-02
5.633802816901408578e-02
5.633802816901408578e-02
5.633802816901408578e-02
5.633802816901408578e-02
5.607476635514018620e-02
5.607476635514018620e-02
5.607476635514018620e-02
5.607476635514018620e-02
5.607476635514018620e-02
5.581395348837209225e-02
5.581395348837209225e-02
5.581395348837209225e-02
5.581395348837209225e-02
5.581395348837209225e-02
5.555555555555555247e-02
5.555555555555555247e-02
5.555555555555555247e-02
5.555555555555555247e-02
5.555555555555555247e-02
5.529953917050691586e-02
5.529953917050691586e-02
5.529953917050691586e-02
5.529953917050691586e-02
5.529953917050691586e-02
5.504587155963303058e-02
5.504587155963303058e-02
5.504587155963303058e-02
5.504587155963303058e-02
5.504587155963303058e-02
5.479452054794520244e-02
5.479452054794520244e-02
5.479452054794520244e-02
5.479452054794520244e-02
5.479452054794520244e-02
5.454545454545454281e-02
5.454545454545454281e-02
5.454545454545454281e-02
5.454545454545454281e-02
5.454545454545454281e-02
5.429864253393665990e-02
8.144796380090497945e-02
8.144796380090497945e-02
8.144796380090497945e-02
8.144796380090497945e-02
8.108108108108108558e-02
8.108108108108108558e-02
8.108108108108108558e-02
8.108108108108108558e-02
8.108108108108108558e-02
8.071748878923767911e-02
8.071748878923767911e-02
8.071748878923767911e-02
8.071748878923767911e-02
8.071748878923767911e-02
8.035714285714286309e-02
8.035714285714286309e-02
8.035714285714286309e-02
8.035714285714286309e-02
8.035714285714286309e-02
8.000000000000001554e-02
8.000000000000001554e-02
8.000000000000001554e-02
8.000000000000001554e-02
8.000000000000001554e-02
7.964601769911504314e-02
7.964601769911504314e-02
7.964601769911504314e-02
7.964601769911504314e-02
7.964601769911504314e-02
7.929515418502203206e-02
7.929515418502203206e-02
7.929515418502203206e-02
7.929515418502203206e-02
7.929515418502203206e-02
7.894736842105262720e-02
7.894736842105262720e-02
7.894736842105262720e-02
7.894736842105262720e-02
7.894736842105262720e-02
7.860262008733624739e-02
7.860262008733624739e-02
7.860262008733624739e-02
7.860262008733624739e-02
7.860262008733624739e-02
7.826086956521739746e-02
7.826086956521739746e-02
7.826086956521739746e-02
7.826086956521739746e-02
7.826086956521739746e-02
7.792207792207793415e-02
7.792207792207793415e-02
7.792207792207793415e-02
7.792207792207793415e-02
7.792207792207793415e-02
7.758620689655172653e-02
5.172413793103448204e-02
5.172413793103448204e-02
5.172413793103448204e-02
5.172413793103448204e-02
5.150214592274678094e-02
5.150214592274678094e-02
5.150214592274678094e-02
5.150214592274678094e-02
5.150214592274678094e-02
5.128205128205128721e-02
5.128205128205128721e-02
5.128205128205128721e-02
5.128205128205128721e-02
5.128205128205128721e-02
5.106382978723404686e-02
5.106382978723404686e-02
5.106382978723404686e-02
5.106382978723404686e-02
5.106382978723404686e-02
5.084745762711864736e-02
5.084745762711864736e-02
5.084745762711864736e-02
5.084745762711864736e-02
5.084745762711864736e-02
5.063291139240506250e-02
5.063291139240506250e-02
5.063291139240506250e-02
5.063291139240506250e-02
5.063291139240506250e-02
5.042016806722689204e-02
5.042016806722689204e-02
5.042016806722689204e-02
5.042016806722689204e-02
5.042016806722689204e-02
5.020920502092050125e-02
5.020920502092050125e-02
7.531380753138075534e-02
7.531380753138075534e-02
7.531380753138075534e-02
7.500000000000001110e-02
7.500000000000001110e-02
7.500000000000001110e-02
7.500000000000001110e-02
7.500000000000001110e-02
7.468879668049792364e-02
7.468879668049792364e-02
7.468879668049792364e-02
7.468879668049792364e-02
7.468879668049792364e-02
7.438016528925620041e-02
7.438016528925620041e-02
7.438016528925620041e-02
7.438016528925620041e-02
7.438016528925620041e-02
7.407407407407406996e-02
7.407407407407406996e-02
7.407407407407406996e-02
7.407407407407406996e-02
7.407407407407406996e-02
7.377049180327868716e-02
7.377049180327868716e-02
7.377049180327868716e-02
7.377049180327868716e-02
7.377049180327868716e-02
7.346938775510204744e-02
7.346938775510204744e-02
7.346938775510204744e-02
7.346938775510204744e-02
7.346938775510204744e-02
7.317073170731708265e-02
7.317073170731708265e-02
7.317073170731708265e-02
7.317073170731708265e-02
7.317073170731708265e-02
7.287449392712551377e-02
7.287449392712551377e-02
7.287449392712551377e-02
7.287449392712551377e-02
7.287449392712551377e-02
7.258064516129032751e-02
7.258064516129032751e-02
7.258064516129032751e-02
7.258064516129032751e-02
7.258064516129032751e-02
7.228915662650603480e-02
7.228915662650603480e-02
7.228915662650603480e-02
7.228915662650603480e-02
7.228915662650603480e-02
7.200000000000000844e-02
7.200000000000000844e-02
7.200000000000000844e-02
7.200000000000000844e-02
7.200000000000000844e-02
7.171314741035857143e-02
7.171314741035857143e-02
7.171314741035857143e-02
7.171314741035857143e-02
7.171314741035857143e-02
7.142857142857142461e-02
7.142857142857142461e-02
7.142857142857142461e-02
7.142857142857142461e-02
7.142857142857142461e-02
7.114624505928854314e-02
7.114624505928854314e-02
7.114624505928854314e-02
7.114624505928854314e-02
4.743083003952568849e-02
4.724409448818897572e-02
4.724409448818897572e-02
4.724409448818897572e-02
4.724409448818897572e-02
4.724409448818897572e-02
4.705882352941176405e-02
4.705882352941176405e-02
4.705882352941176405e-02
4.705882352941176405e-02
4.705882352941176405e-02
4.687500000000000000e-02
4.687500000000000000e-02
4.687500000000000000e-02
4.687500000000000000e-02
4.687500000000000000e-02
4.669260700389105123e-02
4.669260700389105123e-02
4.669260700389105123e-02
4.669260700389105123e-02
4.669260700389105123e-02
4.651162790697674354e-02
6.976744186046511531e-02
6.976744186046511531e-02
6.976744186046511531e-02
6.976744186046511531e-02
6.949806949806949796e-02
6.949806949806949796e-02
6.949806949806949796e-02
6.949806949806949796e-02
6.949806949806949796e-02
6.923076923076923461e-02
6.923076923076923461e-02
6.923076923076923461e-02
6.923076923076923461e-02
6.923076923076923461e-02
6.896551724137930939e-02
6.896551724137930939e-02
6.896551724137930939e-02
6.896551724137930939e-02
6.896551724137930939e-02
6.870229007633588125e-02
6.870229007633588125e-02
6.870229007633588125e-02
6.870229007633588125e-02
6.870229007633588125e-02
6.844106463878327218e-02
6.844106463878327218e-02
6.844106463878327218e-02
6.844106463878327218e-02
6.844106463878327218e-02
6.818181818181819065e-02
6.818181818181819065e-02
6.818181818181819065e-02
6.818181818181819065e-02
6.818181818181819065e-02
6.792452830188679125e-02
6.792452830188679125e-02
6.792452830188679125e-02
6.792452830188679125e-02
6.792452830188679125e-02
6.766917293233082331e-02
6.766917293233082331e-02
6.766917293233082331e-02
6.766917293233082331e-02
6.766917293233082331e-02
6.741573033707864981e-02
6.741573033707864981e-02
6.741573033707864981e-02
6.741573033707864981e-02
6.741573033707864981e-02
6.716417910447761153e-02
6.716417910447761153e-02
6.716417910447761153e-02
6.716417910447761153e-02
6.716417910447761153e-02
6.691449814126394779e-02
6.691449814126394779e-02
6.691449814126394779e-02
6.691449814126394779e-02
6.691449814126394779e-02
6.666666666666667962e-02
6.666666666666667962e-02
6.666666666666667962e-02
6.666666666666667962e-02
6.666666666666667962e-02
6.642066420664206883e-02
6.642066420664206883e-02
6.642066420664206883e-02
6.642066420664206883e-02
6.642066420664206883e-02
6.617647058823530881e-02
6.617647058823530881e-02
6.617647058823530881e-02
6.617647058823530881e-02
6.617647058823530881e-02
6.593406593406594962e-02
6.593406593406594962e-02
6.593406593406594962e-02
6.593406593406594962e-02
6.593406593406594962e-02
6.569343065693430961e-02
6.569343065693430961e-02
6.569343065693430961e-02
6.569343065693430961e-02
6.569343065693430961e-02
6.545454545454545969e-02
6.545454545454545969e-02
6.545454545454545969e-02
6.545454545454545969e-02
6.545454545454545969e-02
6.521739130434782428e-02
6.521739130434782428e-02
4.347826086956522312e-02
4.347826086956522312e-02
4.347826086956522312e-02
4.332129963898917469e-02
6.498194945848376203e-02
6.498194945848376203e-02
6.498194945848376203e-02
6.498194945848376203e-02
6.474820143884893464e-02
6.474820143884893464e-02
6.474820143884893464e-02
6.474820143884893464e-02
6.474820143884893464e-02
6.451612903225807660e-02
6.451612903225807660e-02
6.451612903225807660e-02
6.451612903225807660e-02
6.451612903225807660e-02
6.428571428571429325e-02
6.428571428571429325e-02
6.428571428571429325e-02
6.428571428571429325e-02
6.428571428571429325e-02
6.405693950177936136e-02
6.405693950177936136e-02
6.405693950177936136e-02
6.405693950177936136e-02
6.405693950177936136e-02
6.382978723404256205e-02
6.382978723404256205e-02
6.382978723404256205e-02
6.382978723404256205e-02
6.382978723404256205e-02
6.360424028268552021e-02
6.360424028268552021e-02
6.360424028268552021e-02
6.360424028268552021e-02
6.360424028268552021e-02
6.338028169014084390e-02
6.338028169014084390e-02
6.338028169014084390e-02
6.338028169014084390e-02
6.338028169014084390e-02
6.315789473684210731e-02
6.315789473684210731e-02
6.315789473684210731e-02
6.315789473684210731e-02
6.315789473684210731e-02
6.293706293706294308e-02
6.293706293706294308e-02
6.293706293706294308e-02
6.293706293706294308e-02
6.293706293706294308e-02
6.271777003484321766e-02
6.271777003484321766e-02
6.271777003484321766e-02
6.271777003484321766e-02
6.271777003484321766e-02
6.250000000000000000e-02
6.250000000000000000e-02
6.250000000000000000e-02
6.250000000000000000e-02
6.250000000000000000e-02
6.228373702422144997e-02
6.228373702422144997e-02
6.228373702422144997e-02
6.228373702422144997e-02
6.228373702422144997e-02
6.206896551724137845e-02
6.206896551724137845e-02
6.206896551724137845e-02
6.206896551724137845e-02
6.206896551724137845e-02
6.185567010309278579e-02
6.185567010309278579e-02
6.185567010309278579e-02
6.185567010309278579e-02
6.185567010309278579e-02
6.164383561643835274e-02
6.164383561643835274e-02
6.164383561643835274e-02
6.164383561643835274e-02
6.164383561643835274e-02
6.143344709897610723e-02
6.143344709897610723e-02
6.143344709897610723e-02
6.143344709897610723e-02
6.143344709897610723e-02
6.122448979591836593e-02
6.122448979591836593e-02
6.122448979591836593e-02
6.122448979591836593e-02
6.122448979591836593e-02
6.101694915254236851e-02
6.101694915254236851e-02
6.101694915254236851e-02
6.101694915254236851e-02
6.101694915254236851e-02
6.081081081081081419e-02
6.081081081081081419e-02
6.081081081081081419e-02
8.108108108108108558e-02
8.108108108108108558e-02
8.080808080808081495e-02
8.080808080808081495e-02
8.080808080808081495e-02
8.080808080808081495e-02
8.080808080808081495e-02
8.053691275167786101e-02
8.053691275167786101e-02
8.053691275167786101e-02
8.053691275167786101e-02
8.053691275167786101e-02
8.026755852842809569e-02
6.020066889632107177e-02
6.020066889632107177e-02
6.020066889632107177e-02
6.020066889632107177e-02
6.000000000000000472e-02
6.000000000000000472e-02
6.000000000000000472e-02
6.000000000000000472e-02
6.000000000000000472e-02
5.980066445182723872e-02
5.980066445182723872e-02
5.980066445182723872e-02
5.980066445182723872e-02
5.980066445182723872e-02
5.960264900662252258e-02
5.960264900662252258e-02
5.960264900662252258e-02
5.960264900662252258e-02
5.960264900662252258e-02
5.940594059405941013e-02
5.940594059405941013e-02
5.940594059405941013e-02
5.940594059405941013e-02
5.940594059405941013e-02
5.921052631578947040e-02
5.921052631578947040e-02
5.921052631578947040e-02
5.921052631578947040e-02
5.921052631578947040e-02
5.901639344262295944e-02
5.901639344262295944e-02
5.901639344262295944e-02
5.901639344262295944e-02
5.901639344262295944e-02
5.882352941176470507e-02
5.882352941176470507e-02
5.882352941176470507e-02
5.882352941176470507e-02
5.882352941176470507e-02
5.863192182410423281e-02
5.863192182410423281e-02
5.863192182410423281e-02
5.863192182410423281e-02
5.863192182410423281e-02
5.844155844155844021e-02
5.844155844155844021e-02
5.844155844155844021e-02
5.844155844155844021e-02
5.844155844155844021e-02
5.825242718446601436e-02
5.825242718446601436e-02
5.825242718446601436e-02
5.825242718446601436e-02
5.825242718446601436e-02
5.806451612903226062e-02
5.806451612903226062e-02
5.806451612903226062e-02
5.806451612903226062e-02
5.806451612903226062e-02
5.787781350482315568e-02
5.787781350482315568e-02
5.787781350482315568e-02
5.787781350482315568e-02
5.787781350482315568e-02
5.769230769230769551e-02
5.769230769230769551e-02
5.769230769230769551e-02
5.769230769230769551e-02
5.769230769230769551e-02
5.750798722044728195e-02
5.750798722044728195e-02
5.750798722044728195e-02
5.750798722044728195e-02
5.750798722044728195e-02
5.732484076433121134e-02
5.732484076433121134e-02
5.732484076433121134e-02
5.732484076433121134e-02
5.732484076433121134e-02
5.714285714285714801e-02
5.714285714285714801e-02
5.714285714285714801e-02
5.714285714285714801e-02
5.714285714285714801e-02
5.696202531645570138e-02
7.594936708860759722e-02
7.594936708860759722e-02
7.594936708860759722e-02
7.594936708860759722e-02
7.570977917981072669e-02
7.570977917981072669e-02
7.570977917981072669e-02
7.570977917981072669e-02
7.570977917981072669e-02
7.547169811320755817e-02
7.547169811320755817e-02
7.547169811320755817e-02
7.547169811320755817e-02
7.547169811320755817e-02
7.523510971786834256e-02
7.523510971786834256e-02
7.523510971786834256e-02
7.523510971786834256e-02
7.523510971786834256e-02
7.500000000000001110e-02
7.500000000000001110e-02
7.500000000000001110e-02
7.500000000000001110e-02
7.500000000000001110e-02
7.476635514018692419e-02
7.476635514018692419e-02
7.476635514018692419e-02
7.476635514018692419e-02
7.476635514018692419e-02
7.453416149068323171e-02
7.453416149068323171e-02
7.453416149068323171e-02
5.590062111801242378e-02
5.590062111801242378e-02
5.572755417956656160e-02
5.572755417956656160e-02
5.572755417956656160e-02
5.572755417956656160e-02
5.572755417956656160e-02
5.555555555555555247e-02
5.555555555555555247e-02
5.555555555555555247e-02
5.555555555555555247e-02
5.555555555555555247e-02
5.538461538461539324e-02
5.538461538461539324e-02
5.538461538461539324e-02
5.538461538461539324e-02
5.538461538461539324e-02
5.521472392638037546e-02
5.521472392638037546e-02
5.521472392638037546e-02
5.521472392638037546e-02
5.521472392638037546e-02
5.504587155963303058e-02
5.504587155963303058e-02
5.504587155963303058e-02
5.504587155963303058e-02
5.504587155963303058e-02
5.487804878048780505e-02
5.487804878048780505e-02
5.487804878048780505e-02
5.487804878048780505e-02
5.487804878048780505e-02
5.471124620060790339e-02
5.471124620060790339e-02
5.471124620060790339e-02
5.471124620060790339e-02
5.471124620060790339e-02
5.454545454545454281e-02
5.454545454545454281e-02
5.454545454545454281e-02
5.454545454545454281e-02
5.454545454545454281e-02
5.438066465256798099e-02
5.438066465256798099e-02
5.438066465256798099e-02
5.438066465256798099e-02
5.438066465256798099e-02
5.421686746987951916e-02
5.421686746987951916e-02
5.421686746987951916e-02
5.421686746987951916e-02
5.421686746987951916e-02
5.405405405405405705e-02
5.405405405405405705e-02
5.405405405405405705e-02
5.405405405405405705e-02
5.405405405405405705e-02
5.389221556886227699e-02
5.389221556886227699e-02
5.389221556886227699e-02
5.389221556886227699e-02
5.389221556886227699e-02
5.373134328358209616e-02
5.373134328358209616e-02
5.373134328358209616e-02
5.373134328358209616e-02
5.373134328358209616e-02
5.357142857142856845e-02
7.142857142857142461e-02
7.142857142857142461e-02
7.142857142857142461e-02
7.142857142857142461e-02
7.121661721068249518e-02
7.121661721068249518e-02
7.121661721068249518e-02
7.121661721068249518e-02
7.121661721068249518e-02
7.100591715976331542e-02
7.100591715976331542e-02
7.100591715976331542e-02
7.100591715976331542e-02
7.100591715976331542e-02
7.079646017699114946e-02
7.079646017699114946e-02
7.079646017699114946e-02
7.079646017699114946e-02
7.079646017699114946e-02
7.058823529411764608e-02
7.058823529411764608e-02
7.058823529411764608e-02
7.058823529411764608e-02
7.058823529411764608e-02
7.038123167155425908e-02
7.038123167155425908e-02
7.038123167155425908e-02
7.038123167155425908e-02
7.038123167155425908e-02
7.017543859649122417e-02
7.017543859649122417e-02
7.017543859649122417e-02
7.017543859649122417e-02
7.017543859649122417e-02
6.997084548104956503e-02
6.997084548104956503e-02
6.997084548104956503e-02
6.997084548104956503e-02
6.997084548104956503e-02
6.976744186046511531e-02
6.976744186046511531e-02
6.976744186046511531e-02
6.976744186046511531e-02
6.976744186046511531e-02
6.956521739130434867e-02
6.956521739130434867e-02
6.956521739130434867e-02
6.956521739130434867e-02
6.956521739130434867e-02
6.936416184971098964e-02
6.936416184971098964e-02
5.202312138728323182e-02
5.202312138728323182e-02
5.202312138728323182e-02
5.187319884726225572e-02
5.187319884726225572e-02
5.187319884726225572e-02
5.187319884726225572e-02
5.187319884726225572e-02
5.172413793103448204e-02
5.172413793103448204e-02
5.172413793103448204e-02
5.172413793103448204e-02
5.172413793103448204e-02
5.157593123209169156e-02
5.157593123209169156e-02
5.157593123209169156e-02
5.157593123209169156e-02
5.157593123209169156e-02
5.142857142857143460e-02
5.142857142857143460e-02
5.142857142857143460e-02
5.142857142857143460e-02
5.142857142857143460e-02
5.128205128205128721e-02
5.128205128205128721e-02
5.128205128205128721e-02
5.128205128205128721e-02
5.128205128205128721e-02
5.113636363636363258e-02
5.113636363636363258e-02
5.113636363636363258e-02
5.113636363636363258e-02
5.113636363636363258e-02
5.099150141643059991e-02
5.099150141643059991e-02
5.099150141643059991e-02
5.099150141643059991e-02
5.099150141643059991e-02
5.084745762711864736e-02
5.084745762711864736e-02
5.084745762711864736e-02
5.084745762711864736e-02
5.084745762711864736e-02
5.070422535211267095e-02
5.070422535211267095e-02
5.070422535211267095e-02
5.070422535211267095e-02
5.070422535211267095e-02
5.056179775280898736e-02
5.056179775280898736e-02
6.741573033707864981e-02
6.741573033707864981e-02
6.741573033707864981e-02
6.722689075630253197e-02
6.722689075630253197e-02
6.722689075630253197e-02
6.722689075630253197e-02
6.722689075630253197e-02
6.703910614525140921e-02
6.703910614525140921e-02
6.703910614525140921e-02
6.703910614525140921e-02
6.703910614525140921e-02
6.685236768802228779e-02
6.685236768802228779e-02
6.685236768802228779e-02
6.685236768802228779e-02
6.685236768802228779e-02
6.666666666666667962e-02
6.666666666666667962e-02
6.666666666666667962e-02
6.666666666666667962e-02
6.666666666666667962e-02
6.648199445983379863e-02
6.648199445983379863e-02
6.648199445983379863e-02
6.648199445983379863e-02
6.648199445983379863e-02
6.629834254143646133e-02
6.629834254143646133e-02
6.629834254143646133e-02
6.629834254143646133e-02
6.629834254143646133e-02
6.611570247933884481e-02
6.611570247933884481e-02
6.611570247933884481e-02
6.611570247933884481e-02
6.611570247933884481e-02
6.593406593406594962e-02
6.593406593406594962e-02
6.593406593406594962e-02
6.593406593406594962e-02
6.593406593406594962e-02
6.575342465753425403e-02
6.575342465753425403e-02
6.575342465753425403e-02
6.575342465753425403e-02
6.575342465753425403e-02
6.557377049180328210e-02
6.557377049180328210e-02
6.557377049180328210e-02
6.557377049180328210e-02
6.557377049180328210e-02
6.539509536784741950e-02
6.539509536784741950e-02
6.539509536784741950e-02
6.539509536784741950e-02
6.539509536784741950e-02
6.521739130434782428e-02
6.521739130434782428e-02
6.521739130434782428e-02
6.521739130434782428e-02
6.521739130434782428e-02
6.504065040650407192e-02
6.504065040650407192e-02
6.504065040650407192e-02
6.504065040650407192e-02
6.504065040650407192e-02
6.486486486486486847e-02
6.486486486486486847e-02
6.486486486486486847e-02
4.864864864864865135e-02
4.864864864864865135e-02
4.851752021563342926e-02
4.851752021563342926e-02
4.851752021563342926e-02
4.851752021563342926e-02
4.851752021563342926e-02
4.838709677419354704e-02
4.838709677419354704e-02
4.838709677419354704e-02
4.838709677419354704e-02
4.838709677419354704e-02
4.825737265415550037e-02
4.825737265415550037e-02
4.825737265415550037e-02
4.825737265415550037e-02
4.825737265415550037e-02
4.812834224598930982e-02
4.812834224598930982e-02
4.812834224598930982e-02
4.812834224598930982e-02
4.812834224598930982e-02
4.800000000000000100e-02
4.800000000000000100e-02
4.800000000000000100e-02
4.800000000000000100e-02
4.800000000000000100e-02
4.787234042553191460e-02
4.787234042553191460e-02
4.787234042553191460e-02
4.787234042553191460e-02
4.787234042553191460e-02
6.366047745358090204e-02
6.366047745358090204e-02
6.366047745358090204e-02
6.366047745358090204e-02
6.366047745358090204e-02
6.349206349206348854e-02
6.349206349206348854e-02
6.349206349206348854e-02
6.349206349206348854e-02
6.349206349206348854e-02
6.332453825857520258e-02
6.332453825857520258e-02
6.332453825857520258e-02
6.332453825857520258e-02
6.332453825857520258e-02
6.315789473684210731e-02
6.315789473684210731e-02
6.315789473684210731e-02
6.315789473684210731e-02
6.315789473684210731e-02
6.299212598425196763e-02
6.299212598425196763e-02
6.299212598425196763e-02
6.299212598425196763e-02
6.299212598425196763e-02
6.282722513089006311e-02
6.282722513089006311e-02
6.282722513089006311e-02
6.282722513089006311e-02
6.282722513089006311e-02
6.266318537859008608e-02
6.266318537859008608e-02
6.266318537859008608e-02
6.266318537859008608e-02
6.266318537859008608e-02
6.250000000000000000e-02
6.250000000000000000e-02
6.250000000000000000e-02
6.250000000000000000e-02
6.250000000000000000e-02
6.233766233766233761e-02
6.233766233766233761e-02
6.233766233766233761e-02
6.233766233766233761e-02
6.233766233766233761e-02
6.217616580310881408e-02
6.217616580310881408e-02
6.217616580310881408e-02
6.217616580310881408e-02
6.217616580310881408e-02
6.201550387596899833e-02
6.201550387596899833e-02
6.201550387596899833e-02
6.201550387596899833e-02
6.201550387596899833e-02
6.185567010309278579e-02
6.185567010309278579e-02
6.185567010309278579e-02
6.185567010309278579e-02
6.185567010309278579e-02
6.169665809768637432e-02
6.169665809768637432e-02
6.169665809768637432e-02
6.169665809768637432e-02
6.169665809768637432e-02
6.153846153846154188e-02
6.153846153846154188e-02
6.153846153846154188e-02
6.153846153846154188e-02
6.153846153846154188e-02
6.138107416879796246e-02
6.138107416879796246e-02
6.138107416879796246e-02
6.138107416879796246e-02
6.138107416879796246e-02
6.122448979591836593e-02
6.122448979591836593e-02
6.122448979591836593e-02
6.122448979591836593e-02
6.122448979591836593e-02
6.106870229007634043e-02
6.106870229007634043e-02
6.106870229007634043e-02
6.106870229007634043e-02
6.106870229007634043e-02
6.091370558375634042e-02
6.091370558375634042e-02
6.091370558375634042e-02
6.091370558375634042e-02
6.091370558375634042e-02
6.075949367088608055e-02
4.556962025316455694e-02
4.556962025316455694e-02
4.556962025316455694e-02
4.556962025316455694e-02
4.545454545454545581e-02
4.545454545454545581e-02
4.545454545454545581e-02
4.545454545454545581e-02
4.545454545454545581e-02
4.534005037783375713e-02
4.534005037783375713e-02
4.534005037783375713e-02
6.045340050377833591e-02
6.045340050377833591e-02
6.030150753768844657e-02
6.030150753768844657e-02
6.030150753768844657e-02
6.030150753768844657e-02
6.030150753768844657e-02
6.015037593984962072e-02
6.015037593984962072e-02
6.015037593984962072e-02
6.015037593984962072e-02
6.015037593984962072e-02
6.000000000000000472e-02
6.000000000000000472e-02
6.000000000000000472e-02
6.000000000000000472e-02
6.000000000000000472e-02
5.985037406483790373e-02
5.985037406483790373e-02
5.985037406483790373e-02
5.985037406483790373e-02
5.985037406483790373e-02
5.970149253731343170e-02
5.970149253731343170e-02
5.970149253731343170e-02
5.970149253731343170e-02
5.970149253731343170e-02
5.955334987593052104e-02
5.955334987593052104e-02
5.955334987593052104e-02
5.955334987593052104e-02
5.955334987593052104e-02
5.940594059405941013e-02
5.940594059405941013e-02
5.940594059405941013e-02
5.940594059405941013e-02
5.940594059405941013e-02
5.925925925925926152e-02
5.925925925925926152e-02
5.925925925925926152e-02
5.925925925925926152e-02
5.925925925925926152e-02
5.911330049261084157e-02
5.911330049261084157e-02
5.911330049261084157e-02
5.911330049261084157e-02
5.911330049261084157e-02
5.896805896805897007e-02
5.896805896805897007e-02
5.896805896805897007e-02
5.896805896805897007e-02
5.896805896805897007e-02
5.882352941176470507e-02
5.882352941176470507e-02
5.882352941176470507e-02
5.882352941176470507e-02
5.882352941176470507e-02
5.867970660146699241e-02
5.867970660146699241e-02
5.867970660146699241e-02
5.867970660146699241e-02
5.867970660146699241e-02
5.853658536585366196e-02
5.853658536585366196e-02
5.853658536585366196e-02
5.853658536585366196e-02
5.853658536585366196e-02
5.839416058394161085e-02
5.839416058394161085e-02
5.839416058394161085e-02
5.839416058394161085e-02
5.839416058394161085e-02
5.825242718446601436e-02
5.825242718446601436e-02
5.825242718446601436e-02
5.825242718446601436e-02
5.825242718446601436e-02
5.811138014527845314e-02
5.811138014527845314e-02
5.811138014527845314e-02
5.811138014527845314e-02
5.811138014527845314e-02
5.797101449275362389e-02
5.797101449275362389e-02
5.797101449275362389e-02
5.797101449275362389e-02
5.797101449275362389e-02
5.783132530120482784e-02
5.783132530120482784e-02
5.783132530120482784e-02
5.783132530120482784e-02
5.783132530120482784e-02
5.769230769230769551e-02
5.769230769230769551e-02
5.769230769230769551e-02
5.769230769230769551e-02
5.769230769230769551e-02
5.755395683453237016e-02
5.755395683453237016e-02
5.755395683453237016e-02
5.755395683453237016e-02
5.755395683453237016e-02
5.741626794258373329e-02
5.741626794258373329e-02
5.741626794258373329e-02
7.177033492822966487e-02
7.177033492822966487e-02
7.159904534606205406e-02
7.159904534606205406e-02
7.159904534606205406e-02
7.159904534606205406e-02
7.159904534606205406e-02
7.142857142857142461e-02
5.714285714285714801e-02
5.714285714285714801e-02
5.714285714285714801e-02
5.714285714285714801e-02
5.700712589073634456e-02
5.700712589073634456e-02
5.700712589073634456e-02
5.700712589073634456e-02
5.700712589073634456e-02
5.687203791469194747e-02
5.687203791469194747e-02
5.687203791469194747e-02
5.687203791469194747e-02
5.687203791469194747e-02
5.673758865248226813e-02
5.673758865248226813e-02
5.673758865248226813e-02
5.673758865248226813e-02
5.673758865248226813e-02
5.660377358490566169e-02
5.660377358490566169e-02
5.660377358490566169e-02
5.660377358490566169e-02
5.660377358490566169e-02
5.647058823529411270e-02
5.647058823529411270e-02
5.647058823529411270e-02
5.647058823529411270e-02
5.647058823529411270e-02
5.633802816901408578e-02
5.633802816901408578e-02
5.633802816901408578e-02
5.633802816901408578e-02
5.633802816901408578e-02
5.620608899297423883e-02
5.620608899297423883e-02
5.620608899297423883e-02
5.620608899297423883e-02
5.620608899297423883e-02
5.607476635514018620e-02
5.607476635514018620e-02
5.607476635514018620e-02
5.607476635514018620e-02
5.607476635514018620e-02
5.594405594405594401e-02
5.594405594405594401e-02
5.594405594405594401e-02
5.594405594405594401e-02
5.594405594405594401e-02
5.581395348837209225e-02
5.581395348837209225e-02
5.581395348837209225e-02
5.581395348837209225e-02
5.581395348837209225e-02
5.568445475638050812e-02
5.568445475638050812e-02
5.568445475638050812e-02
5.568445475638050812e-02
5.568445475638050812e-02
5.555555555555555247e-02
5.555555555555555247e-02
5.555555555555555247e-02
5.555555555555555247e-02
5.555555555555555247e-02
5.542725173210161921e-02
5.542725173210161921e-02
5.542725173210161921e-02
5.542725173210161921e-02
5.542725173210161921e-02
5.529953917050691586e-02
5.529953917050691586e-02
5.529953917050691586e-02
5.529953917050691586e-02
5.529953917050691586e-02
5.517241379310344751e-02
5.517241379310344751e-02
5.517241379310344751e-02
5.517241379310344751e-02
5.517241379310344751e-02
5.504587155963303058e-02
5.504587155963303058e-02
5.504587155963303058e-02
5.504587155963303058e-02
5.504587155963303058e-02
5.491990846681922556e-02
5.491990846681922556e-02
5.491990846681922556e-02
5.491990846681922556e-02
5.491990846681922556e-02
5.479452054794520244e-02
5.479452054794520244e-02
5.479452054794520244e-02
5.479452054794520244e-02
5.479452054794520244e-02
5.466970387243735852e-02
5.466970387243735852e-02
5.466970387243735852e-02
6.833712984054671202e-02
6.833712984054671202e-02
6.818181818181819065e-02
6.818181818181819065e-02
6.818181818181819065e-02
6.818181818181819065e-02
6.818181818181819065e-02
6.802721088435374763e-02
6.802721088435374763e-02
6.802721088435374763e-02
6.802721088435374763e-02
6.802721088435374763e-02
6.787330316742082315e-02
6.787330316742082315e-02
6.787330316742082315e-02
6.787330316742082315e-02
6.787330316742082315e-02
6.772009029345373021e-02
6.772009029345373021e-02
6.772009029345373021e-02
6.772009029345373021e-02
6.772009029345373021e-02
6.756756756756757132e-02
6.756756756756757132e-02
6.756756756756757132e-02
6.756756756756757132e-02
6.756756756756757132e-02
6.741573033707864981e-02
6.741573033707864981e-02
5.393258426966292957e-02
5.393258426966292957e-02
5.393258426966292957e-02
5.381165919282511478e-02
5.381165919282511478e-02
5.381165919282511478e-02
5.381165919282511478e-02
5.381165919282511478e-02
5.369127516778523374e-02
5.369127516778523374e-02
5.369127516778523374e-02
5.369127516778523374e-02
5.369127516778523374e-02
5.357142857142856845e-02
5.357142857142856845e-02
5.357142857142856845e-02
5.357142857142856845e-02
5.357142857142856845e-02
5.345211581291759578e-02
5.345211581291759578e-02
5.345211581291759578e-02
5.345211581291759578e-02
5.345211581291759578e-02
5.333333333333333676e-02
5.333333333333333676e-02
5.333333333333333676e-02
5.333333333333333676e-02
5.333333333333333676e-02
5.321507760532150771e-02
5.321507760532150771e-02
5.321507760532150771e-02
5.321507760532150771e-02
5.321507760532150771e-02
5.309734513274336209e-02
5.309734513274336209e-02
5.309734513274336209e-02
5.309734513274336209e-02
5.309734513274336209e-02
5.298013245033112578e-02
5.298013245033112578e-02
5.298013245033112578e-02
5.298013245033112578e-02
5.298013245033112578e-02
5.286343612334802600e-02
5.286343612334802600e-02
5.286343612334802600e-02
5.286343612334802600e-02
5.286343612334802600e-02
5.274725274725274721e-02
5.274725274725274721e-02
5.274725274725274721e-02
5.274725274725274721e-02
5.274725274725274721e-02
5.263157894736841813e-02
5.263157894736841813e-02
5.263157894736841813e-02
5.263157894736841813e-02
5.263157894736841813e-02
5.251641137855579677e-02
5.251641137855579677e-02
5.251641137855579677e-02
5.251641137855579677e-02
5.251641137855579677e-02
5.240174672489082697e-02
5.240174672489082697e-02
5.240174672489082697e-02
5.240174672489082697e-02
5.240174672489082697e-02
5.228758169934641375e-02
5.228758169934641375e-02
5.228758169934641375e-02
5.228758169934641375e-02
5.228758169934641375e-02
5.217391304347826497e-02
5.217391304347826497e-02
5.217391304347826497e-02
6.521739130434782428e-02
6.521739130434782428e-02
6.507592190889371908e-02
6.507592190889371908e-02
6.507592190889371908e-02
6.507592190889371908e-02
6.507592190889371908e-02
6.493506493506494281e-02
6.493506493506494281e-02
6.493506493506494281e-02
6.493506493506494281e-02
6.493506493506494281e-02
6.479481641468683162e-02
6.479481641468683162e-02
6.479481641468683162e-02
6.479481641468683162e-02
6.479481641468683162e-02
6.465517241379310776e-02
6.465517241379310776e-02
6.465517241379310776e-02
6.465517241379310776e-02
6.465517241379310776e-02
6.451612903225807660e-02
6.451612903225807660e-02
6.451612903225807660e-02
6.451612903225807660e-02
6.451612903225807660e-02
6.437768240343348658e-02
6.437768240343348658e-02
6.437768240343348658e-02
6.437768240343348658e-02
6.437768240343348658e-02
6.423982869379014915e-02
6.423982869379014915e-02
6.423982869379014915e-02
6.423982869379014915e-02
6.423982869379014915e-02
6.410256410256411075e-02
6.410256410256411075e-02
6.410256410256411075e-02
6.410256410256411075e-02
6.410256410256411075e-02
6.396588486140725172e-02
6.396588486140725172e-02
6.396588486140725172e-02
6.396588486140725172e-02
6.396588486140725172e-02
6.382978723404256205e-02
6.382978723404256205e-02
6.382978723404256205e-02
6.382978723404256205e-02
6.382978723404256205e-02
6.369426751592356661e-02
5.095541401273885607e-02
5.095541401273885607e-02
5.095541401273885607e-02
5.095541401273885607e-02
5.084745762711864736e-02
5.084745762711864736e-02
5.084745762711864736e-02
5.084745762711864736e-02
5.084745762711864736e-02
5.073995771670190835e-02
5.073995771670190835e-02
5.073995771670190835e-02
5.073995771670190835e-02
5.073995771670190835e-02
5.063291139240506250e-02
5.063291139240506250e-02
5.063291139240506250e-02
5.063291139240506250e-02
5.063291139240506250e-02
5.052631578947368307e-02
5.052631578947368307e-02
5.052631578947368307e-02
5.052631578947368307e-02
5.052631578947368307e-02
5.042016806722689204e-02
5.042016806722689204e-02
5.042016806722689204e-02
5.042016806722689204e-02
5.042016806722689204e-02
5.031446540880503415e-02
5.031446540880503415e-02
5.031446540880503415e-02
5.031446540880503415e-02
5.031446540880503415e-02
5.020920502092050125e-02
5.020920502092050125e-02
5.020920502092050125e-02
5.020920502092050125e-02
5.020920502092050125e-02
5.010438413361168603e-02
5.010438413361168603e-02
5.010438413361168603e-02
5.010438413361168603e-02
5.010438413361168603e-02
5.000000000000000278e-02
5.000000000000000278e-02
5.000000000000000278e-02
5.000000000000000278e-02
6.250000000000000000e-02
6.237006237006237352e-02
6.237006237006237352e-02
6.237006237006237352e-02
6.237006237006237352e-02
6.237006237006237352e-02
6.224066390041493868e-02
6.224066390041493868e-02
6.224066390041493868e-02
6.224066390041493868e-02
6.224066390041493868e-02
6.211180124223602411e-02
6.211180124223602411e-02
6.211180124223602411e-02
6.211180124223602411e-02
6.211180124223602411e-02
6.198347107438016701e-02
6.198347107438016701e-02
6.198347107438016701e-02
6.198347107438016701e-02
6.198347107438016701e-02
6.185567010309278579e-02
6.185567010309278579e-02
6.185567010309278579e-02
6.185567010309278579e-02
6.185567010309278579e-02
6.172839506172839857e-02
6.172839506172839857e-02
6.172839506172839857e-02
6.172839506172839857e-02
6.172839506172839857e-02
6.160164271047227635e-02
6.160164271047227635e-02
6.160164271047227635e-02
6.160164271047227635e-02
6.160164271047227635e-02
6.147540983606557263e-02
6.147540983606557263e-02
6.147540983606557263e-02
6.147540983606557263e-02
6.147540983606557263e-02
6.134969325153374897e-02
6.134969325153374897e-02
6.134969325153374897e-02
6.134969325153374897e-02
6.134969325153374897e-02
6.122448979591836593e-02
6.122448979591836593e-02
6.122448979591836593e-02
6.122448979591836593e-02
6.122448979591836593e-02
6.109979633401222548e-02
6.109979633401222548e-02
6.109979633401222548e-02
6.109979633401222548e-02
6.109979633401222548e-02
6.097560975609755962e-02
6.097560975609755962e-02
6.097560975609755962e-02
6.097560975609755962e-02
6.097560975609755962e-02
6.085192697768762593e-02
6.085192697768762593e-02
6.085192697768762593e-02
6.085192697768762593e-02
6.085192697768762593e-02
6.072874493927125916e-02
6.072874493927125916e-02
6.072874493927125916e-02
6.072874493927125916e-02
6.072874493927125916e-02
6.060606060606061468e-02
6.060606060606061468e-02
6.060606060606061468e-02
6.060606060606061468e-02
6.060606060606061468e-02
6.048387096774193727e-02
6.048387096774193727e-02
6.048387096774193727e-02
6.048387096774193727e-02
4.838709677419354704e-02
4.828973843058350507e-02
4.828973843058350507e-02
4.828973843058350507e-02
4.828973843058350507e-02
4.828973843058350507e-02
4.819277108433734497e-02
4.819277108433734497e-02
4.819277108433734497e-02
4.819277108433734497e-02
6.024096385542168641e-02
6.012024048096192147e-02
6.012024048096192147e-02
6.012024048096192147e-02
6.012024048096192147e-02
6.012024048096192147e-02
6.000000000000000472e-02
6.000000000000000472e-02
6.000000000000000472e-02
6.000000000000000472e-02
6.000000000000000472e-02
5.988023952095808400e-02
5.988023952095808400e-02
5.988023952095808400e-02
5.988023952095808400e-02
5.988023952095808400e-02
5.976095617529880721e-02
5.976095617529880721e-02
5.976095617529880721e-02
5.976095617529880721e-02
5.976095617529880721e-02
5.964214711729622781e-02
5.964214711729622781e-02
5.964214711729622781e-02
5.964214711729622781e-02
5.964214711729622781e-02
5.952380952380952051e-02
5.952380952380952051e-02
5.952380952380952051e-02
5.952380952380952051e-02
5.952380952380952051e-02
5.940594059405941013e-02
5.940594059405941013e-02
5.940594059405941013e-02
5.940594059405941013e-02
5.940594059405941013e-02
5.928853754940711929e-02
5.928853754940711929e-02
5.928853754940711929e-02
5.928853754940711929e-02
5.928853754940711929e-02
5.917159763313609849e-02
5.917159763313609849e-02
5.917159763313609849e-02
5.917159763313609849e-02
5.917159763313609849e-02
5.905511811023621965e-02
5.905511811023621965e-02
5.905511811023621965e-02
5.905511811023621965e-02
5.905511811023621965e-02
5.893909626719057160e-02
5.893909626719057160e-02
5.893909626719057160e-02
5.893909626719057160e-02
5.893909626719057160e-02
5.882352941176470507e-02
5.882352941176470507e-02
5.882352941176470507e-02
5.882352941176470507e-02
5.882352941176470507e-02
5.870841487279843118e-02
5.870841487279843118e-02
5.870841487279843118e-02
5.870841487279843118e-02
5.870841487279843118e-02
5.859375000000000000e-02
5.859375000000000000e-02
5.859375000000000000e-02
5.859375000000000000e-02
5.859375000000000000e-02
5.847953216374268681e-02
5.847953216374268681e-02
7.017543859649122417e-02
7.017543859649122417e-02
7.017543859649122417e-02
7.003891050583657685e-02
7.003891050583657685e-02
7.003891050583657685e-02
7.003891050583657685e-02
7.003891050583657685e-02
6.990291262135922556e-02
6.990291262135922556e-02
6.990291262135922556e-02
6.990291262135922556e-02
6.990291262135922556e-02
6.976744186046511531e-02
6.976744186046511531e-02
6.976744186046511531e-02
6.976744186046511531e-02
6.976744186046511531e-02
6.963249516441007148e-02
6.963249516441007148e-02
6.963249516441007148e-02
6.963249516441007148e-02
6.963249516441007148e-02
6.949806949806949796e-02
6.949806949806949796e-02
6.949806949806949796e-02
6.949806949806949796e-02
6.949806949806949796e-02
6.936416184971098964e-02
6.936416184971098964e-02
6.936416184971098964e-02
6.936416184971098964e-02
6.936416184971098964e-02
6.923076923076923461e-02
6.923076923076923461e-02
6.923076923076923461e-02
6.923076923076923461e-02
6.923076923076923461e-02
6.909788867562380310e-02
6.909788867562380310e-02
6.909788867562380310e-02
6.909788867562380310e-02
6.909788867562380310e-02
6.896551724137930939e-02
6.896551724137930939e-02
6.896551724137930939e-02
6.896551724137930939e-02
6.896551724137930939e-02
6.883365200764819669e-02
5.736137667304015697e-02
5.736137667304015697e-02
6.883365200764819669e-02
6.883365200764819669e-02
6.870229007633588125e-02
6.870229007633588125e-02
6.870229007633588125e-02
6.870229007633588125e-02
6.870229007633588125e-02
6.857142857142857484e-02
6.857142857142857484e-02
6.857142857142857484e-02
6.857142857142857484e-02
6.857142857142857484e-02
6.844106463878327218e-02
6.844106463878327218e-02
6.844106463878327218e-02
6.844106463878327218e-02
6.844106463878327218e-02
6.831119544592030579e-02
6.831119544592030579e-02
6.831119544592030579e-02
6.831119544592030579e-02
6.831119544592030579e-02
6.818181818181819065e-02
6.818181818181819065e-02
6.818181818181819065e-02
6.818181818181819065e-02
6.818181818181819065e-02
6.805293005671078643e-02
6.805293005671078643e-02
6.805293005671078643e-02
6.805293005671078643e-02
6.805293005671078643e-02
6.792452830188679125e-02
6.792452830188679125e-02
6.792452830188679125e-02
6.792452830188679125e-02
6.792452830188679125e-02
6.779661016949152519e-02
6.779661016949152519e-02
6.779661016949152519e-02
6.779661016949152519e-02
6.779661016949152519e-02
6.766917293233082331e-02
6.766917293233082331e-02
7.894736842105262720e-02
7.894736842105262720e-02
7.894736842105262720e-02
7.879924953095686357e-02
7.879924953095686357e-02
7.879924953095686357e-02
7.879924953095686357e-02
7.879924953095686357e-02
7.865168539325843866e-02
7.865168539325843866e-02
7.865168539325843866e-02
7.865168539325843866e-02
7.865168539325843866e-02
7.850467289719627317e-02
7.850467289719627317e-02
7.850467289719627317e-02
7.850467289719627317e-02
7.850467289719627317e-02
7.835820895522388474e-02
7.835820895522388474e-02
7.835820895522388474e-02
7.835820895522388474e-02
7.835820895522388474e-02
7.821229050279329686e-02
7.821229050279329686e-02
7.821229050279329686e-02
7.821229050279329686e-02
7.821229050279329686e-02
7.806691449814126549e-02
7.806691449814126549e-02
7.806691449814126549e-02
7.806691449814126549e-02
7.806691449814126549e-02
7.792207792207793415e-02
7.792207792207793415e-02
7.792207792207793415e-02
7.792207792207793415e-02
7.792207792207793415e-02
7.777777777777777901e-02
7.777777777777777901e-02
7.777777777777777901e-02
8.888888888888889228e-02
8.888888888888889228e-02
8.872458410351201363e-02
8.872458410351201363e-02
8.872458410351201363e-02
8.872458410351201363e-02
8.872458410351201363e-02
8.856088560885609640e-02
8.856088560885609640e-02
8.856088560885609640e-02
8.856088560885609640e-02
8.856088560885609640e-02
8.839779005524862898e-02
8.839779005524862898e-02
9.944751381215469199e-02
9.944751381215469199e-02
9.944751381215469199e-02
9.926470588235294934e-02
9.926470588235294934e-02
9.926470588235294934e-02
9.926470588235294934e-02
9.926470588235294934e-02
9.908256880733945504e-02
9.908256880733945504e-02
9.908256880733945504e-02
9.908256880733945504e-02
9.908256880733945504e-02
9.890109890109891055e-02
9.890109890109891055e-02
9.890109890109891055e-02
9.890109890109891055e-02
9.890109890109891055e-02
9.872029250457038663e-02
9.872029250457038663e-02
9.872029250457038663e-02
9.872029250457038663e-02
9.872029250457038663e-02
9.854014598540146441e-02
9.854014598540146441e-02
9.854014598540146441e-02
9.854014598540146441e-02
9.854014598540146441e-02
9.836065573770493009e-02
9.836065573770493009e-02
8.743169398907103818e-02
8.743169398907103818e-02
8.743169398907103818e-02
8.727272727272727959e-02
8.727272727272727959e-02
8.727272727272727959e-02
8.727272727272727959e-02
8.727272727272727959e-02
8.711433756805807282e-02
8.711433756805807282e-02
8.711433756805807282e-02
8.711433756805807282e-02
8.711433756805807282e-02
8.695652173913044625e-02
8.695652173913044625e-02
8.695652173913044625e-02
8.695652173913044625e-02
8.695652173913044625e-02
8.679927667269439484e-02
8.679927667269439484e-02
8.679927667269439484e-02
8.679927667269439484e-02
8.679927667269439484e-02
8.664259927797834937e-02
8.664259927797834937e-02
8.664259927797834937e-02
8.664259927797834937e-02
8.664259927797834937e-02
8.648648648648649129e-02
8.648648648648649129e-02
8.648648648648649129e-02
8.648648648648649129e-02
8.648648648648649129e-02
8.633093525179856564e-02
8.633093525179856564e-02
8.633093525179856564e-02
8.633093525179856564e-02
8.633093525179856564e-02
8.617594254937163689e-02
8.617594254937163689e-02
8.617594254937163689e-02
8.617594254937163689e-02
8.617594254937163689e-02
8.602150537634409289e-02
8.602150537634409289e-02
8.602150537634409289e-02
8.602150537634409289e-02
8.602150537634409289e-02
8.586762075134168892e-02
8.586762075134168892e-02
8.586762075134168892e-02
8.586762075134168892e-02
8.586762075134168892e-02
8.571428571428571508e-02
8.571428571428571508e-02
8.571428571428571508e-02
8.571428571428571508e-02
8.571428571428571508e-02
8.556149732620320358e-02
8.556149732620320358e-02
8.556149732620320358e-02
8.556149732620320358e-02
8.556149732620320358e-02
8.540925266903914848e-02
8.540925266903914848e-02
8.540925266903914848e-02
8.540925266903914848e-02
8.540925266903914848e-02
8.525754884547069590e-02
8.525754884547069590e-02
8.525754884547069590e-02
8.525754884547069590e-02
8.525754884547069590e-02
8.510638297872340219e-02
8.510638297872340219e-02
8.510638297872340219e-02
8.510638297872340219e-02
8.510638297872340219e-02
8.495575221238937935e-02
8.495575221238937935e-02
8.495575221238937935e-02
8.495575221238937935e-02
8.495575221238937935e-02
8.480565371024735566e-02
8.480565371024735566e-02
8.480565371024735566e-02
8.480565371024735566e-02
8.480565371024735566e-02
8.465608465608465139e-02
8.465608465608465139e-02
8.465608465608465139e-02
8.465608465608465139e-02
8.465608465608465139e-02
8.450704225352113907e-02
8.450704225352113907e-02
8.450704225352113907e-02
8.450704225352113907e-02
8.450704225352113907e-02
8.435852372583479974e-02
8.435852372583479974e-02
8.435852372583479974e-02
8.435852372583479974e-02
8.435852372583479974e-02
8.421052631578948566e-02
8.421052631578948566e-02
8.421052631578948566e-02
8.421052631578948566e-02
8.421052631578948566e-02
8.406304728546409866e-02
8.406304728546409866e-02
8.406304728546409866e-02
8.406304728546409866e-02
8.406304728546409866e-02
8.391608391608391948e-02
8.391608391608391948e-02
8.391608391608391948e-02
8.391608391608391948e-02
8.391608391608391948e-02
8.376963350785340823e-02
8.376963350785340823e-02
8.376963350785340823e-02
8.376963350785340823e-02
8.376963350785340823e-02
8.362369337979094763e-02
8.362369337979094763e-02
8.362369337979094763e-02
8.362369337979094763e-02
8.362369337979094763e-02
8.347826086956522396e-02
8.347826086956522396e-02
8.347826086956522396e-02
7.304347826086957096e-02
7.304347826086957096e-02
7.291666666666667129e-02
7.291666666666667129e-02
7.291666666666667129e-02
7.291666666666667129e-02
7.291666666666667129e-02
7.279029462738302592e-02
7.279029462738302592e-02
7.279029462738302592e-02
7.279029462738302592e-02
7.279029462738302592e-02
7.266435986159169858e-02
7.266435986159169858e-02
7.266435986159169858e-02
7.266435986159169858e-02
7.266435986159169858e-02
7.253886010362695091e-02
7.253886010362695091e-02
7.253886010362695091e-02
7.253886010362695091e-02
7.253886010362695091e-02
7.241379310344828180e-02
7.241379310344828180e-02
7.241379310344828180e-02
7.241379310344828180e-02
7.241379310344828180e-02
7.228915662650603480e-02
7.228915662650603480e-02
7.228915662650603480e-02
7.228915662650603480e-02
7.228915662650603480e-02
7.216494845360825472e-02
7.216494845360825472e-02
7.216494845360825472e-02
7.216494845360825472e-02
7.216494845360825472e-02
7.204116638078902901e-02
7.204116638078902901e-02
7.204116638078902901e-02
7.204116638078902901e-02
7.204116638078902901e-02
7.191780821917807820e-02
7.191780821917807820e-02
7.191780821917807820e-02
7.191780821917807820e-02
7.191780821917807820e-02
7.179487179487180348e-02
7.179487179487180348e-02
7.179487179487180348e-02
7.179487179487180348e-02
7.179487179487180348e-02
7.167235494880547231e-02
7.167235494880547231e-02
7.167235494880547231e-02
7.167235494880547231e-02
7.167235494880547231e-02
7.155025553662693050e-02
7.155025553662693050e-02
7.155025553662693050e-02
7.155025553662693050e-02
7.155025553662693050e-02
7.142857142857142461e-02
7.142857142857142461e-02
7.142857142857142461e-02
7.142857142857142461e-02
7.142857142857142461e-02
7.130730050933786757e-02
7.130730050933786757e-02
7.130730050933786757e-02
7.130730050933786757e-02
7.130730050933786757e-02
7.118644067796610353e-02
7.118644067796610353e-02
7.118644067796610353e-02
7.118644067796610353e-02
7.118644067796610353e-02
7.106598984771574090e-02
7.106598984771574090e-02
7.106598984771574090e-02
7.106598984771574090e-02
7.106598984771574090e-02
7.094594594594595682e-02
7.094594594594595682e-02
7.094594594594595682e-02
7.094594594594595682e-02
7.094594594594595682e-02
7.082630691399663392e-02
7.082630691399663392e-02
7.082630691399663392e-02
7.082630691399663392e-02
7.082630691399663392e-02
7.070707070707071829e-02
7.070707070707071829e-02
7.070707070707071829e-02
7.070707070707071829e-02
7.070707070707071829e-02
7.058823529411764608e-02
7.058823529411764608e-02
7.058823529411764608e-02
7.058823529411764608e-02
7.058823529411764608e-02
7.046979865771813012e-02
7.046979865771813012e-02
7.046979865771813012e-02
7.046979865771813012e-02
7.046979865771813012e-02
7.035175879396984855e-02
7.035175879396984855e-02
7.035175879396984855e-02
7.035175879396984855e-02
7.035175879396984855e-02
7.023411371237457679e-02
7.023411371237457679e-02
7.023411371237457679e-02
7.023411371237457679e-02
7.023411371237457679e-02
7.011686143572622154e-02
7.011686143572622154e-02
7.011686143572622154e-02
7.011686143572622154e-02
7.011686143572622154e-02
