3.543446244477172602e+00
3.481910274963820662e+00
3.422475106685633151e+00
3.355648535564853319e+00
3.299589603283173744e+00
3.225201072386059131e+00
3.153342070773263561e+00
3.078431372549019329e+00
3.000000000000000000e+00
2.927007299270073304e+00
2.847337278106508940e+00
2.762342135476464122e+00
2.670366259711431933e+00
2.563380281690140983e+00
2.482758620689655249e+00
2.370572207084468808e+00
2.270270270270270618e+00
2.135593220338983134e+00
2.011764705882352899e+00
1.877300613496932780e+00
1.719745222929936368e+00
1.549668874172185351e+00
1.324137931034482740e+00
1.114285714285714324e+00
8.444444444444445530e-01
5.076923076923077760e-01
-7.619047619047618625e-01
-7.377049180327869271e-01
-7.627118644067796271e-01
-7.368421052631578538e-01
-7.567567567567566877e-01
-7.289719626168225108e-01
-7.500000000000000000e-01
-7.128712871287128383e-01
-7.959183673469388820e-01
-7.578947368421052877e-01
-7.173913043478261642e-01
-8.000000000000000444e-01
-7.586206896551724865e-01
-7.764705882352942456e-01
-7.317073170731707155e-01
-7.500000000000000000e-01
-7.792207792207791472e-01
-8.000000000000000444e-01
-7.397260273972602329e-01
-7.605633802816901268e-01
-7.826086956521739468e-01
-7.272727272727272929e-01
-7.500000000000000000e-01
-7.741935483870967527e-01
