2.339476236663433628e+00
2.332688588007737263e+00
2.328185328185328196e+00
2.323699421965317757e+00
2.319230769230769429e+00
2.314779270633397612e+00
2.310344827586206851e+00
2.305927342256214096e+00
2.301526717557252244e+00
2.294957183634633857e+00
2.290598290598290898e+00
2.286255924170616183e+00
2.281929990539262487e+00
2.275471698113207708e+00
2.271186440677966267e+00
2.266917293233082997e+00
2.262664165103189351e+00
2.256314312441534575e+00
2.252100840336134446e+00
2.247903075489282809e+00
2.241635687732342230e+00
2.237476808905380476e+00
2.231267345050879314e+00
2.227146814404432185e+00
2.223041474654377847e+00
2.222426470588235503e+00
2.212844036697247940e+00
2.212259835315645073e+00
2.202739726027397538e+00
2.196721311475410054e+00
2.192727272727272858e+00
2.192203082502266476e+00
2.186256781193490095e+00
2.182310469314079793e+00
2.176417641764176292e+00
2.170556552962298102e+00
2.166666666666666963e+00
2.155495978552278924e+00
2.155080213903743491e+00
2.151245551601423500e+00
2.145519077196095914e+00
2.139823008849557784e+00
2.134157105030891621e+00
2.132158590308370183e+00
2.125915080527086776e+00
2.119708029197080457e+00
2.117154811715481255e+00
2.106631989596879251e+00
2.104089219330855354e+00
2.095693779904306275e+00
