1.978256018333572592e-131
1.082260262854391320e-128
7.092907105224308793e-126
5.601364819126821322e-123
5.262148448063588120e-120
6.285471900246427921e-117
9.260221518342811893e-114
1.733483469277897742e-110
4.173141780606378180e-107
1.360251902433405395e-103
5.988942881955925840e-100
3.700874434238016465e-96
3.347402713225679531e-92
4.644351397128683277e-88
1.042975211853764037e-83
4.038754651046025306e-79
3.008506326726112810e-74
4.667064496786470325e-69
1.792349003175829201e-63
2.115195579252943993e-57
2.599734375379036300e-53
4.614563262032687776e-55
5.437979279738123471e-57
4.695222152095998681e-59
-1.000000000000000000e+00
-1.000000000000000000e+00
-1.000000000000000000e+00
-1.000000000000000000e+00
-1.000000000000000000e+00
-1.000000000000000000e+00
-1.000000000000000000e+00
-1.000000000000000000e+00
-1.000000000000000000e+00
-1.000000000000000000e+00
-1.000000000000000000e+00
-1.000000000000000000e+00
-1.000000000000000000e+00
-1.000000000000000000e+00
-1.000000000000000000e+00
-1.000000000000000000e+00
-1.000000000000000000e+00
-1.000000000000000000e+00
-1.000000000000000000e+00
-1.000000000000000000e+00
-1.000000000000000000e+00
-1.000000000000000000e+00
-1.000000000000000000e+00
-1.000000000000000000e+00
-1.000000000000000000e+00
-1.000000000000000000e+00
