1.814453613403350873e+00
1.798449612403100861e+00
1.783445861465366322e+00
1.768442110527632005e+00
1.752438109527381771e+00
1.735433858464616064e+00
1.720430107526881747e+00
1.704426106526631957e+00
1.686421605401350332e+00
1.671417854463616015e+00
1.654413603400850530e+00
1.637409352338084600e+00
1.619404851212803420e+00
1.602400600150037491e+00
1.584396099024756310e+00
1.567391847961990825e+00
1.549387346836709201e+00
1.530382595648912547e+00
1.512378094523630923e+00
1.493373343335833825e+00
1.474368592148036949e+00
1.456364091022755547e+00
1.436359089772443198e+00
1.416354088522130628e+00
1.396349087271818057e+00
1.376344086021505486e+00
1.355338834708677220e+00
1.335333833458364650e+00
1.313328332083020689e+00
1.291322830707676950e+00
1.269317329332332989e+00
1.246311577894473555e+00
1.223305826456614120e+00
1.200300075018754686e+00
1.176294073518379557e+00
1.152288072018004428e+00
1.127281820455113825e+00
1.102275568892223001e+00
1.076269067266816704e+00
1.049262315578894711e+00
1.022255563890972718e+00
9.942485621405351415e-01
9.672418104526131488e-01
9.382345586396598769e-01
9.102275568892223001e-01
8.822205551387847233e-01
8.552138034508627307e-01
8.282070517629408490e-01
8.022005501375343295e-01
7.781945486371594223e-01
