1.819454863715929127e+00
1.815453863465866791e+00
1.811452863215804010e+00
1.807451862965741451e+00
1.802450612653163198e+00
1.797449362340585166e+00
1.794448612153038303e+00
1.789447361840460049e+00
1.785446361590397490e+00
1.780445111277819681e+00
1.776444111027756900e+00
1.771442860715178869e+00
1.767441860465116532e+00
1.763440860215053752e+00
1.758439609902475720e+00
1.753438359589897466e+00
1.749437359339834908e+00
1.745436359089772571e+00
1.740435108777194317e+00
1.736434108527131759e+00
1.731432858214553727e+00
1.727431857964491169e+00
1.722430607651912915e+00
1.717429357339335105e+00
1.713428357089272325e+00
1.709427356839209766e+00
1.704426106526631957e+00
1.699424856214053481e+00
1.695423855963991144e+00
1.690422605651412891e+00
1.685421355338834637e+00
1.680420105026256827e+00
1.676419104776194047e+00
1.672418104526131488e+00
1.666416604151037761e+00
1.662415603900975203e+00
1.657414353588397171e+00
1.652413103275818917e+00
1.648412103025756359e+00
1.643410852713178549e+00
1.638409602400600074e+00
1.633408352088022042e+00
1.628407101775443788e+00
1.624406101525381452e+00
1.619404851212803420e+00
1.613403350837709471e+00
1.609402350587646913e+00
1.604401100275068659e+00
1.599399849962490627e+00
1.594398599649912374e+00
