1.822455613903475768e+00
1.821455363840960295e+00
1.821455363840960295e+00
1.820455113778444600e+00
1.820455113778444600e+00
1.820455113778444600e+00
1.819454863715929127e+00
1.819454863715929127e+00
1.818454613653413432e+00
1.818454613653413432e+00
1.817454363590897959e+00
1.817454363590897959e+00
1.816454113528382042e+00
1.816454113528382042e+00
1.816454113528382042e+00
1.815453863465866791e+00
1.815453863465866791e+00
1.814453613403350873e+00
1.814453613403350873e+00
1.814453613403350873e+00
1.814453613403350873e+00
1.813453363340835178e+00
1.813453363340835178e+00
1.813453363340835178e+00
1.812453113278319483e+00
1.812453113278319483e+00
1.811452863215804010e+00
1.811452863215804010e+00
1.810452613153288315e+00
1.810452613153288315e+00
1.810452613153288315e+00
1.809452363090772620e+00
1.809452363090772620e+00
1.808452113028257147e+00
1.808452113028257147e+00
1.807451862965741451e+00
1.807451862965741451e+00
1.807451862965741451e+00
1.806451612903225978e+00
1.806451612903225978e+00
1.805451362840710283e+00
1.805451362840710283e+00
1.805451362840710283e+00
1.805451362840710283e+00
1.804451112778194810e+00
1.804451112778194810e+00
1.804451112778194810e+00
1.803450862715678893e+00
1.803450862715678893e+00
1.802450612653163198e+00
