1.808452113028257147e+00
1.780445111277819681e+00
1.753438359589897466e+00
1.725431357839459778e+00
1.695423855963991144e+00
1.666416604151037761e+00
1.636409102275568905e+00
1.606401600400100271e+00
1.575393848462115498e+00
1.544386096524130947e+00
1.511377844461115227e+00
1.478369592398099508e+00
1.443360840210052398e+00
1.408352088022005288e+00
1.372343085771442928e+00
1.336334083520879901e+00
1.298324581145286372e+00
1.259314828707176703e+00
1.218304576144036089e+00
1.176294073518379557e+00
1.133283320830207552e+00
1.087271817954488684e+00
1.041260315078769594e+00
9.902475618904726939e-01
9.382345586396598769e-01
8.832208052013003075e-01
8.242060515128781795e-01
7.611902975743936040e-01
6.921730432608150796e-01
6.198749131341209084e-01
5.508771929824561875e-01
4.851612903225806517e-01
4.281345565749235527e-01
3.680920230057514453e-01
3.120780195048762362e-01
2.570642660665166113e-01
1.990497624406101507e-01
1.390347586896724108e-01
-9.782445611402851293e-01
-1.017254313578394687e+00
-1.074268567141785535e+00
-1.885471367841960566e+00
-1.885471367841960566e+00
-1.885471367841960566e+00
-1.885471367841960566e+00
-1.885471367841960566e+00
-1.885471367841960566e+00
-1.885471367841960566e+00
-1.885471367841960566e+00
-1.885471367841960566e+00
