-4.500000000000000000e+00
-6.000000000000000000e+00
-4.500000000000000000e+00
-4.500000000000000000e+00
-4.500000000000000000e+00
-4.800000000000000711e+00
-4.800000000000000711e+00
-4.800000000000000711e+00
-4.800000000000000711e+00
-4.800000000000000711e+00
-5.000000000000000888e+00
-5.000000000000000888e+00
-4.000000000000000000e+00
-5.000000000000000888e+00
-5.000000000000000888e+00
-5.142857142857143238e+00
-5.142857142857143238e+00
-4.285714285714286476e+00
-4.285714285714286476e+00
-5.142857142857143238e+00
-5.250000000000000000e+00
-5.250000000000000000e+00
-5.250000000000000000e+00
-4.500000000000000000e+00
-4.500000000000000000e+00
-4.666666666666666963e+00
-5.333333333333333037e+00
-5.333333333333333037e+00
-4.666666666666666963e+00
-4.666666666666666963e+00
-4.800000000000000711e+00
-4.800000000000000711e+00
-4.800000000000000711e+00
-4.800000000000000711e+00
-4.800000000000000711e+00
-4.909090909090910060e+00
-4.909090909090910060e+00
-4.909090909090910060e+00
-4.363636363636364202e+00
-4.909090909090910060e+00
-5.000000000000000888e+00
-5.000000000000000888e+00
-5.000000000000000888e+00
-4.500000000000000000e+00
-4.500000000000000000e+00
-4.615384615384615863e+00
-5.076923076923077538e+00
-5.076923076923077538e+00
-5.076923076923077538e+00
-4.615384615384615863e+00
-4.714285714285714413e+00
-4.714285714285714413e+00
-5.142857142857143238e+00
-5.142857142857143238e+00
-4.714285714285714413e+00
-4.800000000000000711e+00
-4.800000000000000711e+00
-4.800000000000000711e+00
-5.200000000000000178e+00
-4.800000000000000711e+00
-4.875000000000000000e+00
-4.875000000000000000e+00
-4.875000000000000000e+00
-4.875000000000000000e+00
-4.875000000000000000e+00
-4.588235294117646745e+00
-4.941176470588235503e+00
-4.941176470588235503e+00
-4.941176470588235503e+00
-4.941176470588235503e+00
-4.666666666666666963e+00
-4.666666666666666963e+00
-5.000000000000000888e+00
-5.000000000000000888e+00
-5.000000000000000888e+00
-5.052631578947368141e+00
-4.736842105263158409e+00
-4.736842105263158409e+00
-5.052631578947368141e+00
-5.052631578947368141e+00
-5.100000000000000533e+00
-4.800000000000000711e+00
-4.800000000000000711e+00
-4.800000000000000711e+00
-4.800000000000000711e+00
-4.857142857142857650e+00
-5.142857142857143238e+00
-4.857142857142857650e+00
-4.857142857142857650e+00
-4.857142857142857650e+00
-4.909090909090910060e+00
-4.909090909090910060e+00
-4.909090909090910060e+00
-4.909090909090910060e+00
-4.909090909090910060e+00
-4.956521739130435478e+00
-4.956521739130435478e+00
-4.956521739130435478e+00
-4.695652173913043903e+00
-4.956521739130435478e+00
-5.000000000000000888e+00
-5.000000000000000888e+00
-5.000000000000000888e+00
-4.750000000000000000e+00
-4.750000000000000000e+00
-4.800000000000000711e+00
-5.040000000000000036e+00
-5.040000000000000036e+00
-5.040000000000000036e+00
-4.800000000000000711e+00
-4.846153846153846700e+00
-4.846153846153846700e+00
-4.846153846153846700e+00
-5.076923076923077538e+00
-5.076923076923077538e+00
-4.888888888888889284e+00
-4.888888888888889284e+00
-4.888888888888889284e+00
-4.888888888888889284e+00
-5.111111111111111605e+00
-4.928571428571428825e+00
-4.928571428571428825e+00
-4.928571428571428825e+00
-4.928571428571428825e+00
-4.928571428571428825e+00
-4.965517241379310498e+00
-4.758620689655172598e+00
-4.965517241379310498e+00
-4.965517241379310498e+00
-4.965517241379310498e+00
-5.000000000000000888e+00
-5.000000000000000888e+00
-4.800000000000000711e+00
-5.000000000000000888e+00
-5.000000000000000888e+00
-5.032258064516129892e+00
-5.032258064516129892e+00
-5.032258064516129892e+00
-4.838709677419354982e+00
-4.838709677419354982e+00
-4.875000000000000000e+00
-5.062500000000000000e+00
-5.062500000000000000e+00
-4.875000000000000000e+00
-4.875000000000000000e+00
-4.909090909090910060e+00
-4.909090909090910060e+00
-4.909090909090910060e+00
-5.090909090909091717e+00
-4.909090909090910060e+00
-4.941176470588235503e+00
-4.941176470588235503e+00
-4.941176470588235503e+00
-4.941176470588235503e+00
-5.117647058823529882e+00
-4.971428571428572418e+00
-4.971428571428572418e+00
-4.971428571428572418e+00
-4.971428571428572418e+00
-4.971428571428572418e+00
-5.000000000000000888e+00
-4.833333333333333925e+00
-5.000000000000000888e+00
-5.000000000000000888e+00
-5.000000000000000888e+00
-5.027027027027027195e+00
-4.864864864864865801e+00
-4.864864864864865801e+00
-4.864864864864865801e+00
-5.027027027027027195e+00
-5.052631578947368141e+00
-5.052631578947368141e+00
-4.894736842105263719e+00
-4.894736842105263719e+00
-4.894736842105263719e+00
-4.923076923076923350e+00
-4.923076923076923350e+00
-5.076923076923077538e+00
-4.923076923076923350e+00
-4.923076923076923350e+00
-4.950000000000000178e+00
-4.950000000000000178e+00
-4.950000000000000178e+00
-5.100000000000000533e+00
-4.950000000000000178e+00
-4.975609756097560954e+00
-4.975609756097560954e+00
-4.975609756097560954e+00
-4.975609756097560954e+00
-4.975609756097560954e+00
-4.857142857142857650e+00
-5.000000000000000888e+00
-5.000000000000000888e+00
-5.000000000000000888e+00
-5.000000000000000888e+00
-5.023255813953489302e+00
-4.883720930232558821e+00
-4.883720930232558821e+00
-5.023255813953489302e+00
-5.023255813953489302e+00
-5.045454545454545858e+00
-5.045454545454545858e+00
-4.909090909090910060e+00
-4.909090909090910060e+00
-4.909090909090910060e+00
-4.933333333333333570e+00
-5.066666666666667318e+00
-5.066666666666667318e+00
-4.933333333333333570e+00
-4.933333333333333570e+00
-4.956521739130435478e+00
-4.956521739130435478e+00
-5.086956521739130821e+00
-5.086956521739130821e+00
-4.956521739130435478e+00
-4.978723404255319451e+00
-4.978723404255319451e+00
-4.978723404255319451e+00
-4.978723404255319451e+00
-5.106382978723404520e+00
-5.000000000000000888e+00
-5.000000000000000888e+00
-5.000000000000000888e+00
-5.000000000000000888e+00
-5.000000000000000888e+00
-5.020408163265306811e+00
-4.897959183673469497e+00
-5.020408163265306811e+00
-5.020408163265306811e+00
-5.020408163265306811e+00
-5.040000000000000036e+00
-5.040000000000000036e+00
-4.919999999999999929e+00
-4.919999999999999929e+00
-5.040000000000000036e+00
-5.058823529411765385e+00
-5.058823529411765385e+00
-5.058823529411765385e+00
-4.941176470588235503e+00
-4.941176470588235503e+00
-4.961538461538461675e+00
-4.961538461538461675e+00
-5.076923076923077538e+00
-5.076923076923077538e+00
-4.961538461538461675e+00
-4.981132075471698784e+00
-4.981132075471698784e+00
-4.981132075471698784e+00
-4.981132075471698784e+00
-5.094339622641509635e+00
-5.000000000000000888e+00
-5.000000000000000888e+00
-5.000000000000000888e+00
-5.000000000000000888e+00
-5.000000000000000888e+00
-5.018181818181818521e+00
-4.909090909090910060e+00
-5.018181818181818521e+00
-5.018181818181818521e+00
-5.018181818181818521e+00
-5.035714285714286476e+00
-5.035714285714286476e+00
-4.928571428571428825e+00
-4.928571428571428825e+00
-5.035714285714286476e+00
-5.052631578947368141e+00
-5.052631578947368141e+00
-5.052631578947368141e+00
-4.947368421052631859e+00
-4.947368421052631859e+00
-4.965517241379310498e+00
-4.965517241379310498e+00
-5.068965517241379892e+00
-5.068965517241379892e+00
-4.965517241379310498e+00
-4.983050847457627164e+00
-4.983050847457627164e+00
-4.983050847457627164e+00
-4.983050847457627164e+00
-5.084745762711864181e+00
-5.000000000000000888e+00
-5.000000000000000888e+00
-5.000000000000000888e+00
-5.000000000000000888e+00
-5.000000000000000888e+00
-5.016393442622951504e+00
-4.918032786885246033e+00
-5.016393442622951504e+00
-5.016393442622951504e+00
-5.016393442622951504e+00
-5.032258064516129892e+00
-5.032258064516129892e+00
-4.935483870967742881e+00
-4.935483870967742881e+00
-5.032258064516129892e+00
-5.047619047619048338e+00
-5.047619047619048338e+00
-5.047619047619048338e+00
-4.952380952380952550e+00
-4.952380952380952550e+00
-4.968750000000000000e+00
-4.968750000000000000e+00
-5.062500000000000000e+00
-5.062500000000000000e+00
-4.968750000000000000e+00
-4.984615384615385558e+00
-4.984615384615385558e+00
-4.984615384615385558e+00
-4.984615384615385558e+00
-5.076923076923077538e+00
-5.000000000000000888e+00
-5.000000000000000888e+00
-5.000000000000000888e+00
-5.000000000000000888e+00
-5.000000000000000888e+00
-5.014925373134328623e+00
-4.925373134328358660e+00
-5.014925373134328623e+00
-5.014925373134328623e+00
-5.014925373134328623e+00
-5.029411764705883137e+00
-5.029411764705883137e+00
-4.941176470588235503e+00
-4.941176470588235503e+00
-5.029411764705883137e+00
-5.043478260869565410e+00
-5.043478260869565410e+00
-5.043478260869565410e+00
-5.043478260869565410e+00
-4.956521739130435478e+00
-4.971428571428572418e+00
-4.971428571428572418e+00
-5.057142857142857828e+00
-5.057142857142857828e+00
-5.057142857142857828e+00
-4.985915492957746942e+00
-4.985915492957746942e+00
-4.985915492957746942e+00
-4.985915492957746942e+00
-5.070422535211267956e+00
-5.083333333333333925e+00
-5.000000000000000888e+00
-5.000000000000000888e+00
-5.000000000000000888e+00
-5.000000000000000888e+00
-5.013698630136986800e+00
-5.013698630136986800e+00
-5.013698630136986800e+00
-5.013698630136986800e+00
-5.013698630136986800e+00
-5.027027027027027195e+00
-5.027027027027027195e+00
-5.027027027027027195e+00
-4.945945945945946498e+00
-5.027027027027027195e+00
-5.040000000000000036e+00
-5.040000000000000036e+00
-5.040000000000000036e+00
-5.040000000000000036e+00
-4.959999999999999964e+00
-4.973684210526315930e+00
-4.973684210526315930e+00
-5.052631578947368141e+00
-5.052631578947368141e+00
-5.052631578947368141e+00
-5.064935064935064624e+00
-4.987012987012987786e+00
-4.987012987012987786e+00
-4.987012987012987786e+00
-5.064935064935064624e+00
-5.076923076923077538e+00
-5.076923076923077538e+00
-5.000000000000000888e+00
-5.000000000000000888e+00
-5.000000000000000888e+00
-5.012658227848101333e+00
-5.012658227848101333e+00
-5.088607594936709333e+00
-5.012658227848101333e+00
-5.012658227848101333e+00
-5.025000000000000355e+00
-5.025000000000000355e+00
-5.025000000000000355e+00
-5.025000000000000355e+00
-5.025000000000000355e+00
-5.037037037037037202e+00
-5.037037037037037202e+00
-5.037037037037037202e+00
-5.037037037037037202e+00
-5.037037037037037202e+00
-4.975609756097560954e+00
-4.975609756097560954e+00
-5.048780487804878092e+00
-5.048780487804878092e+00
-5.048780487804878092e+00
-5.060240963855422436e+00
-5.060240963855422436e+00
-4.987951807228916401e+00
-4.987951807228916401e+00
-5.060240963855422436e+00
-5.071428571428572063e+00
-5.071428571428572063e+00
-5.071428571428572063e+00
-5.000000000000000888e+00
-5.000000000000000888e+00
-5.011764705882353788e+00
-5.011764705882353788e+00
-5.082352941176471184e+00
-5.082352941176471184e+00
-5.011764705882353788e+00
-5.023255813953489302e+00
-5.023255813953489302e+00
-5.023255813953489302e+00
-5.023255813953489302e+00
-5.023255813953489302e+00
-4.965517241379310498e+00
-5.034482758620689502e+00
-5.034482758620689502e+00
-5.034482758620689502e+00
-5.034482758620689502e+00
-5.045454545454545858e+00
-4.977272727272727515e+00
-4.977272727272727515e+00
-5.045454545454545858e+00
-5.045454545454545858e+00
-5.056179775280899236e+00
-5.056179775280899236e+00
-5.056179775280899236e+00
-4.988764044943820863e+00
-4.988764044943820863e+00
-5.000000000000000888e+00
-5.066666666666667318e+00
-5.066666666666667318e+00
-5.066666666666667318e+00
-5.000000000000000888e+00
-5.010989010989011838e+00
-5.010989010989011838e+00
-5.010989010989011838e+00
-5.076923076923077538e+00
-5.076923076923077538e+00
-5.021739130434783149e+00
-5.021739130434783149e+00
-5.021739130434783149e+00
-5.021739130434783149e+00
-5.021739130434783149e+00
-5.032258064516129892e+00
-5.032258064516129892e+00
-5.032258064516129892e+00
-5.032258064516129892e+00
-5.032258064516129892e+00
-5.042553191489361986e+00
-5.042553191489361986e+00
-5.042553191489361986e+00
-5.042553191489361986e+00
-5.042553191489361986e+00
-5.052631578947368141e+00
-5.052631578947368141e+00
-5.052631578947368141e+00
-5.052631578947368141e+00
-4.989473684210526727e+00
-5.000000000000000888e+00
-5.000000000000000888e+00
-5.062500000000000000e+00
-5.062500000000000000e+00
-5.062500000000000000e+00
-5.010309278350516315e+00
-5.010309278350516315e+00
-5.010309278350516315e+00
-5.010309278350516315e+00
-5.072164948453608879e+00
-5.081632653061225469e+00
-5.020408163265306811e+00
-5.020408163265306811e+00
-5.020408163265306811e+00
-5.020408163265306811e+00
-5.030303030303030276e+00
-5.030303030303030276e+00
-5.090909090909091717e+00
-5.030303030303030276e+00
-5.030303030303030276e+00
-5.040000000000000036e+00
-5.040000000000000036e+00
-5.040000000000000036e+00
-5.040000000000000036e+00
-5.040000000000000036e+00
-5.049504950495049549e+00
-5.049504950495049549e+00
-5.049504950495049549e+00
-5.049504950495049549e+00
-5.049504950495049549e+00
-5.000000000000000888e+00
-5.000000000000000888e+00
-5.058823529411765385e+00
-5.058823529411765385e+00
-5.058823529411765385e+00
-5.067961165048544103e+00
-5.067961165048544103e+00
-5.009708737864078110e+00
-5.009708737864078110e+00
-5.009708737864078110e+00
-5.019230769230770051e+00
-5.076923076923077538e+00
-5.076923076923077538e+00
-5.019230769230770051e+00
-5.019230769230770051e+00
-5.028571428571429358e+00
-5.028571428571429358e+00
-5.028571428571429358e+00
-5.085714285714286298e+00
-5.028571428571429358e+00
-5.037735849056604209e+00
-5.037735849056604209e+00
-5.037735849056604209e+00
-5.037735849056604209e+00
-5.037735849056604209e+00
-4.990654205607476968e+00
-5.046728971962616939e+00
-5.046728971962616939e+00
-5.046728971962616939e+00
-5.046728971962616939e+00
-5.055555555555555358e+00
-5.055555555555555358e+00
-5.000000000000000888e+00
-5.055555555555555358e+00
-5.055555555555555358e+00
-5.064220183486239257e+00
-5.064220183486239257e+00
-5.064220183486239257e+00
-5.009174311926606116e+00
-5.009174311926606116e+00
-5.018181818181818521e+00
-5.072727272727273196e+00
-5.072727272727273196e+00
-5.072727272727273196e+00
-5.018181818181818521e+00
-5.027027027027027195e+00
-5.027027027027027195e+00
-5.027027027027027195e+00
-5.027027027027027195e+00
-5.081081081081081585e+00
-5.089285714285714413e+00
-5.035714285714286476e+00
-5.035714285714286476e+00
-5.035714285714286476e+00
-5.035714285714286476e+00
-5.044247787610619760e+00
-5.044247787610619760e+00
-5.044247787610619760e+00
-5.044247787610619760e+00
-5.044247787610619760e+00
-5.052631578947368141e+00
-5.052631578947368141e+00
-5.052631578947368141e+00
-5.000000000000000888e+00
-5.052631578947368141e+00
-5.060869565217391397e+00
-5.060869565217391397e+00
-5.060869565217391397e+00
-5.060869565217391397e+00
-5.060869565217391397e+00
-5.017241379310345195e+00
-5.017241379310345195e+00
-5.068965517241379892e+00
-5.068965517241379892e+00
-5.068965517241379892e+00
-5.076923076923077538e+00
-5.025641025641026438e+00
-5.025641025641026438e+00
-5.025641025641026438e+00
-5.025641025641026438e+00
-5.033898305084745672e+00
-5.084745762711864181e+00
-5.033898305084745672e+00
-5.033898305084745672e+00
-5.033898305084745672e+00
-5.042016806722689815e+00
-5.042016806722689815e+00
-5.042016806722689815e+00
-5.092436974789916526e+00
-5.042016806722689815e+00
-5.050000000000000711e+00
-5.050000000000000711e+00
-5.050000000000000711e+00
-5.050000000000000711e+00
-5.050000000000000711e+00
-5.008264462809917994e+00
-5.057851239669421517e+00
-5.057851239669421517e+00
-5.057851239669421517e+00
-5.057851239669421517e+00
-5.065573770491804240e+00
-5.016393442622951504e+00
-5.016393442622951504e+00
-5.065573770491804240e+00
-5.065573770491804240e+00
-5.073170731707318026e+00
-5.073170731707318026e+00
-5.073170731707318026e+00
-5.024390243902439046e+00
-5.024390243902439046e+00
-5.032258064516129892e+00
-5.032258064516129892e+00
-5.080645161290322953e+00
-5.080645161290322953e+00
-5.032258064516129892e+00
-5.040000000000000036e+00
-5.040000000000000036e+00
-5.040000000000000036e+00
-5.040000000000000036e+00
-5.088000000000000078e+00
-5.047619047619048338e+00
-5.047619047619048338e+00
-5.047619047619048338e+00
-5.047619047619048338e+00
-5.047619047619048338e+00
-5.055118110236220375e+00
-5.055118110236220375e+00
-5.055118110236220375e+00
-5.055118110236220375e+00
-5.055118110236220375e+00
-5.062500000000000000e+00
-5.062500000000000000e+00
-5.062500000000000000e+00
-5.015625000000000000e+00
-5.015625000000000000e+00
-5.023255813953489302e+00
-5.069767441860465240e+00
-5.069767441860465240e+00
-5.069767441860465240e+00
-5.069767441860465240e+00
-5.030769230769231548e+00
-5.030769230769231548e+00
-5.030769230769231548e+00
-5.076923076923077538e+00
-5.076923076923077538e+00
-5.083969465648855213e+00
-5.038167938931297662e+00
-5.038167938931297662e+00
-5.038167938931297662e+00
-5.038167938931297662e+00
-5.045454545454545858e+00
-5.090909090909091717e+00
-5.045454545454545858e+00
-5.045454545454545858e+00
-5.045454545454545858e+00
-5.052631578947368141e+00
-5.052631578947368141e+00
-5.052631578947368141e+00
-5.097744360902256133e+00
-5.052631578947368141e+00
-5.059701492537313605e+00
-5.059701492537313605e+00
-5.059701492537313605e+00
-5.059701492537313605e+00
-5.059701492537313605e+00
-5.022222222222222143e+00
-5.022222222222222143e+00
-5.066666666666667318e+00
-5.066666666666667318e+00
-5.066666666666667318e+00
-5.073529411764706509e+00
-5.029411764705883137e+00
-5.029411764705883137e+00
-5.029411764705883137e+00
-5.073529411764706509e+00
-5.080291970802919721e+00
-5.080291970802919721e+00
-5.080291970802919721e+00
-5.036496350364963348e+00
-5.036496350364963348e+00
-5.043478260869565410e+00
-5.043478260869565410e+00
-5.086956521739130821e+00
-5.086956521739130821e+00
-5.043478260869565410e+00
-5.050359712230216402e+00
-5.050359712230216402e+00
-5.050359712230216402e+00
-5.050359712230216402e+00
-5.050359712230216402e+00
-5.057142857142857828e+00
-5.057142857142857828e+00
-5.057142857142857828e+00
-5.057142857142857828e+00
-5.057142857142857828e+00
-5.063829787234042534e+00
-5.063829787234042534e+00
-5.021276595744681437e+00
-5.063829787234042534e+00
-5.063829787234042534e+00
-5.070422535211267956e+00
-5.070422535211267956e+00
-5.070422535211267956e+00
-5.028169014084507005e+00
-5.028169014084507005e+00
-5.034965034965035002e+00
-5.076923076923077538e+00
-5.076923076923077538e+00
-5.076923076923077538e+00
-5.076923076923077538e+00
-5.041666666666666963e+00
-5.041666666666666963e+00
-5.041666666666666963e+00
-5.041666666666666963e+00
-5.083333333333333925e+00
-5.089655172413793949e+00
-5.048275862068965836e+00
-5.048275862068965836e+00
-5.048275862068965836e+00
-5.048275862068965836e+00
-5.054794520547945424e+00
-5.054794520547945424e+00
-5.095890410958904049e+00
-5.054794520547945424e+00
-5.054794520547945424e+00
-5.061224489795918657e+00
-5.061224489795918657e+00
-5.061224489795918657e+00
-5.061224489795918657e+00
-5.061224489795918657e+00
-5.067567567567568432e+00
-5.067567567567568432e+00
-5.067567567567568432e+00
-5.067567567567568432e+00
-5.067567567567568432e+00
-5.033557046979866278e+00
-5.033557046979866278e+00
-5.033557046979866278e+00
-5.073825503355704925e+00
-5.073825503355704925e+00
-5.080000000000000071e+00
-5.080000000000000071e+00
-5.040000000000000036e+00
-5.040000000000000036e+00
-5.040000000000000036e+00
-5.046357615894040194e+00
-5.086092715231788297e+00
-5.086092715231788297e+00
-5.046357615894040194e+00
-5.046357615894040194e+00
-5.052631578947368141e+00
-5.052631578947368141e+00
-5.052631578947368141e+00
-5.092105263157895578e+00
-5.092105263157895578e+00
-5.058823529411765385e+00
-5.058823529411765385e+00
-5.058823529411765385e+00
-5.058823529411765385e+00
-5.058823529411765385e+00
-5.064935064935064624e+00
-5.025974025974026205e+00
-5.064935064935064624e+00
-5.064935064935064624e+00
-5.064935064935064624e+00
-5.070967741935484163e+00
-5.070967741935484163e+00
-5.070967741935484163e+00
-5.032258064516129892e+00
-5.070967741935484163e+00
-5.076923076923077538e+00
-5.076923076923077538e+00
-5.076923076923077538e+00
-5.076923076923077538e+00
-5.038461538461539213e+00
-5.044585987261147153e+00
-5.044585987261147153e+00
-5.082802547770700841e+00
-5.082802547770700841e+00
-5.082802547770700841e+00
-5.050632911392405333e+00
-5.050632911392405333e+00
-5.050632911392405333e+00
-5.050632911392405333e+00
-5.050632911392405333e+00
-5.056603773584906314e+00
-5.094339622641509635e+00
-5.056603773584906314e+00
-5.056603773584906314e+00
-5.056603773584906314e+00
-5.062500000000000000e+00
-5.062500000000000000e+00
-5.062500000000000000e+00
-5.062500000000000000e+00
-5.062500000000000000e+00
-5.068322981366460311e+00
-5.068322981366460311e+00
-5.068322981366460311e+00
-5.068322981366460311e+00
-5.068322981366460311e+00
-5.037037037037037202e+00
-5.037037037037037202e+00
-5.074074074074074403e+00
-5.074074074074074403e+00
-5.074074074074074403e+00
-5.079754601226993849e+00
-5.042944785276073816e+00
-5.042944785276073816e+00
-5.042944785276073816e+00
-5.079754601226993849e+00
-5.085365853658537105e+00
-5.085365853658537105e+00
-5.085365853658537105e+00
-5.048780487804878092e+00
-5.048780487804878092e+00
-5.054545454545454675e+00
-5.054545454545454675e+00
-5.090909090909091717e+00
-5.090909090909091717e+00
-5.054545454545454675e+00
-5.060240963855422436e+00
-5.060240963855422436e+00
-5.060240963855422436e+00
-5.060240963855422436e+00
-5.060240963855422436e+00
-5.065868263473054078e+00
-5.065868263473054078e+00
-5.065868263473054078e+00
-5.065868263473054078e+00
-5.065868263473054078e+00
-5.071428571428572063e+00
-5.071428571428572063e+00
-5.035714285714286476e+00
-5.071428571428572063e+00
-5.071428571428572063e+00
-5.076923076923077538e+00
-5.076923076923077538e+00
-5.076923076923077538e+00
-5.041420118343195256e+00
-5.041420118343195256e+00
-5.047058823529412486e+00
-5.082352941176471184e+00
-5.082352941176471184e+00
-5.082352941176471184e+00
-5.082352941176471184e+00
-5.052631578947368141e+00
-5.052631578947368141e+00
-5.052631578947368141e+00
-5.052631578947368141e+00
-5.087719298245614752e+00
-5.093023255813953654e+00
-5.058139534883721922e+00
-5.058139534883721922e+00
-5.058139534883721922e+00
-5.058139534883721922e+00
-5.063583815028902535e+00
-5.063583815028902535e+00
-5.098265895953757010e+00
-5.063583815028902535e+00
-5.063583815028902535e+00
-5.068965517241379892e+00
-5.068965517241379892e+00
-5.068965517241379892e+00
-5.068965517241379892e+00
-5.034482758620689502e+00
-5.040000000000000036e+00
-5.074285714285714732e+00
-5.074285714285714732e+00
-5.074285714285714732e+00
-5.074285714285714732e+00
-5.079545454545455030e+00
-5.045454545454545858e+00
-5.045454545454545858e+00
-5.079545454545455030e+00
-5.079545454545455030e+00
-5.084745762711864181e+00
-5.084745762711864181e+00
-5.050847457627119397e+00
-5.050847457627119397e+00
-5.050847457627119397e+00
-5.056179775280899236e+00
-5.089887640449438422e+00
-5.089887640449438422e+00
-5.089887640449438422e+00
-5.056179775280899236e+00
-5.061452513966480993e+00
-5.061452513966480993e+00
-5.061452513966480993e+00
-5.061452513966480993e+00
-5.094972067039106101e+00
-5.066666666666667318e+00
-5.066666666666667318e+00
-5.066666666666667318e+00
-5.066666666666667318e+00
-5.066666666666667318e+00
-5.071823204419889208e+00
-5.071823204419889208e+00
-5.071823204419889208e+00
-5.071823204419889208e+00
-5.071823204419889208e+00
-5.076923076923077538e+00
-5.076923076923077538e+00
-5.076923076923077538e+00
-5.043956043956044688e+00
-5.043956043956044688e+00
-5.049180327868852736e+00
-5.081967213114754855e+00
-5.081967213114754855e+00
-5.081967213114754855e+00
-5.081967213114754855e+00
-5.054347826086956985e+00
-5.054347826086956985e+00
-5.054347826086956985e+00
-5.086956521739130821e+00
-5.086956521739130821e+00
-5.091891891891892286e+00
-5.059459459459460184e+00
-5.059459459459460184e+00
-5.059459459459460184e+00
-5.059459459459460184e+00
-5.064516129032258895e+00
-5.096774193548387899e+00
-5.096774193548387899e+00
-5.064516129032258895e+00
-5.064516129032258895e+00
-5.069518716577540829e+00
-5.069518716577540829e+00
-5.069518716577540829e+00
-5.069518716577540829e+00
-5.069518716577540829e+00
-5.074468085106382809e+00
-5.074468085106382809e+00
-5.074468085106382809e+00
-5.074468085106382809e+00
-5.074468085106382809e+00
-5.079365079365079083e+00
-5.047619047619048338e+00
-5.079365079365079083e+00
-5.079365079365079083e+00
-5.079365079365079083e+00
-5.084210526315789735e+00
-5.084210526315789735e+00
-5.052631578947368141e+00
-5.052631578947368141e+00
-5.052631578947368141e+00
-5.057591623036649331e+00
-5.089005235602094501e+00
-5.089005235602094501e+00
-5.089005235602094501e+00
-5.057591623036649331e+00
-5.062500000000000000e+00
-5.062500000000000000e+00
-5.062500000000000000e+00
-5.093750000000000888e+00
-5.093750000000000888e+00
-5.067357512953368115e+00
-5.067357512953368115e+00
-5.067357512953368115e+00
-5.067357512953368115e+00
-5.067357512953368115e+00
-5.072164948453608879e+00
-5.072164948453608879e+00
-5.072164948453608879e+00
-5.072164948453608879e+00
-5.072164948453608879e+00
-5.076923076923077538e+00
-5.076923076923077538e+00
-5.076923076923077538e+00
-5.046153846153846878e+00
-5.076923076923077538e+00
-5.081632653061225469e+00
-5.081632653061225469e+00
-5.081632653061225469e+00
-5.081632653061225469e+00
-5.081632653061225469e+00
-5.055837563451777150e+00
-5.055837563451777150e+00
-5.086294416243655192e+00
-5.086294416243655192e+00
-5.086294416243655192e+00
-5.090909090909091717e+00
-5.060606060606060552e+00
-5.060606060606060552e+00
-5.060606060606060552e+00
-5.060606060606060552e+00
-5.065326633165829762e+00
-5.095477386934673447e+00
-5.095477386934673447e+00
-5.065326633165829762e+00
-5.065326633165829762e+00
-5.070000000000000284e+00
-5.070000000000000284e+00
-5.070000000000000284e+00
-5.100000000000000533e+00
-5.070000000000000284e+00
-5.074626865671642229e+00
-5.074626865671642229e+00
-5.074626865671642229e+00
-5.074626865671642229e+00
-5.074626865671642229e+00
-5.079207920792079278e+00
-5.049504950495049549e+00
-5.079207920792079278e+00
-5.079207920792079278e+00
-5.079207920792079278e+00
-5.083743842364532028e+00
-5.083743842364532028e+00
-5.054187192118226868e+00
-5.054187192118226868e+00
-5.083743842364532028e+00
-5.088235294117647634e+00
-5.088235294117647634e+00
-5.088235294117647634e+00
-5.088235294117647634e+00
-5.058823529411765385e+00
-5.063414634146341520e+00
-5.063414634146341520e+00
-5.063414634146341520e+00
-5.092682926829268375e+00
-5.092682926829268375e+00
-5.067961165048544103e+00
-5.067961165048544103e+00
-5.067961165048544103e+00
-5.067961165048544103e+00
-5.067961165048544103e+00
-5.072463768115942351e+00
-5.101449275362319291e+00
-5.072463768115942351e+00
-5.072463768115942351e+00
-5.072463768115942351e+00
-5.076923076923077538e+00
-5.076923076923077538e+00
-5.076923076923077538e+00
-5.048076923076923350e+00
-5.076923076923077538e+00
-5.081339712918660823e+00
-5.081339712918660823e+00
-5.081339712918660823e+00
-5.081339712918660823e+00
-5.081339712918660823e+00
-5.057142857142857828e+00
-5.057142857142857828e+00
-5.085714285714286298e+00
-5.085714285714286298e+00
-5.085714285714286298e+00
-5.090047393364929285e+00
-5.061611374407583241e+00
-5.061611374407583241e+00
-5.061611374407583241e+00
-5.090047393364929285e+00
-5.094339622641509635e+00
-5.094339622641509635e+00
-5.094339622641509635e+00
-5.066037735849056922e+00
-5.066037735849056922e+00
-5.070422535211267956e+00
-5.070422535211267956e+00
-5.070422535211267956e+00
-5.098591549295774961e+00
-5.070422535211267956e+00
-5.074766355140187812e+00
-5.074766355140187812e+00
-5.074766355140187812e+00
-5.074766355140187812e+00
-5.074766355140187812e+00
-5.079069767441860783e+00
-5.079069767441860783e+00
-5.079069767441860783e+00
-5.079069767441860783e+00
-5.079069767441860783e+00
-5.083333333333333925e+00
-5.083333333333333925e+00
-5.055555555555555358e+00
-5.055555555555555358e+00
-5.083333333333333925e+00
-5.087557603686636121e+00
-5.087557603686636121e+00
-5.087557603686636121e+00
-5.087557603686636121e+00
-5.059907834101382562e+00
-5.064220183486239257e+00
-5.064220183486239257e+00
-5.091743119266055828e+00
-5.091743119266055828e+00
-5.091743119266055828e+00
-5.068493150684932225e+00
-5.068493150684932225e+00
-5.068493150684932225e+00
-5.068493150684932225e+00
-5.068493150684932225e+00
-5.072727272727273196e+00
-5.100000000000000533e+00
-5.072727272727273196e+00
-5.072727272727273196e+00
-5.072727272727273196e+00
-5.076923076923077538e+00
-5.076923076923077538e+00
-5.076923076923077538e+00
-5.104072398190045767e+00
-5.076923076923077538e+00
-5.081081081081081585e+00
-5.081081081081081585e+00
-5.081081081081081585e+00
-5.081081081081081585e+00
-5.081081081081081585e+00
-5.058295964125560928e+00
-5.058295964125560928e+00
-5.085201793721973118e+00
-5.085201793721973118e+00
-5.085201793721973118e+00
-5.089285714285714413e+00
-5.089285714285714413e+00
-5.062500000000000000e+00
-5.062500000000000000e+00
-5.089285714285714413e+00
-5.093333333333333712e+00
-5.093333333333333712e+00
-5.093333333333333712e+00
-5.066666666666667318e+00
-5.066666666666667318e+00
-5.070796460176991260e+00
-5.070796460176991260e+00
-5.070796460176991260e+00
-5.097345132743362761e+00
-5.097345132743362761e+00
-5.074889867841410052e+00
-5.074889867841410052e+00
-5.074889867841410052e+00
-5.074889867841410052e+00
-5.074889867841410052e+00
-5.078947368421053099e+00
-5.078947368421053099e+00
-5.078947368421053099e+00
-5.078947368421053099e+00
-5.078947368421053099e+00
-5.082969432314410341e+00
-5.082969432314410341e+00
-5.082969432314410341e+00
-5.056768558951965531e+00
-5.082969432314410341e+00
-5.086956521739130821e+00
-5.086956521739130821e+00
-5.086956521739130821e+00
-5.086956521739130821e+00
-5.060869565217391397e+00
-5.064935064935064624e+00
-5.064935064935064624e+00
-5.090909090909091717e+00
-5.090909090909091717e+00
-5.090909090909091717e+00
-5.094827586206896797e+00
-5.068965517241379892e+00
-5.068965517241379892e+00
-5.068965517241379892e+00
-5.068965517241379892e+00
-5.072961373390557860e+00
-5.098712446351931327e+00
-5.072961373390557860e+00
-5.072961373390557860e+00
-5.072961373390557860e+00
-5.076923076923077538e+00
-5.076923076923077538e+00
-5.076923076923077538e+00
-5.102564102564103088e+00
-5.076923076923077538e+00
-5.080851063829787684e+00
-5.080851063829787684e+00
-5.080851063829787684e+00
-5.080851063829787684e+00
-5.080851063829787684e+00
-5.084745762711864181e+00
-5.059322033898305371e+00
-5.084745762711864181e+00
-5.084745762711864181e+00
-5.084745762711864181e+00
-5.088607594936709333e+00
-5.088607594936709333e+00
-5.063291139240506666e+00
-5.063291139240506666e+00
-5.088607594936709333e+00
-5.092436974789916526e+00
-5.092436974789916526e+00
-5.092436974789916526e+00
-5.092436974789916526e+00
-5.067226890756303170e+00
-5.071129707112970841e+00
-5.071129707112970841e+00
-5.071129707112970841e+00
-5.096234309623431713e+00
-5.096234309623431713e+00
-5.075000000000000178e+00
-5.075000000000000178e+00
-5.075000000000000178e+00
-5.075000000000000178e+00
-5.075000000000000178e+00
-5.078838174273859529e+00
-5.103734439834025416e+00
-5.078838174273859529e+00
-5.078838174273859529e+00
-5.078838174273859529e+00
-5.082644628099173723e+00
-5.082644628099173723e+00
-5.082644628099173723e+00
-5.057851239669421517e+00
-5.082644628099173723e+00
-5.086419753086420137e+00
-5.086419753086420137e+00
-5.086419753086420137e+00
-5.086419753086420137e+00
-5.086419753086420137e+00
-5.065573770491804240e+00
-5.065573770491804240e+00
-5.090163934426230163e+00
-5.090163934426230163e+00
-5.090163934426230163e+00
-5.093877551020407957e+00
-5.069387755102041204e+00
-5.069387755102041204e+00
-5.069387755102041204e+00
-5.069387755102041204e+00
-5.073170731707318026e+00
-5.097560975609756184e+00
-5.097560975609756184e+00
-5.073170731707318026e+00
-5.073170731707318026e+00
-5.076923076923077538e+00
-5.076923076923077538e+00
-5.076923076923077538e+00
-5.101214574898786047e+00
-5.101214574898786047e+00
-5.080645161290322953e+00
-5.080645161290322953e+00
-5.080645161290322953e+00
-5.080645161290322953e+00
-5.080645161290322953e+00
-5.084337349397590522e+00
-5.060240963855422436e+00
-5.084337349397590522e+00
-5.084337349397590522e+00
-5.084337349397590522e+00
-5.088000000000000078e+00
-5.088000000000000078e+00
-5.088000000000000078e+00
-5.064000000000000057e+00
-5.088000000000000078e+00
-5.091633466135458974e+00
-5.091633466135458974e+00
-5.091633466135458974e+00
-5.091633466135458974e+00
-5.067729083665339473e+00
-5.071428571428572063e+00
-5.071428571428572063e+00
-5.071428571428572063e+00
-5.095238095238095788e+00
-5.095238095238095788e+00
-5.098814229249011731e+00
-5.075098814229249022e+00
-5.075098814229249022e+00
-5.075098814229249022e+00
-5.075098814229249022e+00
-5.078740157480315709e+00
-5.102362204724410155e+00
-5.078740157480315709e+00
-5.078740157480315709e+00
-5.078740157480315709e+00
-5.082352941176471184e+00
-5.082352941176471184e+00
-5.082352941176471184e+00
-5.082352941176471184e+00
-5.082352941176471184e+00
-5.085937500000000000e+00
-5.085937500000000000e+00
-5.085937500000000000e+00
-5.085937500000000000e+00
-5.085937500000000000e+00
-5.089494163424125084e+00
-5.066147859922179642e+00
-5.089494163424125084e+00
-5.089494163424125084e+00
-5.089494163424125084e+00
-5.093023255813953654e+00
-5.093023255813953654e+00
-5.069767441860465240e+00
-5.069767441860465240e+00
-5.069767441860465240e+00
-5.073359073359073435e+00
-5.096525096525096998e+00
-5.096525096525096998e+00
-5.096525096525096998e+00
-5.073359073359073435e+00
-5.076923076923077538e+00
-5.076923076923077538e+00
-5.076923076923077538e+00
-5.100000000000000533e+00
-5.100000000000000533e+00
-5.080459770114942764e+00
-5.080459770114942764e+00
-5.080459770114942764e+00
-5.080459770114942764e+00
-5.080459770114942764e+00
-5.083969465648855213e+00
-5.083969465648855213e+00
-5.083969465648855213e+00
-5.083969465648855213e+00
-5.083969465648855213e+00
-5.087452471482889926e+00
-5.087452471482889926e+00
-5.087452471482889926e+00
-5.087452471482889926e+00
-5.087452471482889926e+00
-5.090909090909091717e+00
-5.090909090909091717e+00
-5.090909090909091717e+00
-5.090909090909091717e+00
-5.090909090909091717e+00
-5.071698113207547820e+00
-5.071698113207547820e+00
-5.071698113207547820e+00
-5.094339622641509635e+00
-5.094339622641509635e+00
-5.097744360902256133e+00
-5.097744360902256133e+00
-5.075187969924812137e+00
-5.075187969924812137e+00
-5.075187969924812137e+00
-5.078651685393258397e+00
-5.101123595505618447e+00
-5.101123595505618447e+00
-5.078651685393258397e+00
-5.078651685393258397e+00
-5.082089552238805652e+00
-5.082089552238805652e+00
-5.082089552238805652e+00
-5.082089552238805652e+00
-5.104477611940298587e+00
-5.085501858736059866e+00
-5.085501858736059866e+00
-5.085501858736059866e+00
-5.085501858736059866e+00
-5.085501858736059866e+00
-5.088888888888888573e+00
-5.066666666666667318e+00
-5.088888888888888573e+00
-5.088888888888888573e+00
-5.088888888888888573e+00
-5.092250922509225397e+00
-5.092250922509225397e+00
-5.092250922509225397e+00
-5.070110701107011231e+00
-5.070110701107011231e+00
-5.073529411764706509e+00
-5.095588235294117752e+00
-5.095588235294117752e+00
-5.095588235294117752e+00
-5.095588235294117752e+00
-5.076923076923077538e+00
-5.076923076923077538e+00
-5.076923076923077538e+00
-5.098901098901099438e+00
-5.098901098901099438e+00
-5.102189781021897907e+00
-5.080291970802919721e+00
-5.080291970802919721e+00
-5.080291970802919721e+00
-5.080291970802919721e+00
-5.083636363636363953e+00
-5.083636363636363953e+00
-5.105454545454546356e+00
-5.083636363636363953e+00
-5.083636363636363953e+00
-5.086956521739130821e+00
-5.086956521739130821e+00
-5.086956521739130821e+00
-5.086956521739130821e+00
-5.065217391304347672e+00
-5.068592057761732939e+00
-5.090252707581227831e+00
-5.090252707581227831e+00
-5.090252707581227831e+00
-5.090252707581227831e+00
-5.093525179856115415e+00
-5.071942446043165909e+00
-5.071942446043165909e+00
-5.093525179856115415e+00
-5.093525179856115415e+00
-5.096774193548387899e+00
-5.096774193548387899e+00
-5.096774193548387899e+00
-5.075268817204301008e+00
-5.075268817204301008e+00
-5.078571428571429180e+00
-5.078571428571429180e+00
-5.100000000000000533e+00
-5.100000000000000533e+00
-5.078571428571429180e+00
-5.081850533807830139e+00
-5.081850533807830139e+00
-5.081850533807830139e+00
-5.081850533807830139e+00
-5.103202846975089635e+00
-5.106382978723404520e+00
-5.085106382978723083e+00
-5.085106382978723083e+00
-5.085106382978723083e+00
-5.085106382978723083e+00
-5.088339222614841617e+00
-5.088339222614841617e+00
-5.067137809187279629e+00
-5.088339222614841617e+00
-5.088339222614841617e+00
-5.091549295774647987e+00
-5.091549295774647987e+00
-5.091549295774647987e+00
-5.091549295774647987e+00
-5.070422535211267956e+00
-5.073684210526315574e+00
-5.094736842105263008e+00
-5.094736842105263008e+00
-5.094736842105263008e+00
-5.094736842105263008e+00
-5.097902097902098362e+00
-5.076923076923077538e+00
-5.076923076923077538e+00
-5.076923076923077538e+00
-5.097902097902098362e+00
-5.101045296167248111e+00
-5.101045296167248111e+00
-5.080139372822300103e+00
-5.080139372822300103e+00
-5.080139372822300103e+00
-5.083333333333333925e+00
-5.083333333333333925e+00
-5.104166666666666963e+00
-5.104166666666666963e+00
-5.083333333333333925e+00
-5.086505190311418900e+00
-5.086505190311418900e+00
-5.086505190311418900e+00
-5.086505190311418900e+00
-5.086505190311418900e+00
-5.068965517241379892e+00
-5.089655172413793949e+00
-5.089655172413793949e+00
-5.089655172413793949e+00
-5.089655172413793949e+00
-5.092783505154639734e+00
-5.092783505154639734e+00
-5.072164948453608879e+00
-5.092783505154639734e+00
-5.092783505154639734e+00
-5.095890410958904049e+00
-5.095890410958904049e+00
-5.095890410958904049e+00
-5.095890410958904049e+00
-5.075342465753425181e+00
-5.078498293515359308e+00
-5.078498293515359308e+00
-5.098976109215016983e+00
-5.098976109215016983e+00
-5.098976109215016983e+00
-5.081632653061225469e+00
-5.081632653061225469e+00
-5.081632653061225469e+00
-5.081632653061225469e+00
-5.081632653061225469e+00
-5.084745762711864181e+00
-5.105084745762712650e+00
-5.084745762711864181e+00
-5.084745762711864181e+00
-5.084745762711864181e+00
-5.087837837837838606e+00
-5.087837837837838606e+00
-5.087837837837838606e+00
-5.108108108108107892e+00
-5.087837837837838606e+00
-5.090909090909091717e+00
-5.090909090909091717e+00
-5.090909090909091717e+00
-5.090909090909091717e+00
-5.090909090909091717e+00
-5.073825503355704925e+00
-5.073825503355704925e+00
-5.093959731543624692e+00
-5.093959731543624692e+00
-5.093959731543624692e+00
-5.096989966555184104e+00
-5.096989966555184104e+00
-5.076923076923077538e+00
-5.076923076923077538e+00
-5.096989966555184104e+00
-5.100000000000000533e+00
-5.100000000000000533e+00
-5.100000000000000533e+00
-5.080000000000000071e+00
-5.080000000000000071e+00
-5.083056478405316270e+00
-5.083056478405316270e+00
-5.083056478405316270e+00
-5.102990033222591926e+00
-5.102990033222591926e+00
-5.086092715231788297e+00
-5.086092715231788297e+00
-5.086092715231788297e+00
-5.086092715231788297e+00
-5.086092715231788297e+00
-5.089108910891090076e+00
-5.108910891089109008e+00
-5.089108910891090076e+00
-5.089108910891090076e+00
-5.089108910891090076e+00
-5.092105263157895578e+00
-5.092105263157895578e+00
-5.092105263157895578e+00
-5.072368421052631859e+00
-5.092105263157895578e+00
-5.095081967213115348e+00
-5.095081967213115348e+00
-5.095081967213115348e+00
-5.095081967213115348e+00
-5.095081967213115348e+00
-5.078431372549020217e+00
-5.078431372549020217e+00
-5.098039215686275050e+00
-5.098039215686275050e+00
-5.098039215686275050e+00
-5.100977198697068893e+00
-5.081433224755700806e+00
-5.081433224755700806e+00
-5.081433224755700806e+00
-5.081433224755700806e+00
-5.084415584415584277e+00
-5.103896103896103931e+00
-5.103896103896103931e+00
-5.084415584415584277e+00
-5.084415584415584277e+00
-5.087378640776699434e+00
-5.087378640776699434e+00
-5.087378640776699434e+00
-5.087378640776699434e+00
-5.106796116504854766e+00
-5.090322580645161743e+00
-5.090322580645161743e+00
-5.090322580645161743e+00
-5.090322580645161743e+00
-5.090322580645161743e+00
-5.093247588424437033e+00
-5.073954983922829953e+00
-5.093247588424437033e+00
-5.093247588424437033e+00
-5.093247588424437033e+00
-5.096153846153846700e+00
-5.096153846153846700e+00
-5.096153846153846700e+00
-5.076923076923077538e+00
-5.076923076923077538e+00
-5.079872204472843933e+00
-5.099041533546326832e+00
-5.099041533546326832e+00
-5.099041533546326832e+00
-5.099041533546326832e+00
-5.082802547770700841e+00
-5.082802547770700841e+00
-5.082802547770700841e+00
-5.101910828025478573e+00
-5.101910828025478573e+00
-5.104761904761905278e+00
-5.085714285714286298e+00
-5.085714285714286298e+00
-5.085714285714286298e+00
-5.085714285714286298e+00
-5.088607594936709333e+00
-5.088607594936709333e+00
-5.107594936708861333e+00
-5.088607594936709333e+00
-5.088607594936709333e+00
-5.091482649842271613e+00
-5.091482649842271613e+00
-5.091482649842271613e+00
-5.091482649842271613e+00
-5.091482649842271613e+00
-5.094339622641509635e+00
-5.094339622641509635e+00
-5.094339622641509635e+00
-5.094339622641509635e+00
-5.094339622641509635e+00
-5.097178683385580555e+00
-5.078369905956113151e+00
-5.078369905956113151e+00
-5.097178683385580555e+00
-5.097178683385580555e+00
-5.100000000000000533e+00
-5.100000000000000533e+00
-5.100000000000000533e+00
-5.081250000000000711e+00
-5.081250000000000711e+00
-5.084112149532710845e+00
-5.084112149532710845e+00
-5.102803738317756910e+00
-5.102803738317756910e+00
-5.084112149532710845e+00
-5.086956521739130821e+00
-5.086956521739130821e+00
-5.086956521739130821e+00
-5.086956521739130821e+00
-5.105590062111802219e+00
-5.108359133126935347e+00
-5.089783281733746279e+00
-5.089783281733746279e+00
-5.089783281733746279e+00
-5.089783281733746279e+00
-5.092592592592592560e+00
-5.092592592592592560e+00
-5.092592592592592560e+00
-5.092592592592592560e+00
-5.092592592592592560e+00
-5.095384615384615401e+00
-5.095384615384615401e+00
-5.095384615384615401e+00
-5.095384615384615401e+00
-5.076923076923077538e+00
-5.079754601226993849e+00
-5.098159509202454309e+00
-5.098159509202454309e+00
-5.098159509202454309e+00
-5.098159509202454309e+00
-5.100917431192661056e+00
-5.082568807339449712e+00
-5.082568807339449712e+00
-5.082568807339449712e+00
-5.100917431192661056e+00
-5.103658536585365724e+00
-5.103658536585365724e+00
-5.103658536585365724e+00
-5.085365853658537105e+00
-5.085365853658537105e+00
-5.088145896656535605e+00
-5.088145896656535605e+00
-5.088145896656535605e+00
-5.106382978723404520e+00
-5.088145896656535605e+00
-5.090909090909091717e+00
-5.090909090909091717e+00
-5.090909090909091717e+00
-5.090909090909091717e+00
-5.090909090909091717e+00
-5.093655589123867955e+00
-5.093655589123867955e+00
-5.093655589123867955e+00
-5.093655589123867955e+00
-5.093655589123867955e+00
-5.096385542168675009e+00
-5.096385542168675009e+00
-5.078313253012048278e+00
-5.078313253012048278e+00
-5.096385542168675009e+00
-5.099099099099099419e+00
-5.099099099099099419e+00
-5.099099099099099419e+00
-5.099099099099099419e+00
-5.081081081081081585e+00
-5.083832335329341312e+00
-5.083832335329341312e+00
-5.101796407185629434e+00
-5.101796407185629434e+00
-5.101796407185629434e+00
-5.104477611940298587e+00
-5.086567164179104594e+00
-5.086567164179104594e+00
-5.086567164179104594e+00
-5.086567164179104594e+00
-5.089285714285714413e+00
-5.107142857142857650e+00
-5.089285714285714413e+00
-5.089285714285714413e+00
-5.089285714285714413e+00
-5.091988130563798620e+00
-5.091988130563798620e+00
-5.091988130563798620e+00
-5.109792284866468748e+00
-5.091988130563798620e+00
-5.094674556213018235e+00
-5.094674556213018235e+00
-5.094674556213018235e+00
-5.094674556213018235e+00
-5.094674556213018235e+00
-5.097345132743362761e+00
-5.079646017699115390e+00
-5.097345132743362761e+00
-5.097345132743362761e+00
-5.097345132743362761e+00
-5.100000000000000533e+00
-5.100000000000000533e+00
-5.082352941176471184e+00
-5.082352941176471184e+00
-5.082352941176471184e+00
-5.085043988269795534e+00
-5.102639296187684081e+00
-5.102639296187684081e+00
-5.102639296187684081e+00
-5.085043988269795534e+00
-5.087719298245614752e+00
-5.087719298245614752e+00
-5.087719298245614752e+00
-5.105263157894737169e+00
-5.105263157894737169e+00
-5.107871720116618164e+00
-5.090379008746356071e+00
-5.090379008746356071e+00
-5.090379008746356071e+00
-5.090379008746356071e+00
-5.093023255813953654e+00
-5.093023255813953654e+00
-5.093023255813953654e+00
-5.093023255813953654e+00
-5.093023255813953654e+00
-5.095652173913044258e+00
-5.095652173913044258e+00
-5.095652173913044258e+00
-5.095652173913044258e+00
-5.095652173913044258e+00
-5.098265895953757010e+00
-5.098265895953757010e+00
-5.098265895953757010e+00
-5.098265895953757010e+00
-5.098265895953757010e+00
-5.083573487031700644e+00
-5.083573487031700644e+00
-5.083573487031700644e+00
-5.100864553314121252e+00
-5.100864553314121252e+00
-5.103448275862069394e+00
-5.103448275862069394e+00
-5.086206896551725087e+00
-5.086206896551725087e+00
-5.086206896551725087e+00
-5.088825214899713956e+00
-5.088825214899713956e+00
-5.106017191977077374e+00
-5.106017191977077374e+00
-5.088825214899713956e+00
-5.091428571428571637e+00
-5.091428571428571637e+00
-5.091428571428571637e+00
-5.091428571428571637e+00
-5.108571428571428541e+00
-5.094017094017094571e+00
-5.094017094017094571e+00
-5.094017094017094571e+00
-5.094017094017094571e+00
-5.094017094017094571e+00
-5.096590909090910060e+00
-5.096590909090910060e+00
-5.079545454545455030e+00
-5.096590909090910060e+00
-5.096590909090910060e+00
-5.099150141643059797e+00
-5.099150141643059797e+00
-5.099150141643059797e+00
-5.099150141643059797e+00
-5.082152974504249521e+00
-5.084745762711864181e+00
-5.101694915254237905e+00
-5.101694915254237905e+00
-5.101694915254237905e+00
-5.101694915254237905e+00
-5.087323943661972159e+00
-5.087323943661972159e+00
-5.087323943661972159e+00
-5.087323943661972159e+00
-5.104225352112676362e+00
-5.106741573033708015e+00
-5.106741573033708015e+00
-5.089887640449438422e+00
-5.089887640449438422e+00
-5.089887640449438422e+00
-5.092436974789916526e+00
-5.092436974789916526e+00
-5.092436974789916526e+00
-5.109243697478992097e+00
-5.092436974789916526e+00
-5.094972067039106101e+00
-5.094972067039106101e+00
-5.094972067039106101e+00
-5.094972067039106101e+00
-5.094972067039106101e+00
-5.080779944289694150e+00
-5.097493036211699469e+00
-5.097493036211699469e+00
-5.097493036211699469e+00
-5.097493036211699469e+00
-5.100000000000000533e+00
-5.100000000000000533e+00
-5.083333333333333925e+00
-5.083333333333333925e+00
-5.100000000000000533e+00
-5.102493074792244343e+00
-5.102493074792244343e+00
-5.102493074792244343e+00
-5.102493074792244343e+00
-5.085872576177285609e+00
-5.088397790055249281e+00
-5.088397790055249281e+00
-5.104972375690608466e+00
-5.104972375690608466e+00
-5.104972375690608466e+00
-5.090909090909091717e+00
