4.548371075316042234e-01
4.433070985604522507e-01
4.311225194325501997e-01
4.181974716901716294e-01
4.044276062391117810e-01
3.896846617343430741e-01
3.738089212124336980e-01
3.565985963961606497e-01
3.377945711411506347e-01
3.170579479229095332e-01
2.939360951700387137e-01
2.678096791064703552e-01
2.378069785885194576e-01
2.026592208552075447e-01
1.604436872348013743e-01
1.081009269287696306e-01
4.068199334500534337e-02
3.770424342191888892e-06
-1.000000000000000000e+00
-1.000000000000000000e+00
-1.000000000000000000e+00
-1.000000000000000000e+00
-1.000000000000000000e+00
-1.000000000000000000e+00
-1.000000000000000000e+00
-1.000000000000000000e+00
-1.000000000000000000e+00
-1.000000000000000000e+00
-1.000000000000000000e+00
-1.000000000000000000e+00
-1.000000000000000000e+00
-1.000000000000000000e+00
-1.000000000000000000e+00
-1.000000000000000000e+00
-1.000000000000000000e+00
-1.000000000000000000e+00
-1.000000000000000000e+00
-1.000000000000000000e+00
-1.000000000000000000e+00
-1.000000000000000000e+00
-1.000000000000000000e+00
-1.000000000000000000e+00
-1.000000000000000000e+00
-1.000000000000000000e+00
-1.000000000000000000e+00
-1.000000000000000000e+00
-1.000000000000000000e+00
-1.000000000000000000e+00
-1.000000000000000000e+00
-1.000000000000000000e+00
