3.541424064070021795e-65
3.390311796190253558e-66
3.240217676528050419e-67
2.500042994716705649e-68
1.781694301007361681e-69
1.200436012556807535e-70
1.826061549041848287e-70
8.179312810373442331e-70
4.998034447085968126e-69
5.321819802892264855e-68
8.128879114077991871e-67
2.284597178220650105e-65
1.219477325948971452e-63
1.424374622348680779e-61
3.416244746277782198e-59
2.169827215190273479e-56
3.849559121575503865e-53
2.249780903717920716e-49
5.661284366262551689e-45
6.629032287679548136e-43
1.412887438554667994e-43
4.914628578485438976e-44
4.694758851021288977e-44
6.439779172797426593e-43
1.598610519832978581e-13
-1.000000000000000000e+00
-1.000000000000000000e+00
-1.000000000000000000e+00
-1.000000000000000000e+00
-1.000000000000000000e+00
-1.000000000000000000e+00
-1.000000000000000000e+00
-1.000000000000000000e+00
-1.000000000000000000e+00
-1.000000000000000000e+00
-1.000000000000000000e+00
-1.000000000000000000e+00
-1.000000000000000000e+00
-1.000000000000000000e+00
-1.000000000000000000e+00
-1.000000000000000000e+00
-1.000000000000000000e+00
-1.000000000000000000e+00
-1.000000000000000000e+00
-1.000000000000000000e+00
-1.000000000000000000e+00
-1.000000000000000000e+00
-1.000000000000000000e+00
-1.000000000000000000e+00
-1.000000000000000000e+00
