3.044586378599029447e-40
6.166456258662939065e-41
1.304038624348468322e-41
2.444777146158656564e-42
4.864374811751657046e-43
9.528713756450771414e-44
1.861374826912709038e-44
3.684125870970743677e-45
7.536230793792213566e-46
1.633544322518549776e-46
3.546609563344946227e-47
9.577908946606768817e-48
2.844577245038972932e-48
1.295305582166261221e-48
9.043204327634267457e-49
1.180957560723986221e-48
4.278423875690291631e-48
3.902127343137378817e-47
-1.000000000000000000e+00
-1.000000000000000000e+00
-1.000000000000000000e+00
-1.000000000000000000e+00
-1.000000000000000000e+00
-1.000000000000000000e+00
-1.000000000000000000e+00
-1.000000000000000000e+00
-1.000000000000000000e+00
-1.000000000000000000e+00
-1.000000000000000000e+00
-1.000000000000000000e+00
-1.000000000000000000e+00
-1.000000000000000000e+00
-1.000000000000000000e+00
-1.000000000000000000e+00
-1.000000000000000000e+00
-1.000000000000000000e+00
-1.000000000000000000e+00
-1.000000000000000000e+00
-1.000000000000000000e+00
-1.000000000000000000e+00
-1.000000000000000000e+00
-1.000000000000000000e+00
-1.000000000000000000e+00
-1.000000000000000000e+00
-1.000000000000000000e+00
-1.000000000000000000e+00
-1.000000000000000000e+00
-1.000000000000000000e+00
-1.000000000000000000e+00
-1.000000000000000000e+00
