4.934947881601241622e-65
4.707693408382356709e-66
4.481526799998980207e-67
3.444104547002799425e-68
2.443918488081031953e-69
1.638786919477812074e-70
3.451237457315047373e-70
1.361791930194032506e-69
8.193459024330506501e-69
7.688811927829634298e-68
1.155288779275938649e-66
3.190732762899131794e-65
1.672046408718393708e-63
1.725595396609686743e-61
4.061973927561420801e-59
2.288436960363568700e-56
3.984124562903984446e-53
2.280565015097469577e-49
5.120653201016642690e-45
6.974038281626132279e-43
1.552823723273130993e-43
5.042008752648012834e-44
4.531335527602795969e-44
5.760056396878011886e-43
4.643809336168749160e-14
-1.000000000000000000e+00
-1.000000000000000000e+00
-1.000000000000000000e+00
-1.000000000000000000e+00
-1.000000000000000000e+00
-1.000000000000000000e+00
-1.000000000000000000e+00
-1.000000000000000000e+00
-1.000000000000000000e+00
-1.000000000000000000e+00
-1.000000000000000000e+00
-1.000000000000000000e+00
-1.000000000000000000e+00
-1.000000000000000000e+00
-1.000000000000000000e+00
-1.000000000000000000e+00
-1.000000000000000000e+00
-1.000000000000000000e+00
-1.000000000000000000e+00
-1.000000000000000000e+00
-1.000000000000000000e+00
-1.000000000000000000e+00
-1.000000000000000000e+00
-1.000000000000000000e+00
-1.000000000000000000e+00
