5.667416581742853290e-64
5.268866864011735015e-65
4.873341305288971322e-66
3.638650535543808561e-67
2.502141264728684592e-68
1.198897018376697252e-68
2.561999679219453828e-68
7.285454711606220272e-68
3.143547628625669554e-67
2.106641478782426238e-66
2.023645250353070467e-65
3.968815899754573457e-64
1.327404660357337333e-62
8.767130795647285669e-61
1.325884730974649302e-58
5.330909638217136984e-56
6.018912678664558733e-53
2.249447894804281903e-49
3.628556067421818575e-45
1.422223322839507969e-42
2.722336508418346089e-43
7.043308285404898440e-44
4.765635093689827194e-44
2.807712606394846259e-43
-1.000000000000000000e+00
7.303779848669955665e-01
-1.000000000000000000e+00
-1.000000000000000000e+00
-1.000000000000000000e+00
-1.000000000000000000e+00
-1.000000000000000000e+00
-1.000000000000000000e+00
-1.000000000000000000e+00
-1.000000000000000000e+00
-1.000000000000000000e+00
-1.000000000000000000e+00
-1.000000000000000000e+00
-1.000000000000000000e+00
-1.000000000000000000e+00
-1.000000000000000000e+00
-1.000000000000000000e+00
-1.000000000000000000e+00
-1.000000000000000000e+00
-1.000000000000000000e+00
-1.000000000000000000e+00
-1.000000000000000000e+00
-1.000000000000000000e+00
-1.000000000000000000e+00
-1.000000000000000000e+00
-1.000000000000000000e+00
