1.325322597554319030e-51
3.693712561677975960e-52
1.000491683489880442e-52
3.238064224200657936e-53
1.040729411410366923e-53
3.367554491618233309e-54
1.357596223089090847e-54
5.711205739451381101e-55
3.123520127860210859e-55
1.877804850972326357e-55
1.721625709932733966e-55
2.063912977052985589e-55
4.129494844403223438e-55
1.462773393951712511e-54
1.188863982438462914e-53
2.182282837506589544e-52
1.193350732391842008e-50
2.152344440899219558e-48
1.452876400093400328e-45
-1.000000000000000000e+00
-1.000000000000000000e+00
-1.000000000000000000e+00
-1.000000000000000000e+00
-1.000000000000000000e+00
-1.000000000000000000e+00
-1.000000000000000000e+00
-1.000000000000000000e+00
-1.000000000000000000e+00
-1.000000000000000000e+00
-1.000000000000000000e+00
-1.000000000000000000e+00
-1.000000000000000000e+00
-1.000000000000000000e+00
-1.000000000000000000e+00
-1.000000000000000000e+00
-1.000000000000000000e+00
-1.000000000000000000e+00
-1.000000000000000000e+00
-1.000000000000000000e+00
-1.000000000000000000e+00
-1.000000000000000000e+00
-1.000000000000000000e+00
-1.000000000000000000e+00
-1.000000000000000000e+00
-1.000000000000000000e+00
-1.000000000000000000e+00
-1.000000000000000000e+00
-1.000000000000000000e+00
-1.000000000000000000e+00
-1.000000000000000000e+00
