6.625504747826575062e-54
2.145635767788697296e-54
6.771276420068993081e-55
2.326195217398728391e-55
7.962779609748438268e-56
3.367709386968767200e-56
1.463764588866980613e-56
8.150249692694614205e-57
5.383867248458900063e-57
4.341436683010062561e-57
5.391572604409904022e-57
9.717423224373471884e-57
2.669430204590568094e-56
1.584332640260314992e-55
1.785291764304421306e-54
5.482363609971256434e-53
4.533334394258030727e-51
1.460793861022252511e-48
1.710726972532533961e-45
2.293196064781536187e-42
-1.000000000000000000e+00
-1.000000000000000000e+00
-1.000000000000000000e+00
-1.000000000000000000e+00
-1.000000000000000000e+00
-1.000000000000000000e+00
-1.000000000000000000e+00
-1.000000000000000000e+00
-1.000000000000000000e+00
-1.000000000000000000e+00
-1.000000000000000000e+00
-1.000000000000000000e+00
-1.000000000000000000e+00
-1.000000000000000000e+00
-1.000000000000000000e+00
-1.000000000000000000e+00
-1.000000000000000000e+00
-1.000000000000000000e+00
-1.000000000000000000e+00
-1.000000000000000000e+00
-1.000000000000000000e+00
-1.000000000000000000e+00
-1.000000000000000000e+00
-1.000000000000000000e+00
-1.000000000000000000e+00
-1.000000000000000000e+00
-1.000000000000000000e+00
-1.000000000000000000e+00
-1.000000000000000000e+00
-1.000000000000000000e+00
