1.678535648077372489e-01
1.502539482387184600e-01
1.316551773577437356e-01
1.119261988468034374e-01
9.090905812194119417e-02
6.842651760252699278e-02
4.445801020394236219e-02
2.071791720434011663e-02
4.799268342703511166e-03
4.577589719027652486e-04
2.178441725876578119e-05
6.011944925894448162e-07
9.330086318854998948e-09
7.316378288496903486e-11
2.108068189921025919e-13
1.375895146337461521e-16
5.465933919961269478e-21
1.032824505440094511e-29
-1.000000000000000000e+00
-1.000000000000000000e+00
-1.000000000000000000e+00
-1.000000000000000000e+00
-1.000000000000000000e+00
-1.000000000000000000e+00
-1.000000000000000000e+00
-1.000000000000000000e+00
-1.000000000000000000e+00
-1.000000000000000000e+00
-1.000000000000000000e+00
-1.000000000000000000e+00
-1.000000000000000000e+00
-1.000000000000000000e+00
-1.000000000000000000e+00
-1.000000000000000000e+00
-1.000000000000000000e+00
-1.000000000000000000e+00
-1.000000000000000000e+00
-1.000000000000000000e+00
-1.000000000000000000e+00
-1.000000000000000000e+00
-1.000000000000000000e+00
-1.000000000000000000e+00
-1.000000000000000000e+00
-1.000000000000000000e+00
-1.000000000000000000e+00
-1.000000000000000000e+00
-1.000000000000000000e+00
-1.000000000000000000e+00
-1.000000000000000000e+00
-1.000000000000000000e+00
