5.927587121447891809e-56
2.013670892218949479e-56
6.680923015860201366e-57
2.685080906117357138e-57
1.078384875652184694e-57
4.864334188019121328e-58
2.775386676366084735e-58
1.844754416084331689e-58
1.462980466537614220e-58
1.575718827391473988e-58
2.633855255027207093e-58
6.424843463834642073e-58
2.648266155275213522e-57
2.148138228741087047e-56
3.646446934404298825e-55
1.682793324739186023e-53
2.073845971702344105e-51
9.849305081788706160e-49
1.820971965594067091e-45
1.281511295254404067e-41
-1.000000000000000000e+00
-1.000000000000000000e+00
-1.000000000000000000e+00
-1.000000000000000000e+00
-1.000000000000000000e+00
6.656082198100118363e-01
-1.000000000000000000e+00
-1.000000000000000000e+00
-1.000000000000000000e+00
-1.000000000000000000e+00
-1.000000000000000000e+00
-1.000000000000000000e+00
-1.000000000000000000e+00
-1.000000000000000000e+00
-1.000000000000000000e+00
-1.000000000000000000e+00
-1.000000000000000000e+00
-1.000000000000000000e+00
-1.000000000000000000e+00
-1.000000000000000000e+00
-1.000000000000000000e+00
-1.000000000000000000e+00
-1.000000000000000000e+00
-1.000000000000000000e+00
-1.000000000000000000e+00
-1.000000000000000000e+00
-1.000000000000000000e+00
-1.000000000000000000e+00
-1.000000000000000000e+00
-1.000000000000000000e+00
