9.066602447521136584e-64
8.387696608911938513e-65
7.715566579295759461e-66
5.729206124483893174e-67
3.916247942618305225e-68
3.227241789205329649e-68
6.058160526133181245e-68
1.688577889165452618e-67
6.394213465722064332e-67
3.761021026650481650e-66
3.532109527094248460e-65
6.080896652939992658e-64
1.985124139199307837e-62
1.153073867609801916e-60
1.700954376712435999e-58
6.662354565393360842e-56
6.644870032076377555e-53
2.418176659922894426e-49
3.464250279130899004e-45
1.712141767449647001e-42
3.153142563009220596e-43
7.691003989734180914e-44
4.709322940384467962e-44
2.549471735376782263e-43
-1.000000000000000000e+00
7.322726717219719683e-01
-1.000000000000000000e+00
-1.000000000000000000e+00
-1.000000000000000000e+00
-1.000000000000000000e+00
-1.000000000000000000e+00
-1.000000000000000000e+00
-1.000000000000000000e+00
-1.000000000000000000e+00
-1.000000000000000000e+00
-1.000000000000000000e+00
-1.000000000000000000e+00
-1.000000000000000000e+00
-1.000000000000000000e+00
-1.000000000000000000e+00
-1.000000000000000000e+00
-1.000000000000000000e+00
-1.000000000000000000e+00
-1.000000000000000000e+00
-1.000000000000000000e+00
-1.000000000000000000e+00
-1.000000000000000000e+00
-1.000000000000000000e+00
-1.000000000000000000e+00
-1.000000000000000000e+00
