1.673764439122978573e-59
6.868340142739398928e-60
2.762689235333168068e-60
1.359963832768223305e-60
7.465823116774611970e-61
4.638556598802346469e-61
3.318670968935423143e-61
3.436898141513156473e-61
4.278831959927854816e-61
7.305951278496532856e-61
1.958011540803441162e-60
7.717768053635619480e-60
6.335622473498515262e-59
9.286617515301355450e-58
3.139616968210812473e-56
2.603837415476631953e-54
6.261193585730317613e-52
5.689610310180940776e-49
2.133730958889595143e-45
2.671609373666991690e-41
3.610791868844591897e-42
-1.000000000000000000e+00
-1.000000000000000000e+00
-1.000000000000000000e+00
-1.000000000000000000e+00
7.048202523702353783e-01
-1.000000000000000000e+00
-1.000000000000000000e+00
-1.000000000000000000e+00
-1.000000000000000000e+00
-1.000000000000000000e+00
-1.000000000000000000e+00
-1.000000000000000000e+00
-1.000000000000000000e+00
-1.000000000000000000e+00
-1.000000000000000000e+00
-1.000000000000000000e+00
-1.000000000000000000e+00
-1.000000000000000000e+00
-1.000000000000000000e+00
-1.000000000000000000e+00
-1.000000000000000000e+00
-1.000000000000000000e+00
-1.000000000000000000e+00
-1.000000000000000000e+00
-1.000000000000000000e+00
-1.000000000000000000e+00
-1.000000000000000000e+00
-1.000000000000000000e+00
-1.000000000000000000e+00
