5.964556920923261814e-63
5.411079007512782279e-64
4.869888551830002449e-65
3.537973536101365544e-66
8.848240869906666488e-67
1.065093614506715583e-66
1.666903553331646275e-66
3.457265358647515473e-66
1.082487631911054956e-65
4.708727896402660813e-65
3.263123150272886929e-64
4.136914530093895775e-63
9.939289491344069565e-62
4.715291914960151573e-60
4.636103820445891708e-58
1.345230435518003356e-55
9.997140133141871429e-53
2.725955492406279386e-49
2.946489753115569281e-45
2.864563923995567715e-42
5.049711863131043958e-43
1.175798751078404139e-43
5.839579465420264644e-44
2.116432684348792651e-43
-1.000000000000000000e+00
7.331489744633059580e-01
-1.000000000000000000e+00
-1.000000000000000000e+00
-1.000000000000000000e+00
-1.000000000000000000e+00
-1.000000000000000000e+00
-1.000000000000000000e+00
-1.000000000000000000e+00
-1.000000000000000000e+00
-1.000000000000000000e+00
-1.000000000000000000e+00
-1.000000000000000000e+00
-1.000000000000000000e+00
-1.000000000000000000e+00
-1.000000000000000000e+00
-1.000000000000000000e+00
-1.000000000000000000e+00
-1.000000000000000000e+00
-1.000000000000000000e+00
-1.000000000000000000e+00
-1.000000000000000000e+00
-1.000000000000000000e+00
-1.000000000000000000e+00
-1.000000000000000000e+00
-1.000000000000000000e+00
