3.795601340781295780e-61
3.300612539871800650e-62
6.023306759952348781e-63
3.579967950896566117e-63
2.385846818273001558e-63
1.809925441312073943e-63
1.968411801065729545e-63
2.527654458700804772e-63
4.363176627345315860e-63
1.155038756524108886e-62
4.830434579267166891e-62
2.981238270032856874e-61
3.854934259398956797e-60
8.901203552526120487e-59
4.737648154594683650e-57
6.784151609016413918e-55
2.781759858196014222e-52
3.868851668783120221e-49
2.387945551546663938e-45
1.052652043469254574e-41
1.493161589410498719e-42
2.925380994605396728e-43
-1.000000000000000000e+00
-1.000000000000000000e+00
-1.000000000000000000e+00
7.213894984277118283e-01
-1.000000000000000000e+00
-1.000000000000000000e+00
-1.000000000000000000e+00
-1.000000000000000000e+00
-1.000000000000000000e+00
-1.000000000000000000e+00
-1.000000000000000000e+00
-1.000000000000000000e+00
-1.000000000000000000e+00
-1.000000000000000000e+00
-1.000000000000000000e+00
-1.000000000000000000e+00
-1.000000000000000000e+00
-1.000000000000000000e+00
-1.000000000000000000e+00
-1.000000000000000000e+00
-1.000000000000000000e+00
-1.000000000000000000e+00
-1.000000000000000000e+00
-1.000000000000000000e+00
-1.000000000000000000e+00
-1.000000000000000000e+00
-1.000000000000000000e+00
-1.000000000000000000e+00
