1.762886597938144506e+00
1.729870129870129780e+00
1.696335078534031648e+00
1.662269129287599068e+00
1.615999999999999881e+00
1.596774193548387011e+00
1.548913043478260754e+00
1.504132231404958553e+00
1.474860335195530725e+00
1.427762039660056770e+00
1.383285302593660004e+00
1.337243401759530936e+00
1.293413173652694814e+00
1.233128834355828429e+00
1.192429022082019063e+00
1.149350649350649567e+00
1.087248322147650992e+00
1.031578947368421151e+00
9.515859766277129372e-01
8.814691151919866741e-01
8.113522537562604109e-01
7.212020033388982787e-01
6.210350584307179345e-01
5.108514190317196002e-01
3.505843071786310938e-01
8.013355592654425319e-02
-2.553775743707094037e+00
-2.547413793103448398e+00
-2.547413793103448398e+00
-2.549356223175965663e+00
-2.560344827586206851e+00
-2.551867219917012708e+00
-2.547413793103448398e+00
-2.551282051282051544e+00
-2.544698544698544840e+00
-2.557172557172557426e+00
-2.550000000000000266e+00
-2.550000000000000266e+00
-2.558635394456290069e+00
-2.555084745762711940e+00
-2.547770700636942998e+00
-2.550000000000000266e+00
-2.555323590814196244e+00
-2.555323590814196244e+00
-2.555323590814196244e+00
-2.555323590814196244e+00
-2.555323590814196244e+00
-2.555323590814196244e+00
-2.555323590814196244e+00
-2.555323590814196244e+00
