1.763779527559055094e+00
1.730158730158730229e+00
1.696000000000000174e+00
1.661290322580645018e+00
1.614130434782608647e+00
1.594520547945205591e+00
1.545706371191135631e+00
1.500000000000000000e+00
1.482954545454545636e+00
1.417867435158501666e+00
1.372434017595308031e+00
1.343283582089552342e+00
1.276595744680851130e+00
1.229813664596273393e+00
1.184713375796178525e+00
1.133550488599348594e+00
1.083612040133779209e+00
1.013793103448275890e+00
9.515859766277129372e-01
8.814691151919866741e-01
8.113522537562604109e-01
7.212020033388982787e-01
6.210350584307179345e-01
5.108514190317196002e-01
3.505843071786310938e-01
8.013355592654425319e-02
-2.389937106918239351e+00
-2.397565922920892767e+00
-2.395161290322580516e+00
-2.400000000000000355e+00
-2.392996108949416723e+00
-2.397660818713450492e+00
-2.397660818713450492e+00
-2.402343750000000000e+00
-2.390625000000000000e+00
-2.402343750000000000e+00
-2.395303326810175992e+00
-2.395303326810175992e+00
-2.395303326810175992e+00
-2.395303326810175992e+00
-2.390438247011952289e+00
-2.402390438247012039e+00
-2.395303326810175992e+00
-2.400000000000000355e+00
-2.388235294117647012e+00
-2.400000000000000355e+00
-2.400000000000000355e+00
-2.400000000000000355e+00
-2.400000000000000355e+00
-2.400000000000000355e+00
