1.769784172661870603e+00
1.734939759036144613e+00
1.703883495145630977e+00
1.661764705882353033e+00
1.614814814814814925e+00
1.586034912718204737e+00
1.541561712846347687e+00
1.511450381679389166e+00
1.469072164948453718e+00
1.429319371727748811e+00
1.388297872340425565e+00
1.333333333333333259e+00
1.283333333333333437e+00
1.234285714285714430e+00
1.192878338278931860e+00
1.125000000000000000e+00
1.070707070707070718e+00
1.000000000000000000e+00
9.515859766277129372e-01
8.814691151919866741e-01
8.013355592654424209e-01
7.212020033388982787e-01
6.210350584307179345e-01
5.008347245409014992e-01
3.505843071786310938e-01
1.001669449081803026e-01
-1.702838063439065242e-01
-3.260115606936416111e+00
-3.257617728531856383e+00
-3.254794520547945158e+00
-3.262295081967213406e+00
-3.254794520547945158e+00
-3.259459459459459474e+00
-3.269754768392370892e+00
-3.260869565217391131e+00
-3.254794520547945158e+00
-3.269841269841270215e+00
-3.253968253968253954e+00
-3.253968253968253954e+00
-3.253968253968253954e+00
-3.262599469496020976e+00
-3.262599469496020976e+00
-3.262599469496020976e+00
-3.262599469496020976e+00
-3.262599469496020976e+00
-3.262599469496020976e+00
-3.262599469496020976e+00
-3.262599469496020976e+00
-3.271276595744680993e+00
-3.255319148936170137e+00
