1.770773638968481611e+00
1.729106628242075061e+00
1.709302325581395499e+00
1.671554252199413337e+00
1.637982195845697264e+00
1.598802395209580895e+00
1.540785498489426253e+00
1.500000000000000000e+00
1.481481481481481399e+00
1.420560747663551560e+00
1.381703470031545811e+00
1.337579617834395052e+00
1.292604501607717227e+00
1.242718446601941862e+00
1.196078431372549211e+00
1.140983606557377072e+00
1.081967213114754189e+00
1.003278688524590345e+00
9.411764705882352811e-01
8.814691151919866741e-01
8.013355592654424209e-01
7.212020033388982787e-01
6.210350584307179345e-01
5.108514190317196002e-01
3.505843071786310938e-01
7.011686143572622154e-02
-1.722871452420701388e+00
-1.722871452420701388e+00
-1.722871452420701388e+00
-1.722871452420701388e+00
-1.722871452420701388e+00
-1.722871452420701388e+00
-1.722871452420701388e+00
-1.722871452420701388e+00
-1.722871452420701388e+00
-1.722871452420701388e+00
-1.722871452420701388e+00
-1.722871452420701388e+00
-1.722871452420701388e+00
-1.722871452420701388e+00
-1.712854757929883398e+00
-1.722871452420701388e+00
-1.722871452420701388e+00
-1.722871452420701388e+00
-1.722871452420701388e+00
-1.722871452420701388e+00
-1.722871452420701388e+00
-1.722871452420701388e+00
-1.712854757929883398e+00
-1.722871452420701388e+00
