1.771712158808933069e+00
1.724999999999999867e+00
1.707808564231737991e+00
1.659898477157360386e+00
1.615384615384615419e+00
1.585492227979274693e+00
1.554973821989529048e+00
1.507936507936508130e+00
1.463806970509383465e+00
1.422343324250681329e+00
1.379501385041551398e+00
1.338983050847457612e+00
1.283236994219653315e+00
1.246290801186943797e+00
1.196319018404907952e+00
1.134615384615384581e+00
1.074324324324324342e+00
1.029197080291970989e+00
9.515859766277129372e-01
8.814691151919866741e-01
8.113522537562604109e-01
7.212020033388982787e-01
6.210350584307179345e-01
5.008347245409014992e-01
3.505843071786310938e-01
1.001669449081803026e-01
-2.203672787979966685e-01
-2.896039603960395947e+00
-2.890510948905109956e+00
-2.898058252427184733e+00
-2.891566265060240948e+00
-2.891041162227602879e+00
-2.891566265060240948e+00
-2.891041162227602879e+00
-2.891041162227602879e+00
-2.898550724637681153e+00
-2.884057971014493127e+00
-2.894117647058823906e+00
-2.894117647058823906e+00
-2.894117647058823906e+00
-2.886792452830188704e+00
-2.886792452830188704e+00
-2.886792452830188704e+00
-2.886792452830188704e+00
-2.886792452830188704e+00
-2.886792452830188704e+00
-2.886792452830188704e+00
-2.886792452830188704e+00
-2.886792452830188704e+00
-2.886792452830188704e+00
