1.768867924528302105e+00
1.734597156398104190e+00
1.689737470167064659e+00
1.673076923076923128e+00
1.616504854368931987e+00
1.584352078239608774e+00
1.555555555555555580e+00
1.515000000000000124e+00
1.458227848101265822e+00
1.430769230769231015e+00
1.378590078328981949e+00
1.340425531914893664e+00
1.291553133514986351e+00
1.247191011235955216e+00
1.189504373177842744e+00
1.126153846153846283e+00
1.063545150501672198e+00
1.012048192771084265e+00
9.515859766277129372e-01
8.814691151919866741e-01
8.013355592654424209e-01
7.212020033388982787e-01
6.210350584307179345e-01
5.008347245409014992e-01
3.505843071786310938e-01
1.001669449081803026e-01
-1.502504173622704609e-01
-3.806343906510851194e-01
-3.464285714285713969e+00
-3.463556851311953899e+00
-3.468208092485549621e+00
-3.450867052023121495e+00
-3.465517241379310498e+00
-3.458213256484150122e+00
-3.455587392550143022e+00
-3.460869565217391308e+00
-3.468208092485549621e+00
-3.456140350877193512e+00
-3.462184873949579522e+00
-3.462184873949579522e+00
-3.462184873949579522e+00
-3.471910112359550382e+00
-3.455056179775281233e+00
-3.455056179775281233e+00
-3.460869565217391308e+00
-3.455056179775281233e+00
-3.455056179775281233e+00
-3.455056179775281233e+00
-3.455056179775281233e+00
-3.455056179775281233e+00
