1.766871165644172015e+00
1.724999999999999867e+00
1.689873417721519111e+00
1.662420382165605170e+00
1.634615384615384581e+00
1.587096774193548443e+00
1.558441558441558294e+00
1.509803921568627416e+00
1.460526315789473895e+00
1.425742574257425677e+00
1.390728476821192050e+00
1.350993377483443947e+00
1.291390728476821126e+00
1.247524752475247523e+00
1.184210526315789602e+00
1.137254901960784270e+00
1.083870967741935587e+00
1.012738853503184711e+00
9.532710280373831724e-01
8.888888888888888395e-01
8.080808080808080662e-01
7.328244274809160297e-01
6.310517529215359245e-01
5.108514190317196002e-01
3.505843071786310938e-01
5.471124620060790339e-02
-1.061769616026711160e+00
-1.061769616026711160e+00
-1.071786310517529373e+00
-1.061769616026711160e+00
-1.061769616026711160e+00
-1.071786310517529373e+00
-1.061769616026711160e+00
-1.071786310517529373e+00
-1.071786310517529373e+00
-1.061769616026711160e+00
-1.061769616026711160e+00
-1.071786310517529373e+00
-1.071786310517529373e+00
-1.071786310517529373e+00
-1.061769616026711160e+00
-1.061769616026711160e+00
-1.061769616026711160e+00
-1.061769616026711160e+00
-1.061769616026711160e+00
-1.071786310517529373e+00
-1.071786310517529373e+00
-1.071786310517529373e+00
-1.071786310517529373e+00
-1.071786310517529373e+00
