1.766871165644172015e+00
1.724999999999999867e+00
1.695238095238095211e+00
1.650485436893204039e+00
1.629139072847682224e+00
1.590604026845637620e+00
1.555555555555555580e+00
1.520270270270270396e+00
1.459459459459459651e+00
1.418918918918919081e+00
1.378378378378378510e+00
1.333333333333333259e+00
1.284280936454849531e+00
1.235880398671096447e+00
1.184210526315789602e+00
1.129870129870129913e+00
1.073482428115015930e+00
1.015673981191222541e+00
9.570552147239264063e-01
8.916408668730649856e-01
8.108108108108108558e-01
7.384615384615385025e-01
6.116504854368932653e-01
4.695652173913044125e-01
3.505843071786310938e-01
3.592814371257485595e-02
-5.609348914858097723e-01
-5.609348914858097723e-01
-5.609348914858097723e-01
-5.609348914858097723e-01
-5.609348914858097723e-01
-5.609348914858097723e-01
-5.609348914858097723e-01
-5.609348914858097723e-01
-5.609348914858097723e-01
-5.609348914858097723e-01
-5.609348914858097723e-01
-5.709515859766277623e-01
-5.609348914858097723e-01
-5.609348914858097723e-01
-5.609348914858097723e-01
-5.609348914858097723e-01
-5.609348914858097723e-01
-5.609348914858097723e-01
-5.609348914858097723e-01
-5.609348914858097723e-01
-5.609348914858097723e-01
-5.609348914858097723e-01
-5.609348914858097723e-01
-5.609348914858097723e-01
