1.760869565217391575e+00
1.726027397260273988e+00
1.707182320441988921e+00
1.659217877094972149e+00
1.622535211267605471e+00
1.589743589743589869e+00
1.538904899135446813e+00
1.504373177842565745e+00
1.469026548672566435e+00
1.414925373134328312e+00
1.381818181818182056e+00
1.329230769230769438e+00
1.275000000000000133e+00
1.238095238095238138e+00
1.180645161290322598e+00
1.140983606557377072e+00
1.076411960132890533e+00
1.010101010101010166e+00
9.515859766277129372e-01
8.814691151919866741e-01
8.013355592654424209e-01
7.111853088480801777e-01
6.210350584307179345e-01
5.108514190317196002e-01
3.505843071786310938e-01
7.011686143572622154e-02
-2.097297297297297192e+00
-2.108658743633276877e+00
-2.109215017064846709e+00
-2.102564102564102644e+00
-2.106164383561643927e+00
-2.109777015437392933e+00
-2.103092783505154717e+00
-2.103092783505154717e+00
-2.103092783505154717e+00
-2.106712564543889776e+00
-2.106712564543889776e+00
-2.106712564543889776e+00
-2.106712564543889776e+00
-2.106712564543889776e+00
-2.110344827586207117e+00
-2.110344827586207117e+00
-2.110344827586207117e+00
-2.110344827586207117e+00
-2.110344827586207117e+00
-2.110344827586207117e+00
-2.110344827586207117e+00
-2.110344827586207117e+00
-2.110344827586207117e+00
-2.110344827586207117e+00
