1.766871165644172015e+00
1.724999999999999867e+00
1.695238095238095211e+00
1.650485436893204039e+00
1.629139072847682224e+00
1.585284280936454904e+00
1.550335570469798752e+00
1.515151515151515360e+00
1.459459459459459651e+00
1.418918918918919081e+00
1.393939393939394034e+00
1.328859060402684644e+00
1.284280936454849531e+00
1.235880398671096447e+00
1.184210526315789602e+00
1.129870129870129913e+00
1.076923076923077094e+00
1.018867924528301883e+00
9.570552147239264063e-01
8.730650154798761386e-01
8.108108108108108558e-01
7.153846153846155076e-01
6.116504854368932653e-01
5.172413793103448620e-01
3.505843071786310938e-01
3.592814371257485595e-02
-6.110183639398998334e-01
-6.010016694490818434e-01
-6.010016694490818434e-01
-6.010016694490818434e-01
-6.110183639398998334e-01
-6.010016694490818434e-01
-6.010016694490818434e-01
-6.110183639398998334e-01
-6.010016694490818434e-01
-6.010016694490818434e-01
-6.010016694490818434e-01
-6.010016694490818434e-01
-6.110183639398998334e-01
-6.110183639398998334e-01
-6.110183639398998334e-01
-6.110183639398998334e-01
-6.010016694490818434e-01
-6.010016694490818434e-01
-6.010016694490818434e-01
-6.010016694490818434e-01
-6.010016694490818434e-01
-6.010016694490818434e-01
-6.010016694490818434e-01
-6.010016694490818434e-01
