1.767857142857143016e+00
1.735426008968609990e+00
1.693002257336343241e+00
1.663636363636363802e+00
1.620137299771167161e+00
1.593533487297921436e+00
1.548837209302325713e+00
1.510588235294117787e+00
1.467933491686461034e+00
1.416867469879518060e+00
1.378973105134474464e+00
1.331670822942643495e+00
1.285714285714285809e+00
1.244094488188976610e+00
1.196721311475409832e+00
1.133720930232558155e+00
1.067961165048543659e+00
1.018348623853211121e+00
9.515859766277129372e-01
8.814691151919866741e-01
8.013355592654424209e-01
7.212020033388982787e-01
6.210350584307179345e-01
5.008347245409014992e-01
3.505843071786310938e-01
1.101836393989983343e-01
-9.015025041736228484e-02
-2.404006677796327318e-01
-3.906510851419032204e-01
-5.308848080133555802e-01
-7.011686143572621877e-01
-4.329670329670330275e+00
-4.338129496402877372e+00
-4.328571428571429180e+00
-4.340425531914894108e+00
-4.340425531914894108e+00
-4.346289752650177363e+00
-4.328571428571429180e+00
-4.338129496402877372e+00
-4.334600760456273960e+00
-4.336842105263158054e+00
-4.326530612244898322e+00
-4.326530612244898322e+00
-4.341296928327645688e+00
-4.341296928327645688e+00
-4.341296928327645688e+00
-4.341296928327645688e+00
-4.335616438356164615e+00
-4.335616438356164615e+00
-4.335616438356164615e+00
