0.000e+00  2.561e-107  1.168e-06
1.000e+00  1.188e-106  1.168e-06
2.000e+00  6.417e-106  1.168e-06
3.000e+00  3.472e-105  1.168e-06
4.000e+00  1.872e-104  1.168e-06
5.000e+00  1.005e-103  1.168e-06
6.000e+00  5.378e-103  1.168e-06
7.000e+00  2.866e-102  1.168e-06
8.000e+00  1.521e-101  1.168e-06
9.000e+00  8.042e-101  1.168e-06
1.000e+01  4.235e-100  1.168e-06
1.100e+01  2.221e-99  1.168e-06
1.200e+01  1.160e-98  1.168e-06
1.300e+01  6.035e-98  1.168e-06
1.400e+01  3.127e-97  1.168e-06
1.500e+01  1.613e-96  1.168e-06
1.600e+01  8.290e-96  1.168e-06
1.700e+01  4.242e-95  1.168e-06
1.800e+01  2.161e-94  1.168e-06
1.900e+01  1.097e-93  1.168e-06
2.000e+01  5.540e-93  1.168e-06
2.100e+01  2.787e-92  1.168e-06
2.200e+01  1.396e-91  1.168e-06
2.300e+01  6.961e-91  1.168e-06
2.400e+01  3.456e-90  1.168e-06
2.500e+01  1.708e-89  1.168e-06
2.600e+01  8.408e-89  1.168e-06
2.700e+01  4.119e-88  1.168e-06
2.800e+01  2.009e-87  1.168e-06
2.900e+01  9.755e-87  1.168e-06
3.000e+01  4.715e-86  1.168e-06
3.100e+01  2.268e-85  1.168e-06
3.200e+01  1.086e-84  1.168e-06
3.300e+01  5.177e-84  1.168e-06
3.400e+01  2.456e-83  1.168e-06
3.500e+01  1.160e-82  1.168e-06
3.600e+01  5.451e-82  1.168e-06
3.700e+01  2.550e-81  1.168e-06
3.800e+01  1.187e-80  1.168e-06
3.900e+01  5.497e-80  1.168e-06
4.000e+01  2.534e-79  1.168e-06
4.100e+01  1.162e-78  1.168e-06
4.200e+01  5.306e-78  1.168e-06
4.300e+01  2.410e-77  1.168e-06
4.400e+01  1.089e-76  1.168e-06
4.500e+01  4.897e-76  1.168e-06
4.600e+01  2.191e-75  1.168e-06
4.700e+01  9.753e-75  1.168e-06
4.800e+01  4.319e-74  1.168e-06
4.900e+01  1.903e-73  1.168e-06
5.000e+01  8.340e-73  1.168e-06
5.100e+01  3.636e-72  1.168e-06
5.200e+01  1.577e-71  1.168e-06
5.300e+01  6.804e-71  1.168e-06
5.400e+01  2.920e-70  1.168e-06
5.500e+01  1.246e-69  1.168e-06
5.600e+01  5.292e-69  1.168e-06
5.700e+01  2.235e-68  1.168e-06
5.800e+01  9.387e-68  1.168e-06
5.900e+01  3.921e-67  1.168e-06
6.000e+01  1.629e-66  1.168e-06
6.100e+01  6.730e-66  1.168e-06
6.200e+01  2.765e-65  1.168e-06
6.300e+01  1.130e-64  1.168e-06
6.400e+01  4.591e-64  1.168e-06
6.500e+01  1.855e-63  1.168e-06
6.600e+01  7.452e-63  1.168e-06
6.700e+01  2.977e-62  1.168e-06
6.800e+01  1.182e-61  1.168e-06
6.900e+01  4.671e-61  1.168e-06
7.000e+01  1.834e-60  1.168e-06
7.100e+01  7.162e-60  1.168e-06
7.200e+01  2.781e-59  1.168e-06
7.300e+01  1.073e-58  1.168e-06
7.400e+01  4.119e-58  1.168e-06
7.500e+01  1.572e-57  1.168e-06
7.600e+01  5.963e-57  1.168e-06
7.700e+01  2.249e-56  1.168e-06
7.800e+01  8.435e-56  1.168e-06
7.900e+01  3.145e-55  1.168e-06
8.000e+01  1.166e-54  1.168e-06
8.100e+01  4.297e-54  1.168e-06
8.200e+01  1.575e-53  1.168e-06
8.300e+01  5.738e-53  1.168e-06
8.400e+01  2.079e-52  1.168e-06
8.500e+01  7.491e-52  1.168e-06
8.600e+01  2.684e-51  1.168e-06
8.700e+01  9.563e-51  1.168e-06
8.800e+01  3.389e-50  1.168e-06
8.900e+01  1.194e-49  1.168e-06
9.000e+01  4.187e-49  1.168e-06
9.100e+01  1.460e-48  1.168e-06
9.200e+01  5.065e-48  1.168e-06
9.300e+01  1.748e-47  1.168e-06
9.400e+01  6.006e-47  1.168e-06
9.500e+01  2.053e-46  1.168e-06
9.600e+01  6.986e-46  1.168e-06
9.700e+01  2.367e-45  1.168e-06
9.800e+01  7.983e-45  1.168e-06
9.900e+01  2.682e-44  1.168e-06
1.000e+02  8.973e-44  1.168e-06
1.010e+02  2.991e-43  1.168e-06
1.020e+02  9.939e-43  1.168e-06
1.030e+02  3.291e-42  1.168e-06
1.040e+02  1.087e-41  1.168e-06
1.050e+02  3.579e-41  1.168e-06
1.060e+02  1.176e-40  1.168e-06
1.070e+02  3.856e-40  1.168e-06
1.080e+02  1.262e-39  1.168e-06
1.090e+02  4.123e-39  1.168e-06
1.100e+02  1.345e-38  1.168e-06
1.110e+02  4.387e-38  1.168e-06
1.120e+02  1.429e-37  1.168e-06
1.130e+02  4.654e-37  1.168e-06
1.140e+02  1.515e-36  1.168e-06
1.150e+02  4.934e-36  1.168e-06
1.160e+02  1.607e-35  1.168e-06
1.170e+02  5.236e-35  1.168e-06
1.180e+02  1.707e-34  1.168e-06
1.190e+02  5.569e-34  1.168e-06
1.200e+02  1.818e-33  1.168e-06
1.210e+02  5.943e-33  1.168e-06
1.220e+02  1.945e-32  1.168e-06
1.230e+02  6.369e-32  1.168e-06
1.240e+02  2.089e-31  1.168e-06
1.250e+02  6.859e-31  1.168e-06
1.260e+02  2.255e-30  1.168e-06
1.270e+02  7.425e-30  1.168e-06
1.280e+02  2.448e-29  1.168e-06
1.290e+02  8.082e-29  1.168e-06
1.300e+02  2.672e-28  1.168e-06
1.310e+02  8.847e-28  1.168e-06
1.320e+02  2.934e-27  1.168e-06
1.330e+02  9.744e-27  1.168e-06
1.340e+02  3.241e-26  1.168e-06
1.350e+02  1.080e-25  1.168e-06
1.360e+02  3.603e-25  1.168e-06
1.370e+02  1.204e-24  1.168e-06
1.380e+02  4.031e-24  1.168e-06
1.390e+02  1.352e-23  1.168e-06
1.400e+02  4.540e-23  1.168e-06
1.410e+02  1.528e-22  1.168e-06
1.420e+02  5.149e-22  1.168e-06
1.430e+02  1.738e-21  1.168e-06
1.440e+02  5.879e-21  1.168e-06
1.450e+02  1.992e-20  1.168e-06
1.460e+02  6.761e-20  1.168e-06
1.470e+02  2.299e-19  1.168e-06
1.480e+02  7.830e-19  1.168e-06
1.490e+02  2.672e-18  1.168e-06
1.500e+02  9.132e-18  1.168e-06
1.510e+02  3.127e-17  1.168e-06
1.520e+02  1.072e-16  1.168e-06
1.530e+02  3.684e-16  1.168e-06
1.540e+02  1.268e-15  1.168e-06
1.550e+02  4.368e-15  1.168e-06
1.560e+02  1.508e-14  1.168e-06
1.570e+02  5.210e-14  1.168e-06
1.580e+02  1.802e-13  1.168e-06
1.590e+02  6.242e-13  1.168e-06
1.600e+02  2.163e-12  1.168e-06
1.610e+02  7.493e-12  1.169e-06
1.620e+02  2.595e-11  1.170e-06
1.630e+02  8.967e-11  1.172e-06
1.640e+02  3.088e-10  1.175e-06
1.650e+02  1.056e-09  1.183e-06
1.660e+02  3.575e-09  1.198e-06
1.670e+02  1.188e-08  1.225e-06
1.680e+02  3.833e-08  1.274e-06
1.690e+02  1.183e-07  1.363e-06
1.700e+02  3.435e-07  1.518e-06
1.710e+02  9.252e-07  1.785e-06
1.720e+02  2.301e-06  2.237e-06
1.730e+02  5.310e-06  2.980e-06
1.740e+02  1.148e-05  4.176e-06
1.750e+02  2.347e-05  6.063e-06
1.760e+02  4.580e-05  8.983e-06
1.770e+02  8.584e-05  1.342e-05
1.780e+02  1.553e-04  2.005e-05
1.790e+02  2.723e-04  2.977e-05
1.800e+02  4.640e-04  4.376e-05
1.810e+02  7.703e-04  6.351e-05
1.820e+02  1.248e-03  9.089e-05
1.830e+02  1.976e-03  1.281e-04
1.840e+02  3.061e-03  1.777e-04
1.850e+02  4.643e-03  2.423e-04
1.860e+02  6.905e-03  3.251e-04
1.870e+02  1.007e-02  4.286e-04
1.880e+02  1.441e-02  5.555e-04
1.890e+02  2.026e-02  7.075e-04
1.900e+02  2.796e-02  8.855e-04
1.910e+02  3.794e-02  1.089e-03
1.920e+02  5.061e-02  1.316e-03
1.930e+02  6.640e-02  1.563e-03
1.940e+02  8.572e-02  1.824e-03
1.950e+02  1.089e-01  2.092e-03
1.960e+02  1.362e-01  2.357e-03
1.970e+02  1.679e-01  2.609e-03
1.980e+02  2.038e-01  2.839e-03
1.990e+02  2.439e-01  3.034e-03
2.000e+02  2.879e-01  3.187e-03
2.010e+02  3.352e-01  3.289e-03
2.020e+02  3.851e-01  3.336e-03
2.030e+02  4.370e-01  3.325e-03
2.040e+02  4.900e-01  3.257e-03
2.050e+02  5.430e-01  3.135e-03
2.060e+02  5.952e-01  2.966e-03
2.070e+02  6.457e-01  2.759e-03
2.080e+02  6.937e-01  2.521e-03
2.090e+02  7.385e-01  2.266e-03
2.100e+02  7.796e-01  2.001e-03
2.110e+02  8.167e-01  1.738e-03
2.120e+02  8.496e-01  1.484e-03
2.130e+02  8.782e-01  1.246e-03
2.140e+02  9.028e-01  1.029e-03
2.150e+02  9.234e-01  8.356e-04
2.160e+02  9.405e-01  6.676e-04
2.170e+02  9.545e-01  5.247e-04
2.180e+02  9.656e-01  4.057e-04
2.190e+02  9.744e-01  3.088e-04
2.200e+02  9.812e-01  2.312e-04
2.210e+02  9.864e-01  1.705e-04
2.220e+02  9.903e-01  1.237e-04
2.230e+02  9.932e-01  8.840e-05
2.240e+02  9.953e-01  6.220e-05
2.250e+02  9.968e-01  4.310e-05
2.260e+02  9.978e-01  2.942e-05
2.270e+02  9.986e-01  1.979e-05
2.280e+02  9.991e-01  1.311e-05
2.290e+02  9.994e-01  8.559e-06
2.300e+02  9.996e-01  5.508e-06
2.310e+02  9.998e-01  3.494e-06
2.320e+02  9.998e-01  2.185e-06
2.330e+02  9.999e-01  1.347e-06
2.340e+02  9.999e-01  8.187e-07
2.350e+02  1.000e+00  4.909e-07
2.360e+02  1.000e+00  2.903e-07
2.370e+02  1.000e+00  1.693e-07
2.380e+02  1.000e+00  9.745e-08
2.390e+02  1.000e+00  5.534e-08
2.400e+02  1.000e+00  3.101e-08
2.410e+02  1.000e+00  1.715e-08
2.420e+02  1.000e+00  9.360e-09
2.430e+02  1.000e+00  5.044e-09
2.440e+02  1.000e+00  2.683e-09
2.450e+02  1.000e+00  1.409e-09
2.460e+02  1.000e+00  7.309e-10
2.470e+02  1.000e+00  3.744e-10
2.480e+02  1.000e+00  1.894e-10
2.490e+02  1.000e+00  9.467e-11
2.500e+02  1.000e+00  4.674e-11
2.510e+02  1.000e+00  2.280e-11
2.520e+02  1.000e+00  1.099e-11
2.530e+02  1.000e+00  5.235e-12
2.540e+02  1.000e+00  2.464e-12
2.550e+02  1.000e+00  1.147e-12
2.560e+02  1.000e+00  5.275e-13
2.570e+02  1.000e+00  2.399e-13
2.580e+02  1.000e+00  1.078e-13
2.590e+02  1.000e+00  4.795e-14
2.600e+02  1.000e+00  2.108e-14
2.610e+02  1.000e+00  9.166e-15
2.620e+02  1.000e+00  3.942e-15
2.630e+02  1.000e+00  1.677e-15
2.640e+02  1.000e+00  7.059e-16
2.650e+02  1.000e+00  2.940e-16
2.660e+02  1.000e+00  1.211e-16
2.670e+02  1.000e+00  4.939e-17
2.680e+02  1.000e+00  1.993e-17
2.690e+02  1.000e+00  7.961e-18
2.700e+02  1.000e+00  3.148e-18
2.710e+02  1.000e+00  1.232e-18
2.720e+02  1.000e+00  4.773e-19
2.730e+02  1.000e+00  1.831e-19
2.740e+02  1.000e+00  6.956e-20
2.750e+02  1.000e+00  2.617e-20
2.760e+02  1.000e+00  9.749e-21
2.770e+02  1.000e+00  3.597e-21
2.780e+02  1.000e+00  1.315e-21
2.790e+02  1.000e+00  4.760e-22
2.800e+02  1.000e+00  1.708e-22
2.810e+02  1.000e+00  6.069e-23
2.820e+02  1.000e+00  2.137e-23
2.830e+02  1.000e+00  7.457e-24
2.840e+02  1.000e+00  2.579e-24
2.850e+02  1.000e+00  8.838e-25
2.860e+02  1.000e+00  3.002e-25
2.870e+02  1.000e+00  1.011e-25
2.880e+02  1.000e+00  3.375e-26
2.890e+02  1.000e+00  1.117e-26
2.900e+02  1.000e+00  3.665e-27
2.910e+02  1.000e+00  1.192e-27
2.920e+02  1.000e+00  3.846e-28
2.930e+02  1.000e+00  1.231e-28
2.940e+02  1.000e+00  3.904e-29
2.950e+02  1.000e+00  1.229e-29
2.960e+02  1.000e+00  3.835e-30
2.970e+02  1.000e+00  1.188e-30
2.980e+02  1.000e+00  3.648e-31
2.990e+02  1.000e+00  1.112e-31
3.000e+02  1.000e+00  3.361e-32
3.010e+02  1.000e+00  1.008e-32
3.020e+02  1.000e+00  3.002e-33
3.030e+02  1.000e+00  8.869e-34
3.040e+02  1.000e+00  2.600e-34
3.050e+02  1.000e+00  7.567e-35
3.060e+02  1.000e+00  2.186e-35
3.070e+02  1.000e+00  6.266e-36
3.080e+02  1.000e+00  1.783e-36
3.090e+02  1.000e+00  5.038e-37
3.100e+02  1.000e+00  1.413e-37
3.110e+02  1.000e+00  3.936e-38
3.120e+02  1.000e+00  1.088e-38
3.130e+02  1.000e+00  2.989e-39
3.140e+02  1.000e+00  8.150e-40
3.150e+02  1.000e+00  2.207e-40
3.160e+02  1.000e+00  5.936e-41
3.170e+02  1.000e+00  1.586e-41
3.180e+02  1.000e+00  4.207e-42
3.190e+02  1.000e+00  1.109e-42
3.200e+02  1.000e+00  2.903e-43
3.210e+02  1.000e+00  7.550e-44
3.220e+02  1.000e+00  1.951e-44
3.230e+02  1.000e+00  5.008e-45
3.240e+02  1.000e+00  1.278e-45
3.250e+02  1.000e+00  3.238e-46
3.260e+02  1.000e+00  8.156e-47
3.270e+02  1.000e+00  2.041e-47
3.280e+02  1.000e+00  5.077e-48
3.290e+02  1.000e+00  1.255e-48
3.300e+02  1.000e+00  3.084e-49
3.310e+02  1.000e+00  7.532e-50
3.320e+02  1.000e+00  1.828e-50
3.330e+02  1.000e+00  4.412e-51
3.340e+02  1.000e+00  1.058e-51
3.350e+02  1.000e+00  2.524e-52
3.360e+02  1.000e+00  5.984e-53
3.370e+02  1.000e+00  1.411e-53
3.380e+02  1.000e+00  3.306e-54
3.390e+02  1.000e+00  7.704e-55
3.400e+02  1.000e+00  1.785e-55
3.410e+02  1.000e+00  4.114e-56
3.420e+02  1.000e+00  9.428e-57
3.430e+02  1.000e+00  2.149e-57
3.440e+02  1.000e+00  4.870e-58
3.450e+02  1.000e+00  1.098e-58
3.460e+02  1.000e+00  2.462e-59
3.470e+02  1.000e+00  5.490e-60
3.480e+02  1.000e+00  1.218e-60
3.490e+02  1.000e+00  2.688e-61
3.500e+02  1.000e+00  5.901e-62
3.510e+02  1.000e+00  1.289e-62
3.520e+02  1.000e+00  2.801e-63
3.530e+02  1.000e+00  6.054e-64
3.540e+02  1.000e+00  1.302e-64
3.550e+02  1.000e+00  2.787e-65
3.560e+02  1.000e+00  5.935e-66
3.570e+02  1.000e+00  1.258e-66
3.580e+02  1.000e+00  2.652e-67
3.590e+02  1.000e+00  5.565e-68
3.600e+02  1.000e+00  1.162e-68
3.610e+02  1.000e+00  2.415e-69
3.620e+02  1.000e+00  4.996e-70
3.630e+02  1.000e+00  1.029e-70
3.640e+02  1.000e+00  2.108e-71
3.650e+02  1.000e+00  4.299e-72
3.660e+02  1.000e+00  8.727e-73
3.670e+02  1.000e+00  1.764e-73
3.680e+02  1.000e+00  3.548e-74
3.690e+02  1.000e+00  7.106e-75
3.700e+02  1.000e+00  1.417e-75
3.710e+02  1.000e+00  2.812e-76
3.720e+02  1.000e+00  5.558e-77
3.730e+02  1.000e+00  1.094e-77
3.740e+02  1.000e+00  2.142e-78
3.750e+02  1.000e+00  4.179e-79
3.760e+02  1.000e+00  8.116e-80
3.770e+02  1.000e+00  1.570e-80
3.780e+02  1.000e+00  3.023e-81
3.790e+02  1.000e+00  5.798e-82
3.800e+02  1.000e+00  1.107e-82
3.810e+02  1.000e+00  2.106e-83
3.820e+02  1.000e+00  3.990e-84
3.830e+02  1.000e+00  7.527e-85
3.840e+02  1.000e+00  1.414e-85
3.850e+02  1.000e+00  2.647e-86
3.860e+02  1.000e+00  4.934e-87
3.870e+02  1.000e+00  9.160e-88
3.880e+02  1.000e+00  1.694e-88
3.890e+02  1.000e+00  3.121e-89
3.900e+02  1.000e+00  5.727e-90
3.910e+02  1.000e+00  1.047e-90
3.920e+02  1.000e+00  1.907e-91
3.930e+02  1.000e+00  3.459e-92
3.940e+02  1.000e+00  6.252e-93
3.950e+02  1.000e+00  1.126e-93
3.960e+02  1.000e+00  2.020e-94
3.970e+02  1.000e+00  3.610e-95
3.980e+02  1.000e+00  6.430e-96
3.990e+02  1.000e+00  1.147e-96
4.000e+02  1.000e+00  2.372e-97
