0.000e+00  1.541e-72  1.052e-18
1.000e+00  4.735e-72  1.052e-18
2.000e+00  1.775e-71  1.052e-18
3.000e+00  6.762e-71  1.052e-18
4.000e+00  2.580e-70  1.052e-18
5.000e+00  9.849e-70  1.052e-18
6.000e+00  3.762e-69  1.052e-18
7.000e+00  1.437e-68  1.052e-18
8.000e+00  5.495e-68  1.052e-18
9.000e+00  2.101e-67  1.052e-18
1.000e+01  8.040e-67  1.052e-18
1.100e+01  3.078e-66  1.052e-18
1.200e+01  1.179e-65  1.052e-18
1.300e+01  4.515e-65  1.052e-18
1.400e+01  1.730e-64  1.052e-18
1.500e+01  6.635e-64  1.052e-18
1.600e+01  2.545e-63  1.052e-18
1.700e+01  9.766e-63  1.052e-18
1.800e+01  3.749e-62  1.052e-18
1.900e+01  1.440e-61  1.052e-18
2.000e+01  5.531e-61  1.052e-18
2.100e+01  2.126e-60  1.052e-18
2.200e+01  8.172e-60  1.052e-18
2.300e+01  3.143e-59  1.052e-18
2.400e+01  1.209e-58  1.052e-18
2.500e+01  4.654e-58  1.052e-18
2.600e+01  1.792e-57  1.052e-18
2.700e+01  6.901e-57  1.052e-18
2.800e+01  2.659e-56  1.052e-18
2.900e+01  1.025e-55  1.052e-18
3.000e+01  3.951e-55  1.052e-18
3.100e+01  1.524e-54  1.052e-18
3.200e+01  5.879e-54  1.052e-18
3.300e+01  2.269e-53  1.052e-18
3.400e+01  8.759e-53  1.052e-18
3.500e+01  3.383e-52  1.052e-18
3.600e+01  1.307e-51  1.052e-18
3.700e+01  5.049e-51  1.052e-18
3.800e+01  1.952e-50  1.052e-18
3.900e+01  7.547e-50  1.052e-18
4.000e+01  2.919e-49  1.052e-18
4.100e+01  1.129e-48  1.052e-18
4.200e+01  4.370e-48  1.052e-18
4.300e+01  1.692e-47  1.052e-18
4.400e+01  6.551e-47  1.052e-18
4.500e+01  2.538e-46  1.052e-18
4.600e+01  9.832e-46  1.052e-18
4.700e+01  3.810e-45  1.052e-18
4.800e+01  1.477e-44  1.052e-18
4.900e+01  5.728e-44  1.052e-18
5.000e+01  2.222e-43  1.052e-18
5.100e+01  8.620e-43  1.052e-18
5.200e+01  3.345e-42  1.052e-18
5.300e+01  1.298e-41  1.052e-18
5.400e+01  5.042e-41  1.052e-18
5.500e+01  1.958e-40  1.052e-18
5.600e+01  7.607e-40  1.052e-18
5.700e+01  2.956e-39  1.052e-18
5.800e+01  1.149e-38  1.052e-18
5.900e+01  4.467e-38  1.052e-18
6.000e+01  1.737e-37  1.052e-18
6.100e+01  6.756e-37  1.052e-18
6.200e+01  2.628e-36  1.052e-18
6.300e+01  1.023e-35  1.052e-18
6.400e+01  3.981e-35  1.052e-18
6.500e+01  1.550e-34  1.052e-18
6.600e+01  6.036e-34  1.052e-18
6.700e+01  2.351e-33  1.052e-18
6.800e+01  9.159e-33  1.052e-18
6.900e+01  3.569e-32  1.052e-18
7.000e+01  1.391e-31  1.052e-18
7.100e+01  5.423e-31  1.052e-18
7.200e+01  2.115e-30  1.052e-18
7.300e+01  8.248e-30  1.052e-18
7.400e+01  3.218e-29  1.052e-18
7.500e+01  1.255e-28  1.052e-18
7.600e+01  4.900e-28  1.052e-18
7.700e+01  1.913e-27  1.052e-18
7.800e+01  7.467e-27  1.052e-18
7.900e+01  2.916e-26  1.052e-18
8.000e+01  1.139e-25  1.052e-18
8.100e+01  4.448e-25  1.052e-18
8.200e+01  1.738e-24  1.052e-18
8.300e+01  6.789e-24  1.052e-18
8.400e+01  2.651e-23  1.053e-18
8.500e+01  1.035e-22  1.053e-18
8.600e+01  4.032e-22  1.055e-18
8.700e+01  1.566e-21  1.058e-18
8.800e+01  6.040e-21  1.064e-18
8.900e+01  2.297e-20  1.078e-18
9.000e+01  8.499e-20  1.105e-18
9.100e+01  2.994e-19  1.158e-18
9.200e+01  9.784e-19  1.261e-18
9.300e+01  2.915e-18  1.461e-18
9.400e+01  7.924e-18  1.836e-18
9.500e+01  1.993e-17  2.514e-18
9.600e+01  4.712e-17  3.715e-18
9.700e+01  1.061e-16  5.824e-18
9.800e+01  2.300e-16  9.515e-18
9.900e+01  4.830e-16  1.597e-17
1.000e+02  9.884e-16  2.728e-17
1.010e+02  1.978e-15  4.705e-17
1.020e+02  3.885e-15  8.161e-17
1.030e+02  7.502e-15  1.418e-16
1.040e+02  1.427e-14  2.464e-16
1.050e+02  2.677e-14  4.274e-16
1.060e+02  4.961e-14  7.389e-16
1.070e+02  9.087e-14  1.273e-15
1.080e+02  1.647e-13  2.182e-15
1.090e+02  2.953e-13  3.723e-15
1.100e+02  5.247e-13  6.318e-15
1.110e+02  9.239e-13  1.066e-14
1.120e+02  1.612e-12  1.790e-14
1.130e+02  2.791e-12  2.986e-14
1.140e+02  4.792e-12  4.953e-14
1.150e+02  8.164e-12  8.167e-14
1.160e+02  1.380e-11  1.339e-13
1.170e+02  2.317e-11  2.181e-13
1.180e+02  3.861e-11  3.532e-13
1.190e+02  6.390e-11  5.687e-13
1.200e+02  1.050e-10  9.100e-13
1.210e+02  1.715e-10  1.448e-12
1.220e+02  2.782e-10  2.289e-12
1.230e+02  4.483e-10  3.599e-12
1.240e+02  7.178e-10  5.625e-12
1.250e+02  1.142e-09  8.740e-12
1.260e+02  1.806e-09  1.350e-11
1.270e+02  2.839e-09  2.073e-11
1.280e+02  4.436e-09  3.165e-11
1.290e+02  6.889e-09  4.805e-11
1.300e+02  1.063e-08  7.252e-11
1.310e+02  1.632e-08  1.088e-10
1.320e+02  2.490e-08  1.624e-10
1.330e+02  3.778e-08  2.409e-10
1.340e+02  5.698e-08  3.554e-10
1.350e+02  8.545e-08  5.214e-10
1.360e+02  1.274e-07  7.605e-10
1.370e+02  1.890e-07  1.103e-09
1.380e+02  2.786e-07  1.591e-09
1.390e+02  4.086e-07  2.282e-09
1.400e+02  5.959e-07  3.255e-09
1.410e+02  8.642e-07  4.616e-09
1.420e+02  1.247e-06  6.511e-09
1.430e+02  1.788e-06  9.132e-09
1.440e+02  2.551e-06  1.274e-08
1.450e+02  3.620e-06  1.767e-08
1.460e+02  5.110e-06  2.438e-08
1.470e+02  7.173e-06  3.344e-08
1.480e+02  1.002e-05  4.563e-08
1.490e+02  1.391e-05  6.191e-08
1.500e+02  1.922e-05  8.354e-08
1.510e+02  2.641e-05  1.121e-07
1.520e+02  3.610e-05  1.496e-07
1.530e+02  4.909e-05  1.986e-07
1.540e+02  6.640e-05  2.622e-07
1.550e+02  8.934e-05  3.442e-07
1.560e+02  1.196e-04  4.494e-07
1.570e+02  1.592e-04  5.836e-07
1.580e+02  2.109e-04  7.536e-07
1.590e+02  2.780e-04  9.680e-07
1.600e+02  3.645e-04  1.236e-06
1.610e+02  4.754e-04  1.571e-06
1.620e+02  6.169e-04  1.985e-06
1.630e+02  7.964e-04  2.494e-06
1.640e+02  1.023e-03  3.117e-06
1.650e+02  1.307e-03  3.874e-06
1.660e+02  1.662e-03  4.789e-06
1.670e+02  2.102e-03  5.888e-06
1.680e+02  2.646e-03  7.200e-06
1.690e+02  3.314e-03  8.755e-06
1.700e+02  4.129e-03  1.059e-05
1.710e+02  5.119e-03  1.274e-05
1.720e+02  6.316e-03  1.524e-05
1.730e+02  7.753e-03  1.813e-05
1.740e+02  9.471e-03  2.145e-05
1.750e+02  1.151e-02  2.525e-05
1.760e+02  1.393e-02  2.955e-05
1.770e+02  1.676e-02  3.440e-05
1.780e+02  2.008e-02  3.983e-05
1.790e+02  2.394e-02  4.586e-05
1.800e+02  2.840e-02  5.252e-05
1.810e+02  3.353e-02  5.981e-05
1.820e+02  3.941e-02  6.775e-05
1.830e+02  4.609e-02  7.632e-05
1.840e+02  5.365e-02  8.551e-05
1.850e+02  6.217e-02  9.528e-05
1.860e+02  7.170e-02  1.056e-04
1.870e+02  8.232e-02  1.164e-04
1.880e+02  9.408e-02  1.276e-04
1.890e+02  1.070e-01  1.391e-04
1.900e+02  1.212e-01  1.508e-04
1.910e+02  1.367e-01  1.626e-04
1.920e+02  1.534e-01  1.743e-04
1.930e+02  1.715e-01  1.859e-04
1.940e+02  1.909e-01  1.972e-04
1.950e+02  2.115e-01  2.080e-04
1.960e+02  2.334e-01  2.183e-04
1.970e+02  2.565e-01  2.278e-04
1.980e+02  2.808e-01  2.363e-04
1.990e+02  3.061e-01  2.439e-04
2.000e+02  3.323e-01  2.504e-04
2.010e+02  3.594e-01  2.556e-04
2.020e+02  3.872e-01  2.595e-04
2.030e+02  4.156e-01  2.620e-04
2.040e+02  4.445e-01  2.631e-04
2.050e+02  4.736e-01  2.628e-04
2.060e+02  5.029e-01  2.610e-04
2.070e+02  5.321e-01  2.579e-04
2.080e+02  5.612e-01  2.534e-04
2.090e+02  5.900e-01  2.476e-04
2.100e+02  6.182e-01  2.406e-04
2.110e+02  6.459e-01  2.326e-04
2.120e+02  6.728e-01  2.236e-04
2.130e+02  6.988e-01  2.138e-04
2.140e+02  7.238e-01  2.033e-04
2.150e+02  7.478e-01  1.922e-04
2.160e+02  7.706e-01  1.808e-04
2.170e+02  7.922e-01  1.692e-04
2.180e+02  8.126e-01  1.574e-04
2.190e+02  8.317e-01  1.457e-04
2.200e+02  8.494e-01  1.341e-04
2.210e+02  8.659e-01  1.228e-04
2.220e+02  8.811e-01  1.118e-04
2.230e+02  8.950e-01  1.012e-04
2.240e+02  9.077e-01  9.120e-05
2.250e+02  9.192e-01  8.171e-05
2.260e+02  9.296e-01  7.282e-05
2.270e+02  9.390e-01  6.455e-05
2.280e+02  9.473e-01  5.692e-05
2.290e+02  9.547e-01  4.992e-05
2.300e+02  9.612e-01  4.355e-05
2.310e+02  9.670e-01  3.779e-05
2.320e+02  9.720e-01  3.262e-05
2.330e+02  9.764e-01  2.801e-05
2.340e+02  9.802e-01  2.392e-05
2.350e+02  9.834e-01  2.032e-05
2.360e+02  9.862e-01  1.717e-05
2.370e+02  9.886e-01  1.444e-05
2.380e+02  9.906e-01  1.207e-05
2.390e+02  9.923e-01  1.005e-05
2.400e+02  9.937e-01  8.313e-06
2.410e+02  9.949e-01  6.845e-06
2.420e+02  9.958e-01  5.606e-06
2.430e+02  9.967e-01  4.568e-06
2.440e+02  9.973e-01  3.703e-06
2.450e+02  9.979e-01  2.986e-06
2.460e+02  9.983e-01  2.396e-06
2.470e+02  9.987e-01  1.912e-06
2.480e+02  9.989e-01  1.519e-06
2.490e+02  9.992e-01  1.200e-06
2.500e+02  9.994e-01  9.432e-07
2.510e+02  9.995e-01  7.376e-07
2.520e+02  9.996e-01  5.740e-07
2.530e+02  9.997e-01  4.444e-07
2.540e+02  9.998e-01  3.423e-07
2.550e+02  9.998e-01  2.623e-07
2.560e+02  9.999e-01  2.001e-07
2.570e+02  9.999e-01  1.518e-07
2.580e+02  9.999e-01  1.146e-07
2.590e+02  9.999e-01  8.609e-08
2.600e+02  1.000e+00  6.435e-08
2.610e+02  1.000e+00  4.786e-08
2.620e+02  1.000e+00  3.542e-08
2.630e+02  1.000e+00  2.609e-08
2.640e+02  1.000e+00  1.912e-08
2.650e+02  1.000e+00  1.394e-08
2.660e+02  1.000e+00  1.012e-08
2.670e+02  1.000e+00  7.306e-09
2.680e+02  1.000e+00  5.250e-09
2.690e+02  1.000e+00  3.754e-09
2.700e+02  1.000e+00  2.672e-09
2.710e+02  1.000e+00  1.892e-09
2.720e+02  1.000e+00  1.334e-09
2.730e+02  1.000e+00  9.353e-10
2.740e+02  1.000e+00  6.529e-10
2.750e+02  1.000e+00  4.535e-10
2.760e+02  1.000e+00  3.135e-10
2.770e+02  1.000e+00  2.157e-10
2.780e+02  1.000e+00  1.477e-10
2.790e+02  1.000e+00  1.007e-10
2.800e+02  1.000e+00  6.828e-11
2.810e+02  1.000e+00  4.609e-11
2.820e+02  1.000e+00  3.097e-11
2.830e+02  1.000e+00  2.071e-11
2.840e+02  1.000e+00  1.378e-11
2.850e+02  1.000e+00  9.130e-12
2.860e+02  1.000e+00  6.020e-12
2.870e+02  1.000e+00  3.951e-12
2.880e+02  1.000e+00  2.581e-12
2.890e+02  1.000e+00  1.678e-12
2.900e+02  1.000e+00  1.086e-12
2.910e+02  1.000e+00  6.996e-13
2.920e+02  1.000e+00  4.486e-13
2.930e+02  1.000e+00  2.863e-13
2.940e+02  1.000e+00  1.819e-13
2.950e+02  1.000e+00  1.150e-13
2.960e+02  1.000e+00  7.243e-14
2.970e+02  1.000e+00  4.539e-14
2.980e+02  1.000e+00  2.831e-14
2.990e+02  1.000e+00  1.758e-14
3.000e+02  1.000e+00  1.087e-14
3.010e+02  1.000e+00  6.689e-15
3.020e+02  1.000e+00  4.098e-15
3.030e+02  1.000e+00  2.499e-15
3.040e+02  1.000e+00  1.517e-15
3.050e+02  1.000e+00  9.172e-16
3.060e+02  1.000e+00  5.519e-16
3.070e+02  1.000e+00  3.306e-16
3.080e+02  1.000e+00  1.972e-16
3.090e+02  1.000e+00  1.171e-16
3.100e+02  1.000e+00  6.922e-17
3.110e+02  1.000e+00  4.074e-17
3.120e+02  1.000e+00  2.387e-17
3.130e+02  1.000e+00  1.393e-17
3.140e+02  1.000e+00  8.089e-18
3.150e+02  1.000e+00  4.678e-18
3.160e+02  1.000e+00  2.694e-18
3.170e+02  1.000e+00  1.544e-18
3.180e+02  1.000e+00  8.815e-19
3.190e+02  1.000e+00  5.010e-19
3.200e+02  1.000e+00  2.835e-19
3.210e+02  1.000e+00  1.598e-19
3.220e+02  1.000e+00  8.963e-20
3.230e+02  1.000e+00  5.007e-20
3.240e+02  1.000e+00  2.786e-20
3.250e+02  1.000e+00  1.543e-20
3.260e+02  1.000e+00  8.511e-21
3.270e+02  1.000e+00  4.674e-21
3.280e+02  1.000e+00  2.556e-21
3.290e+02  1.000e+00  1.392e-21
3.300e+02  1.000e+00  7.551e-22
3.310e+02  1.000e+00  4.078e-22
3.320e+02  1.000e+00  2.193e-22
3.330e+02  1.000e+00  1.175e-22
3.340e+02  1.000e+00  6.265e-23
3.350e+02  1.000e+00  3.327e-23
3.360e+02  1.000e+00  1.760e-23
3.370e+02  1.000e+00  9.271e-24
3.380e+02  1.000e+00  4.863e-24
3.390e+02  1.000e+00  2.541e-24
3.400e+02  1.000e+00  1.322e-24
3.410e+02  1.000e+00  6.851e-25
3.420e+02  1.000e+00  3.535e-25
3.430e+02  1.000e+00  1.817e-25
3.440e+02  1.000e+00  9.302e-26
3.450e+02  1.000e+00  4.742e-26
3.460e+02  1.000e+00  2.408e-26
3.470e+02  1.000e+00  1.218e-26
3.480e+02  1.000e+00  6.135e-27
3.490e+02  1.000e+00  3.078e-27
3.500e+02  1.000e+00  1.538e-27
3.510e+02  1.000e+00  7.655e-28
3.520e+02  1.000e+00  3.795e-28
3.530e+02  1.000e+00  1.874e-28
3.540e+02  1.000e+00  9.217e-29
3.550e+02  1.000e+00  4.516e-29
3.560e+02  1.000e+00  2.204e-29
3.570e+02  1.000e+00  1.071e-29
3.580e+02  1.000e+00  5.186e-30
3.590e+02  1.000e+00  2.501e-30
3.600e+02  1.000e+00  1.202e-30
3.610e+02  1.000e+00  5.752e-31
3.620e+02  1.000e+00  2.742e-31
3.630e+02  1.000e+00  1.302e-31
3.640e+02  1.000e+00  6.160e-32
3.650e+02  1.000e+00  2.903e-32
3.660e+02  1.000e+00  1.363e-32
3.670e+02  1.000e+00  6.375e-33
3.680e+02  1.000e+00  2.970e-33
3.690e+02  1.000e+00  1.379e-33
3.700e+02  1.000e+00  6.374e-34
3.710e+02  1.000e+00  2.936e-34
3.720e+02  1.000e+00  1.348e-34
3.730e+02  1.000e+00  6.161e-35
3.740e+02  1.000e+00  2.807e-35
3.750e+02  1.000e+00  1.274e-35
3.760e+02  1.000e+00  5.759e-36
3.770e+02  1.000e+00  2.594e-36
3.780e+02  1.000e+00  1.164e-36
3.790e+02  1.000e+00  5.206e-37
3.800e+02  1.000e+00  2.319e-37
3.810e+02  1.000e+00  1.029e-37
3.820e+02  1.000e+00  4.552e-38
3.830e+02  1.000e+00  2.006e-38
3.840e+02  1.000e+00  8.807e-39
3.850e+02  1.000e+00  3.853e-39
3.860e+02  1.000e+00  1.679e-39
3.870e+02  1.000e+00  7.293e-40
3.880e+02  1.000e+00  3.156e-40
3.890e+02  1.000e+00  1.361e-40
3.900e+02  1.000e+00  5.847e-41
3.910e+02  1.000e+00  2.503e-41
3.920e+02  1.000e+00  1.068e-41
3.930e+02  1.000e+00  4.540e-42
3.940e+02  1.000e+00  1.923e-42
3.950e+02  1.000e+00  8.118e-43
3.960e+02  1.000e+00  3.415e-43
3.970e+02  1.000e+00  1.434e-43
3.980e+02  1.000e+00  6.050e-44
3.990e+02  1.000e+00  2.664e-44
4.000e+02  1.000e+00  1.459e-44
