0.000e+00  4.121e-86  1.363e-12
1.000e+00  1.076e-85  1.363e-12
2.000e+00  3.469e-85  1.363e-12
3.000e+00  1.143e-84  1.363e-12
4.000e+00  3.768e-84  1.363e-12
5.000e+00  1.242e-83  1.363e-12
6.000e+00  4.092e-83  1.363e-12
7.000e+00  1.348e-82  1.363e-12
8.000e+00  4.436e-82  1.363e-12
9.000e+00  1.460e-81  1.363e-12
1.000e+01  4.807e-81  1.363e-12
1.100e+01  1.582e-80  1.363e-12
1.200e+01  5.210e-80  1.363e-12
1.300e+01  1.716e-79  1.363e-12
1.400e+01  5.656e-79  1.363e-12
1.500e+01  1.865e-78  1.363e-12
1.600e+01  6.157e-78  1.363e-12
1.700e+01  2.034e-77  1.363e-12
1.800e+01  6.725e-77  1.363e-12
1.900e+01  2.226e-76  1.363e-12
2.000e+01  7.379e-76  1.363e-12
2.100e+01  2.449e-75  1.363e-12
2.200e+01  8.140e-75  1.363e-12
2.300e+01  2.709e-74  1.363e-12
2.400e+01  9.033e-74  1.363e-12
2.500e+01  3.017e-73  1.363e-12
2.600e+01  1.009e-72  1.363e-12
2.700e+01  3.382e-72  1.363e-12
2.800e+01  1.136e-71  1.363e-12
2.900e+01  3.821e-71  1.363e-12
3.000e+01  1.288e-70  1.363e-12
3.100e+01  4.350e-70  1.363e-12
3.200e+01  1.472e-69  1.363e-12
3.300e+01  4.993e-69  1.363e-12
3.400e+01  1.697e-68  1.363e-12
3.500e+01  5.779e-68  1.363e-12
3.600e+01  1.973e-67  1.363e-12
3.700e+01  6.747e-67  1.363e-12
3.800e+01  2.313e-66  1.363e-12
3.900e+01  7.945e-66  1.363e-12
4.000e+01  2.735e-65  1.363e-12
4.100e+01  9.437e-65  1.363e-12
4.200e+01  3.263e-64  1.363e-12
4.300e+01  1.131e-63  1.363e-12
4.400e+01  3.926e-63  1.363e-12
4.500e+01  1.366e-62  1.363e-12
4.600e+01  4.763e-62  1.363e-12
4.700e+01  1.664e-61  1.363e-12
4.800e+01  5.826e-61  1.363e-12
4.900e+01  2.044e-60  1.363e-12
5.000e+01  7.184e-60  1.363e-12
5.100e+01  2.530e-59  1.363e-12
5.200e+01  8.928e-59  1.363e-12
5.300e+01  3.156e-58  1.363e-12
5.400e+01  1.118e-57  1.363e-12
5.500e+01  3.967e-57  1.363e-12
5.600e+01  1.410e-56  1.363e-12
5.700e+01  5.021e-56  1.363e-12
5.800e+01  1.791e-55  1.363e-12
5.900e+01  6.398e-55  1.363e-12
6.000e+01  2.290e-54  1.363e-12
6.100e+01  8.208e-54  1.363e-12
6.200e+01  2.947e-53  1.363e-12
6.300e+01  1.060e-52  1.363e-12
6.400e+01  3.815e-52  1.363e-12
6.500e+01  1.376e-51  1.363e-12
6.600e+01  4.969e-51  1.363e-12
6.700e+01  1.797e-50  1.363e-12
6.800e+01  6.509e-50  1.363e-12
6.900e+01  2.361e-49  1.363e-12
7.000e+01  8.572e-49  1.363e-12
7.100e+01  3.117e-48  1.363e-12
7.200e+01  1.135e-47  1.363e-12
7.300e+01  4.136e-47  1.363e-12
7.400e+01  1.509e-46  1.363e-12
7.500e+01  5.515e-46  1.363e-12
7.600e+01  2.018e-45  1.363e-12
7.700e+01  7.389e-45  1.363e-12
7.800e+01  2.709e-44  1.363e-12
7.900e+01  9.942e-44  1.363e-12
8.000e+01  3.653e-43  1.363e-12
8.100e+01  1.344e-42  1.363e-12
8.200e+01  4.947e-42  1.363e-12
8.300e+01  1.823e-41  1.363e-12
8.400e+01  6.726e-41  1.363e-12
8.500e+01  2.484e-40  1.363e-12
8.600e+01  9.180e-40  1.363e-12
8.700e+01  3.396e-39  1.363e-12
8.800e+01  1.258e-38  1.363e-12
8.900e+01  4.661e-38  1.363e-12
9.000e+01  1.729e-37  1.363e-12
9.100e+01  6.419e-37  1.363e-12
9.200e+01  2.385e-36  1.363e-12
9.300e+01  8.871e-36  1.363e-12
9.400e+01  3.302e-35  1.363e-12
9.500e+01  1.230e-34  1.363e-12
9.600e+01  4.585e-34  1.363e-12
9.700e+01  1.710e-33  1.363e-12
9.800e+01  6.386e-33  1.363e-12
9.900e+01  2.386e-32  1.363e-12
1.000e+02  8.922e-32  1.363e-12
1.010e+02  3.338e-31  1.363e-12
1.020e+02  1.250e-30  1.363e-12
1.030e+02  4.684e-30  1.363e-12
1.040e+02  1.756e-29  1.363e-12
1.050e+02  6.590e-29  1.363e-12
1.060e+02  2.475e-28  1.363e-12
1.070e+02  9.297e-28  1.363e-12
1.080e+02  3.495e-27  1.363e-12
1.090e+02  1.315e-26  1.363e-12
1.100e+02  4.950e-26  1.363e-12
1.110e+02  1.865e-25  1.363e-12
1.120e+02  7.028e-25  1.363e-12
1.130e+02  2.650e-24  1.363e-12
1.140e+02  1.000e-23  1.363e-12
1.150e+02  3.776e-23  1.363e-12
1.160e+02  1.426e-22  1.363e-12
1.170e+02  5.392e-22  1.363e-12
1.180e+02  2.039e-21  1.363e-12
1.190e+02  7.717e-21  1.363e-12
1.200e+02  2.922e-20  1.363e-12
1.210e+02  1.107e-19  1.363e-12
1.220e+02  4.193e-19  1.363e-12
1.230e+02  1.590e-18  1.363e-12
1.240e+02  6.027e-18  1.363e-12
1.250e+02  2.285e-17  1.364e-12
1.260e+02  8.658e-17  1.365e-12
1.270e+02  3.275e-16  1.367e-12
1.280e+02  1.235e-15  1.371e-12
1.290e+02  4.626e-15  1.380e-12
1.300e+02  1.711e-14  1.398e-12
1.310e+02  6.175e-14  1.434e-12
1.320e+02  2.137e-13  1.504e-12
1.330e+02  6.921e-13  1.639e-12
1.340e+02  2.057e-12  1.897e-12
1.350e+02  5.583e-12  2.377e-12
1.360e+02  1.396e-11  3.248e-12
1.370e+02  3.263e-11  4.794e-12
1.380e+02  7.225e-11  7.503e-12
1.390e+02  1.532e-10  1.221e-11
1.400e+02  3.134e-10  2.032e-11
1.410e+02  6.222e-10  3.424e-11
1.420e+02  1.204e-09  5.792e-11
1.430e+02  2.279e-09  9.793e-11
1.440e+02  4.229e-09  1.650e-10
1.450e+02  7.706e-09  2.763e-10
1.460e+02  1.381e-08  4.596e-10
1.470e+02  2.439e-08  7.583e-10
1.480e+02  4.244e-08  1.241e-09
1.490e+02  7.287e-08  2.012e-09
1.500e+02  1.235e-07  3.233e-09
1.510e+02  2.069e-07  5.149e-09
1.520e+02  3.425e-07  8.124e-09
1.530e+02  5.605e-07  1.270e-08
1.540e+02  9.074e-07  1.967e-08
1.550e+02  1.454e-06  3.018e-08
1.560e+02  2.304e-06  4.589e-08
1.570e+02  3.617e-06  6.913e-08
1.580e+02  5.620e-06  1.032e-07
1.590e+02  8.650e-06  1.526e-07
1.600e+02  1.319e-05  2.238e-07
1.610e+02  1.992e-05  3.251e-07
1.620e+02  2.980e-05  4.680e-07
1.630e+02  4.419e-05  6.678e-07
1.640e+02  6.494e-05  9.445e-07
1.650e+02  9.459e-05  1.324e-06
1.660e+02  1.366e-04  1.840e-06
1.670e+02  1.955e-04  2.534e-06
1.680e+02  2.774e-04  3.459e-06
1.690e+02  3.902e-04  4.681e-06
1.700e+02  5.444e-04  6.280e-06
1.710e+02  7.530e-04  8.352e-06
1.720e+02  1.033e-03  1.101e-05
1.730e+02  1.405e-03  1.439e-05
1.740e+02  1.897e-03  1.865e-05
1.750e+02  2.538e-03  2.395e-05
1.760e+02  3.370e-03  3.051e-05
1.770e+02  4.438e-03  3.852e-05
1.780e+02  5.798e-03  4.821e-05
1.790e+02  7.515e-03  5.983e-05
1.800e+02  9.663e-03  7.362e-05
1.810e+02  1.233e-02  8.980e-05
1.820e+02  1.561e-02  1.086e-04
1.830e+02  1.961e-02  1.302e-04
1.840e+02  2.444e-02  1.548e-04
1.850e+02  3.024e-02  1.825e-04
1.860e+02  3.713e-02  2.133e-04
1.870e+02  4.525e-02  2.471e-04
1.880e+02  5.474e-02  2.839e-04
1.890e+02  6.573e-02  3.234e-04
1.900e+02  7.836e-02  3.652e-04
1.910e+02  9.274e-02  4.089e-04
1.920e+02  1.090e-01  4.539e-04
1.930e+02  1.272e-01  4.996e-04
1.940e+02  1.473e-01  5.452e-04
1.950e+02  1.696e-01  5.900e-04
1.960e+02  1.938e-01  6.329e-04
1.970e+02  2.201e-01  6.733e-04
1.980e+02  2.483e-01  7.101e-04
1.990e+02  2.782e-01  7.425e-04
2.000e+02  3.099e-01  7.698e-04
2.010e+02  3.430e-01  7.914e-04
2.020e+02  3.773e-01  8.066e-04
2.030e+02  4.126e-01  8.152e-04
2.040e+02  4.487e-01  8.169e-04
2.050e+02  4.851e-01  8.116e-04
2.060e+02  5.217e-01  7.996e-04
2.070e+02  5.581e-01  7.811e-04
2.080e+02  5.939e-01  7.565e-04
2.090e+02  6.290e-01  7.266e-04
2.100e+02  6.631e-01  6.919e-04
2.110e+02  6.958e-01  6.534e-04
2.120e+02  7.270e-01  6.118e-04
2.130e+02  7.565e-01  5.681e-04
2.140e+02  7.842e-01  5.231e-04
2.150e+02  8.100e-01  4.776e-04
2.160e+02  8.338e-01  4.324e-04
2.170e+02  8.555e-01  3.883e-04
2.180e+02  8.753e-01  3.457e-04
2.190e+02  8.930e-01  3.053e-04
2.200e+02  9.089e-01  2.674e-04
2.210e+02  9.229e-01  2.323e-04
2.220e+02  9.352e-01  2.001e-04
2.230e+02  9.459e-01  1.710e-04
2.240e+02  9.552e-01  1.449e-04
2.250e+02  9.631e-01  1.218e-04
2.260e+02  9.699e-01  1.015e-04
2.270e+02  9.756e-01  8.398e-05
2.280e+02  9.803e-01  6.889e-05
2.290e+02  9.843e-01  5.607e-05
2.300e+02  9.875e-01  4.527e-05
2.310e+02  9.901e-01  3.626e-05
2.320e+02  9.923e-01  2.881e-05
2.330e+02  9.940e-01  2.271e-05
2.340e+02  9.954e-01  1.776e-05
2.350e+02  9.965e-01  1.378e-05
2.360e+02  9.973e-01  1.061e-05
2.370e+02  9.980e-01  8.110e-06
2.380e+02  9.985e-01  6.148e-06
2.390e+02  9.989e-01  4.625e-06
2.400e+02  9.992e-01  3.453e-06
2.410e+02  9.994e-01  2.558e-06
2.420e+02  9.996e-01  1.881e-06
2.430e+02  9.997e-01  1.373e-06
2.440e+02  9.998e-01  9.940e-07
2.450e+02  9.998e-01  7.144e-07
2.460e+02  9.999e-01  5.097e-07
2.470e+02  9.999e-01  3.609e-07
2.480e+02  9.999e-01  2.537e-07
2.490e+02  1.000e+00  1.770e-07
2.500e+02  1.000e+00  1.226e-07
2.510e+02  1.000e+00  8.425e-08
2.520e+02  1.000e+00  5.750e-08
2.530e+02  1.000e+00  3.895e-08
2.540e+02  1.000e+00  2.620e-08
2.550e+02  1.000e+00  1.750e-08
2.560e+02  1.000e+00  1.160e-08
2.570e+02  1.000e+00  7.635e-09
2.580e+02  1.000e+00  4.990e-09
2.590e+02  1.000e+00  3.238e-09
2.600e+02  1.000e+00  2.086e-09
2.610e+02  1.000e+00  1.335e-09
2.620e+02  1.000e+00  8.479e-10
2.630e+02  1.000e+00  5.349e-10
2.640e+02  1.000e+00  3.351e-10
2.650e+02  1.000e+00  2.085e-10
2.660e+02  1.000e+00  1.288e-10
2.670e+02  1.000e+00  7.904e-11
2.680e+02  1.000e+00  4.817e-11
2.690e+02  1.000e+00  2.915e-11
2.700e+02  1.000e+00  1.753e-11
2.710e+02  1.000e+00  1.046e-11
2.720e+02  1.000e+00  6.206e-12
2.730e+02  1.000e+00  3.656e-12
2.740e+02  1.000e+00  2.139e-12
2.750e+02  1.000e+00  1.243e-12
2.760e+02  1.000e+00  7.178e-13
2.770e+02  1.000e+00  4.117e-13
2.780e+02  1.000e+00  2.346e-13
2.790e+02  1.000e+00  1.328e-13
2.800e+02  1.000e+00  7.467e-14
2.810e+02  1.000e+00  4.172e-14
2.820e+02  1.000e+00  2.316e-14
2.830e+02  1.000e+00  1.277e-14
2.840e+02  1.000e+00  6.997e-15
2.850e+02  1.000e+00  3.810e-15
2.860e+02  1.000e+00  2.061e-15
2.870e+02  1.000e+00  1.108e-15
2.880e+02  1.000e+00  5.917e-16
2.890e+02  1.000e+00  3.141e-16
2.900e+02  1.000e+00  1.656e-16
2.910e+02  1.000e+00  8.682e-17
2.920e+02  1.000e+00  4.522e-17
2.930e+02  1.000e+00  2.341e-17
2.940e+02  1.000e+00  1.204e-17
2.950e+02  1.000e+00  6.158e-18
2.960e+02  1.000e+00  3.129e-18
2.970e+02  1.000e+00  1.581e-18
2.980e+02  1.000e+00  7.935e-19
2.990e+02  1.000e+00  3.959e-19
3.000e+02  1.000e+00  1.964e-19
3.010e+02  1.000e+00  9.681e-20
3.020e+02  1.000e+00  4.744e-20
3.030e+02  1.000e+00  2.311e-20
3.040e+02  1.000e+00  1.119e-20
3.050e+02  1.000e+00  5.387e-21
3.060e+02  1.000e+00  2.578e-21
3.070e+02  1.000e+00  1.227e-21
3.080e+02  1.000e+00  5.802e-22
3.090e+02  1.000e+00  2.728e-22
3.100e+02  1.000e+00  1.276e-22
3.110e+02  1.000e+00  5.930e-23
3.120e+02  1.000e+00  2.741e-23
3.130e+02  1.000e+00  1.260e-23
3.140e+02  1.000e+00  5.756e-24
3.150e+02  1.000e+00  2.615e-24
3.160e+02  1.000e+00  1.182e-24
3.170e+02  1.000e+00  5.308e-25
3.180e+02  1.000e+00  2.372e-25
3.190e+02  1.000e+00  1.054e-25
3.200e+02  1.000e+00  4.655e-26
3.210e+02  1.000e+00  2.045e-26
3.220e+02  1.000e+00  8.938e-27
3.230e+02  1.000e+00  3.884e-27
3.240e+02  1.000e+00  1.679e-27
3.250e+02  1.000e+00  7.217e-28
3.260e+02  1.000e+00  3.086e-28
3.270e+02  1.000e+00  1.312e-28
3.280e+02  1.000e+00  5.551e-29
3.290e+02  1.000e+00  2.335e-29
3.300e+02  1.000e+00  9.773e-30
3.310e+02  1.000e+00  4.069e-30
3.320e+02  1.000e+00  1.685e-30
3.330e+02  1.000e+00  6.940e-31
3.340e+02  1.000e+00  2.844e-31
3.350e+02  1.000e+00  1.159e-31
3.360e+02  1.000e+00  4.702e-32
3.370e+02  1.000e+00  1.897e-32
3.380e+02  1.000e+00  7.614e-33
3.390e+02  1.000e+00  3.041e-33
3.400e+02  1.000e+00  1.208e-33
3.410e+02  1.000e+00  4.776e-34
3.420e+02  1.000e+00  1.878e-34
3.430e+02  1.000e+00  7.351e-35
3.440e+02  1.000e+00  2.862e-35
3.450e+02  1.000e+00  1.109e-35
3.460e+02  1.000e+00  4.276e-36
3.470e+02  1.000e+00  1.640e-36
3.480e+02  1.000e+00  6.262e-37
3.490e+02  1.000e+00  2.379e-37
3.500e+02  1.000e+00  8.992e-38
3.510e+02  1.000e+00  3.383e-38
3.520e+02  1.000e+00  1.267e-38
3.530e+02  1.000e+00  4.719e-39
3.540e+02  1.000e+00  1.750e-39
3.550e+02  1.000e+00  6.457e-40
3.560e+02  1.000e+00  2.372e-40
3.570e+02  1.000e+00  8.670e-41
3.580e+02  1.000e+00  3.154e-41
3.590e+02  1.000e+00  1.142e-41
3.600e+02  1.000e+00  4.118e-42
3.610e+02  1.000e+00  1.477e-42
3.620e+02  1.000e+00  5.276e-43
3.630e+02  1.000e+00  1.875e-43
3.640e+02  1.000e+00  6.636e-44
3.650e+02  1.000e+00  2.337e-44
3.660e+02  1.000e+00  8.195e-45
3.670e+02  1.000e+00  2.860e-45
3.680e+02  1.000e+00  9.939e-46
3.690e+02  1.000e+00  3.438e-46
3.700e+02  1.000e+00  1.184e-46
3.710e+02  1.000e+00  4.059e-47
3.720e+02  1.000e+00  1.386e-47
3.730e+02  1.000e+00  4.708e-48
3.740e+02  1.000e+00  1.593e-48
3.750e+02  1.000e+00  5.366e-49
3.760e+02  1.000e+00  1.800e-49
3.770e+02  1.000e+00  6.010e-50
3.780e+02  1.000e+00  1.998e-50
3.790e+02  1.000e+00  6.615e-51
3.800e+02  1.000e+00  2.181e-51
3.810e+02  1.000e+00  7.158e-52
3.820e+02  1.000e+00  2.340e-52
3.830e+02  1.000e+00  7.615e-53
3.840e+02  1.000e+00  2.468e-53
3.850e+02  1.000e+00  7.966e-54
3.860e+02  1.000e+00  2.560e-54
3.870e+02  1.000e+00  8.195e-55
3.880e+02  1.000e+00  2.612e-55
3.890e+02  1.000e+00  8.292e-56
3.900e+02  1.000e+00  2.621e-56
3.910e+02  1.000e+00  8.253e-57
3.920e+02  1.000e+00  2.588e-57
3.930e+02  1.000e+00  8.082e-58
3.940e+02  1.000e+00  2.514e-58
3.950e+02  1.000e+00  7.788e-59
3.960e+02  1.000e+00  2.403e-59
3.970e+02  1.000e+00  7.387e-60
3.980e+02  1.000e+00  2.267e-60
3.990e+02  1.000e+00  7.085e-61
4.000e+02  1.000e+00  2.727e-61
