0.000e+00  2.079e-130  2.538e-04
1.000e+00  1.407e-129  2.538e-04
2.000e+00  1.069e-128  2.538e-04
3.000e+00  8.110e-128  2.538e-04
4.000e+00  6.138e-127  2.538e-04
5.000e+00  4.631e-126  2.538e-04
6.000e+00  3.484e-125  2.538e-04
7.000e+00  2.614e-124  2.538e-04
8.000e+00  1.955e-123  2.538e-04
9.000e+00  1.457e-122  2.538e-04
1.000e+01  1.083e-121  2.538e-04
1.100e+01  8.029e-121  2.538e-04
1.200e+01  5.931e-120  2.538e-04
1.300e+01  4.368e-119  2.538e-04
1.400e+01  3.207e-118  2.538e-04
1.500e+01  2.346e-117  2.538e-04
1.600e+01  1.711e-116  2.538e-04
1.700e+01  1.244e-115  2.538e-04
1.800e+01  9.017e-115  2.538e-04
1.900e+01  6.512e-114  2.538e-04
2.000e+01  4.688e-113  2.538e-04
2.100e+01  3.363e-112  2.538e-04
2.200e+01  2.404e-111  2.538e-04
2.300e+01  1.713e-110  2.538e-04
2.400e+01  1.216e-109  2.538e-04
2.500e+01  8.606e-109  2.538e-04
2.600e+01  6.068e-108  2.538e-04
2.700e+01  4.263e-107  2.538e-04
2.800e+01  2.984e-106  2.538e-04
2.900e+01  2.081e-105  2.538e-04
3.000e+01  1.446e-104  2.538e-04
3.100e+01  1.001e-103  2.538e-04
3.200e+01  6.905e-103  2.538e-04
3.300e+01  4.745e-102  2.538e-04
3.400e+01  3.248e-101  2.538e-04
3.500e+01  2.214e-100  2.538e-04
3.600e+01  1.504e-99  2.538e-04
3.700e+01  1.017e-98  2.538e-04
3.800e+01  6.856e-98  2.538e-04
3.900e+01  4.601e-97  2.538e-04
4.000e+01  3.075e-96  2.538e-04
4.100e+01  2.047e-95  2.538e-04
4.200e+01  1.357e-94  2.538e-04
4.300e+01  8.960e-94  2.538e-04
4.400e+01  5.890e-93  2.538e-04
4.500e+01  3.856e-92  2.538e-04
4.600e+01  2.513e-91  2.538e-04
4.700e+01  1.631e-90  2.538e-04
4.800e+01  1.054e-89  2.538e-04
4.900e+01  6.777e-89  2.538e-04
5.000e+01  4.340e-88  2.538e-04
5.100e+01  2.766e-87  2.538e-04
5.200e+01  1.755e-86  2.538e-04
5.300e+01  1.109e-85  2.538e-04
5.400e+01  6.970e-85  2.538e-04
5.500e+01  4.361e-84  2.538e-04
5.600e+01  2.716e-83  2.538e-04
5.700e+01  1.683e-82  2.538e-04
5.800e+01  1.038e-81  2.538e-04
5.900e+01  6.371e-81  2.538e-04
6.000e+01  3.890e-80  2.538e-04
6.100e+01  2.364e-79  2.538e-04
6.200e+01  1.429e-78  2.538e-04
6.300e+01  8.593e-78  2.538e-04
6.400e+01  5.141e-77  2.538e-04
6.500e+01  3.060e-76  2.538e-04
6.600e+01  1.812e-75  2.538e-04
6.700e+01  1.067e-74  2.538e-04
6.800e+01  6.248e-74  2.538e-04
6.900e+01  3.639e-73  2.538e-04
7.000e+01  2.108e-72  2.538e-04
7.100e+01  1.214e-71  2.538e-04
7.200e+01  6.957e-71  2.538e-04
7.300e+01  3.962e-70  2.538e-04
7.400e+01  2.244e-69  2.538e-04
7.500e+01  1.263e-68  2.538e-04
7.600e+01  7.069e-68  2.538e-04
7.700e+01  3.933e-67  2.538e-04
7.800e+01  2.175e-66  2.538e-04
7.900e+01  1.195e-65  2.538e-04
8.000e+01  6.529e-65  2.538e-04
8.100e+01  3.544e-64  2.538e-04
8.200e+01  1.912e-63  2.538e-04
8.300e+01  1.025e-62  2.538e-04
8.400e+01  5.459e-62  2.538e-04
8.500e+01  2.889e-61  2.538e-04
8.600e+01  1.518e-60  2.538e-04
8.700e+01  7.929e-60  2.538e-04
8.800e+01  4.113e-59  2.538e-04
8.900e+01  2.119e-58  2.538e-04
9.000e+01  1.084e-57  2.538e-04
9.100e+01  5.509e-57  2.538e-04
9.200e+01  2.780e-56  2.538e-04
9.300e+01  1.393e-55  2.538e-04
9.400e+01  6.928e-55  2.538e-04
9.500e+01  3.421e-54  2.538e-04
9.600e+01  1.677e-53  2.538e-04
9.700e+01  8.162e-53  2.538e-04
9.800e+01  3.942e-52  2.538e-04
9.900e+01  1.890e-51  2.538e-04
1.000e+02  8.990e-51  2.538e-04
1.010e+02  4.244e-50  2.538e-04
1.020e+02  1.988e-49  2.538e-04
1.030e+02  9.238e-49  2.538e-04
1.040e+02  4.259e-48  2.538e-04
1.050e+02  1.948e-47  2.538e-04
1.060e+02  8.836e-47  2.538e-04
1.070e+02  3.976e-46  2.538e-04
1.080e+02  1.774e-45  2.538e-04
1.090e+02  7.852e-45  2.538e-04
1.100e+02  3.445e-44  2.538e-04
1.110e+02  1.499e-43  2.538e-04
1.120e+02  6.467e-43  2.538e-04
1.130e+02  2.766e-42  2.538e-04
1.140e+02  1.173e-41  2.538e-04
1.150e+02  4.927e-41  2.538e-04
1.160e+02  2.052e-40  2.538e-04
1.170e+02  8.473e-40  2.538e-04
1.180e+02  3.467e-39  2.538e-04
1.190e+02  1.406e-38  2.538e-04
1.200e+02  5.648e-38  2.538e-04
1.210e+02  2.249e-37  2.538e-04
1.220e+02  8.872e-37  2.538e-04
1.230e+02  3.468e-36  2.538e-04
1.240e+02  1.343e-35  2.538e-04
1.250e+02  5.155e-35  2.538e-04
1.260e+02  1.960e-34  2.538e-04
1.270e+02  7.385e-34  2.538e-04
1.280e+02  2.757e-33  2.538e-04
1.290e+02  1.020e-32  2.538e-04
1.300e+02  3.738e-32  2.538e-04
1.310e+02  1.358e-31  2.538e-04
1.320e+02  4.889e-31  2.538e-04
1.330e+02  1.745e-30  2.538e-04
1.340e+02  6.174e-30  2.538e-04
1.350e+02  2.166e-29  2.538e-04
1.360e+02  7.538e-29  2.538e-04
1.370e+02  2.602e-28  2.538e-04
1.380e+02  8.915e-28  2.538e-04
1.390e+02  3.032e-27  2.538e-04
1.400e+02  1.024e-26  2.538e-04
1.410e+02  3.436e-26  2.538e-04
1.420e+02  1.146e-25  2.538e-04
1.430e+02  3.800e-25  2.538e-04
1.440e+02  1.254e-24  2.538e-04
1.450e+02  4.118e-24  2.538e-04
1.460e+02  1.347e-23  2.538e-04
1.470e+02  4.394e-23  2.538e-04
1.480e+02  1.429e-22  2.538e-04
1.490e+02  4.637e-22  2.538e-04
1.500e+02  1.502e-21  2.538e-04
1.510e+02  4.862e-21  2.538e-04
1.520e+02  1.573e-20  2.538e-04
1.530e+02  5.085e-20  2.538e-04
1.540e+02  1.645e-19  2.538e-04
1.550e+02  5.323e-19  2.538e-04
1.560e+02  1.724e-18  2.538e-04
1.570e+02  5.587e-18  2.538e-04
1.580e+02  1.813e-17  2.538e-04
1.590e+02  5.889e-17  2.538e-04
1.600e+02  1.915e-16  2.538e-04
1.610e+02  6.236e-16  2.538e-04
1.620e+02  2.033e-15  2.538e-04
1.630e+02  6.635e-15  2.538e-04
1.640e+02  2.168e-14  2.538e-04
1.650e+02  7.090e-14  2.538e-04
1.660e+02  2.321e-13  2.538e-04
1.670e+02  7.605e-13  2.538e-04
1.680e+02  2.493e-12  2.538e-04
1.690e+02  8.177e-12  2.538e-04
1.700e+02  2.681e-11  2.538e-04
1.710e+02  8.788e-11  2.538e-04
1.720e+02  2.877e-10  2.538e-04
1.730e+02  9.399e-10  2.539e-04
1.740e+02  3.062e-09  2.541e-04
1.750e+02  9.931e-09  2.545e-04
1.760e+02  3.201e-08  2.552e-04
1.770e+02  1.023e-07  2.566e-04
1.780e+02  3.228e-07  2.590e-04
1.790e+02  1.001e-06  2.634e-04
1.800e+02  3.026e-06  2.710e-04
1.810e+02  8.827e-06  2.839e-04
1.820e+02  2.454e-05  3.051e-04
1.830e+02  6.422e-05  3.390e-04
1.840e+02  1.568e-04  3.917e-04
1.850e+02  3.560e-04  4.713e-04
1.860e+02  7.545e-04  5.877e-04
1.870e+02  1.502e-03  7.525e-04
1.880e+02  2.825e-03  9.781e-04
1.890e+02  5.057e-03  1.277e-03
1.900e+02  8.652e-03  1.661e-03
1.910e+02  1.421e-02  2.136e-03
1.920e+02  2.248e-02  2.704e-03
1.930e+02  3.433e-02  3.357e-03
1.940e+02  5.072e-02  4.079e-03
1.950e+02  7.263e-02  4.839e-03
1.960e+02  1.009e-01  5.601e-03
1.970e+02  1.363e-01  6.317e-03
1.980e+02  1.791e-01  6.939e-03
1.990e+02  2.293e-01  7.420e-03
2.000e+02  2.862e-01  7.721e-03
2.010e+02  3.489e-01  7.816e-03
2.020e+02  4.158e-01  7.697e-03
2.030e+02  4.850e-01  7.373e-03
2.040e+02  5.544e-01  6.869e-03
2.050e+02  6.219e-01  6.225e-03
2.060e+02  6.857e-01  5.488e-03
2.070e+02  7.442e-01  4.707e-03
2.080e+02  7.963e-01  3.928e-03
2.090e+02  8.414e-01  3.190e-03
2.100e+02  8.792e-01  2.522e-03
2.110e+02  9.101e-01  1.941e-03
2.120e+02  9.346e-01  1.455e-03
2.130e+02  9.535e-01  1.063e-03
2.140e+02  9.677e-01  7.562e-04
2.150e+02  9.781e-01  5.246e-04
2.160e+02  9.854e-01  3.549e-04
2.170e+02  9.906e-01  2.342e-04
2.180e+02  9.940e-01  1.508e-04
2.190e+02  9.963e-01  9.481e-05
2.200e+02  9.978e-01  5.821e-05
2.210e+02  9.987e-01  3.491e-05
2.220e+02  9.992e-01  2.046e-05
2.230e+02  9.996e-01  1.172e-05
2.240e+02  9.998e-01  6.569e-06
2.250e+02  9.999e-01  3.601e-06
2.260e+02  9.999e-01  1.932e-06
2.270e+02  1.000e+00  1.014e-06
2.280e+02  1.000e+00  5.217e-07
2.290e+02  1.000e+00  2.628e-07
2.300e+02  1.000e+00  1.297e-07
2.310e+02  1.000e+00  6.278e-08
2.320e+02  1.000e+00  2.978e-08
2.330e+02  1.000e+00  1.386e-08
2.340e+02  1.000e+00  6.325e-09
2.350e+02  1.000e+00  2.834e-09
2.360e+02  1.000e+00  1.246e-09
2.370e+02  1.000e+00  5.379e-10
2.380e+02  1.000e+00  2.281e-10
2.390e+02  1.000e+00  9.502e-11
2.400e+02  1.000e+00  3.890e-11
2.410e+02  1.000e+00  1.565e-11
2.420e+02  1.000e+00  6.191e-12
2.430e+02  1.000e+00  2.409e-12
2.440e+02  1.000e+00  9.217e-13
2.450e+02  1.000e+00  3.470e-13
2.460e+02  1.000e+00  1.286e-13
2.470e+02  1.000e+00  4.690e-14
2.480e+02  1.000e+00  1.684e-14
2.490e+02  1.000e+00  5.955e-15
2.500e+02  1.000e+00  2.074e-15
2.510e+02  1.000e+00  7.120e-16
2.520e+02  1.000e+00  2.408e-16
2.530e+02  1.000e+00  8.026e-17
2.540e+02  1.000e+00  2.638e-17
2.550e+02  1.000e+00  8.548e-18
2.560e+02  1.000e+00  2.732e-18
2.570e+02  1.000e+00  8.612e-19
2.580e+02  1.000e+00  2.679e-19
2.590e+02  1.000e+00  8.223e-20
2.600e+02  1.000e+00  2.491e-20
2.610e+02  1.000e+00  7.451e-21
2.620e+02  1.000e+00  2.200e-21
2.630e+02  1.000e+00  6.417e-22
2.640e+02  1.000e+00  1.849e-22
2.650e+02  1.000e+00  5.260e-23
2.660e+02  1.000e+00  1.479e-23
2.670e+02  1.000e+00  4.110e-24
2.680e+02  1.000e+00  1.129e-24
2.690e+02  1.000e+00  3.064e-25
2.700e+02  1.000e+00  8.225e-26
2.710e+02  1.000e+00  2.183e-26
2.720e+02  1.000e+00  5.731e-27
2.730e+02  1.000e+00  1.488e-27
2.740e+02  1.000e+00  3.823e-28
2.750e+02  1.000e+00  9.716e-29
2.760e+02  1.000e+00  2.444e-29
2.770e+02  1.000e+00  6.084e-30
2.780e+02  1.000e+00  1.499e-30
2.790e+02  1.000e+00  3.657e-31
2.800e+02  1.000e+00  8.835e-32
2.810e+02  1.000e+00  2.113e-32
2.820e+02  1.000e+00  5.006e-33
2.830e+02  1.000e+00  1.175e-33
2.840e+02  1.000e+00  2.731e-34
2.850e+02  1.000e+00  6.289e-35
2.860e+02  1.000e+00  1.435e-35
2.870e+02  1.000e+00  3.246e-36
2.880e+02  1.000e+00  7.275e-37
2.890e+02  1.000e+00  1.616e-37
2.900e+02  1.000e+00  3.560e-38
2.910e+02  1.000e+00  7.775e-39
2.920e+02  1.000e+00  1.683e-39
2.930e+02  1.000e+00  3.615e-40
2.940e+02  1.000e+00  7.698e-41
2.950e+02  1.000e+00  1.626e-41
2.960e+02  1.000e+00  3.407e-42
2.970e+02  1.000e+00  7.083e-43
2.980e+02  1.000e+00  1.461e-43
2.990e+02  1.000e+00  2.990e-44
3.000e+02  1.000e+00  6.072e-45
3.010e+02  1.000e+00  1.224e-45
3.020e+02  1.000e+00  2.449e-46
3.030e+02  1.000e+00  4.863e-47
3.040e+02  1.000e+00  9.588e-48
3.050e+02  1.000e+00  1.877e-48
3.060e+02  1.000e+00  3.648e-49
3.070e+02  1.000e+00  7.040e-50
3.080e+02  1.000e+00  1.349e-50
3.090e+02  1.000e+00  2.568e-51
3.100e+02  1.000e+00  4.856e-52
3.110e+02  1.000e+00  9.120e-53
3.120e+02  1.000e+00  1.702e-53
3.130e+02  1.000e+00  3.154e-54
3.140e+02  1.000e+00  5.808e-55
3.150e+02  1.000e+00  1.063e-55
3.160e+02  1.000e+00  1.933e-56
3.170e+02  1.000e+00  3.493e-57
3.180e+02  1.000e+00  6.273e-58
3.190e+02  1.000e+00  1.120e-58
3.200e+02  1.000e+00  1.987e-59
3.210e+02  1.000e+00  3.505e-60
3.220e+02  1.000e+00  6.146e-61
3.230e+02  1.000e+00  1.071e-61
3.240e+02  1.000e+00  1.857e-62
3.250e+02  1.000e+00  3.201e-63
3.260e+02  1.000e+00  5.487e-64
3.270e+02  1.000e+00  9.351e-65
3.280e+02  1.000e+00  1.585e-65
3.290e+02  1.000e+00  2.673e-66
3.300e+02  1.000e+00  4.482e-67
3.310e+02  1.000e+00  7.475e-68
3.320e+02  1.000e+00  1.240e-68
3.330e+02  1.000e+00  2.048e-69
3.340e+02  1.000e+00  3.363e-70
3.350e+02  1.000e+00  5.494e-71
3.360e+02  1.000e+00  8.932e-72
3.370e+02  1.000e+00  1.445e-72
3.380e+02  1.000e+00  2.326e-73
3.390e+02  1.000e+00  3.726e-74
3.400e+02  1.000e+00  5.941e-75
3.410e+02  1.000e+00  9.426e-76
3.420e+02  1.000e+00  1.489e-76
3.430e+02  1.000e+00  2.340e-77
3.440e+02  1.000e+00  3.661e-78
3.450e+02  1.000e+00  5.703e-79
3.460e+02  1.000e+00  8.843e-80
3.470e+02  1.000e+00  1.365e-80
3.480e+02  1.000e+00  2.098e-81
3.490e+02  1.000e+00  3.210e-82
3.500e+02  1.000e+00  4.891e-83
3.510e+02  1.000e+00  7.419e-84
3.520e+02  1.000e+00  1.121e-84
3.530e+02  1.000e+00  1.686e-85
3.540e+02  1.000e+00  2.526e-86
3.550e+02  1.000e+00  3.768e-87
3.560e+02  1.000e+00  5.599e-88
3.570e+02  1.000e+00  8.287e-89
3.580e+02  1.000e+00  1.221e-89
3.590e+02  1.000e+00  1.793e-90
3.600e+02  1.000e+00  2.623e-91
3.610e+02  1.000e+00  3.821e-92
3.620e+02  1.000e+00  5.546e-93
3.630e+02  1.000e+00  8.018e-94
3.640e+02  1.000e+00  1.155e-94
3.650e+02  1.000e+00  1.657e-95
3.660e+02  1.000e+00  2.370e-96
3.670e+02  1.000e+00  3.376e-97
3.680e+02  1.000e+00  4.791e-98
3.690e+02  1.000e+00  6.777e-99
3.700e+02  1.000e+00  9.551e-100
3.710e+02  1.000e+00  1.341e-100
3.720e+02  1.000e+00  1.877e-101
3.730e+02  1.000e+00  2.618e-102
3.740e+02  1.000e+00  3.640e-103
3.750e+02  1.000e+00  5.042e-104
3.760e+02  1.000e+00  6.962e-105
3.770e+02  1.000e+00  9.581e-106
3.780e+02  1.000e+00  1.314e-106
3.790e+02  1.000e+00  1.797e-107
3.800e+02  1.000e+00  2.449e-108
3.810e+02  1.000e+00  3.326e-109
3.820e+02  1.000e+00  4.504e-110
3.830e+02  1.000e+00  6.081e-111
3.840e+02  1.000e+00  8.183e-112
3.850e+02  1.000e+00  1.098e-112
3.860e+02  1.000e+00  1.468e-113
3.870e+02  1.000e+00  1.958e-114
3.880e+02  1.000e+00  2.603e-115
3.890e+02  1.000e+00  3.451e-116
3.900e+02  1.000e+00  4.561e-117
3.910e+02  1.000e+00  6.011e-118
3.920e+02  1.000e+00  7.899e-119
3.930e+02  1.000e+00  1.035e-119
3.940e+02  1.000e+00  1.352e-120
3.950e+02  1.000e+00  1.762e-121
3.960e+02  1.000e+00  2.289e-122
3.970e+02  1.000e+00  2.966e-123
3.980e+02  1.000e+00  3.833e-124
3.990e+02  1.000e+00  4.950e-125
4.000e+02  1.000e+00  7.163e-126
