0.000e+00  1.019e-81  4.146e-15
1.000e+00  2.852e-81  4.146e-15
2.000e+00  9.843e-81  4.146e-15
3.000e+00  3.470e-80  4.146e-15
4.000e+00  1.228e-79  4.146e-15
5.000e+00  4.352e-79  4.146e-15
6.000e+00  1.546e-78  4.146e-15
7.000e+00  5.504e-78  4.146e-15
8.000e+00  1.963e-77  4.146e-15
9.000e+00  7.012e-77  4.146e-15
1.000e+01  2.510e-76  4.146e-15
1.100e+01  8.998e-76  4.146e-15
1.200e+01  3.232e-75  4.146e-15
1.300e+01  1.163e-74  4.146e-15
1.400e+01  4.190e-74  4.146e-15
1.500e+01  1.512e-73  4.146e-15
1.600e+01  5.466e-73  4.146e-15
1.700e+01  1.979e-72  4.146e-15
1.800e+01  7.175e-72  4.146e-15
1.900e+01  2.605e-71  4.146e-15
2.000e+01  9.473e-71  4.146e-15
2.100e+01  3.449e-70  4.146e-15
2.200e+01  1.258e-69  4.146e-15
2.300e+01  4.591e-69  4.146e-15
2.400e+01  1.678e-68  4.146e-15
2.500e+01  6.142e-68  4.146e-15
2.600e+01  2.251e-67  4.146e-15
2.700e+01  8.257e-67  4.146e-15
2.800e+01  3.033e-66  4.146e-15
2.900e+01  1.115e-65  4.146e-15
3.000e+01  4.105e-65  4.146e-15
3.100e+01  1.513e-64  4.146e-15
3.200e+01  5.580e-64  4.146e-15
3.300e+01  2.061e-63  4.146e-15
3.400e+01  7.618e-63  4.146e-15
3.500e+01  2.819e-62  4.146e-15
3.600e+01  1.044e-61  4.146e-15
3.700e+01  3.870e-61  4.146e-15
3.800e+01  1.436e-60  4.146e-15
3.900e+01  5.334e-60  4.146e-15
4.000e+01  1.983e-59  4.146e-15
4.100e+01  7.378e-59  4.146e-15
4.200e+01  2.748e-58  4.146e-15
4.300e+01  1.024e-57  4.146e-15
4.400e+01  3.820e-57  4.146e-15
4.500e+01  1.426e-56  4.146e-15
4.600e+01  5.327e-56  4.146e-15
4.700e+01  1.992e-55  4.146e-15
4.800e+01  7.453e-55  4.146e-15
4.900e+01  2.791e-54  4.146e-15
5.000e+01  1.046e-53  4.146e-15
5.100e+01  3.922e-53  4.146e-15
5.200e+01  1.472e-52  4.146e-15
5.300e+01  5.527e-52  4.146e-15
5.400e+01  2.077e-51  4.146e-15
5.500e+01  7.811e-51  4.146e-15
5.600e+01  2.939e-50  4.146e-15
5.700e+01  1.107e-49  4.146e-15
5.800e+01  4.170e-49  4.146e-15
5.900e+01  1.572e-48  4.146e-15
6.000e+01  5.931e-48  4.146e-15
6.100e+01  2.239e-47  4.146e-15
6.200e+01  8.456e-47  4.146e-15
6.300e+01  3.196e-46  4.146e-15
6.400e+01  1.209e-45  4.146e-15
6.500e+01  4.573e-45  4.146e-15
6.600e+01  1.731e-44  4.146e-15
6.700e+01  6.558e-44  4.146e-15
6.800e+01  2.485e-43  4.146e-15
6.900e+01  9.425e-43  4.146e-15
7.000e+01  3.576e-42  4.146e-15
7.100e+01  1.358e-41  4.146e-15
7.200e+01  5.156e-41  4.146e-15
7.300e+01  1.959e-40  4.146e-15
7.400e+01  7.449e-40  4.146e-15
7.500e+01  2.833e-39  4.146e-15
7.600e+01  1.078e-38  4.146e-15
7.700e+01  4.106e-38  4.146e-15
7.800e+01  1.564e-37  4.146e-15
7.900e+01  5.961e-37  4.146e-15
8.000e+01  2.273e-36  4.146e-15
8.100e+01  8.670e-36  4.146e-15
8.200e+01  3.309e-35  4.146e-15
8.300e+01  1.263e-34  4.146e-15
8.400e+01  4.825e-34  4.146e-15
8.500e+01  1.844e-33  4.146e-15
8.600e+01  7.049e-33  4.146e-15
8.700e+01  2.696e-32  4.146e-15
8.800e+01  1.032e-31  4.146e-15
8.900e+01  3.949e-31  4.146e-15
9.000e+01  1.512e-30  4.146e-15
9.100e+01  5.793e-30  4.146e-15
9.200e+01  2.220e-29  4.146e-15
9.300e+01  8.511e-29  4.146e-15
9.400e+01  3.265e-28  4.146e-15
9.500e+01  1.253e-27  4.146e-15
9.600e+01  4.808e-27  4.146e-15
9.700e+01  1.846e-26  4.146e-15
9.800e+01  7.091e-26  4.146e-15
9.900e+01  2.725e-25  4.146e-15
1.000e+02  1.047e-24  4.146e-15
1.010e+02  4.028e-24  4.146e-15
1.020e+02  1.549e-23  4.146e-15
1.030e+02  5.961e-23  4.146e-15
1.040e+02  2.295e-22  4.146e-15
1.050e+02  8.835e-22  4.146e-15
1.060e+02  3.402e-21  4.146e-15
1.070e+02  1.311e-20  4.147e-15
1.080e+02  5.047e-20  4.147e-15
1.090e+02  1.943e-19  4.149e-15
1.100e+02  7.473e-19  4.153e-15
1.110e+02  2.866e-18  4.162e-15
1.120e+02  1.094e-17  4.182e-15
1.130e+02  4.132e-17  4.224e-15
1.140e+02  1.530e-16  4.307e-15
1.150e+02  5.459e-16  4.470e-15
1.160e+02  1.833e-15  4.789e-15
1.170e+02  5.658e-15  5.407e-15
1.180e+02  1.592e-14  6.578e-15
1.190e+02  4.110e-14  8.731e-15
1.200e+02  9.890e-14  1.259e-14
1.210e+02  2.250e-13  1.942e-14
1.220e+02  4.894e-13  3.141e-14
1.230e+02  1.027e-12  5.237e-14
1.240e+02  2.091e-12  8.889e-14
1.250e+02  4.152e-12  1.523e-13
1.260e+02  8.066e-12  2.619e-13
1.270e+02  1.537e-11  4.504e-13
1.280e+02  2.880e-11  7.725e-13
1.290e+02  5.312e-11  1.319e-12
1.300e+02  9.659e-11  2.241e-12
1.310e+02  1.733e-10  3.782e-12
1.320e+02  3.072e-10  6.342e-12
1.330e+02  5.381e-10  1.056e-11
1.340e+02  9.322e-10  1.745e-11
1.350e+02  1.598e-09  2.862e-11
1.360e+02  2.712e-09  4.659e-11
1.370e+02  4.557e-09  7.527e-11
1.380e+02  7.587e-09  1.207e-10
1.390e+02  1.252e-08  1.920e-10
1.400e+02  2.047e-08  3.032e-10
1.410e+02  3.317e-08  4.751e-10
1.420e+02  5.332e-08  7.388e-10
1.430e+02  8.500e-08  1.140e-09
1.440e+02  1.344e-07  1.747e-09
1.450e+02  2.108e-07  2.656e-09
1.460e+02  3.281e-07  4.009e-09
1.470e+02  5.067e-07  6.006e-09
1.480e+02  7.766e-07  8.931e-09
1.490e+02  1.181e-06  1.318e-08
1.500e+02  1.783e-06  1.932e-08
1.510e+02  2.672e-06  2.811e-08
1.520e+02  3.976e-06  4.060e-08
1.530e+02  5.872e-06  5.821e-08
1.540e+02  8.610e-06  8.288e-08
1.550e+02  1.254e-05  1.171e-07
1.560e+02  1.812e-05  1.644e-07
1.570e+02  2.602e-05  2.291e-07
1.580e+02  3.709e-05  3.169e-07
1.590e+02  5.250e-05  4.354e-07
1.600e+02  7.382e-05  5.939e-07
1.610e+02  1.031e-04  8.044e-07
1.620e+02  1.430e-04  1.082e-06
1.630e+02  1.969e-04  1.445e-06
1.640e+02  2.694e-04  1.916e-06
1.650e+02  3.662e-04  2.523e-06
1.660e+02  4.944e-04  3.299e-06
1.670e+02  6.630e-04  4.283e-06
1.680e+02  8.833e-04  5.523e-06
1.690e+02  1.169e-03  7.071e-06
1.700e+02  1.537e-03  8.991e-06
1.710e+02  2.008e-03  1.135e-05
1.720e+02  2.606e-03  1.423e-05
1.730e+02  3.360e-03  1.772e-05
1.740e+02  4.305e-03  2.192e-05
1.750e+02  5.480e-03  2.691e-05
1.760e+02  6.932e-03  3.281e-05
1.770e+02  8.713e-03  3.973e-05
1.780e+02  1.088e-02  4.778e-05
1.790e+02  1.351e-02  5.706e-05
1.800e+02  1.666e-02  6.766e-05
1.810e+02  2.042e-02  7.968e-05
1.820e+02  2.488e-02  9.319e-05
1.830e+02  3.013e-02  1.082e-04
1.840e+02  3.626e-02  1.248e-04
1.850e+02  4.337e-02  1.430e-04
1.860e+02  5.157e-02  1.626e-04
1.870e+02  6.096e-02  1.837e-04
1.880e+02  7.163e-02  2.060e-04
1.890e+02  8.367e-02  2.295e-04
1.900e+02  9.718e-02  2.538e-04
1.910e+02  1.122e-01  2.788e-04
1.920e+02  1.288e-01  3.042e-04
1.930e+02  1.471e-01  3.295e-04
1.940e+02  1.670e-01  3.545e-04
1.950e+02  1.886e-01  3.788e-04
1.960e+02  2.118e-01  4.019e-04
1.970e+02  2.366e-01  4.234e-04
1.980e+02  2.629e-01  4.430e-04
1.990e+02  2.906e-01  4.603e-04
2.000e+02  3.196e-01  4.750e-04
2.010e+02  3.497e-01  4.868e-04
2.020e+02  3.809e-01  4.954e-04
2.030e+02  4.128e-01  5.006e-04
2.040e+02  4.452e-01  5.024e-04
2.050e+02  4.781e-01  5.008e-04
2.060e+02  5.111e-01  4.957e-04
2.070e+02  5.440e-01  4.872e-04
2.080e+02  5.766e-01  4.756e-04
2.090e+02  6.086e-01  4.611e-04
2.100e+02  6.400e-01  4.439e-04
2.110e+02  6.704e-01  4.245e-04
2.120e+02  6.997e-01  4.031e-04
2.130e+02  7.278e-01  3.801e-04
2.140e+02  7.545e-01  3.560e-04
2.150e+02  7.797e-01  3.312e-04
2.160e+02  8.034e-01  3.059e-04
2.170e+02  8.254e-01  2.807e-04
2.180e+02  8.458e-01  2.558e-04
2.190e+02  8.645e-01  2.315e-04
2.200e+02  8.816e-01  2.081e-04
2.210e+02  8.972e-01  1.858e-04
2.220e+02  9.111e-01  1.648e-04
2.230e+02  9.237e-01  1.451e-04
2.240e+02  9.348e-01  1.270e-04
2.250e+02  9.446e-01  1.103e-04
2.260e+02  9.532e-01  9.524e-05
2.270e+02  9.607e-01  8.166e-05
2.280e+02  9.672e-01  6.955e-05
2.290e+02  9.727e-01  5.884e-05
2.300e+02  9.775e-01  4.945e-05
2.310e+02  9.815e-01  4.128e-05
2.320e+02  9.849e-01  3.424e-05
2.330e+02  9.878e-01  2.821e-05
2.340e+02  9.902e-01  2.309e-05
2.350e+02  9.921e-01  1.878e-05
2.360e+02  9.937e-01  1.517e-05
2.370e+02  9.950e-01  1.217e-05
2.380e+02  9.961e-01  9.709e-06
2.390e+02  9.969e-01  7.692e-06
2.400e+02  9.976e-01  6.055e-06
2.410e+02  9.982e-01  4.736e-06
2.420e+02  9.986e-01  3.681e-06
2.430e+02  9.989e-01  2.842e-06
2.440e+02  9.992e-01  2.181e-06
2.450e+02  9.994e-01  1.663e-06
2.460e+02  9.995e-01  1.260e-06
2.470e+02  9.997e-01  9.485e-07
2.480e+02  9.997e-01  7.097e-07
2.490e+02  9.998e-01  5.276e-07
2.500e+02  9.999e-01  3.899e-07
2.510e+02  9.999e-01  2.863e-07
2.520e+02  9.999e-01  2.089e-07
2.530e+02  9.999e-01  1.515e-07
2.540e+02  1.000e+00  1.092e-07
2.550e+02  1.000e+00  7.823e-08
2.560e+02  1.000e+00  5.570e-08
2.570e+02  1.000e+00  3.941e-08
2.580e+02  1.000e+00  2.772e-08
2.590e+02  1.000e+00  1.938e-08
2.600e+02  1.000e+00  1.347e-08
2.610e+02  1.000e+00  9.302e-09
2.620e+02  1.000e+00  6.386e-09
2.630e+02  1.000e+00  4.358e-09
2.640e+02  1.000e+00  2.957e-09
2.650e+02  1.000e+00  1.994e-09
2.660e+02  1.000e+00  1.337e-09
2.670e+02  1.000e+00  8.907e-10
2.680e+02  1.000e+00  5.901e-10
2.690e+02  1.000e+00  3.886e-10
2.700e+02  1.000e+00  2.544e-10
2.710e+02  1.000e+00  1.656e-10
2.720e+02  1.000e+00  1.072e-10
2.730e+02  1.000e+00  6.895e-11
2.740e+02  1.000e+00  4.411e-11
2.750e+02  1.000e+00  2.805e-11
2.760e+02  1.000e+00  1.774e-11
2.770e+02  1.000e+00  1.115e-11
2.780e+02  1.000e+00  6.971e-12
2.790e+02  1.000e+00  4.333e-12
2.800e+02  1.000e+00  2.678e-12
2.810e+02  1.000e+00  1.646e-12
2.820e+02  1.000e+00  1.006e-12
2.830e+02  1.000e+00  6.111e-13
2.840e+02  1.000e+00  3.692e-13
2.850e+02  1.000e+00  2.219e-13
2.860e+02  1.000e+00  1.326e-13
2.870e+02  1.000e+00  7.877e-14
2.880e+02  1.000e+00  4.654e-14
2.890e+02  1.000e+00  2.735e-14
2.900e+02  1.000e+00  1.599e-14
2.910e+02  1.000e+00  9.291e-15
2.920e+02  1.000e+00  5.371e-15
2.930e+02  1.000e+00  3.087e-15
2.940e+02  1.000e+00  1.765e-15
2.950e+02  1.000e+00  1.004e-15
2.960e+02  1.000e+00  5.678e-16
2.970e+02  1.000e+00  3.195e-16
2.980e+02  1.000e+00  1.788e-16
2.990e+02  1.000e+00  9.949e-17
3.000e+02  1.000e+00  5.508e-17
3.010e+02  1.000e+00  3.033e-17
3.020e+02  1.000e+00  1.661e-17
3.030e+02  1.000e+00  9.052e-18
3.040e+02  1.000e+00  4.907e-18
3.050e+02  1.000e+00  2.645e-18
3.060e+02  1.000e+00  1.419e-18
3.070e+02  1.000e+00  7.571e-19
3.080e+02  1.000e+00  4.019e-19
3.090e+02  1.000e+00  2.122e-19
3.100e+02  1.000e+00  1.115e-19
3.110e+02  1.000e+00  5.826e-20
3.120e+02  1.000e+00  3.029e-20
3.130e+02  1.000e+00  1.567e-20
3.140e+02  1.000e+00  8.066e-21
3.150e+02  1.000e+00  4.130e-21
3.160e+02  1.000e+00  2.104e-21
3.170e+02  1.000e+00  1.067e-21
3.180e+02  1.000e+00  5.380e-22
3.190e+02  1.000e+00  2.700e-22
3.200e+02  1.000e+00  1.348e-22
3.210e+02  1.000e+00  6.699e-23
3.220e+02  1.000e+00  3.312e-23
3.230e+02  1.000e+00  1.630e-23
3.240e+02  1.000e+00  7.978e-24
3.250e+02  1.000e+00  3.886e-24
3.260e+02  1.000e+00  1.884e-24
3.270e+02  1.000e+00  9.089e-25
3.280e+02  1.000e+00  4.363e-25
3.290e+02  1.000e+00  2.085e-25
3.300e+02  1.000e+00  9.912e-26
3.310e+02  1.000e+00  4.690e-26
3.320e+02  1.000e+00  2.209e-26
3.330e+02  1.000e+00  1.035e-26
3.340e+02  1.000e+00  4.828e-27
3.350e+02  1.000e+00  2.241e-27
3.360e+02  1.000e+00  1.036e-27
3.370e+02  1.000e+00  4.763e-28
3.380e+02  1.000e+00  2.180e-28
3.390e+02  1.000e+00  9.931e-29
3.400e+02  1.000e+00  4.503e-29
3.410e+02  1.000e+00  2.033e-29
3.420e+02  1.000e+00  9.132e-30
3.430e+02  1.000e+00  4.084e-30
3.440e+02  1.000e+00  1.818e-30
3.450e+02  1.000e+00  8.056e-31
3.460e+02  1.000e+00  3.553e-31
3.470e+02  1.000e+00  1.560e-31
3.480e+02  1.000e+00  6.820e-32
3.490e+02  1.000e+00  2.967e-32
3.500e+02  1.000e+00  1.285e-32
3.510e+02  1.000e+00  5.543e-33
3.520e+02  1.000e+00  2.380e-33
3.530e+02  1.000e+00  1.017e-33
3.540e+02  1.000e+00  4.328e-34
3.550e+02  1.000e+00  1.833e-34
3.560e+02  1.000e+00  7.733e-35
3.570e+02  1.000e+00  3.247e-35
3.580e+02  1.000e+00  1.358e-35
3.590e+02  1.000e+00  5.651e-36
3.600e+02  1.000e+00  2.342e-36
3.610e+02  1.000e+00  9.665e-37
3.620e+02  1.000e+00  3.971e-37
3.630e+02  1.000e+00  1.625e-37
3.640e+02  1.000e+00  6.619e-38
3.650e+02  1.000e+00  2.685e-38
3.660e+02  1.000e+00  1.084e-38
3.670e+02  1.000e+00  4.362e-39
3.680e+02  1.000e+00  1.747e-39
3.690e+02  1.000e+00  6.967e-40
3.700e+02  1.000e+00  2.767e-40
3.710e+02  1.000e+00  1.094e-40
3.720e+02  1.000e+00  4.310e-41
3.730e+02  1.000e+00  1.690e-41
3.740e+02  1.000e+00  6.603e-42
3.750e+02  1.000e+00  2.568e-42
3.760e+02  1.000e+00  9.950e-43
3.770e+02  1.000e+00  3.839e-43
3.780e+02  1.000e+00  1.475e-43
3.790e+02  1.000e+00  5.645e-44
3.800e+02  1.000e+00  2.151e-44
3.810e+02  1.000e+00  8.167e-45
3.820e+02  1.000e+00  3.088e-45
3.830e+02  1.000e+00  1.163e-45
3.840e+02  1.000e+00  4.361e-46
3.850e+02  1.000e+00  1.629e-46
3.860e+02  1.000e+00  6.062e-47
3.870e+02  1.000e+00  2.247e-47
3.880e+02  1.000e+00  8.295e-48
3.890e+02  1.000e+00  3.050e-48
3.900e+02  1.000e+00  1.117e-48
3.910e+02  1.000e+00  4.077e-49
3.920e+02  1.000e+00  1.482e-49
3.930e+02  1.000e+00  5.365e-50
3.940e+02  1.000e+00  1.935e-50
3.950e+02  1.000e+00  6.952e-51
3.960e+02  1.000e+00  2.488e-51
3.970e+02  1.000e+00  8.878e-52
3.980e+02  1.000e+00  3.168e-52
3.990e+02  1.000e+00  1.163e-52
4.000e+02  1.000e+00  5.312e-53
