1.772954924874791338e+00
1.742904841402337368e+00
1.712854757929883398e+00
1.682804674457428984e+00
1.662771285475793004e+00
1.632721202003339034e+00
1.602671118530884842e+00
1.572621035058430872e+00
1.532554257095158468e+00
1.512520868113522488e+00
1.482470784641068517e+00
1.442404006677796557e+00
1.412353923205342365e+00
1.372287145242070183e+00
1.332220367278798001e+00
1.302170283806344031e+00
1.272120200333890061e+00
1.232053422370617879e+00
1.181969949916527485e+00
1.141903171953255525e+00
1.091819699499165353e+00
1.051752921535893170e+00
1.001669449081802998e+00
9.515859766277129372e-01
9.015025041736227651e-01
8.414023372287144920e-01
7.712854757929884508e-01
7.011686143572621877e-01
6.310517529215359245e-01
5.609348914858097723e-01
4.808013355592654636e-01
4.207011686143572460e-01
3.706176961602671294e-01
3.205342237061770128e-01
2.704507512520868406e-01
2.303839732888146863e-01
1.803005008347245697e-01
1.402337228714524431e-01
1.001669449081803026e-01
6.010016694490818295e-02
3.005008347245409148e-02
0.000000000000000000e+00
-4.006677796327212659e-02
-8.013355592654425319e-02
-1.101836393989983343e-01
-1.302170283806343976e-01
-1.702838063439065242e-01
-2.003338898163606052e-01
-2.303839732888146863e-01
-2.604340567612687951e-01
