1.762938230383973348e+00
1.742904841402337368e+00
1.702838063439064964e+00
1.662771285475793004e+00
1.642737896494157024e+00
1.602671118530884842e+00
1.572621035058430872e+00
1.532554257095158468e+00
1.492487479131886507e+00
1.462437395659432537e+00
1.422370617696160355e+00
1.382303839732888173e+00
1.332220367278798001e+00
1.292153589315526041e+00
1.252086811352253859e+00
1.202003338898163687e+00
1.151919866444073515e+00
1.101836393989983343e+00
1.041736227045075180e+00
9.916527545909850083e-01
9.315525876460767352e-01
8.514190317195324820e-01
7.913188647746244309e-01
7.111853088480801777e-01
6.210350584307179345e-01
5.008347245409014992e-01
3.806343906510851194e-01
2.604340567612687951e-01
1.702838063439065242e-01
1.001669449081803026e-01
2.003338898163606330e-02
-5.008347245409015130e-02
-1.101836393989983343e-01
-1.702838063439065242e-01
-2.203672787979966685e-01
-2.704507512520868406e-01
-3.205342237061770128e-01
-3.706176961602671294e-01
-4.207011686143572460e-01
-4.707846410684474736e-01
-5.208681135225375902e-01
-5.609348914858097723e-01
-6.110183639398998334e-01
-6.611018363939900055e-01
-7.011686143572621877e-01
-7.412353923205342587e-01
-8.013355592654424209e-01
-8.414023372287144920e-01
-8.814691151919866741e-01
-9.215358931552587451e-01
