1.491242702251876606e+00
1.466221851542952592e+00
1.431192660550458795e+00
1.401167639699749889e+00
1.366138448707256092e+00
1.336113427856547187e+00
1.301084236864053389e+00
1.261050875729774923e+00
1.231025854879066017e+00
1.190992493744787328e+00
1.150959132610508862e+00
1.105921601334445503e+00
1.065888240200166814e+00
1.020850708924103456e+00
9.758131776480400976e-01
9.257714762301918476e-01
8.707256046705588171e-01
8.156797331109257865e-01
7.556296914095079753e-01
6.905754795663052725e-01
6.255212677231026808e-01
5.604670558798999780e-01
4.954128440366972752e-01
4.253544620517097363e-01
3.603002502085070891e-01
2.852376980817348251e-01
2.151793160967472862e-01
1.451209341117598306e-01
7.005838198498749725e-02
-1.501251042535446147e-02
-9.507923269391159449e-02
-1.901584653878231890e-01
-2.952460383653044418e-01
-4.303586321934945724e-01
-6.355296080066722419e-01
-1.546288573811509526e+00
-2.646341463414634276e+00
-2.663135593220339103e+00
-2.661654135338345828e+00
-2.668831168831168998e+00
-2.670293797606093644e+00
-2.665938864628821126e+00
-2.665207877461706953e+00
-2.668127053669222537e+00
-2.667398463227223182e+00
-2.663736263736263599e+00
-2.666666666666666519e+00
-2.666666666666666519e+00
-2.669603524229075209e+00
-2.669603524229075209e+00
