1.496246872393661498e+00
1.466221851542952592e+00
1.431192660550458795e+00
1.396163469557964998e+00
1.371142618849040984e+00
1.336113427856547187e+00
1.296080066722268720e+00
1.261050875729774923e+00
1.226021684737281126e+00
1.185988323603002659e+00
1.150959132610508862e+00
1.105921601334445503e+00
1.065888240200166814e+00
1.020850708924103456e+00
9.758131776480400976e-01
9.257714762301918476e-01
8.707256046705588171e-01
8.206839032527106781e-01
7.556296914095079753e-01
6.905754795663052725e-01
6.155129274395330086e-01
5.354462051709758530e-01
4.303586321934945724e-01
3.052543786488740585e-01
1.251042535446205139e-01
-6.855713094245204919e-01
-6.855713094245204919e-01
-6.855713094245204919e-01
-6.855713094245204919e-01
-6.805671392827357113e-01
-6.855713094245204919e-01
-6.805671392827357113e-01
-6.855713094245204919e-01
-6.855713094245204919e-01
-6.855713094245204919e-01
-6.855713094245204919e-01
-6.855713094245204919e-01
-6.855713094245204919e-01
-6.855713094245204919e-01
-6.855713094245204919e-01
-6.855713094245204919e-01
-6.855713094245204919e-01
-6.805671392827357113e-01
-6.855713094245204919e-01
-6.855713094245204919e-01
-6.855713094245204919e-01
-6.855713094245204919e-01
-6.855713094245204919e-01
-6.855713094245204919e-01
-6.805671392827357113e-01
