1.491242702251876606e+00
1.461217681401167701e+00
1.431192660550458795e+00
1.401167639699749889e+00
1.366138448707256092e+00
1.336113427856547187e+00
1.301084236864053389e+00
1.266055045871559814e+00
1.231025854879066017e+00
1.190992493744787328e+00
1.150959132610508862e+00
1.105921601334445503e+00
1.065888240200166814e+00
1.020850708924103456e+00
9.708090075062552060e-01
9.257714762301918476e-01
8.757297748123437087e-01
8.156797331109257865e-01
7.606338615512927559e-01
6.955796497080900531e-01
6.305254378648874614e-01
5.654712260216847586e-01
5.004170141784820558e-01
4.353628023352794085e-01
3.703085904920767613e-01
3.052543786488740585e-01
2.351959966638866029e-01
1.701417848206839278e-01
1.000834028356964167e-01
2.502085070892410418e-02
-5.504587155963303058e-02
-1.351125938281901584e-01
-2.251876563803169307e-01
-3.152627189324437307e-01
-4.303586321934945724e-01
-5.654712260216847586e-01
-7.556296914095079753e-01
-1.110925771476230173e+00
-2.335714285714285854e+00
-2.911161731207289716e+00
-2.922716627634660558e+00
-2.928909952606635336e+00
-2.924910607866507917e+00
-2.928229665071770516e+00
-2.924369747899159933e+00
-2.927884615384615419e+00
-2.927710843373494409e+00
-2.924004825090470661e+00
-2.924004825090470661e+00
-2.927536231884058093e+00
