1.491242702251876606e+00
1.461217681401167701e+00
1.431192660550458795e+00
1.401167639699749889e+00
1.371142618849040984e+00
1.336113427856547187e+00
1.296080066722268720e+00
1.266055045871559814e+00
1.226021684737281126e+00
1.190992493744787328e+00
1.150959132610508862e+00
1.110925771476230173e+00
1.065888240200166814e+00
1.020850708924103456e+00
9.708090075062552060e-01
9.257714762301918476e-01
8.757297748123437087e-01
8.206839032527106781e-01
7.606338615512927559e-01
7.005838198498749447e-01
6.405337781484570225e-01
5.854879065888239920e-01
5.254378648874062918e-01
4.703919933277732057e-01
4.103419516263553390e-01
3.552960800667223085e-01
2.952460383653044418e-01
2.402001668056713835e-01
1.851542952460383806e-01
1.251042535446205139e-01
6.505421184320267503e-02
5.004170141784820489e-03
-6.005004170141784586e-02
-1.301084236864053501e-01
-1.901584653878231890e-01
-2.652210175145954807e-01
-3.352793994995830196e-01
-4.103419516263553390e-01
-4.954128440366972752e-01
-5.804837364470393224e-01
-6.755629691409508197e-01
-7.706422018348624281e-01
-8.807339449541284893e-01
-1.005838198498749003e+00
-1.145954962468723970e+00
-1.296080066722268720e+00
-1.471226021684737484e+00
-1.676396997497914931e+00
-1.931609674728940851e+00
-2.279202279202279691e+00
