1.491242702251876606e+00
1.461217681401167701e+00
1.431192660550458795e+00
1.401167639699749889e+00
1.371142618849040984e+00
1.336113427856547187e+00
1.296080066722268720e+00
1.266055045871559814e+00
1.226021684737281126e+00
1.190992493744787328e+00
1.150959132610508862e+00
1.110925771476230173e+00
1.065888240200166814e+00
1.020850708924103456e+00
9.708090075062552060e-01
9.257714762301918476e-01
8.707256046705588171e-01
8.206839032527106781e-01
7.606338615512927559e-01
7.005838198498749447e-01
6.405337781484570225e-01
5.854879065888239920e-01
5.304420350291909614e-01
4.703919933277732057e-01
4.103419516263553390e-01
3.552960800667223085e-01
3.002502085070892779e-01
2.402001668056713835e-01
1.801501251042535445e-01
1.201000834028356917e-01
6.005004170141784586e-02
0.000000000000000000e+00
-6.505421184320267503e-02
-1.301084236864053501e-01
-2.001668056713928334e-01
-2.652210175145954807e-01
-3.402835696413678557e-01
-4.203502919099249002e-01
-5.004170141784820558e-01
-5.904920767306088836e-01
-6.855713094245204919e-01
-7.856547122602167699e-01
-9.007506255212677226e-01
-1.025854879065888348e+00
-1.160967472894078645e+00
-1.321100917431192734e+00
-1.501251042535446167e+00
-1.726438698915763403e+00
-2.005012531328320691e+00
-2.426693629929221441e+00
