1.766871165644172015e+00
1.724999999999999867e+00
1.695238095238095211e+00
1.650485436893204039e+00
1.629139072847682224e+00
1.579999999999999849e+00
1.565217391304347894e+00
1.510067114093959884e+00
1.469798657718121015e+00
1.434343434343434476e+00
1.389261744966443057e+00
1.348993288590604189e+00
1.284280936454849531e+00
1.235880398671096447e+00
1.184210526315789602e+00
1.133550488599348594e+00
1.076923076923077094e+00
1.018867924528301883e+00
9.600000000000000755e-01
8.730650154798761386e-01
8.108108108108108558e-01
7.153846153846155076e-01
6.376811594202899114e-01
5.128205128205128860e-01
3.505843071786310938e-01
3.582089552238806179e-02
-7.011686143572621877e-01
-7.011686143572621877e-01
-7.011686143572621877e-01
-7.011686143572621877e-01
-7.011686143572621877e-01
-7.011686143572621877e-01
-6.911519198664440866e-01
-7.011686143572621877e-01
-7.011686143572621877e-01
-7.011686143572621877e-01
-6.911519198664440866e-01
-6.911519198664440866e-01
-7.011686143572621877e-01
-7.011686143572621877e-01
-7.011686143572621877e-01
-7.011686143572621877e-01
-7.011686143572621877e-01
-7.011686143572621877e-01
-7.011686143572621877e-01
-6.911519198664440866e-01
-6.911519198664440866e-01
-6.911519198664440866e-01
-6.911519198664440866e-01
-6.911519198664440866e-01
