1.772727272727272929e+00
1.725190839694656697e+00
1.707692307692307621e+00
1.663212435233160535e+00
1.613577023498694585e+00
1.598944591029023643e+00
1.552000000000000046e+00
1.508108108108108025e+00
1.459016393442623016e+00
1.416666666666666741e+00
1.389830508474576343e+00
1.344827586206896575e+00
1.288235294117647145e+00
1.232628398791540958e+00
1.196261682242990787e+00
1.141935483870967660e+00
1.090909090909091050e+00
1.028571428571428692e+00
9.515859766277129372e-01
8.814691151919866741e-01
8.113522537562604109e-01
7.212020033388982787e-01
6.210350584307179345e-01
5.008347245409014992e-01
3.505843071786310938e-01
9.015025041736228484e-02
-2.720207253886010701e+00
-2.709677419354838968e+00
-2.718535469107551616e+00
-2.712328767123287854e+00
-2.712328767123287854e+00
-2.712328767123287854e+00
-2.721088435374150016e+00
-2.715231788079470299e+00
-2.721238938053097467e+00
-2.719817767653758711e+00
-2.708803611738149097e+00
-2.708803611738149097e+00
-2.708803611738149097e+00
-2.713968957871397247e+00
-2.713968957871397247e+00
-2.713968957871397247e+00
-2.713968957871397247e+00
-2.713968957871397247e+00
-2.713968957871397247e+00
-2.720000000000000195e+00
-2.720000000000000195e+00
-2.720000000000000195e+00
-2.720000000000000195e+00
-2.720000000000000195e+00
