1.776480400333611431e+00
1.766472060050041648e+00
1.756463719766472087e+00
1.746455379482902304e+00
1.736447039199332742e+00
1.731442869057548073e+00
1.721434528773978290e+00
1.706422018348624059e+00
1.701417848206838945e+00
1.686405337781484715e+00
1.671392827356130262e+00
1.666388657214345370e+00
1.656380316930775587e+00
1.641367806505421356e+00
1.631359466221851573e+00
1.621351125938282012e+00
1.611342785654712229e+00
1.601334445371142667e+00
1.586321934945788215e+00
1.576313594662218653e+00
1.561301084236864201e+00
1.556296914095079309e+00
1.541284403669724856e+00
1.531276063386155295e+00
1.516263552960800620e+00
1.506255212677231281e+00
1.496246872393661498e+00
1.481234361968307045e+00
1.466221851542952592e+00
1.456213511259382809e+00
1.446205170975813248e+00
1.431192660550458795e+00
1.416180150125104342e+00
1.406171809841534781e+00
1.391159299416180106e+00
1.381150959132610545e+00
1.366138448707256092e+00
1.351125938281901639e+00
1.341117597998332078e+00
1.326105087572977403e+00
1.306088407005838281e+00
1.296080066722268720e+00
1.281067556296914045e+00
1.266055045871559814e+00
1.251042535446205362e+00
1.236030025020850687e+00
1.221017514595496234e+00
1.201000834028357112e+00
1.190992493744787328e+00
1.175979983319432876e+00
