1.771476230191826762e+00
1.746455379482902304e+00
1.721434528773978290e+00
1.696413678065054276e+00
1.666388657214345370e+00
1.641367806505421356e+00
1.616346955796497342e+00
1.586321934945788215e+00
1.556296914095079309e+00
1.531276063386155295e+00
1.501251042535446167e+00
1.466221851542952592e+00
1.436196830692243465e+00
1.406171809841534781e+00
1.371142618849040984e+00
1.336113427856547187e+00
1.306088407005838281e+00
1.271059216013344484e+00
1.231025854879066017e+00
1.190992493744787328e+00
1.150959132610508862e+00
1.105921601334445503e+00
1.065888240200166814e+00
1.020850708924103456e+00
9.708090075062552060e-01
9.207673060884070670e-01
8.657214345287740365e-01
8.106755629691410059e-01
7.456213511259383031e-01
6.805671392827357113e-01
6.055045871559633364e-01
5.204336947456214002e-01
4.253544620517097363e-01
3.252710592160133474e-01
2.151793160967472862e-01
9.007506255212677226e-02
-9.708090075062552060e-01
-9.708090075062552060e-01
-9.708090075062552060e-01
-9.708090075062552060e-01
-9.708090075062552060e-01
-9.708090075062552060e-01
-9.708090075062552060e-01
-9.708090075062552060e-01
-9.708090075062552060e-01
-9.708090075062552060e-01
-9.708090075062552060e-01
-9.708090075062552060e-01
-9.708090075062552060e-01
-9.708090075062552060e-01
