1.762938230383973348e+00
1.732888146911519378e+00
1.702838063439064964e+00
1.662771285475793004e+00
1.622704507512520822e+00
1.582637729549248862e+00
1.552587646076794892e+00
1.512520868113522488e+00
1.462437395659432537e+00
1.422370617696160355e+00
1.382303839732888173e+00
1.342237061769615991e+00
1.282136894824708051e+00
1.242070116861435869e+00
1.191986644407345697e+00
1.131886477462437535e+00
1.071786310517529373e+00
1.011686143572620988e+00
9.515859766277129372e-01
8.814691151919866741e-01
8.113522537562604109e-01
7.412353923205342587e-01
6.611018363939900055e-01
5.809682804674457524e-01
5.008347245409014992e-01
4.106844741235392560e-01
3.105175292153589672e-01
2.003338898163606052e-01
7.011686143572622154e-02
-1.302170283806343976e-01
-1.302170283806344031e+00
-1.302170283806344031e+00
-1.302170283806344031e+00
-1.292153589315526041e+00
-1.302170283806344031e+00
-1.302170283806344031e+00
-1.302170283806344031e+00
-1.292153589315526041e+00
-1.302170283806344031e+00
-1.292153589315526041e+00
-1.302170283806344031e+00
-1.302170283806344031e+00
-1.292153589315526041e+00
-1.292153589315526041e+00
-1.302170283806344031e+00
-1.302170283806344031e+00
-1.302170283806344031e+00
-1.292153589315526041e+00
-1.292153589315526041e+00
-1.292153589315526041e+00
