2.166117459529270928e-03
2.421274230228864788e-03
2.657548145643451321e-03
2.856158764957317242e-03
3.094236764652258387e-03
3.572455209118086117e-03
3.903840454395290926e-03
4.363416965549427040e-03
4.787994538360318408e-03
5.225081102211426298e-03
5.469673552651044268e-03
6.558452559378147306e-03
7.096415162308966629e-03
7.607519688640929090e-03
8.538928895015951426e-03
9.395951308339922647e-03
1.141652554413719045e-02
1.162130525000937276e-02
1.303651892919566180e-02
1.595181659387789885e-02
1.752521062583634048e-02
2.344940557495434064e-02
2.785677209614423333e-02
3.352732564430960238e-02
3.850366560794782345e-02
6.154032518970309340e-02
9.598916724560080382e-02
1.525785070192262616e-01
2.298723895580527810e-01
4.700002903868378823e-01
