1.482470784641068517e+00
1.462437395659432537e+00
1.432387312186978345e+00
1.402337228714524375e+00
1.362270450751252193e+00
1.332220367278798001e+00
1.302170283806344031e+00
1.262103505843071849e+00
1.222036727879799667e+00
1.191986644407345697e+00
1.151919866444073515e+00
1.101836393989983343e+00
1.071786310517529373e+00
1.021702838063439200e+00
9.716193656093489173e-01
9.215358931552587451e-01
8.614357262103506940e-01
8.113522537562604109e-01
7.512520868113522488e-01
6.911519198664440866e-01
6.110183639398998334e-01
5.208681135225375902e-01
4.307178631051753470e-01
3.105175292153589672e-01
1.302170283806343976e-01
-7.011686143572621877e-01
-6.911519198664440866e-01
-6.911519198664440866e-01
-7.011686143572621877e-01
-7.011686143572621877e-01
-7.011686143572621877e-01
-7.011686143572621877e-01
-6.911519198664440866e-01
-7.011686143572621877e-01
-7.011686143572621877e-01
-7.011686143572621877e-01
-6.911519198664440866e-01
-7.011686143572621877e-01
-7.011686143572621877e-01
-7.011686143572621877e-01
-6.911519198664440866e-01
-7.011686143572621877e-01
-7.011686143572621877e-01
-7.011686143572621877e-01
-7.011686143572621877e-01
-6.911519198664440866e-01
-6.911519198664440866e-01
-7.011686143572621877e-01
-7.011686143572621877e-01
-7.011686143572621877e-01
