4.500000000000000000e+00
4.500000000000000000e+00
4.500000000000000000e+00
6.000000000000000000e+00
4.500000000000000000e+00
4.800000000000000711e+00
4.800000000000000711e+00
4.800000000000000711e+00
3.600000000000000089e+00
4.800000000000000711e+00
5.000000000000000888e+00
5.000000000000000888e+00
5.000000000000000888e+00
5.000000000000000888e+00
5.000000000000000888e+00
5.142857142857143238e+00
5.142857142857143238e+00
5.142857142857143238e+00
5.142857142857143238e+00
4.285714285714286476e+00
4.500000000000000000e+00
4.500000000000000000e+00
5.250000000000000000e+00
5.250000000000000000e+00
4.500000000000000000e+00
4.666666666666666963e+00
4.666666666666666963e+00
4.666666666666666963e+00
5.333333333333333037e+00
5.333333333333333037e+00
4.800000000000000711e+00
4.800000000000000711e+00
4.800000000000000711e+00
4.800000000000000711e+00
5.400000000000000355e+00
4.909090909090910060e+00
4.909090909090910060e+00
4.909090909090910060e+00
4.909090909090910060e+00
4.909090909090910060e+00
5.000000000000000888e+00
4.500000000000000000e+00
5.000000000000000888e+00
5.000000000000000888e+00
5.000000000000000888e+00
5.076923076923077538e+00
4.615384615384615863e+00
4.615384615384615863e+00
5.076923076923077538e+00
5.076923076923077538e+00
5.142857142857143238e+00
5.142857142857143238e+00
4.714285714285714413e+00
4.714285714285714413e+00
4.714285714285714413e+00
4.800000000000000711e+00
5.200000000000000178e+00
5.200000000000000178e+00
4.800000000000000711e+00
4.800000000000000711e+00
4.875000000000000000e+00
4.875000000000000000e+00
5.250000000000000000e+00
5.250000000000000000e+00
4.875000000000000000e+00
4.941176470588235503e+00
4.941176470588235503e+00
4.941176470588235503e+00
4.941176470588235503e+00
5.294117647058823373e+00
5.000000000000000888e+00
5.000000000000000888e+00
5.000000000000000888e+00
5.000000000000000888e+00
5.000000000000000888e+00
5.052631578947368141e+00
4.736842105263158409e+00
5.052631578947368141e+00
5.052631578947368141e+00
5.052631578947368141e+00
5.100000000000000533e+00
4.800000000000000711e+00
4.800000000000000711e+00
4.800000000000000711e+00
5.100000000000000533e+00
5.142857142857143238e+00
5.142857142857143238e+00
4.857142857142857650e+00
4.857142857142857650e+00
4.857142857142857650e+00
4.909090909090910060e+00
4.909090909090910060e+00
5.181818181818182545e+00
4.909090909090910060e+00
4.909090909090910060e+00
4.956521739130435478e+00
4.956521739130435478e+00
4.956521739130435478e+00
4.956521739130435478e+00
4.956521739130435478e+00
5.000000000000000888e+00
5.000000000000000888e+00
5.000000000000000888e+00
5.000000000000000888e+00
5.000000000000000888e+00
4.800000000000000711e+00
5.040000000000000036e+00
5.040000000000000036e+00
5.040000000000000036e+00
5.040000000000000036e+00
5.076923076923077538e+00
4.846153846153846700e+00
4.846153846153846700e+00
5.076923076923077538e+00
5.076923076923077538e+00
5.111111111111111605e+00
5.111111111111111605e+00
5.111111111111111605e+00
4.888888888888889284e+00
4.888888888888889284e+00
4.928571428571428825e+00
5.142857142857143238e+00
5.142857142857143238e+00
5.142857142857143238e+00
4.928571428571428825e+00
4.965517241379310498e+00
4.965517241379310498e+00
4.965517241379310498e+00
5.172413793103448398e+00
5.172413793103448398e+00
5.000000000000000888e+00
5.000000000000000888e+00
5.000000000000000888e+00
5.000000000000000888e+00
5.000000000000000888e+00
5.032258064516129892e+00
5.032258064516129892e+00
5.032258064516129892e+00
5.032258064516129892e+00
5.032258064516129892e+00
5.062500000000000000e+00
5.062500000000000000e+00
4.875000000000000000e+00
5.062500000000000000e+00
5.062500000000000000e+00
5.090909090909091717e+00
5.090909090909091717e+00
5.090909090909091717e+00
4.909090909090910060e+00
4.909090909090910060e+00
4.941176470588235503e+00
4.941176470588235503e+00
5.117647058823529882e+00
5.117647058823529882e+00
4.941176470588235503e+00
4.971428571428572418e+00
4.971428571428572418e+00
4.971428571428572418e+00
4.971428571428572418e+00
5.142857142857143238e+00
5.000000000000000888e+00
5.000000000000000888e+00
5.000000000000000888e+00
5.000000000000000888e+00
5.000000000000000888e+00
5.027027027027027195e+00
4.864864864864865801e+00
5.027027027027027195e+00
5.027027027027027195e+00
5.027027027027027195e+00
5.052631578947368141e+00
5.052631578947368141e+00
5.052631578947368141e+00
4.894736842105263719e+00
5.052631578947368141e+00
5.076923076923077538e+00
5.076923076923077538e+00
5.076923076923077538e+00
5.076923076923077538e+00
4.923076923076923350e+00
4.950000000000000178e+00
4.950000000000000178e+00
5.100000000000000533e+00
5.100000000000000533e+00
5.100000000000000533e+00
4.975609756097560954e+00
4.975609756097560954e+00
4.975609756097560954e+00
4.975609756097560954e+00
5.121951219512195230e+00
5.142857142857143238e+00
5.000000000000000888e+00
5.000000000000000888e+00
5.000000000000000888e+00
5.000000000000000888e+00
5.023255813953489302e+00
5.023255813953489302e+00
5.023255813953489302e+00
5.023255813953489302e+00
5.023255813953489302e+00
5.045454545454545858e+00
5.045454545454545858e+00
5.045454545454545858e+00
4.909090909090910060e+00
5.045454545454545858e+00
5.066666666666667318e+00
5.066666666666667318e+00
5.066666666666667318e+00
5.066666666666667318e+00
5.066666666666667318e+00
4.956521739130435478e+00
4.956521739130435478e+00
5.086956521739130821e+00
5.086956521739130821e+00
5.086956521739130821e+00
5.106382978723404520e+00
4.978723404255319451e+00
4.978723404255319451e+00
4.978723404255319451e+00
4.978723404255319451e+00
5.000000000000000888e+00
5.125000000000000000e+00
5.000000000000000888e+00
5.000000000000000888e+00
5.000000000000000888e+00
5.020408163265306811e+00
5.020408163265306811e+00
5.020408163265306811e+00
5.020408163265306811e+00
5.020408163265306811e+00
5.040000000000000036e+00
5.040000000000000036e+00
5.040000000000000036e+00
5.040000000000000036e+00
4.919999999999999929e+00
4.941176470588235503e+00
5.058823529411765385e+00
5.058823529411765385e+00
5.058823529411765385e+00
5.058823529411765385e+00
5.076923076923077538e+00
4.961538461538461675e+00
4.961538461538461675e+00
5.076923076923077538e+00
5.076923076923077538e+00
5.094339622641509635e+00
5.094339622641509635e+00
4.981132075471698784e+00
4.981132075471698784e+00
4.981132075471698784e+00
5.000000000000000888e+00
5.111111111111111605e+00
5.111111111111111605e+00
5.000000000000000888e+00
5.000000000000000888e+00
5.018181818181818521e+00
5.018181818181818521e+00
5.018181818181818521e+00
5.127272727272726982e+00
5.018181818181818521e+00
5.035714285714286476e+00
5.035714285714286476e+00
5.035714285714286476e+00
5.035714285714286476e+00
5.035714285714286476e+00
5.052631578947368141e+00
4.947368421052631859e+00
5.052631578947368141e+00
5.052631578947368141e+00
5.052631578947368141e+00
5.068965517241379892e+00
5.068965517241379892e+00
4.965517241379310498e+00
4.965517241379310498e+00
5.068965517241379892e+00
5.084745762711864181e+00
5.084745762711864181e+00
5.084745762711864181e+00
4.983050847457627164e+00
4.983050847457627164e+00
5.000000000000000888e+00
5.000000000000000888e+00
5.100000000000000533e+00
5.100000000000000533e+00
5.000000000000000888e+00
5.016393442622951504e+00
5.016393442622951504e+00
5.016393442622951504e+00
5.016393442622951504e+00
5.114754098360656087e+00
5.129032258064516903e+00
5.032258064516129892e+00
5.032258064516129892e+00
5.032258064516129892e+00
5.032258064516129892e+00
5.047619047619048338e+00
5.047619047619048338e+00
5.047619047619048338e+00
5.047619047619048338e+00
5.047619047619048338e+00
5.062500000000000000e+00
5.062500000000000000e+00
5.062500000000000000e+00
4.968750000000000000e+00
4.968750000000000000e+00
4.984615384615385558e+00
5.076923076923077538e+00
5.076923076923077538e+00
5.076923076923077538e+00
4.984615384615385558e+00
5.000000000000000888e+00
5.000000000000000888e+00
5.000000000000000888e+00
5.090909090909091717e+00
5.090909090909091717e+00
5.104477611940298587e+00
5.014925373134328623e+00
5.014925373134328623e+00
5.014925373134328623e+00
5.014925373134328623e+00
5.029411764705883137e+00
5.117647058823529882e+00
5.029411764705883137e+00
5.029411764705883137e+00
5.029411764705883137e+00
5.043478260869565410e+00
5.043478260869565410e+00
5.043478260869565410e+00
5.043478260869565410e+00
5.043478260869565410e+00
5.057142857142857828e+00
5.057142857142857828e+00
5.057142857142857828e+00
5.057142857142857828e+00
4.971428571428572418e+00
4.985915492957746942e+00
4.985915492957746942e+00
5.070422535211267956e+00
5.070422535211267956e+00
5.070422535211267956e+00
5.083333333333333925e+00
5.000000000000000888e+00
5.000000000000000888e+00
5.000000000000000888e+00
5.083333333333333925e+00
5.095890410958904049e+00
5.095890410958904049e+00
5.013698630136986800e+00
5.013698630136986800e+00
5.013698630136986800e+00
5.027027027027027195e+00
5.027027027027027195e+00
5.108108108108107892e+00
5.027027027027027195e+00
5.027027027027027195e+00
5.040000000000000036e+00
5.040000000000000036e+00
5.040000000000000036e+00
5.040000000000000036e+00
5.040000000000000036e+00
5.052631578947368141e+00
5.052631578947368141e+00
5.052631578947368141e+00
5.052631578947368141e+00
5.052631578947368141e+00
5.064935064935064624e+00
4.987012987012987786e+00
4.987012987012987786e+00
5.064935064935064624e+00
5.064935064935064624e+00
5.076923076923077538e+00
5.076923076923077538e+00
5.000000000000000888e+00
5.000000000000000888e+00
5.000000000000000888e+00
5.012658227848101333e+00
5.088607594936709333e+00
5.088607594936709333e+00
5.012658227848101333e+00
5.012658227848101333e+00
5.025000000000000355e+00
5.025000000000000355e+00
5.025000000000000355e+00
5.100000000000000533e+00
5.100000000000000533e+00
5.037037037037037202e+00
5.037037037037037202e+00
5.037037037037037202e+00
5.037037037037037202e+00
5.037037037037037202e+00
5.048780487804878092e+00
5.048780487804878092e+00
5.048780487804878092e+00
5.048780487804878092e+00
5.048780487804878092e+00
5.060240963855422436e+00
5.060240963855422436e+00
4.987951807228916401e+00
4.987951807228916401e+00
5.060240963855422436e+00
5.071428571428572063e+00
5.071428571428572063e+00
5.071428571428572063e+00
5.000000000000000888e+00
5.000000000000000888e+00
5.011764705882353788e+00
5.011764705882353788e+00
5.082352941176471184e+00
5.082352941176471184e+00
5.082352941176471184e+00
5.023255813953489302e+00
5.023255813953489302e+00
5.023255813953489302e+00
5.023255813953489302e+00
5.093023255813953654e+00
5.103448275862069394e+00
5.034482758620689502e+00
5.034482758620689502e+00
5.034482758620689502e+00
5.034482758620689502e+00
5.045454545454545858e+00
5.045454545454545858e+00
5.045454545454545858e+00
5.045454545454545858e+00
5.045454545454545858e+00
5.056179775280899236e+00
5.056179775280899236e+00
5.056179775280899236e+00
5.056179775280899236e+00
4.988764044943820863e+00
5.000000000000000888e+00
5.066666666666667318e+00
5.066666666666667318e+00
5.066666666666667318e+00
5.066666666666667318e+00
5.010989010989011838e+00
5.010989010989011838e+00
5.010989010989011838e+00
5.076923076923077538e+00
5.076923076923077538e+00
5.086956521739130821e+00
5.021739130434783149e+00
5.021739130434783149e+00
5.021739130434783149e+00
5.021739130434783149e+00
5.032258064516129892e+00
5.096774193548387899e+00
5.032258064516129892e+00
5.032258064516129892e+00
5.032258064516129892e+00
5.042553191489361986e+00
5.042553191489361986e+00
5.042553191489361986e+00
5.106382978723404520e+00
5.042553191489361986e+00
5.052631578947368141e+00
5.052631578947368141e+00
5.052631578947368141e+00
5.052631578947368141e+00
5.052631578947368141e+00
5.000000000000000888e+00
5.000000000000000888e+00
5.062500000000000000e+00
5.062500000000000000e+00
5.062500000000000000e+00
5.072164948453608879e+00
5.010309278350516315e+00
5.010309278350516315e+00
5.010309278350516315e+00
5.072164948453608879e+00
5.081632653061225469e+00
5.081632653061225469e+00
5.081632653061225469e+00
5.020408163265306811e+00
5.020408163265306811e+00
5.030303030303030276e+00
5.030303030303030276e+00
5.090909090909091717e+00
5.090909090909091717e+00
5.030303030303030276e+00
5.040000000000000036e+00
5.040000000000000036e+00
5.040000000000000036e+00
5.040000000000000036e+00
5.040000000000000036e+00
4.990099009900990090e+00
5.049504950495049549e+00
5.049504950495049549e+00
5.049504950495049549e+00
5.049504950495049549e+00
5.058823529411765385e+00
5.058823529411765385e+00
5.000000000000000888e+00
5.058823529411765385e+00
5.058823529411765385e+00
5.067961165048544103e+00
5.067961165048544103e+00
5.067961165048544103e+00
5.009708737864078110e+00
5.009708737864078110e+00
5.019230769230770051e+00
5.076923076923077538e+00
5.076923076923077538e+00
5.076923076923077538e+00
5.019230769230770051e+00
5.028571428571429358e+00
5.028571428571429358e+00
5.028571428571429358e+00
5.085714285714286298e+00
5.085714285714286298e+00
5.094339622641509635e+00
5.037735849056604209e+00
5.037735849056604209e+00
5.037735849056604209e+00
5.037735849056604209e+00
5.046728971962616939e+00
5.046728971962616939e+00
5.046728971962616939e+00
5.046728971962616939e+00
5.046728971962616939e+00
5.055555555555555358e+00
5.055555555555555358e+00
5.055555555555555358e+00
5.000000000000000888e+00
5.055555555555555358e+00
5.064220183486239257e+00
5.064220183486239257e+00
5.064220183486239257e+00
5.064220183486239257e+00
5.064220183486239257e+00
5.018181818181818521e+00
5.018181818181818521e+00
5.072727272727273196e+00
5.072727272727273196e+00
5.072727272727273196e+00
5.081081081081081585e+00
5.027027027027027195e+00
5.027027027027027195e+00
5.027027027027027195e+00
5.027027027027027195e+00
5.035714285714286476e+00
5.089285714285714413e+00
5.035714285714286476e+00
5.035714285714286476e+00
5.035714285714286476e+00
5.044247787610619760e+00
5.044247787610619760e+00
5.044247787610619760e+00
5.044247787610619760e+00
5.044247787610619760e+00
5.052631578947368141e+00
5.052631578947368141e+00
5.052631578947368141e+00
5.052631578947368141e+00
5.052631578947368141e+00
5.008695652173913437e+00
5.060869565217391397e+00
5.060869565217391397e+00
5.060869565217391397e+00
5.060869565217391397e+00
5.068965517241379892e+00
5.017241379310345195e+00
5.017241379310345195e+00
5.068965517241379892e+00
5.068965517241379892e+00
5.076923076923077538e+00
5.076923076923077538e+00
5.025641025641026438e+00
5.025641025641026438e+00
5.025641025641026438e+00
5.033898305084745672e+00
5.033898305084745672e+00
5.084745762711864181e+00
5.084745762711864181e+00
5.033898305084745672e+00
5.042016806722689815e+00
5.042016806722689815e+00
5.042016806722689815e+00
5.042016806722689815e+00
5.092436974789916526e+00
5.050000000000000711e+00
5.050000000000000711e+00
5.050000000000000711e+00
5.050000000000000711e+00
5.050000000000000711e+00
5.057851239669421517e+00
5.008264462809917994e+00
5.057851239669421517e+00
5.057851239669421517e+00
5.057851239669421517e+00
5.065573770491804240e+00
5.065573770491804240e+00
5.065573770491804240e+00
5.016393442622951504e+00
5.016393442622951504e+00
5.024390243902439046e+00
5.073170731707318026e+00
5.073170731707318026e+00
5.073170731707318026e+00
5.024390243902439046e+00
5.032258064516129892e+00
5.032258064516129892e+00
5.032258064516129892e+00
5.080645161290322953e+00
5.080645161290322953e+00
5.040000000000000036e+00
5.040000000000000036e+00
5.040000000000000036e+00
5.040000000000000036e+00
5.040000000000000036e+00
5.047619047619048338e+00
5.095238095238095788e+00
5.047619047619048338e+00
5.047619047619048338e+00
5.047619047619048338e+00
5.055118110236220375e+00
5.055118110236220375e+00
5.055118110236220375e+00
5.007874015748031482e+00
5.055118110236220375e+00
5.062500000000000000e+00
5.062500000000000000e+00
5.062500000000000000e+00
5.062500000000000000e+00
5.015625000000000000e+00
5.023255813953489302e+00
5.023255813953489302e+00
5.069767441860465240e+00
5.069767441860465240e+00
5.069767441860465240e+00
5.076923076923077538e+00
5.030769230769231548e+00
5.030769230769231548e+00
5.030769230769231548e+00
5.076923076923077538e+00
5.083969465648855213e+00
5.083969465648855213e+00
5.038167938931297662e+00
5.038167938931297662e+00
5.038167938931297662e+00
5.045454545454545858e+00
5.045454545454545858e+00
5.045454545454545858e+00
5.045454545454545858e+00
5.045454545454545858e+00
5.052631578947368141e+00
5.052631578947368141e+00
5.052631578947368141e+00
5.052631578947368141e+00
5.052631578947368141e+00
5.014925373134328623e+00
5.059701492537313605e+00
5.059701492537313605e+00
5.059701492537313605e+00
5.059701492537313605e+00
5.066666666666667318e+00
5.022222222222222143e+00
5.022222222222222143e+00
5.066666666666667318e+00
5.066666666666667318e+00
5.073529411764706509e+00
5.073529411764706509e+00
5.029411764705883137e+00
5.029411764705883137e+00
5.029411764705883137e+00
5.036496350364963348e+00
5.036496350364963348e+00
5.080291970802919721e+00
5.080291970802919721e+00
5.036496350364963348e+00
5.043478260869565410e+00
5.043478260869565410e+00
5.043478260869565410e+00
5.043478260869565410e+00
5.086956521739130821e+00
5.050359712230216402e+00
5.050359712230216402e+00
5.050359712230216402e+00
5.050359712230216402e+00
5.050359712230216402e+00
5.057142857142857828e+00
5.014285714285715123e+00
5.057142857142857828e+00
5.057142857142857828e+00
5.057142857142857828e+00
5.063829787234042534e+00
5.063829787234042534e+00
5.063829787234042534e+00
5.021276595744681437e+00
5.063829787234042534e+00
5.070422535211267956e+00
5.070422535211267956e+00
5.070422535211267956e+00
5.070422535211267956e+00
5.028169014084507005e+00
5.034965034965035002e+00
5.034965034965035002e+00
5.034965034965035002e+00
5.076923076923077538e+00
5.076923076923077538e+00
5.041666666666666963e+00
5.041666666666666963e+00
5.041666666666666963e+00
5.041666666666666963e+00
5.041666666666666963e+00
5.048275862068965836e+00
5.089655172413793949e+00
5.048275862068965836e+00
5.048275862068965836e+00
5.048275862068965836e+00
5.054794520547945424e+00
5.054794520547945424e+00
5.054794520547945424e+00
5.054794520547945424e+00
5.054794520547945424e+00
5.061224489795918657e+00
5.061224489795918657e+00
5.061224489795918657e+00
5.061224489795918657e+00
5.020408163265306811e+00
5.027027027027027195e+00
5.027027027027027195e+00
5.067567567567568432e+00
5.067567567567568432e+00
5.067567567567568432e+00
5.073825503355704925e+00
5.033557046979866278e+00
5.033557046979866278e+00
5.033557046979866278e+00
5.073825503355704925e+00
5.080000000000000071e+00
5.080000000000000071e+00
5.040000000000000036e+00
5.040000000000000036e+00
5.040000000000000036e+00
5.046357615894040194e+00
5.046357615894040194e+00
5.086092715231788297e+00
5.046357615894040194e+00
5.046357615894040194e+00
5.052631578947368141e+00
5.052631578947368141e+00
5.052631578947368141e+00
5.052631578947368141e+00
5.052631578947368141e+00
5.019607843137255720e+00
5.058823529411765385e+00
5.058823529411765385e+00
5.058823529411765385e+00
5.058823529411765385e+00
5.064935064935064624e+00
5.025974025974026205e+00
5.025974025974026205e+00
5.064935064935064624e+00
5.064935064935064624e+00
5.070967741935484163e+00
5.070967741935484163e+00
5.032258064516129892e+00
5.032258064516129892e+00
5.032258064516129892e+00
5.038461538461539213e+00
5.076923076923077538e+00
5.076923076923077538e+00
5.076923076923077538e+00
5.038461538461539213e+00
5.044585987261147153e+00
5.044585987261147153e+00
5.044585987261147153e+00
5.044585987261147153e+00
5.082802547770700841e+00
5.050632911392405333e+00
5.050632911392405333e+00
5.050632911392405333e+00
5.050632911392405333e+00
5.050632911392405333e+00
5.056603773584906314e+00
5.056603773584906314e+00
5.056603773584906314e+00
5.056603773584906314e+00
5.056603773584906314e+00
5.062500000000000000e+00
5.062500000000000000e+00
5.062500000000000000e+00
5.025000000000000355e+00
5.062500000000000000e+00
5.068322981366460311e+00
5.068322981366460311e+00
5.068322981366460311e+00
5.068322981366460311e+00
5.031055900621118404e+00
5.037037037037037202e+00
5.037037037037037202e+00
5.037037037037037202e+00
5.074074074074074403e+00
5.074074074074074403e+00
5.079754601226993849e+00
5.042944785276073816e+00
5.042944785276073816e+00
5.042944785276073816e+00
5.042944785276073816e+00
5.048780487804878092e+00
5.085365853658537105e+00
5.048780487804878092e+00
5.048780487804878092e+00
5.048780487804878092e+00
5.054545454545454675e+00
5.054545454545454675e+00
5.054545454545454675e+00
5.054545454545454675e+00
5.054545454545454675e+00
5.060240963855422436e+00
5.060240963855422436e+00
5.060240963855422436e+00
5.060240963855422436e+00
5.060240963855422436e+00
5.029940119760478723e+00
5.029940119760478723e+00
5.065868263473054078e+00
5.065868263473054078e+00
5.065868263473054078e+00
5.071428571428572063e+00
5.035714285714286476e+00
5.035714285714286476e+00
5.035714285714286476e+00
5.071428571428572063e+00
5.076923076923077538e+00
5.076923076923077538e+00
5.041420118343195256e+00
5.041420118343195256e+00
5.041420118343195256e+00
5.047058823529412486e+00
5.047058823529412486e+00
5.082352941176471184e+00
5.082352941176471184e+00
5.047058823529412486e+00
5.052631578947368141e+00
5.052631578947368141e+00
5.052631578947368141e+00
5.052631578947368141e+00
5.052631578947368141e+00
5.023255813953489302e+00
5.058139534883721922e+00
5.058139534883721922e+00
5.058139534883721922e+00
5.058139534883721922e+00
5.063583815028902535e+00
5.028901734104046284e+00
5.028901734104046284e+00
5.063583815028902535e+00
5.063583815028902535e+00
5.068965517241379892e+00
5.068965517241379892e+00
5.068965517241379892e+00
5.034482758620689502e+00
5.034482758620689502e+00
5.040000000000000036e+00
5.074285714285714732e+00
5.074285714285714732e+00
5.074285714285714732e+00
5.040000000000000036e+00
5.045454545454545858e+00
5.045454545454545858e+00
5.045454545454545858e+00
5.045454545454545858e+00
5.079545454545455030e+00
5.050847457627119397e+00
5.050847457627119397e+00
5.050847457627119397e+00
5.050847457627119397e+00
5.050847457627119397e+00
5.056179775280899236e+00
5.056179775280899236e+00
5.056179775280899236e+00
5.056179775280899236e+00
5.056179775280899236e+00
5.061452513966480993e+00
5.061452513966480993e+00
5.061452513966480993e+00
5.027932960893854997e+00
5.061452513966480993e+00
5.066666666666667318e+00
5.066666666666667318e+00
5.066666666666667318e+00
5.066666666666667318e+00
5.033333333333334103e+00
5.038674033149171727e+00
5.038674033149171727e+00
5.038674033149171727e+00
5.071823204419889208e+00
5.071823204419889208e+00
5.076923076923077538e+00
5.043956043956044688e+00
5.043956043956044688e+00
5.043956043956044688e+00
5.043956043956044688e+00
5.049180327868852736e+00
5.081967213114754855e+00
5.049180327868852736e+00
5.049180327868852736e+00
5.049180327868852736e+00
5.054347826086956985e+00
5.054347826086956985e+00
5.054347826086956985e+00
5.086956521739130821e+00
5.054347826086956985e+00
5.059459459459460184e+00
5.059459459459460184e+00
5.059459459459460184e+00
5.059459459459460184e+00
5.059459459459460184e+00
5.032258064516129892e+00
5.032258064516129892e+00
5.064516129032258895e+00
5.064516129032258895e+00
5.064516129032258895e+00
5.069518716577540829e+00
5.037433155080214497e+00
5.037433155080214497e+00
5.037433155080214497e+00
5.069518716577540829e+00
5.074468085106382809e+00
5.074468085106382809e+00
5.074468085106382809e+00
5.042553191489361986e+00
5.042553191489361986e+00
5.047619047619048338e+00
5.047619047619048338e+00
5.079365079365079083e+00
5.079365079365079083e+00
5.047619047619048338e+00
5.052631578947368141e+00
5.052631578947368141e+00
5.052631578947368141e+00
5.052631578947368141e+00
5.052631578947368141e+00
5.026178010471204161e+00
5.057591623036649331e+00
5.057591623036649331e+00
5.057591623036649331e+00
5.057591623036649331e+00
5.062500000000000000e+00
5.062500000000000000e+00
5.031250000000000000e+00
5.062500000000000000e+00
5.062500000000000000e+00
5.067357512953368115e+00
5.067357512953368115e+00
5.067357512953368115e+00
5.036269430051813600e+00
5.036269430051813600e+00
5.041237113402062597e+00
5.072164948453608879e+00
5.072164948453608879e+00
5.072164948453608879e+00
5.041237113402062597e+00
5.046153846153846878e+00
5.046153846153846878e+00
5.046153846153846878e+00
5.046153846153846878e+00
5.076923076923077538e+00
5.081632653061225469e+00
5.051020408163265252e+00
5.051020408163265252e+00
5.051020408163265252e+00
5.051020408163265252e+00
5.055837563451777150e+00
5.055837563451777150e+00
5.055837563451777150e+00
5.055837563451777150e+00
5.055837563451777150e+00
5.060606060606060552e+00
5.060606060606060552e+00
5.060606060606060552e+00
5.030303030303030276e+00
5.030303030303030276e+00
5.035175879396985188e+00
5.065326633165829762e+00
5.065326633165829762e+00
5.065326633165829762e+00
5.065326633165829762e+00
5.040000000000000036e+00
5.040000000000000036e+00
5.040000000000000036e+00
5.070000000000000284e+00
5.070000000000000284e+00
5.074626865671642229e+00
5.044776119402984982e+00
5.044776119402984982e+00
5.044776119402984982e+00
5.044776119402984982e+00
5.049504950495049549e+00
5.079207920792079278e+00
5.079207920792079278e+00
5.049504950495049549e+00
5.049504950495049549e+00
5.054187192118226868e+00
5.054187192118226868e+00
5.054187192118226868e+00
5.054187192118226868e+00
5.054187192118226868e+00
5.058823529411765385e+00
5.058823529411765385e+00
5.058823529411765385e+00
5.058823529411765385e+00
5.058823529411765385e+00
5.034146341463414664e+00
5.034146341463414664e+00
5.063414634146341520e+00
5.063414634146341520e+00
5.063414634146341520e+00
5.067961165048544103e+00
