8.668195278376967898e-51
1.139501353404748416e-50
1.847362611738228394e-50
3.481964572495796443e-50
8.349047198736138911e-50
2.594228323405075391e-49
1.066895501239815599e-48
5.165745261964374742e-48
8.661637608237576072e-49
1.573212402097775296e-49
2.986790530491831914e-50
6.774877940439852495e-51
1.915339445339509197e-51
6.650968119239422957e-52
3.741283316185597032e-52
4.080935836431890693e-52
1.255910025774378435e-51
1.780618595094873271e-50
3.708289497333373843e-48
1.572332447855271704e-38
1.720318782617766883e-24
1.065838382470778081e-07
3.309960746100351625e-01
8.958884348790967511e-01
-1.000000000000000000e+00
-1.000000000000000000e+00
-1.000000000000000000e+00
-1.000000000000000000e+00
-1.000000000000000000e+00
-1.000000000000000000e+00
-1.000000000000000000e+00
-1.000000000000000000e+00
-1.000000000000000000e+00
-1.000000000000000000e+00
-1.000000000000000000e+00
-1.000000000000000000e+00
-1.000000000000000000e+00
-1.000000000000000000e+00
-1.000000000000000000e+00
-1.000000000000000000e+00
-1.000000000000000000e+00
-1.000000000000000000e+00
-1.000000000000000000e+00
-1.000000000000000000e+00
-1.000000000000000000e+00
-1.000000000000000000e+00
-1.000000000000000000e+00
-1.000000000000000000e+00
-1.000000000000000000e+00
-1.000000000000000000e+00
