1.776480400333611431e+00
1.766472060050041648e+00
1.761467889908256979e+00
1.746455379482902304e+00
1.736447039199332742e+00
1.726438698915763403e+00
1.711426188490408729e+00
1.701417848206838945e+00
1.691409507923269384e+00
1.681401167639699601e+00
1.666388657214345370e+00
1.651376146788990917e+00
1.646371976647206026e+00
1.631359466221851573e+00
1.621351125938282012e+00
1.606338615512927559e+00
1.596330275229357998e+00
1.586321934945788215e+00
1.571309424520433540e+00
1.561301084236864201e+00
1.546288573811509526e+00
1.536280233527939965e+00
1.521267723102585512e+00
1.511259382819015951e+00
1.496246872393661498e+00
1.486238532110091937e+00
1.466221851542952592e+00
1.456213511259382809e+00
1.441201000834028356e+00
1.431192660550458795e+00
1.416180150125104342e+00
1.401167639699749889e+00
1.386155129274395437e+00
1.371142618849040984e+00
1.356130108423686531e+00
1.346121768140116748e+00
1.331109257714762295e+00
1.311092577147623173e+00
1.296080066722268720e+00
1.281067556296914045e+00
1.266055045871559814e+00
1.251042535446205362e+00
1.236030025020850687e+00
1.216013344453711564e+00
1.201000834028357112e+00
1.185988323603002659e+00
1.165971643035863314e+00
1.150959132610508862e+00
1.130942452043369517e+00
1.110925771476230173e+00
