1.500000000000000000e+00
1.500000000000000000e+00
1.500000000000000000e+00
0.000000000000000000e+00
1.500000000000000000e+00
1.200000000000000178e+00
1.200000000000000178e+00
1.200000000000000178e+00
1.200000000000000178e+00
0.000000000000000000e+00
1.000000000000000000e+00
1.000000000000000000e+00
1.000000000000000000e+00
1.000000000000000000e+00
1.000000000000000000e+00
1.714285714285714191e+00
1.714285714285714191e+00
8.571428571428570953e-01
8.571428571428570953e-01
8.571428571428570953e-01
1.500000000000000000e+00
1.500000000000000000e+00
1.500000000000000000e+00
7.500000000000000000e-01
7.500000000000000000e-01
1.333333333333333259e+00
1.333333333333333259e+00
1.333333333333333259e+00
1.333333333333333259e+00
6.666666666666666297e-01
1.200000000000000178e+00
1.200000000000000178e+00
1.200000000000000178e+00
1.200000000000000178e+00
1.200000000000000178e+00
1.090909090909091050e+00
1.090909090909091050e+00
1.090909090909091050e+00
1.090909090909091050e+00
1.090909090909091050e+00
1.000000000000000000e+00
1.500000000000000000e+00
1.000000000000000000e+00
1.000000000000000000e+00
1.000000000000000000e+00
9.230769230769231282e-01
1.384615384615384803e+00
1.384615384615384803e+00
1.384615384615384803e+00
9.230769230769231282e-01
8.571428571428570953e-01
1.285714285714285809e+00
1.285714285714285809e+00
1.285714285714285809e+00
1.285714285714285809e+00
1.200000000000000178e+00
1.200000000000000178e+00
1.200000000000000178e+00
1.200000000000000178e+00
1.200000000000000178e+00
1.125000000000000000e+00
1.125000000000000000e+00
1.125000000000000000e+00
1.125000000000000000e+00
1.125000000000000000e+00
1.058823529411764941e+00
1.058823529411764941e+00
1.411764705882353033e+00
1.058823529411764941e+00
1.058823529411764941e+00
1.000000000000000000e+00
1.000000000000000000e+00
1.333333333333333259e+00
1.333333333333333259e+00
1.000000000000000000e+00
9.473684210526315264e-01
9.473684210526315264e-01
1.263157894736842035e+00
1.263157894736842035e+00
1.263157894736842035e+00
1.200000000000000178e+00
1.200000000000000178e+00
1.200000000000000178e+00
1.200000000000000178e+00
1.200000000000000178e+00
1.142857142857142794e+00
1.142857142857142794e+00
1.428571428571428603e+00
1.142857142857142794e+00
1.142857142857142794e+00
1.090909090909091050e+00
1.090909090909091050e+00
1.090909090909091050e+00
1.363636363636363757e+00
1.090909090909091050e+00
1.043478260869565188e+00
1.043478260869565188e+00
