4.285714285714359306e-01
4.720812182741209173e-01
5.183246073298486412e-01
5.675675675675831977e-01
6.201117318435851455e-01
6.763005780346897922e-01
7.365269461077881274e-01
8.012422360248532271e-01
8.709677419354834305e-01
9.463087248322173961e-01
1.027972027972026137e+00
1.116788321167884401e+00
1.213740458015278634e+00
1.320000000000001172e+00
1.436974789915973050e+00
1.566371681415946293e+00
1.710280373831779999e+00
1.871287128712886938e+00
2.052631578947374802e+00
2.258426966292138793e+00
2.493975903614459533e+00
2.766233766233773483e+00
3.084507042253527231e+00
3.461538461538477218e+00
3.915254237288144701e+00
4.471698113207585479e+00
5.170212765957461265e+00
6.073170731707334014e+00
7.285714285714323779e+00
9.000000000000026645e+00
