7.212020033388982787e-01
6.711185308848079956e-01
6.210350584307179345e-01
5.709515859766277623e-01
5.108514190317196002e-01
4.507512520868113826e-01
3.906510851419032204e-01
3.305509181969950028e-01
2.804674457429048862e-01
2.404006677796327318e-01
1.803005008347245697e-01
1.402337228714524431e-01
1.001669449081803026e-01
5.008347245409015130e-02
1.001669449081803165e-02
-3.005008347245409148e-02
-7.011686143572622154e-02
-1.202003338898163659e-01
-1.502504173622704609e-01
-1.903171953255425597e-01
-2.203672787979966685e-01
-2.704507512520868406e-01
-3.105175292153589672e-01
-3.405676126878130483e-01
-3.806343906510851194e-01
-4.207011686143572460e-01
-4.607679465776293726e-01
-5.008347245409014992e-01
-5.509181969949916713e-01
-5.909849749582637424e-01
-6.210350584307179345e-01
-6.811352253756260966e-01
-7.212020033388982787e-01
-7.712854757929884508e-01
-8.213689482470785119e-01
-8.714524207011686840e-01
-9.315525876460767352e-01
-9.816360601001670183e-01
-1.051752921535893170e+00
-1.121869782971619545e+00
-1.191986644407345697e+00
-1.272120200333890061e+00
-1.352253756260433981e+00
-1.442404006677796557e+00
-1.562604340567612882e+00
-1.692821368948246974e+00
-1.843071786310517490e+00
-2.058319039451114829e+00
-2.366863905325443884e+00
-3.037593984962406068e+00
