1.762938230383973348e+00
1.732888146911519378e+00
1.692821368948246974e+00
1.662771285475793004e+00
1.622704507512520822e+00
1.582637729549248862e+00
1.552587646076794892e+00
1.502504173622704498e+00
1.472454090150250527e+00
1.432387312186978345e+00
1.382303839732888173e+00
1.332220367278798001e+00
1.292153589315526041e+00
1.242070116861435869e+00
1.191986644407345697e+00
1.131886477462437535e+00
1.081803005008347363e+00
1.011686143572620988e+00
9.616026711185309273e-01
8.814691151919866741e-01
8.113522537562604109e-01
7.512520868113522488e-01
6.811352253756260966e-01
6.210350584307179345e-01
5.509181969949916713e-01
4.808013355592654636e-01
4.106844741235392560e-01
3.505843071786310938e-01
2.704507512520868406e-01
2.003338898163606052e-01
1.302170283806343976e-01
6.010016694490818295e-02
-3.005008347245409148e-02
-1.101836393989983343e-01
-2.203672787979966685e-01
-3.305509181969950028e-01
-4.707846410684474736e-01
-6.711185308848079956e-01
-1.061769616026711160e+00
-2.851239669421488099e+00
-3.430809399477806831e+00
-3.447154471544715548e+00
-3.454545454545455030e+00
-3.459610027855152925e+00
-3.462184873949579522e+00
-3.471910112359550382e+00
-3.464788732394366466e+00
-3.457627118644067910e+00
-3.450424929178470546e+00
-3.467422096317280378e+00
