2.065068493150684859e+00
2.030226700251889227e+00
1.981651376146789101e+00
1.941618015012510412e+00
1.901584653878231723e+00
1.856547122602168365e+00
1.811509591326105006e+00
1.766472060050041648e+00
1.721434528773978290e+00
1.671392827356130262e+00
1.626355296080066681e+00
1.571309424520433540e+00
1.516263552960800620e+00
1.456213511259382809e+00
1.396163469557964998e+00
1.336113427856547187e+00
1.266055045871559814e+00
1.201000834028357112e+00
1.125938281901584626e+00
1.040867389491242800e+00
9.557964970809007532e-01
8.507089241034194727e-01
7.406171809841535225e-01
6.055045871559633364e-01
4.303586321934945724e-01
1.651376146788990917e-01
-2.602168473728107001e-01
-2.652210175145954807e-01
-2.652210175145954807e-01
-2.652210175145954807e-01
-2.602168473728107001e-01
-2.652210175145954807e-01
-2.652210175145954807e-01
-2.602168473728107001e-01
-2.602168473728107001e-01
-2.652210175145954807e-01
-2.652210175145954807e-01
-2.652210175145954807e-01
-2.652210175145954807e-01
-2.602168473728107001e-01
-2.602168473728107001e-01
-2.602168473728107001e-01
-2.602168473728107001e-01
-2.602168473728107001e-01
-2.652210175145954807e-01
-2.652210175145954807e-01
-2.652210175145954807e-01
-2.652210175145954807e-01
-2.652210175145954807e-01
-2.652210175145954807e-01
