3.241935483870967527e+00
3.178335535006604928e+00
3.120622568093385674e+00
3.061068702290076438e+00
3.000000000000000000e+00
2.937728937728937950e+00
2.871121718377088516e+00
2.811188811188811254e+00
2.740909090909091184e+00
2.668141592920354466e+00
2.593548387096774377e+00
2.515119916579770631e+00
2.431451612903225978e+00
2.344023323615160415e+00
2.254205607476635898e+00
2.157423971377459893e+00
2.045454545454545414e+00
1.937007874015747921e+00
1.812244897959183865e+00
1.703389830508474700e+00
1.552631578947368585e+00
1.390909090909090873e+00
1.211267605633802980e+00
9.855072463768116409e-01
7.462686567164179552e-01
4.000000000000000222e-01
-6.631578947368421684e-01
-6.847826086956522174e-01
-6.666666666666666297e-01
-6.514285714285714679e-01
-6.666666666666666297e-01
-6.467065868263474071e-01
-6.666666666666666297e-01
-6.792452830188679958e-01
-6.580645161290322731e-01
-6.710526315789474561e-01
-6.891891891891892552e-01
-6.620689655172413701e-01
-6.760563380281691126e-01
-6.906474820143885252e-01
-6.617647058823529216e-01
-6.766917293233082331e-01
-6.412213740458015954e-01
-6.562500000000000000e-01
-6.666666666666666297e-01
-6.829268292682927344e-01
-6.446280991735537924e-01
-6.554621848739495826e-01
-6.666666666666666297e-01
-6.260869565217391797e-01
