-4.500000000000000000e+00
-3.000000000000000000e+00
-4.500000000000000000e+00
-4.500000000000000000e+00
-3.000000000000000000e+00
-3.600000000000000089e+00
-4.800000000000000711e+00
-3.600000000000000089e+00
-3.600000000000000089e+00
-4.800000000000000711e+00
-4.000000000000000000e+00
-4.000000000000000000e+00
-4.000000000000000000e+00
-4.000000000000000000e+00
-4.000000000000000000e+00
-3.428571428571428381e+00
-3.428571428571428381e+00
-4.285714285714286476e+00
-3.428571428571428381e+00
-3.428571428571428381e+00
-3.000000000000000000e+00
-3.750000000000000000e+00
-3.750000000000000000e+00
-3.750000000000000000e+00
-3.750000000000000000e+00
-3.333333333333333481e+00
-3.333333333333333481e+00
-4.000000000000000000e+00
-3.333333333333333481e+00
-4.000000000000000000e+00
-3.600000000000000089e+00
-3.600000000000000089e+00
-3.000000000000000000e+00
-3.600000000000000089e+00
-3.600000000000000089e+00
-3.272727272727272485e+00
-3.818181818181818343e+00
-3.272727272727272485e+00
-3.272727272727272485e+00
-3.272727272727272485e+00
-3.500000000000000444e+00
-3.500000000000000444e+00
-3.500000000000000444e+00
-3.500000000000000444e+00
-3.500000000000000444e+00
-3.692307692307692513e+00
-3.230769230769230838e+00
-3.230769230769230838e+00
-3.692307692307692513e+00
-3.230769230769230838e+00
-3.428571428571428381e+00
-3.428571428571428381e+00
-3.428571428571428381e+00
-3.428571428571428381e+00
-3.428571428571428381e+00
-3.200000000000000178e+00
-3.200000000000000178e+00
-3.600000000000000089e+00
-3.200000000000000178e+00
-3.600000000000000089e+00
-3.375000000000000000e+00
-3.375000000000000000e+00
-3.375000000000000000e+00
-3.375000000000000000e+00
-3.375000000000000000e+00
-3.176470588235294379e+00
-3.529411764705882693e+00
-3.176470588235294379e+00
-3.529411764705882693e+00
-3.176470588235294379e+00
-3.333333333333333481e+00
-3.333333333333333481e+00
-3.333333333333333481e+00
-3.666666666666666963e+00
-3.333333333333333481e+00
-3.473684210526315930e+00
-3.157894736842105310e+00
-3.473684210526315930e+00
-3.157894736842105310e+00
-3.473684210526315930e+00
-3.300000000000000266e+00
-3.300000000000000266e+00
-3.600000000000000089e+00
-3.300000000000000266e+00
-3.300000000000000266e+00
-3.142857142857143238e+00
-3.428571428571428381e+00
-3.142857142857143238e+00
-3.428571428571428381e+00
-3.142857142857143238e+00
-3.272727272727272485e+00
-3.545454545454545858e+00
-3.272727272727272485e+00
-3.545454545454545858e+00
-3.272727272727272485e+00
-3.391304347826086918e+00
-3.130434782608695787e+00
-3.391304347826086918e+00
-3.130434782608695787e+00
-3.391304347826086918e+00
-3.500000000000000444e+00
-3.250000000000000000e+00
-3.500000000000000444e+00
-3.250000000000000000e+00
-3.500000000000000444e+00
-3.360000000000000320e+00
-3.360000000000000320e+00
-3.120000000000000107e+00
-3.360000000000000320e+00
-3.120000000000000107e+00
-3.230769230769230838e+00
-3.461538461538461231e+00
-3.230769230769230838e+00
-3.461538461538461231e+00
-3.230769230769230838e+00
-3.333333333333333481e+00
-3.333333333333333481e+00
-3.333333333333333481e+00
-3.111111111111111160e+00
-3.333333333333333481e+00
-3.428571428571428381e+00
-3.214285714285714413e+00
-3.428571428571428381e+00
-3.214285714285714413e+00
-3.428571428571428381e+00
-3.310344827586206851e+00
-3.310344827586206851e+00
-3.310344827586206851e+00
-3.310344827586206851e+00
-3.103448275862069394e+00
-3.200000000000000178e+00
-3.399999999999999911e+00
-3.200000000000000178e+00
-3.399999999999999911e+00
-3.200000000000000178e+00
-3.290322580645161032e+00
-3.290322580645161032e+00
-3.290322580645161032e+00
-3.290322580645161032e+00
-3.290322580645161032e+00
-3.187500000000000000e+00
-3.375000000000000000e+00
-3.187500000000000000e+00
-3.187500000000000000e+00
-3.375000000000000000e+00
-3.272727272727272485e+00
-3.272727272727272485e+00
-3.272727272727272485e+00
-3.272727272727272485e+00
-3.272727272727272485e+00
-3.352941176470588314e+00
-3.176470588235294379e+00
-3.352941176470588314e+00
-3.176470588235294379e+00
-3.176470588235294379e+00
-3.257142857142857117e+00
-3.257142857142857117e+00
-3.257142857142857117e+00
-3.257142857142857117e+00
-3.257142857142857117e+00
-3.166666666666666963e+00
-3.333333333333333481e+00
-3.166666666666666963e+00
-3.333333333333333481e+00
-3.166666666666666963e+00
-3.243243243243243423e+00
-3.243243243243243423e+00
-3.243243243243243423e+00
-3.243243243243243423e+00
-3.243243243243243423e+00
-3.315789473684211064e+00
-3.157894736842105310e+00
-3.315789473684211064e+00
-3.157894736842105310e+00
-3.315789473684211064e+00
-3.230769230769230838e+00
-3.230769230769230838e+00
-3.230769230769230838e+00
-3.230769230769230838e+00
-3.230769230769230838e+00
-3.300000000000000266e+00
-3.300000000000000266e+00
-3.300000000000000266e+00
-3.300000000000000266e+00
-3.150000000000000355e+00
-3.219512195121951414e+00
-3.219512195121951414e+00
-3.219512195121951414e+00
-3.219512195121951414e+00
-3.219512195121951414e+00
-3.142857142857143238e+00
-3.285714285714286031e+00
-3.142857142857143238e+00
-3.285714285714286031e+00
-3.285714285714286031e+00
-3.209302325581395277e+00
-3.348837209302325757e+00
-3.209302325581395277e+00
-3.209302325581395277e+00
-3.209302325581395277e+00
-3.272727272727272485e+00
-3.136363636363636243e+00
-3.272727272727272485e+00
-3.136363636363636243e+00
-3.272727272727272485e+00
-3.200000000000000178e+00
-3.200000000000000178e+00
-3.200000000000000178e+00
-3.200000000000000178e+00
-3.333333333333333481e+00
-3.260869565217391131e+00
-3.260869565217391131e+00
-3.260869565217391131e+00
-3.260869565217391131e+00
-3.130434782608695787e+00
-3.191489361702127603e+00
-3.191489361702127603e+00
-3.191489361702127603e+00
-3.191489361702127603e+00
-3.191489361702127603e+00
-3.125000000000000444e+00
-3.250000000000000000e+00
-3.125000000000000444e+00
-3.250000000000000000e+00
-3.125000000000000444e+00
-3.183673469387755528e+00
-3.306122448979591510e+00
-3.183673469387755528e+00
-3.306122448979591510e+00
-3.183673469387755528e+00
-3.240000000000000213e+00
-3.120000000000000107e+00
-3.240000000000000213e+00
-3.120000000000000107e+00
-3.240000000000000213e+00
-3.176470588235294379e+00
-3.176470588235294379e+00
-3.176470588235294379e+00
-3.176470588235294379e+00
-3.176470588235294379e+00
-3.230769230769230838e+00
-3.230769230769230838e+00
-3.230769230769230838e+00
-3.230769230769230838e+00
-3.230769230769230838e+00
-3.283018867924528461e+00
-3.169811320754717165e+00
-3.169811320754717165e+00
-3.169811320754717165e+00
-3.169811320754717165e+00
-3.111111111111111160e+00
-3.222222222222222765e+00
-3.111111111111111160e+00
-3.222222222222222765e+00
-3.111111111111111160e+00
-3.163636363636363580e+00
-3.163636363636363580e+00
-3.163636363636363580e+00
-3.163636363636363580e+00
-3.163636363636363580e+00
-3.214285714285714413e+00
-3.214285714285714413e+00
-3.214285714285714413e+00
-3.214285714285714413e+00
-3.214285714285714413e+00
-3.157894736842105310e+00
-3.157894736842105310e+00
-3.157894736842105310e+00
-3.157894736842105310e+00
-3.157894736842105310e+00
-3.206896551724137900e+00
-3.103448275862069394e+00
-3.206896551724137900e+00
-3.103448275862069394e+00
-3.206896551724137900e+00
-3.152542372881356414e+00
-3.152542372881356414e+00
-3.254237288135593431e+00
-3.152542372881356414e+00
-3.254237288135593431e+00
-3.200000000000000178e+00
-3.200000000000000178e+00
-3.200000000000000178e+00
-3.200000000000000178e+00
-3.200000000000000178e+00
-3.245901639344262790e+00
-3.147540983606557763e+00
-3.147540983606557763e+00
-3.147540983606557763e+00
-3.147540983606557763e+00
-3.096774193548387011e+00
-3.193548387096774022e+00
-3.096774193548387011e+00
-3.193548387096774022e+00
-3.096774193548387011e+00
-3.142857142857143238e+00
-3.238095238095238138e+00
-3.142857142857143238e+00
-3.238095238095238138e+00
-3.142857142857143238e+00
-3.187500000000000000e+00
-3.187500000000000000e+00
-3.187500000000000000e+00
-3.187500000000000000e+00
-3.187500000000000000e+00
-3.138461538461538858e+00
-3.138461538461538858e+00
-3.138461538461538858e+00
-3.138461538461538858e+00
-3.138461538461538858e+00
-3.181818181818181657e+00
-3.090909090909090828e+00
-3.181818181818181657e+00
-3.090909090909090828e+00
-3.181818181818181657e+00
-3.223880597014925353e+00
-3.134328358208954945e+00
-3.223880597014925353e+00
-3.134328358208954945e+00
-3.223880597014925353e+00
-3.176470588235294379e+00
-3.176470588235294379e+00
-3.176470588235294379e+00
-3.176470588235294379e+00
-3.176470588235294379e+00
-3.217391304347826608e+00
-3.130434782608695787e+00
-3.217391304347826608e+00
-3.130434782608695787e+00
-3.130434782608695787e+00
-3.085714285714285410e+00
-3.171428571428571708e+00
-3.085714285714285410e+00
-3.171428571428571708e+00
-3.085714285714285410e+00
-3.126760563380281521e+00
-3.211267605633802535e+00
-3.126760563380281521e+00
-3.211267605633802535e+00
-3.126760563380281521e+00
-3.166666666666666963e+00
-3.166666666666666963e+00
-3.166666666666666963e+00
-3.166666666666666963e+00
-3.166666666666666963e+00
-3.123287671232876761e+00
-3.205479452054794898e+00
-3.123287671232876761e+00
-3.205479452054794898e+00
-3.123287671232876761e+00
-3.162162162162161838e+00
-3.081081081081081141e+00
-3.162162162162161838e+00
-3.081081081081081141e+00
-3.162162162162161838e+00
-3.120000000000000107e+00
-3.120000000000000107e+00
-3.200000000000000178e+00
-3.120000000000000107e+00
-3.200000000000000178e+00
-3.157894736842105310e+00
-3.157894736842105310e+00
-3.157894736842105310e+00
-3.157894736842105310e+00
-3.157894736842105310e+00
-3.194805194805194759e+00
-3.116883116883116589e+00
-3.194805194805194759e+00
-3.116883116883116589e+00
-3.194805194805194759e+00
-3.153846153846154188e+00
-3.153846153846154188e+00
-3.153846153846154188e+00
-3.153846153846154188e+00
-3.076923076923076650e+00
-3.113924050632911555e+00
-3.113924050632911555e+00
-3.113924050632911555e+00
-3.189873417721518667e+00
-3.113924050632911555e+00
-3.150000000000000355e+00
-3.150000000000000355e+00
-3.150000000000000355e+00
-3.150000000000000355e+00
-3.150000000000000355e+00
-3.111111111111111160e+00
-3.185185185185185563e+00
-3.111111111111111160e+00
-3.185185185185185563e+00
-3.111111111111111160e+00
-3.146341463414634276e+00
-3.146341463414634276e+00
-3.146341463414634276e+00
-3.146341463414634276e+00
-3.146341463414634276e+00
-3.108433734939759052e+00
-3.180722891566265531e+00
-3.108433734939759052e+00
-3.108433734939759052e+00
-3.180722891566265531e+00
-3.142857142857143238e+00
-3.142857142857143238e+00
-3.142857142857143238e+00
-3.142857142857143238e+00
-3.142857142857143238e+00
-3.176470588235294379e+00
-3.105882352941176983e+00
-3.176470588235294379e+00
-3.105882352941176983e+00
-3.176470588235294379e+00
-3.139534883720930480e+00
-3.139534883720930480e+00
-3.139534883720930480e+00
-3.139534883720930480e+00
-3.139534883720930480e+00
-3.172413793103448398e+00
-3.103448275862069394e+00
-3.172413793103448398e+00
-3.103448275862069394e+00
-3.172413793103448398e+00
-3.204545454545454586e+00
-3.136363636363636243e+00
-3.204545454545454586e+00
-3.136363636363636243e+00
-3.136363636363636243e+00
-3.101123595505618447e+00
-3.168539325842696375e+00
-3.101123595505618447e+00
-3.168539325842696375e+00
-3.101123595505618447e+00
-3.133333333333333748e+00
-3.133333333333333748e+00
-3.133333333333333748e+00
-3.133333333333333748e+00
-3.133333333333333748e+00
-3.098901098901099438e+00
-3.164835164835165138e+00
-3.098901098901099438e+00
-3.164835164835165138e+00
-3.098901098901099438e+00
-3.130434782608695787e+00
-3.195652173913043903e+00
-3.130434782608695787e+00
-3.195652173913043903e+00
-3.130434782608695787e+00
-3.161290322580645018e+00
-3.161290322580645018e+00
-3.161290322580645018e+00
-3.161290322580645018e+00
-3.161290322580645018e+00
-3.127659574468085513e+00
-3.127659574468085513e+00
-3.127659574468085513e+00
-3.127659574468085513e+00
-3.127659574468085513e+00
-3.157894736842105310e+00
-3.094736842105263452e+00
-3.157894736842105310e+00
-3.094736842105263452e+00
-3.157894736842105310e+00
-3.125000000000000444e+00
-3.125000000000000444e+00
-3.187500000000000000e+00
-3.125000000000000444e+00
-3.187500000000000000e+00
-3.154639175257732298e+00
-3.154639175257732298e+00
-3.154639175257732298e+00
-3.154639175257732298e+00
-3.154639175257732298e+00
-3.183673469387755528e+00
-3.122448979591836871e+00
-3.183673469387755528e+00
-3.122448979591836871e+00
-3.183673469387755528e+00
-3.151515151515151825e+00
-3.151515151515151825e+00
-3.090909090909090828e+00
-3.151515151515151825e+00
-3.090909090909090828e+00
-3.120000000000000107e+00
-3.120000000000000107e+00
-3.120000000000000107e+00
-3.180000000000000160e+00
-3.120000000000000107e+00
-3.148514851485148647e+00
-3.148514851485148647e+00
-3.148514851485148647e+00
-3.148514851485148647e+00
-3.148514851485148647e+00
-3.117647058823529882e+00
-3.176470588235294379e+00
-3.117647058823529882e+00
-3.176470588235294379e+00
-3.117647058823529882e+00
-3.145631067961164984e+00
-3.145631067961164984e+00
-3.145631067961164984e+00
-3.145631067961164984e+00
-3.145631067961164984e+00
-3.115384615384615863e+00
-3.173076923076923350e+00
-3.115384615384615863e+00
-3.115384615384615863e+00
-3.115384615384615863e+00
-3.142857142857143238e+00
-3.142857142857143238e+00
-3.142857142857143238e+00
-3.142857142857143238e+00
-3.142857142857143238e+00
-3.169811320754717165e+00
-3.113207547169811296e+00
-3.169811320754717165e+00
-3.113207547169811296e+00
-3.169811320754717165e+00
-3.140186915887850372e+00
-3.140186915887850372e+00
-3.140186915887850372e+00
-3.140186915887850372e+00
-3.140186915887850372e+00
-3.166666666666666963e+00
-3.111111111111111160e+00
-3.166666666666666963e+00
-3.111111111111111160e+00
-3.166666666666666963e+00
-3.137614678899082410e+00
-3.137614678899082410e+00
-3.192660550458715996e+00
-3.137614678899082410e+00
-3.137614678899082410e+00
-3.109090909090909349e+00
-3.163636363636363580e+00
-3.109090909090909349e+00
-3.163636363636363580e+00
-3.109090909090909349e+00
-3.135135135135135087e+00
-3.135135135135135087e+00
-3.135135135135135087e+00
-3.135135135135135087e+00
-3.135135135135135087e+00
-3.107142857142857650e+00
-3.160714285714286031e+00
-3.107142857142857650e+00
-3.160714285714286031e+00
-3.107142857142857650e+00
-3.132743362831858835e+00
-3.132743362831858835e+00
-3.132743362831858835e+00
-3.185840707964602281e+00
-3.132743362831858835e+00
-3.157894736842105310e+00
-3.157894736842105310e+00
-3.157894736842105310e+00
-3.157894736842105310e+00
-3.157894736842105310e+00
-3.130434782608695787e+00
-3.130434782608695787e+00
-3.130434782608695787e+00
-3.130434782608695787e+00
-3.130434782608695787e+00
-3.155172413793103647e+00
-3.103448275862069394e+00
-3.155172413793103647e+00
-3.103448275862069394e+00
-3.155172413793103647e+00
-3.128205128205128638e+00
-3.128205128205128638e+00
-3.128205128205128638e+00
-3.128205128205128638e+00
-3.128205128205128638e+00
-3.152542372881356414e+00
-3.152542372881356414e+00
-3.152542372881356414e+00
-3.152542372881356414e+00
-3.152542372881356414e+00
-3.176470588235294379e+00
-3.126050420168067667e+00
-3.176470588235294379e+00
-3.126050420168067667e+00
-3.176470588235294379e+00
-3.150000000000000355e+00
-3.150000000000000355e+00
-3.100000000000000533e+00
-3.150000000000000355e+00
-3.100000000000000533e+00
-3.123966942148760584e+00
-3.123966942148760584e+00
-3.123966942148760584e+00
-3.123966942148760584e+00
-3.123966942148760584e+00
-3.098360655737705027e+00
-3.147540983606557763e+00
-3.147540983606557763e+00
-3.147540983606557763e+00
-3.147540983606557763e+00
-3.121951219512195674e+00
-3.170731707317073322e+00
-3.121951219512195674e+00
-3.170731707317073322e+00
-3.121951219512195674e+00
-3.145161290322580516e+00
-3.145161290322580516e+00
-3.145161290322580516e+00
-3.145161290322580516e+00
-3.145161290322580516e+00
-3.120000000000000107e+00
-3.168000000000000149e+00
-3.120000000000000107e+00
-3.120000000000000107e+00
-3.120000000000000107e+00
-3.142857142857143238e+00
-3.095238095238095788e+00
-3.142857142857143238e+00
-3.095238095238095788e+00
-3.142857142857143238e+00
-3.165354330708661124e+00
-3.118110236220472231e+00
-3.165354330708661124e+00
-3.118110236220472231e+00
-3.165354330708661124e+00
-3.140625000000000000e+00
-3.140625000000000000e+00
-3.140625000000000000e+00
-3.140625000000000000e+00
-3.140625000000000000e+00
-3.162790697674418894e+00
-3.116279069767442067e+00
-3.162790697674418894e+00
-3.116279069767442067e+00
-3.162790697674418894e+00
-3.138461538461538858e+00
-3.138461538461538858e+00
-3.138461538461538858e+00
-3.138461538461538858e+00
-3.138461538461538858e+00
-3.160305343511450538e+00
-3.160305343511450538e+00
-3.114503816793892987e+00
-3.160305343511450538e+00
-3.114503816793892987e+00
-3.136363636363636243e+00
-3.136363636363636243e+00
-3.136363636363636243e+00
-3.136363636363636243e+00
-3.136363636363636243e+00
-3.112781954887218205e+00
-3.157894736842105310e+00
-3.112781954887218205e+00
-3.157894736842105310e+00
-3.112781954887218205e+00
-3.134328358208954945e+00
-3.134328358208954945e+00
-3.134328358208954945e+00
-3.134328358208954945e+00
-3.134328358208954945e+00
-3.111111111111111160e+00
-3.155555555555555447e+00
-3.155555555555555447e+00
-3.155555555555555447e+00
-3.155555555555555447e+00
-3.132352941176471006e+00
-3.176470588235294379e+00
-3.132352941176471006e+00
-3.132352941176471006e+00
-3.132352941176471006e+00
-3.153284671532846861e+00
-3.109489051094890932e+00
-3.153284671532846861e+00
-3.109489051094890932e+00
-3.153284671532846861e+00
-3.130434782608695787e+00
-3.130434782608695787e+00
-3.130434782608695787e+00
-3.130434782608695787e+00
-3.130434782608695787e+00
-3.151079136690647431e+00
-3.107913669064748419e+00
-3.151079136690647431e+00
-3.107913669064748419e+00
-3.151079136690647431e+00
-3.171428571428571708e+00
-3.128571428571429003e+00
-3.171428571428571708e+00
-3.128571428571429003e+00
-3.171428571428571708e+00
-3.148936170212766061e+00
-3.148936170212766061e+00
-3.148936170212766061e+00
-3.148936170212766061e+00
-3.106382978723404076e+00
-3.126760563380281521e+00
-3.126760563380281521e+00
-3.126760563380281521e+00
-3.126760563380281521e+00
-3.126760563380281521e+00
-3.104895104895105007e+00
-3.146853146853147098e+00
-3.104895104895105007e+00
-3.146853146853147098e+00
-3.104895104895105007e+00
-3.125000000000000444e+00
-3.166666666666666963e+00
-3.125000000000000444e+00
-3.166666666666666963e+00
-3.125000000000000444e+00
-3.144827586206897063e+00
-3.144827586206897063e+00
-3.144827586206897063e+00
-3.144827586206897063e+00
-3.144827586206897063e+00
-3.123287671232876761e+00
-3.164383561643835829e+00
-3.123287671232876761e+00
-3.164383561643835829e+00
-3.123287671232876761e+00
-3.142857142857143238e+00
-3.142857142857143238e+00
-3.142857142857143238e+00
-3.102040816326530948e+00
-3.142857142857143238e+00
-3.121621621621621934e+00
-3.121621621621621934e+00
-3.162162162162161838e+00
-3.121621621621621934e+00
-3.162162162162161838e+00
-3.140939597315436593e+00
-3.140939597315436593e+00
-3.140939597315436593e+00
-3.140939597315436593e+00
-3.140939597315436593e+00
-3.159999999999999698e+00
-3.120000000000000107e+00
-3.159999999999999698e+00
-3.120000000000000107e+00
-3.159999999999999698e+00
-3.139072847682119249e+00
-3.139072847682119249e+00
-3.139072847682119249e+00
-3.139072847682119249e+00
-3.139072847682119249e+00
-3.157894736842105310e+00
-3.118421052631579204e+00
-3.157894736842105310e+00
-3.118421052631579204e+00
-3.118421052631579204e+00
-3.137254901960784714e+00
-3.137254901960784714e+00
-3.137254901960784714e+00
-3.137254901960784714e+00
-3.137254901960784714e+00
-3.116883116883116589e+00
-3.155844155844155896e+00
-3.116883116883116589e+00
-3.155844155844155896e+00
-3.116883116883116589e+00
-3.135483870967742170e+00
-3.135483870967742170e+00
-3.135483870967742170e+00
-3.135483870967742170e+00
-3.135483870967742170e+00
-3.115384615384615863e+00
-3.153846153846154188e+00
-3.115384615384615863e+00
-3.153846153846154188e+00
-3.115384615384615863e+00
-3.133757961783439683e+00
-3.171974522292993814e+00
-3.133757961783439683e+00
-3.171974522292993814e+00
-3.133757961783439683e+00
-3.151898734177215555e+00
-3.151898734177215555e+00
-3.151898734177215555e+00
-3.113924050632911555e+00
-3.151898734177215555e+00
-3.132075471698113400e+00
-3.132075471698113400e+00
-3.132075471698113400e+00
-3.132075471698113400e+00
-3.132075471698113400e+00
-3.150000000000000355e+00
-3.112500000000000266e+00
-3.150000000000000355e+00
-3.112500000000000266e+00
-3.150000000000000355e+00
-3.130434782608695787e+00
-3.130434782608695787e+00
-3.130434782608695787e+00
-3.130434782608695787e+00
-3.167701863354037251e+00
-3.148148148148148362e+00
-3.148148148148148362e+00
-3.148148148148148362e+00
-3.148148148148148362e+00
-3.148148148148148362e+00
-3.165644171779141036e+00
-3.128834355828221003e+00
-3.165644171779141036e+00
-3.128834355828221003e+00
-3.128834355828221003e+00
-3.109756097560975707e+00
-3.146341463414634276e+00
-3.109756097560975707e+00
-3.146341463414634276e+00
-3.109756097560975707e+00
-3.127272727272727426e+00
-3.127272727272727426e+00
-3.127272727272727426e+00
-3.127272727272727426e+00
-3.127272727272727426e+00
-3.144578313253012070e+00
-3.144578313253012070e+00
-3.144578313253012070e+00
-3.144578313253012070e+00
-3.144578313253012070e+00
-3.125748502994011968e+00
-3.161676646706587324e+00
-3.125748502994011968e+00
-3.161676646706587324e+00
-3.125748502994011968e+00
-3.142857142857143238e+00
-3.142857142857143238e+00
-3.142857142857143238e+00
-3.142857142857143238e+00
-3.142857142857143238e+00
-3.124260355029585767e+00
-3.124260355029585767e+00
-3.124260355029585767e+00
-3.124260355029585767e+00
-3.124260355029585767e+00
-3.141176470588235681e+00
-3.141176470588235681e+00
-3.141176470588235681e+00
-3.141176470588235681e+00
-3.141176470588235681e+00
-3.157894736842105310e+00
-3.122807017543860031e+00
-3.157894736842105310e+00
-3.122807017543860031e+00
-3.157894736842105310e+00
-3.139534883720930480e+00
-3.139534883720930480e+00
-3.139534883720930480e+00
-3.139534883720930480e+00
-3.139534883720930480e+00
-3.156069364161850022e+00
-3.121387283236994215e+00
-3.156069364161850022e+00
-3.121387283236994215e+00
-3.156069364161850022e+00
-3.137931034482758452e+00
-3.137931034482758452e+00
-3.137931034482758452e+00
-3.137931034482758452e+00
-3.137931034482758452e+00
-3.120000000000000107e+00
-3.154285714285714359e+00
-3.120000000000000107e+00
-3.154285714285714359e+00
-3.120000000000000107e+00
-3.136363636363636243e+00
-3.136363636363636243e+00
-3.136363636363636243e+00
-3.136363636363636243e+00
-3.136363636363636243e+00
-3.118644067796610297e+00
-3.152542372881356414e+00
-3.118644067796610297e+00
-3.152542372881356414e+00
-3.118644067796610297e+00
-3.134831460674157633e+00
-3.134831460674157633e+00
-3.134831460674157633e+00
-3.134831460674157633e+00
-3.134831460674157633e+00
-3.150837988826815650e+00
-3.150837988826815650e+00
-3.150837988826815650e+00
-3.150837988826815650e+00
-3.150837988826815650e+00
-3.133333333333333748e+00
-3.133333333333333748e+00
-3.133333333333333748e+00
-3.133333333333333748e+00
-3.133333333333333748e+00
-3.149171270718232218e+00
-3.116022099447513849e+00
-3.149171270718232218e+00
-3.116022099447513849e+00
-3.149171270718232218e+00
-3.131868131868132288e+00
-3.131868131868132288e+00
-3.131868131868132288e+00
-3.131868131868132288e+00
-3.131868131868132288e+00
-3.147540983606557763e+00
-3.114754098360656087e+00
-3.147540983606557763e+00
-3.147540983606557763e+00
-3.147540983606557763e+00
-3.163043478260869623e+00
-3.130434782608695787e+00
-3.163043478260869623e+00
-3.130434782608695787e+00
-3.163043478260869623e+00
-3.145945945945945788e+00
-3.145945945945945788e+00
-3.113513513513513686e+00
-3.145945945945945788e+00
-3.113513513513513686e+00
-3.129032258064516014e+00
-3.129032258064516014e+00
-3.129032258064516014e+00
-3.129032258064516014e+00
-3.129032258064516014e+00
-3.112299465240641716e+00
-3.144385026737968047e+00
-3.112299465240641716e+00
-3.144385026737968047e+00
-3.144385026737968047e+00
-3.127659574468085513e+00
-3.159574468085106336e+00
-3.127659574468085513e+00
-3.159574468085106336e+00
-3.127659574468085513e+00
-3.142857142857143238e+00
-3.142857142857143238e+00
-3.142857142857143238e+00
-3.142857142857143238e+00
-3.142857142857143238e+00
-3.126315789473684159e+00
-3.157894736842105310e+00
-3.126315789473684159e+00
-3.157894736842105310e+00
-3.126315789473684159e+00
-3.141361256544502822e+00
-3.109947643979058096e+00
-3.141361256544502822e+00
-3.109947643979058096e+00
-3.141361256544502822e+00
-3.156250000000000000e+00
-3.125000000000000444e+00
-3.156250000000000000e+00
-3.125000000000000444e+00
-3.156250000000000000e+00
-3.139896373056994872e+00
-3.139896373056994872e+00
-3.139896373056994872e+00
-3.139896373056994872e+00
-3.139896373056994872e+00
-3.154639175257732298e+00
-3.123711340206186016e+00
-3.154639175257732298e+00
-3.123711340206186016e+00
-3.154639175257732298e+00
-3.138461538461538858e+00
-3.138461538461538858e+00
-3.138461538461538858e+00
-3.138461538461538858e+00
-3.138461538461538858e+00
-3.153061224489795755e+00
-3.122448979591836871e+00
-3.122448979591836871e+00
-3.153061224489795755e+00
-3.122448979591836871e+00
-3.137055837563452076e+00
-3.137055837563452076e+00
-3.137055837563452076e+00
-3.137055837563452076e+00
-3.137055837563452076e+00
-3.121212121212121549e+00
-3.151515151515151825e+00
-3.121212121212121549e+00
-3.151515151515151825e+00
-3.121212121212121549e+00
-3.135678391959799249e+00
-3.135678391959799249e+00
-3.135678391959799249e+00
-3.135678391959799249e+00
-3.135678391959799249e+00
-3.120000000000000107e+00
-3.150000000000000355e+00
-3.120000000000000107e+00
-3.150000000000000355e+00
-3.150000000000000355e+00
-3.134328358208954945e+00
-3.164179104477612192e+00
-3.134328358208954945e+00
-3.164179104477612192e+00
-3.134328358208954945e+00
-3.148514851485148647e+00
-3.118811881188118917e+00
-3.148514851485148647e+00
-3.118811881188118917e+00
-3.148514851485148647e+00
-3.133004926108374555e+00
-3.133004926108374555e+00
-3.133004926108374555e+00
-3.133004926108374555e+00
-3.133004926108374555e+00
-3.147058823529412130e+00
-3.117647058823529882e+00
-3.147058823529412130e+00
-3.117647058823529882e+00
-3.147058823529412130e+00
-3.160975609756097704e+00
-3.131707317073170849e+00
-3.160975609756097704e+00
-3.131707317073170849e+00
-3.160975609756097704e+00
-3.145631067961164984e+00
-3.145631067961164984e+00
-3.145631067961164984e+00
-3.145631067961164984e+00
-3.145631067961164984e+00
-3.159420289855072728e+00
-3.130434782608695787e+00
-3.130434782608695787e+00
-3.130434782608695787e+00
-3.130434782608695787e+00
-3.115384615384615863e+00
-3.144230769230769607e+00
-3.115384615384615863e+00
-3.144230769230769607e+00
-3.115384615384615863e+00
-3.129186602870813072e+00
-3.129186602870813072e+00
-3.129186602870813072e+00
-3.157894736842105310e+00
-3.129186602870813072e+00
-3.142857142857143238e+00
-3.142857142857143238e+00
-3.142857142857143238e+00
-3.142857142857143238e+00
-3.142857142857143238e+00
-3.127962085308057194e+00
-3.156398104265402793e+00
-3.127962085308057194e+00
-3.156398104265402793e+00
-3.127962085308057194e+00
-3.141509433962264453e+00
-3.141509433962264453e+00
-3.141509433962264453e+00
-3.113207547169811296e+00
-3.141509433962264453e+00
-3.126760563380281521e+00
-3.126760563380281521e+00
-3.126760563380281521e+00
-3.126760563380281521e+00
-3.154929577464788970e+00
-3.140186915887850372e+00
-3.140186915887850372e+00
-3.140186915887850372e+00
-3.140186915887850372e+00
-3.140186915887850372e+00
-3.153488372093023351e+00
-3.125581395348837166e+00
-3.153488372093023351e+00
-3.125581395348837166e+00
-3.153488372093023351e+00
-3.138888888888888840e+00
-3.138888888888888840e+00
-3.138888888888888840e+00
-3.138888888888888840e+00
-3.138888888888888840e+00
-3.152073732718893684e+00
-3.124423963133640569e+00
-3.152073732718893684e+00
-3.124423963133640569e+00
-3.152073732718893684e+00
-3.137614678899082410e+00
-3.137614678899082410e+00
-3.137614678899082410e+00
-3.137614678899082410e+00
-3.137614678899082410e+00
-3.123287671232876761e+00
-3.150684931506849473e+00
-3.123287671232876761e+00
-3.150684931506849473e+00
-3.123287671232876761e+00
-3.136363636363636243e+00
-3.136363636363636243e+00
-3.136363636363636243e+00
-3.136363636363636243e+00
-3.136363636363636243e+00
-3.122171945701357920e+00
-3.149321266968326150e+00
-3.122171945701357920e+00
-3.149321266968326150e+00
-3.122171945701357920e+00
-3.135135135135135087e+00
-3.135135135135135087e+00
-3.135135135135135087e+00
-3.162162162162161838e+00
-3.135135135135135087e+00
-3.147982062780268819e+00
-3.147982062780268819e+00
-3.147982062780268819e+00
-3.121076233183856186e+00
-3.147982062780268819e+00
-3.133928571428571619e+00
-3.133928571428571619e+00
-3.133928571428571619e+00
-3.133928571428571619e+00
-3.133928571428571619e+00
-3.146666666666666945e+00
-3.120000000000000107e+00
-3.146666666666666945e+00
-3.120000000000000107e+00
-3.146666666666666945e+00
-3.132743362831858835e+00
-3.132743362831858835e+00
-3.132743362831858835e+00
-3.132743362831858835e+00
-3.159292035398230336e+00
-3.145374449339207068e+00
-3.145374449339207068e+00
-3.145374449339207068e+00
-3.145374449339207068e+00
-3.145374449339207068e+00
-3.157894736842105310e+00
-3.131578947368420796e+00
-3.157894736842105310e+00
-3.131578947368420796e+00
-3.157894736842105310e+00
-3.144104803493450007e+00
-3.144104803493450007e+00
-3.117903930131004309e+00
-3.144104803493450007e+00
-3.117903930131004309e+00
-3.130434782608695787e+00
-3.130434782608695787e+00
-3.130434782608695787e+00
-3.130434782608695787e+00
-3.130434782608695787e+00
-3.116883116883116589e+00
-3.142857142857143238e+00
-3.142857142857143238e+00
-3.142857142857143238e+00
-3.142857142857143238e+00
-3.129310344827586299e+00
-3.155172413793103647e+00
-3.129310344827586299e+00
-3.155172413793103647e+00
-3.129310344827586299e+00
-3.141630901287554067e+00
-3.141630901287554067e+00
-3.141630901287554067e+00
-3.141630901287554067e+00
-3.141630901287554067e+00
-3.128205128205128638e+00
-3.153846153846154188e+00
-3.128205128205128638e+00
-3.128205128205128638e+00
-3.128205128205128638e+00
-3.140425531914893487e+00
-3.114893617021276651e+00
-3.140425531914893487e+00
-3.140425531914893487e+00
-3.140425531914893487e+00
-3.152542372881356414e+00
-3.127118644067797160e+00
-3.152542372881356414e+00
-3.127118644067797160e+00
-3.152542372881356414e+00
-3.139240506329114222e+00
-3.139240506329114222e+00
-3.139240506329114222e+00
-3.139240506329114222e+00
-3.139240506329114222e+00
-3.151260504201681023e+00
-3.126050420168067667e+00
-3.151260504201681023e+00
-3.126050420168067667e+00
-3.151260504201681023e+00
-3.138075313807531241e+00
-3.138075313807531241e+00
-3.138075313807531241e+00
-3.138075313807531241e+00
-3.138075313807531241e+00
-3.125000000000000444e+00
-3.150000000000000355e+00
-3.125000000000000444e+00
-3.150000000000000355e+00
-3.125000000000000444e+00
-3.136929460580913265e+00
-3.136929460580913265e+00
-3.136929460580913265e+00
-3.136929460580913265e+00
-3.136929460580913265e+00
-3.123966942148760584e+00
-3.148760330578512789e+00
-3.123966942148760584e+00
-3.148760330578512789e+00
-3.123966942148760584e+00
-3.135802469135802184e+00
-3.135802469135802184e+00
-3.135802469135802184e+00
-3.135802469135802184e+00
-3.135802469135802184e+00
-3.122950819672130951e+00
-3.147540983606557763e+00
-3.147540983606557763e+00
-3.147540983606557763e+00
-3.147540983606557763e+00
-3.134693877551020691e+00
-3.159183673469387887e+00
-3.134693877551020691e+00
-3.134693877551020691e+00
-3.134693877551020691e+00
-3.146341463414634276e+00
-3.121951219512195674e+00
-3.146341463414634276e+00
-3.121951219512195674e+00
-3.146341463414634276e+00
-3.133603238866397245e+00
-3.133603238866397245e+00
-3.133603238866397245e+00
-3.133603238866397245e+00
-3.133603238866397245e+00
-3.145161290322580516e+00
-3.120967741935483986e+00
-3.145161290322580516e+00
-3.145161290322580516e+00
-3.145161290322580516e+00
-3.156626506024096557e+00
-3.132530120481928027e+00
-3.156626506024096557e+00
-3.132530120481928027e+00
-3.156626506024096557e+00
-3.144000000000000128e+00
-3.144000000000000128e+00
-3.144000000000000128e+00
-3.144000000000000128e+00
-3.120000000000000107e+00
-3.131474103585657254e+00
-3.131474103585657254e+00
-3.131474103585657254e+00
-3.131474103585657254e+00
-3.131474103585657254e+00
-3.119047619047619513e+00
-3.142857142857143238e+00
-3.119047619047619513e+00
-3.142857142857143238e+00
-3.119047619047619513e+00
-3.130434782608695787e+00
-3.154150197628458496e+00
-3.130434782608695787e+00
-3.154150197628458496e+00
-3.130434782608695787e+00
-3.141732283464566677e+00
-3.141732283464566677e+00
-3.141732283464566677e+00
-3.141732283464566677e+00
-3.141732283464566677e+00
-3.129411764705882781e+00
-3.152941176470588580e+00
-3.129411764705882781e+00
-3.152941176470588580e+00
-3.129411764705882781e+00
-3.140625000000000000e+00
-3.117187500000000000e+00
-3.140625000000000000e+00
-3.117187500000000000e+00
-3.140625000000000000e+00
-3.128404669260700821e+00
-3.128404669260700821e+00
-3.151750972762646263e+00
-3.128404669260700821e+00
-3.151750972762646263e+00
-3.139534883720930480e+00
-3.139534883720930480e+00
-3.139534883720930480e+00
-3.139534883720930480e+00
-3.139534883720930480e+00
-3.150579150579150500e+00
-3.127413127413127381e+00
-3.150579150579150500e+00
-3.127413127413127381e+00
-3.150579150579150500e+00
-3.138461538461538858e+00
-3.138461538461538858e+00
-3.138461538461538858e+00
-3.138461538461538858e+00
-3.138461538461538858e+00
-3.149425287356321768e+00
-3.126436781609195137e+00
-3.149425287356321768e+00
-3.149425287356321768e+00
-3.126436781609195137e+00
-3.137404580152672207e+00
-3.137404580152672207e+00
-3.137404580152672207e+00
-3.137404580152672207e+00
-3.137404580152672207e+00
-3.125475285171102957e+00
-3.148288973384030687e+00
-3.125475285171102957e+00
-3.148288973384030687e+00
-3.125475285171102957e+00
-3.136363636363636243e+00
-3.136363636363636243e+00
-3.136363636363636243e+00
-3.136363636363636243e+00
-3.136363636363636243e+00
-3.124528301886792647e+00
-3.147169811320754906e+00
-3.124528301886792647e+00
-3.147169811320754906e+00
-3.124528301886792647e+00
-3.135338345864662202e+00
-3.157894736842105310e+00
-3.135338345864662202e+00
-3.157894736842105310e+00
-3.135338345864662202e+00
-3.146067415730336769e+00
-3.123595505617978052e+00
-3.146067415730336769e+00
-3.123595505617978052e+00
-3.146067415730336769e+00
-3.134328358208954945e+00
-3.134328358208954945e+00
-3.134328358208954945e+00
-3.134328358208954945e+00
-3.134328358208954945e+00
-3.144981412639405338e+00
-3.122676579925650842e+00
-3.144981412639405338e+00
-3.122676579925650842e+00
-3.144981412639405338e+00
-3.133333333333333748e+00
-3.133333333333333748e+00
-3.155555555555555447e+00
-3.133333333333333748e+00
-3.155555555555555447e+00
-3.143911439114391193e+00
-3.143911439114391193e+00
-3.143911439114391193e+00
-3.143911439114391193e+00
-3.143911439114391193e+00
-3.154411764705882693e+00
-3.132352941176471006e+00
-3.154411764705882693e+00
-3.132352941176471006e+00
-3.132352941176471006e+00
-3.120879120879121338e+00
-3.142857142857143238e+00
-3.120879120879121338e+00
-3.142857142857143238e+00
-3.120879120879121338e+00
-3.131386861313868675e+00
-3.131386861313868675e+00
-3.131386861313868675e+00
-3.131386861313868675e+00
-3.131386861313868675e+00
-3.141818181818182065e+00
-3.141818181818182065e+00
-3.141818181818182065e+00
-3.141818181818182065e+00
-3.141818181818182065e+00
-3.130434782608695787e+00
-3.152173913043478493e+00
-3.130434782608695787e+00
-3.152173913043478493e+00
-3.130434782608695787e+00
-3.140794223826715026e+00
-3.140794223826715026e+00
-3.140794223826715026e+00
-3.140794223826715026e+00
-3.140794223826715026e+00
-3.129496402877697925e+00
-3.129496402877697925e+00
-3.129496402877697925e+00
-3.129496402877697925e+00
-3.129496402877697925e+00
-3.139784946236559460e+00
-3.139784946236559460e+00
-3.139784946236559460e+00
-3.139784946236559460e+00
-3.139784946236559460e+00
-3.150000000000000355e+00
-3.128571428571429003e+00
-3.150000000000000355e+00
-3.128571428571429003e+00
-3.150000000000000355e+00
-3.138790035587188498e+00
-3.138790035587188498e+00
-3.138790035587188498e+00
-3.138790035587188498e+00
-3.138790035587188498e+00
-3.148936170212766061e+00
-3.127659574468085513e+00
-3.148936170212766061e+00
-3.127659574468085513e+00
-3.148936170212766061e+00
-3.137809187279152479e+00
-3.137809187279152479e+00
-3.137809187279152479e+00
-3.137809187279152479e+00
-3.137809187279152479e+00
-3.126760563380281521e+00
-3.147887323943661997e+00
-3.126760563380281521e+00
-3.147887323943661997e+00
-3.126760563380281521e+00
-3.136842105263157876e+00
-3.136842105263157876e+00
-3.136842105263157876e+00
-3.136842105263157876e+00
-3.136842105263157876e+00
-3.125874125874125831e+00
-3.146853146853147098e+00
-3.125874125874125831e+00
-3.146853146853147098e+00
-3.125874125874125831e+00
-3.135888501742160717e+00
-3.135888501742160717e+00
-3.135888501742160717e+00
-3.135888501742160717e+00
-3.135888501742160717e+00
-3.145833333333333481e+00
-3.145833333333333481e+00
-3.145833333333333481e+00
-3.145833333333333481e+00
-3.145833333333333481e+00
-3.134948096885813218e+00
-3.134948096885813218e+00
-3.134948096885813218e+00
-3.134948096885813218e+00
-3.134948096885813218e+00
-3.144827586206897063e+00
-3.124137931034483007e+00
-3.144827586206897063e+00
-3.124137931034483007e+00
-3.144827586206897063e+00
-3.134020618556701443e+00
-3.134020618556701443e+00
-3.134020618556701443e+00
-3.134020618556701443e+00
-3.134020618556701443e+00
-3.143835616438356073e+00
-3.143835616438356073e+00
-3.143835616438356073e+00
-3.143835616438356073e+00
-3.143835616438356073e+00
-3.153583617747440559e+00
-3.133105802047781552e+00
-3.153583617747440559e+00
-3.133105802047781552e+00
-3.153583617747440559e+00
-3.142857142857143238e+00
-3.142857142857143238e+00
-3.122448979591836871e+00
-3.142857142857143238e+00
-3.122448979591836871e+00
-3.132203389830508389e+00
-3.132203389830508389e+00
-3.132203389830508389e+00
-3.132203389830508389e+00
-3.132203389830508389e+00
-3.121621621621621934e+00
-3.141891891891892108e+00
-3.141891891891892108e+00
-3.141891891891892108e+00
-3.141891891891892108e+00
-3.131313131313131048e+00
-3.151515151515151825e+00
-3.131313131313131048e+00
-3.151515151515151825e+00
-3.131313131313131048e+00
-3.140939597315436593e+00
-3.140939597315436593e+00
-3.140939597315436593e+00
-3.140939597315436593e+00
-3.140939597315436593e+00
-3.130434782608695787e+00
-3.150501672240802797e+00
-3.130434782608695787e+00
-3.130434782608695787e+00
-3.130434782608695787e+00
-3.140000000000000124e+00
-3.120000000000000107e+00
-3.140000000000000124e+00
-3.120000000000000107e+00
-3.140000000000000124e+00
-3.149501661129568308e+00
-3.129568106312292208e+00
-3.149501661129568308e+00
-3.129568106312292208e+00
-3.149501661129568308e+00
-3.139072847682119249e+00
-3.139072847682119249e+00
-3.139072847682119249e+00
-3.139072847682119249e+00
-3.139072847682119249e+00
-3.148514851485148647e+00
-3.128712871287128827e+00
-3.148514851485148647e+00
-3.128712871287128827e+00
-3.148514851485148647e+00
-3.138157894736842035e+00
-3.138157894736842035e+00
-3.138157894736842035e+00
-3.138157894736842035e+00
-3.138157894736842035e+00
-3.147540983606557763e+00
-3.147540983606557763e+00
-3.127868852459016136e+00
-3.147540983606557763e+00
-3.127868852459016136e+00
-3.137254901960784714e+00
-3.137254901960784714e+00
-3.137254901960784714e+00
-3.137254901960784714e+00
-3.137254901960784714e+00
-3.127035830618892565e+00
-3.146579804560260651e+00
-3.127035830618892565e+00
-3.146579804560260651e+00
-3.127035830618892565e+00
-3.136363636363636243e+00
-3.136363636363636243e+00
-3.136363636363636243e+00
-3.136363636363636243e+00
-3.136363636363636243e+00
-3.126213592233010097e+00
-3.145631067961164984e+00
-3.126213592233010097e+00
-3.145631067961164984e+00
-3.145631067961164984e+00
-3.135483870967742170e+00
-3.154838709677419306e+00
-3.135483870967742170e+00
-3.135483870967742170e+00
-3.135483870967742170e+00
-3.144694533762057986e+00
-3.125401929260450462e+00
-3.144694533762057986e+00
-3.125401929260450462e+00
-3.144694533762057986e+00
-3.134615384615385025e+00
-3.134615384615385025e+00
-3.134615384615385025e+00
-3.134615384615385025e+00
-3.134615384615385025e+00
-3.143769968051118635e+00
-3.124600638977635736e+00
-3.143769968051118635e+00
-3.124600638977635736e+00
-3.143769968051118635e+00
-3.152866242038216527e+00
-3.133757961783439683e+00
-3.152866242038216527e+00
-3.133757961783439683e+00
-3.152866242038216527e+00
-3.142857142857143238e+00
-3.142857142857143238e+00
-3.142857142857143238e+00
-3.142857142857143238e+00
-3.142857142857143238e+00
-3.151898734177215555e+00
-3.132911392405063555e+00
-3.132911392405063555e+00
-3.132911392405063555e+00
-3.132911392405063555e+00
-3.123028391167192552e+00
-3.141955835962145116e+00
-3.123028391167192552e+00
-3.141955835962145116e+00
-3.123028391167192552e+00
-3.132075471698113400e+00
-3.150943396226415061e+00
-3.132075471698113400e+00
-3.150943396226415061e+00
-3.132075471698113400e+00
-3.141065830721002872e+00
-3.141065830721002872e+00
-3.141065830721002872e+00
-3.141065830721002872e+00
-3.141065830721002872e+00
-3.131250000000000089e+00
-3.150000000000000355e+00
-3.131250000000000089e+00
-3.150000000000000355e+00
-3.131250000000000089e+00
-3.140186915887850372e+00
-3.140186915887850372e+00
-3.140186915887850372e+00
-3.121495327102803419e+00
-3.140186915887850372e+00
-3.130434782608695787e+00
-3.130434782608695787e+00
-3.130434782608695787e+00
-3.130434782608695787e+00
-3.149068322981366741e+00
-3.139318885448916685e+00
-3.139318885448916685e+00
-3.139318885448916685e+00
-3.139318885448916685e+00
-3.139318885448916685e+00
-3.148148148148148362e+00
-3.129629629629629761e+00
-3.148148148148148362e+00
-3.129629629629629761e+00
-3.148148148148148362e+00
-3.138461538461538858e+00
-3.138461538461538858e+00
-3.138461538461538858e+00
-3.138461538461538858e+00
-3.138461538461538858e+00
-3.147239263803681020e+00
-3.128834355828221003e+00
-3.147239263803681020e+00
-3.128834355828221003e+00
-3.128834355828221003e+00
-3.137614678899082410e+00
-3.137614678899082410e+00
-3.137614678899082410e+00
-3.137614678899082410e+00
-3.137614678899082410e+00
-3.128048780487805214e+00
-3.146341463414634276e+00
-3.128048780487805214e+00
-3.146341463414634276e+00
-3.128048780487805214e+00
-3.136778115501519526e+00
-3.136778115501519526e+00
-3.136778115501519526e+00
-3.136778115501519526e+00
-3.136778115501519526e+00
-3.127272727272727426e+00
-3.145454545454545947e+00
-3.127272727272727426e+00
-3.145454545454545947e+00
-3.127272727272727426e+00
-3.135951661631419807e+00
-3.135951661631419807e+00
-3.135951661631419807e+00
-3.154078549848942536e+00
-3.135951661631419807e+00
-3.144578313253012070e+00
-3.144578313253012070e+00
-3.144578313253012070e+00
-3.126506024096385783e+00
-3.144578313253012070e+00
-3.135135135135135087e+00
-3.135135135135135087e+00
-3.135135135135135087e+00
-3.135135135135135087e+00
-3.135135135135135087e+00
-3.143712574850299202e+00
-3.125748502994011968e+00
-3.143712574850299202e+00
-3.125748502994011968e+00
-3.143712574850299202e+00
-3.134328358208954945e+00
-3.134328358208954945e+00
-3.134328358208954945e+00
-3.134328358208954945e+00
-3.152238805970149382e+00
-3.142857142857143238e+00
-3.142857142857143238e+00
-3.142857142857143238e+00
-3.142857142857143238e+00
-3.142857142857143238e+00
-3.151335311572700526e+00
-3.133531157270029954e+00
-3.151335311572700526e+00
-3.133531157270029954e+00
-3.133531157270029954e+00
-3.124260355029585767e+00
-3.142011834319526908e+00
-3.124260355029585767e+00
-3.142011834319526908e+00
-3.124260355029585767e+00
-3.132743362831858835e+00
-3.132743362831858835e+00
-3.132743362831858835e+00
-3.132743362831858835e+00
-3.132743362831858835e+00
-3.141176470588235681e+00
-3.141176470588235681e+00
-3.141176470588235681e+00
-3.141176470588235681e+00
-3.141176470588235681e+00
-3.131964809384164106e+00
-3.149560117302052653e+00
-3.131964809384164106e+00
-3.149560117302052653e+00
-3.131964809384164106e+00
-3.140350877192982448e+00
-3.140350877192982448e+00
-3.140350877192982448e+00
-3.140350877192982448e+00
-3.140350877192982448e+00
-3.131195335276967917e+00
-3.148688046647230010e+00
-3.131195335276967917e+00
-3.131195335276967917e+00
-3.131195335276967917e+00
-3.139534883720930480e+00
-3.122093023255814170e+00
-3.139534883720930480e+00
-3.139534883720930480e+00
-3.139534883720930480e+00
-3.147826086956522218e+00
-3.130434782608695787e+00
-3.147826086956522218e+00
-3.130434782608695787e+00
-3.147826086956522218e+00
-3.138728323699421896e+00
-3.138728323699421896e+00
-3.138728323699421896e+00
-3.138728323699421896e+00
-3.138728323699421896e+00
-3.146974063400576505e+00
-3.129682997118155896e+00
-3.146974063400576505e+00
-3.129682997118155896e+00
-3.146974063400576505e+00
-3.137931034482758452e+00
-3.137931034482758452e+00
-3.137931034482758452e+00
-3.137931034482758452e+00
-3.137931034482758452e+00
-3.128939828080229191e+00
-3.146131805157593053e+00
-3.128939828080229191e+00
-3.146131805157593053e+00
-3.128939828080229191e+00
-3.137142857142857455e+00
-3.137142857142857455e+00
-3.137142857142857455e+00
-3.137142857142857455e+00
-3.137142857142857455e+00
-3.128205128205128638e+00
-3.145299145299145227e+00
-3.128205128205128638e+00
-3.145299145299145227e+00
-3.128205128205128638e+00
-3.136363636363636243e+00
-3.136363636363636243e+00
-3.136363636363636243e+00
-3.136363636363636243e+00
-3.136363636363636243e+00
-3.144475920679886904e+00
-3.144475920679886904e+00
-3.144475920679886904e+00
-3.144475920679886904e+00
-3.144475920679886904e+00
-3.135593220338983134e+00
-3.135593220338983134e+00
-3.135593220338983134e+00
-3.135593220338983134e+00
-3.135593220338983134e+00
-3.143661971830985724e+00
-3.126760563380281521e+00
-3.143661971830985724e+00
-3.126760563380281521e+00
-3.143661971830985724e+00
-3.134831460674157633e+00
-3.134831460674157633e+00
-3.134831460674157633e+00
-3.134831460674157633e+00
-3.134831460674157633e+00
-3.142857142857143238e+00
-3.126050420168067667e+00
-3.142857142857143238e+00
-3.142857142857143238e+00
-3.142857142857143238e+00
-3.150837988826815650e+00
-3.134078212290502652e+00
-3.150837988826815650e+00
-3.134078212290502652e+00
-3.150837988826815650e+00
-3.142061281337047429e+00
-3.142061281337047429e+00
-3.142061281337047429e+00
-3.142061281337047429e+00
-3.125348189415042111e+00
-3.133333333333333748e+00
-3.133333333333333748e+00
-3.133333333333333748e+00
-3.133333333333333748e+00
-3.133333333333333748e+00
-3.124653739612188730e+00
-3.141274238227147020e+00
-3.124653739612188730e+00
-3.141274238227147020e+00
-3.141274238227147020e+00
-3.132596685082873478e+00
-3.149171270718232218e+00
-3.132596685082873478e+00
-3.149171270718232218e+00
-3.132596685082873478e+00
-3.140495867768594795e+00
-3.140495867768594795e+00
-3.140495867768594795e+00
-3.140495867768594795e+00
-3.140495867768594795e+00
-3.131868131868132288e+00
-3.148351648351648713e+00
-3.131868131868132288e+00
-3.148351648351648713e+00
-3.131868131868132288e+00
-3.139726027397260033e+00
-3.123287671232876761e+00
-3.139726027397260033e+00
-3.123287671232876761e+00
-3.139726027397260033e+00
-3.131147540983606703e+00
-3.131147540983606703e+00
-3.147540983606557763e+00
-3.131147540983606703e+00
-3.147540983606557763e+00
-3.138964577656675470e+00
-3.138964577656675470e+00
-3.138964577656675470e+00
-3.138964577656675470e+00
-3.138964577656675470e+00
-3.146739130434783149e+00
-3.130434782608695787e+00
-3.146739130434783149e+00
-3.130434782608695787e+00
-3.146739130434783149e+00
-3.138211382113821113e+00
-3.138211382113821113e+00
-3.138211382113821113e+00
-3.138211382113821113e+00
-3.138211382113821113e+00
-3.145945945945945788e+00
-3.129729729729729737e+00
-3.129729729729729737e+00
-3.145945945945945788e+00
-3.129729729729729737e+00
-3.137466307277628097e+00
-3.137466307277628097e+00
-3.137466307277628097e+00
-3.137466307277628097e+00
-3.137466307277628097e+00
-3.129032258064516014e+00
-3.145161290322580516e+00
-3.129032258064516014e+00
-3.145161290322580516e+00
-3.129032258064516014e+00
-3.136729222520107552e+00
-3.136729222520107552e+00
-3.136729222520107552e+00
-3.136729222520107552e+00
-3.136729222520107552e+00
-3.144385026737968047e+00
-3.144385026737968047e+00
-3.144385026737968047e+00
-3.144385026737968047e+00
-3.144385026737968047e+00
-3.135999999999999677e+00
-3.152000000000000135e+00
-3.152000000000000135e+00
