0.000e+00  1.598e-174  4.898e-01
1.000e+00  2.195e-174  4.898e-01
2.000e+00  3.724e-174  4.898e-01
3.000e+00  7.041e-174  4.898e-01
4.000e+00  1.400e-173  4.898e-01
5.000e+00  2.848e-173  4.898e-01
6.000e+00  5.855e-173  4.898e-01
7.000e+00  1.209e-172  4.898e-01
8.000e+00  2.501e-172  4.898e-01
9.000e+00  5.178e-172  4.898e-01
1.000e+01  1.071e-171  4.898e-01
1.100e+01  2.217e-171  4.898e-01
1.200e+01  4.583e-171  4.898e-01
1.300e+01  9.468e-171  4.898e-01
1.400e+01  1.955e-170  4.898e-01
1.500e+01  4.034e-170  4.898e-01
1.600e+01  8.317e-170  4.898e-01
1.700e+01  1.714e-169  4.898e-01
1.800e+01  3.529e-169  4.898e-01
1.900e+01  7.260e-169  4.898e-01
2.000e+01  1.493e-168  4.898e-01
2.100e+01  3.067e-168  4.898e-01
2.200e+01  6.298e-168  4.898e-01
2.300e+01  1.292e-167  4.898e-01
2.400e+01  2.650e-167  4.898e-01
2.500e+01  5.429e-167  4.898e-01
2.600e+01  1.112e-166  4.898e-01
2.700e+01  2.274e-166  4.898e-01
2.800e+01  4.650e-166  4.898e-01
2.900e+01  9.501e-166  4.898e-01
3.000e+01  1.940e-165  4.898e-01
3.100e+01  3.958e-165  4.898e-01
3.200e+01  8.070e-165  4.898e-01
3.300e+01  1.644e-164  4.898e-01
3.400e+01  3.348e-164  4.898e-01
3.500e+01  6.812e-164  4.898e-01
3.600e+01  1.385e-163  4.898e-01
3.700e+01  2.814e-163  4.898e-01
3.800e+01  5.713e-163  4.898e-01
3.900e+01  1.159e-162  4.898e-01
4.000e+01  2.350e-162  4.898e-01
4.100e+01  4.761e-162  4.898e-01
4.200e+01  9.640e-162  4.898e-01
4.300e+01  1.950e-161  4.898e-01
4.400e+01  3.943e-161  4.898e-01
4.500e+01  7.967e-161  4.898e-01
4.600e+01  1.608e-160  4.898e-01
4.700e+01  3.245e-160  4.898e-01
4.800e+01  6.542e-160  4.898e-01
4.900e+01  1.318e-159  4.898e-01
5.000e+01  2.654e-159  4.898e-01
5.100e+01  5.339e-159  4.898e-01
5.200e+01  1.073e-158  4.898e-01
5.300e+01  2.156e-158  4.898e-01
5.400e+01  4.329e-158  4.898e-01
5.500e+01  8.685e-158  4.898e-01
5.600e+01  1.741e-157  4.898e-01
5.700e+01  3.488e-157  4.898e-01
5.800e+01  6.983e-157  4.898e-01
5.900e+01  1.397e-156  4.898e-01
6.000e+01  2.793e-156  4.898e-01
6.100e+01  5.579e-156  4.898e-01
6.200e+01  1.114e-155  4.898e-01
6.300e+01  2.222e-155  4.898e-01
6.400e+01  4.429e-155  4.898e-01
6.500e+01  8.823e-155  4.898e-01
6.600e+01  1.756e-154  4.898e-01
6.700e+01  3.494e-154  4.898e-01
6.800e+01  6.946e-154  4.898e-01
6.900e+01  1.380e-153  4.898e-01
7.000e+01  2.739e-153  4.898e-01
7.100e+01  5.433e-153  4.898e-01
7.200e+01  1.077e-152  4.898e-01
7.300e+01  2.134e-152  4.898e-01
7.400e+01  4.223e-152  4.898e-01
7.500e+01  8.354e-152  4.898e-01
7.600e+01  1.651e-151  4.898e-01
7.700e+01  3.262e-151  4.898e-01
7.800e+01  6.439e-151  4.898e-01
7.900e+01  1.270e-150  4.898e-01
8.000e+01  2.503e-150  4.898e-01
8.100e+01  4.931e-150  4.898e-01
8.200e+01  9.706e-150  4.898e-01
8.300e+01  1.909e-149  4.898e-01
8.400e+01  3.752e-149  4.898e-01
8.500e+01  7.370e-149  4.898e-01
8.600e+01  1.447e-148  4.898e-01
8.700e+01  2.837e-148  4.898e-01
8.800e+01  5.561e-148  4.898e-01
8.900e+01  1.089e-147  4.898e-01
9.000e+01  2.132e-147  4.898e-01
9.100e+01  4.170e-147  4.898e-01
9.200e+01  8.150e-147  4.898e-01
9.300e+01  1.592e-146  4.898e-01
9.400e+01  3.107e-146  4.898e-01
9.500e+01  6.059e-146  4.898e-01
9.600e+01  1.181e-145  4.898e-01
9.700e+01  2.300e-145  4.898e-01
9.800e+01  4.476e-145  4.898e-01
9.900e+01  8.704e-145  4.898e-01
1.000e+02  1.692e-144  4.898e-01
1.010e+02  3.285e-144  4.898e-01
1.020e+02  6.376e-144  4.898e-01
1.030e+02  1.236e-143  4.898e-01
1.040e+02  2.396e-143  4.898e-01
1.050e+02  4.640e-143  4.898e-01
1.060e+02  8.979e-143  4.898e-01
1.070e+02  1.736e-142  4.898e-01
1.080e+02  3.356e-142  4.898e-01
1.090e+02  6.480e-142  4.898e-01
1.100e+02  1.250e-141  4.898e-01
1.110e+02  2.411e-141  4.898e-01
1.120e+02  4.646e-141  4.898e-01
1.130e+02  8.947e-141  4.898e-01
1.140e+02  1.722e-140  4.898e-01
1.150e+02  3.311e-140  4.898e-01
1.160e+02  6.361e-140  4.898e-01
1.170e+02  1.221e-139  4.898e-01
1.180e+02  2.344e-139  4.898e-01
1.190e+02  4.494e-139  4.898e-01
1.200e+02  8.610e-139  4.898e-01
1.210e+02  1.649e-138  4.898e-01
1.220e+02  3.154e-138  4.898e-01
1.230e+02  6.031e-138  4.898e-01
1.240e+02  1.152e-137  4.898e-01
1.250e+02  2.200e-137  4.898e-01
1.260e+02  4.198e-137  4.898e-01
1.270e+02  8.003e-137  4.898e-01
1.280e+02  1.525e-136  4.898e-01
1.290e+02  2.903e-136  4.898e-01
1.300e+02  5.523e-136  4.898e-01
1.310e+02  1.050e-135  4.898e-01
1.320e+02  1.995e-135  4.898e-01
1.330e+02  3.787e-135  4.898e-01
1.340e+02  7.184e-135  4.898e-01
1.350e+02  1.362e-134  4.898e-01
1.360e+02  2.580e-134  4.898e-01
1.370e+02  4.884e-134  4.898e-01
1.380e+02  9.239e-134  4.898e-01
1.390e+02  1.747e-133  4.898e-01
1.400e+02  3.299e-133  4.898e-01
1.410e+02  6.228e-133  4.898e-01
1.420e+02  1.175e-132  4.898e-01
1.430e+02  2.214e-132  4.898e-01
1.440e+02  4.171e-132  4.898e-01
1.450e+02  7.852e-132  4.898e-01
1.460e+02  1.477e-131  4.898e-01
1.470e+02  2.776e-131  4.898e-01
1.480e+02  5.214e-131  4.898e-01
1.490e+02  9.786e-131  4.898e-01
1.500e+02  1.836e-130  4.898e-01
1.510e+02  3.440e-130  4.898e-01
1.520e+02  6.444e-130  4.898e-01
1.530e+02  1.206e-129  4.898e-01
1.540e+02  2.256e-129  4.898e-01
1.550e+02  4.215e-129  4.898e-01
1.560e+02  7.873e-129  4.898e-01
1.570e+02  1.469e-128  4.898e-01
1.580e+02  2.740e-128  4.898e-01
1.590e+02  5.107e-128  4.898e-01
1.600e+02  9.510e-128  4.898e-01
1.610e+02  1.770e-127  4.898e-01
1.620e+02  3.291e-127  4.898e-01
1.630e+02  6.116e-127  4.898e-01
1.640e+02  1.136e-126  4.898e-01
1.650e+02  2.107e-126  4.898e-01
1.660e+02  3.908e-126  4.898e-01
1.670e+02  7.242e-126  4.898e-01
1.680e+02  1.341e-125  4.898e-01
1.690e+02  2.481e-125  4.898e-01
1.700e+02  4.588e-125  4.898e-01
1.710e+02  8.477e-125  4.898e-01
1.720e+02  1.565e-124  4.898e-01
1.730e+02  2.888e-124  4.898e-01
1.740e+02  5.325e-124  4.898e-01
1.750e+02  9.810e-124  4.898e-01
1.760e+02  1.806e-123  4.898e-01
1.770e+02  3.323e-123  4.898e-01
1.780e+02  6.110e-123  4.898e-01
1.790e+02  1.122e-122  4.898e-01
1.800e+02  2.061e-122  4.898e-01
1.810e+02  3.781e-122  4.898e-01
1.820e+02  6.931e-122  4.898e-01
1.830e+02  1.270e-121  4.898e-01
1.840e+02  2.324e-121  4.898e-01
1.850e+02  4.252e-121  4.898e-01
1.860e+02  7.773e-121  4.898e-01
1.870e+02  1.420e-120  4.898e-01
1.880e+02  2.592e-120  4.898e-01
1.890e+02  4.728e-120  4.898e-01
1.900e+02  8.617e-120  4.898e-01
1.910e+02  1.570e-119  4.898e-01
1.920e+02  2.857e-119  4.898e-01
1.930e+02  5.197e-119  4.898e-01
1.940e+02  9.445e-119  4.898e-01
1.950e+02  1.716e-118  4.898e-01
1.960e+02  3.114e-118  4.898e-01
1.970e+02  5.647e-118  4.898e-01
1.980e+02  1.024e-117  4.898e-01
1.990e+02  1.854e-117  4.898e-01
2.000e+02  3.355e-117  4.898e-01
2.010e+02  6.067e-117  4.898e-01
2.020e+02  1.096e-116  4.898e-01
2.030e+02  1.980e-116  4.898e-01
2.040e+02  3.573e-116  4.898e-01
2.050e+02  6.444e-116  4.898e-01
2.060e+02  1.161e-115  4.898e-01
2.070e+02  2.091e-115  4.898e-01
2.080e+02  3.763e-115  4.898e-01
2.090e+02  6.766e-115  4.898e-01
2.100e+02  1.216e-114  4.898e-01
2.110e+02  2.183e-114  4.898e-01
2.120e+02  3.917e-114  4.898e-01
2.130e+02  7.023e-114  4.898e-01
2.140e+02  1.258e-113  4.898e-01
2.150e+02  2.253e-113  4.898e-01
2.160e+02  4.031e-113  4.898e-01
2.170e+02  7.206e-113  4.898e-01
2.180e+02  1.287e-112  4.898e-01
2.190e+02  2.298e-112  4.898e-01
2.200e+02  4.100e-112  4.898e-01
2.210e+02  7.310e-112  4.898e-01
2.220e+02  1.302e-111  4.898e-01
2.230e+02  2.318e-111  4.898e-01
2.240e+02  4.124e-111  4.898e-01
2.250e+02  7.331e-111  4.898e-01
2.260e+02  1.302e-110  4.898e-01
2.270e+02  2.311e-110  4.898e-01
2.280e+02  4.100e-110  4.898e-01
2.290e+02  7.267e-110  4.898e-01
2.300e+02  1.287e-109  4.898e-01
2.310e+02  2.278e-109  4.898e-01
2.320e+02  4.030e-109  4.898e-01
2.330e+02  7.122e-109  4.898e-01
2.340e+02  1.258e-108  4.898e-01
2.350e+02  2.220e-108  4.898e-01
2.360e+02  3.915e-108  4.898e-01
2.370e+02  6.900e-108  4.898e-01
2.380e+02  1.215e-107  4.898e-01
2.390e+02  2.138e-107  4.898e-01
2.400e+02  3.761e-107  4.898e-01
2.410e+02  6.608e-107  4.898e-01
2.420e+02  1.160e-106  4.898e-01
2.430e+02  2.036e-106  4.898e-01
2.440e+02  3.571e-106  4.898e-01
2.450e+02  6.257e-106  4.898e-01
2.460e+02  1.096e-105  4.898e-01
2.470e+02  1.917e-105  4.898e-01
2.480e+02  3.351e-105  4.898e-01
2.490e+02  5.856e-105  4.898e-01
2.500e+02  1.022e-104  4.898e-01
2.510e+02  1.784e-104  4.898e-01
2.520e+02  3.110e-104  4.898e-01
2.530e+02  5.418e-104  4.898e-01
2.540e+02  9.432e-104  4.898e-01
2.550e+02  1.641e-103  4.898e-01
2.560e+02  2.852e-103  4.898e-01
2.570e+02  4.955e-103  4.898e-01
2.580e+02  8.601e-103  4.898e-01
2.590e+02  1.492e-102  4.898e-01
2.600e+02  2.586e-102  4.898e-01
2.610e+02  4.480e-102  4.898e-01
2.620e+02  7.754e-102  4.898e-01
2.630e+02  1.341e-101  4.898e-01
2.640e+02  2.318e-101  4.898e-01
2.650e+02  4.004e-101  4.898e-01
2.660e+02  6.910e-101  4.898e-01
2.670e+02  1.192e-100  4.898e-01
2.680e+02  2.054e-100  4.898e-01
2.690e+02  3.537e-100  4.898e-01
2.700e+02  6.087e-100  4.898e-01
2.710e+02  1.047e-99  4.898e-01
2.720e+02  1.799e-99  4.898e-01
2.730e+02  3.089e-99  4.898e-01
2.740e+02  5.301e-99  4.898e-01
2.750e+02  9.089e-99  4.898e-01
2.760e+02  1.557e-98  4.898e-01
2.770e+02  2.667e-98  4.898e-01
2.780e+02  4.563e-98  4.898e-01
2.790e+02  7.802e-98  4.898e-01
2.800e+02  1.333e-97  4.898e-01
2.810e+02  2.276e-97  4.898e-01
2.820e+02  3.883e-97  4.898e-01
2.830e+02  6.619e-97  4.898e-01
2.840e+02  1.128e-96  4.898e-01
2.850e+02  1.920e-96  4.898e-01
2.860e+02  3.266e-96  4.898e-01
2.870e+02  5.552e-96  4.898e-01
2.880e+02  9.431e-96  4.898e-01
2.890e+02  1.601e-95  4.898e-01
2.900e+02  2.715e-95  4.898e-01
2.910e+02  4.603e-95  4.898e-01
2.920e+02  7.796e-95  4.898e-01
2.930e+02  1.320e-94  4.898e-01
2.940e+02  2.232e-94  4.898e-01
2.950e+02  3.772e-94  4.898e-01
2.960e+02  6.370e-94  4.898e-01
2.970e+02  1.075e-93  4.898e-01
2.980e+02  1.813e-93  4.898e-01
2.990e+02  3.056e-93  4.898e-01
3.000e+02  5.146e-93  4.898e-01
3.010e+02  8.659e-93  4.898e-01
3.020e+02  1.456e-92  4.898e-01
3.030e+02  2.447e-92  4.898e-01
3.040e+02  4.108e-92  4.898e-01
3.050e+02  6.894e-92  4.898e-01
3.060e+02  1.156e-91  4.898e-01
3.070e+02  1.937e-91  4.898e-01
3.080e+02  3.243e-91  4.898e-01
3.090e+02  5.425e-91  4.898e-01
3.100e+02  9.070e-91  4.898e-01
3.110e+02  1.515e-90  4.898e-01
3.120e+02  2.530e-90  4.898e-01
3.130e+02  4.220e-90  4.898e-01
3.140e+02  7.035e-90  4.898e-01
3.150e+02  1.172e-89  4.898e-01
3.160e+02  1.951e-89  4.898e-01
3.170e+02  3.245e-89  4.898e-01
3.180e+02  5.394e-89  4.898e-01
3.190e+02  8.959e-89  4.898e-01
3.200e+02  1.487e-88  4.898e-01
3.210e+02  2.466e-88  4.898e-01
3.220e+02  4.087e-88  4.898e-01
3.230e+02  6.770e-88  4.898e-01
3.240e+02  1.120e-87  4.898e-01
3.250e+02  1.853e-87  4.898e-01
3.260e+02  3.062e-87  4.898e-01
3.270e+02  5.056e-87  4.898e-01
3.280e+02  8.344e-87  4.898e-01
3.290e+02  1.376e-86  4.898e-01
3.300e+02  2.267e-86  4.898e-01
3.310e+02  3.733e-86  4.898e-01
3.320e+02  6.142e-86  4.898e-01
3.330e+02  1.010e-85  4.898e-01
3.340e+02  1.659e-85  4.898e-01
3.350e+02  2.724e-85  4.898e-01
3.360e+02  4.470e-85  4.898e-01
3.370e+02  7.327e-85  4.898e-01
3.380e+02  1.200e-84  4.898e-01
3.390e+02  1.965e-84  4.898e-01
3.400e+02  3.215e-84  4.898e-01
3.410e+02  5.255e-84  4.898e-01
3.420e+02  8.584e-84  4.898e-01
3.430e+02  1.401e-83  4.898e-01
3.440e+02  2.285e-83  4.898e-01
3.450e+02  3.725e-83  4.898e-01
3.460e+02  6.067e-83  4.898e-01
3.470e+02  9.875e-83  4.898e-01
3.480e+02  1.606e-82  4.898e-01
3.490e+02  2.610e-82  4.898e-01
3.500e+02  4.239e-82  4.898e-01
3.510e+02  6.879e-82  4.898e-01
3.520e+02  1.115e-81  4.898e-01
3.530e+02  1.808e-81  4.898e-01
3.540e+02  2.927e-81  4.898e-01
3.550e+02  4.736e-81  4.898e-01
3.560e+02  7.658e-81  4.898e-01
3.570e+02  1.237e-80  4.898e-01
3.580e+02  1.998e-80  4.898e-01
3.590e+02  3.223e-80  4.898e-01
3.600e+02  5.197e-80  4.898e-01
3.610e+02  8.372e-80  4.898e-01
3.620e+02  1.348e-79  4.898e-01
3.630e+02  2.168e-79  4.898e-01
3.640e+02  3.486e-79  4.898e-01
3.650e+02  5.599e-79  4.898e-01
3.660e+02  8.988e-79  4.898e-01
3.670e+02  1.442e-78  4.898e-01
3.680e+02  2.311e-78  4.898e-01
3.690e+02  3.701e-78  4.898e-01
3.700e+02  5.924e-78  4.898e-01
3.710e+02  9.475e-78  4.898e-01
3.720e+02  1.514e-77  4.898e-01
3.730e+02  2.418e-77  4.898e-01
3.740e+02  3.859e-77  4.898e-01
3.750e+02  6.154e-77  4.898e-01
3.760e+02  9.807e-77  4.898e-01
3.770e+02  1.562e-76  4.898e-01
3.780e+02  2.485e-76  4.898e-01
3.790e+02  3.951e-76  4.898e-01
3.800e+02  6.278e-76  4.898e-01
3.810e+02  9.969e-76  4.898e-01
3.820e+02  1.582e-75  4.898e-01
3.830e+02  2.508e-75  4.898e-01
3.840e+02  3.973e-75  4.898e-01
3.850e+02  6.289e-75  4.898e-01
3.860e+02  9.949e-75  4.898e-01
3.870e+02  1.573e-74  4.898e-01
3.880e+02  2.484e-74  4.898e-01
3.890e+02  3.922e-74  4.898e-01
3.900e+02  6.186e-74  4.898e-01
3.910e+02  9.751e-74  4.898e-01
3.920e+02  1.536e-73  4.898e-01
3.930e+02  2.417e-73  4.898e-01
3.940e+02  3.802e-73  4.898e-01
3.950e+02  5.975e-73  4.898e-01
3.960e+02  9.383e-73  4.898e-01
3.970e+02  1.472e-72  4.898e-01
3.980e+02  2.309e-72  4.898e-01
3.990e+02  3.618e-72  4.898e-01
4.000e+02  5.666e-72  4.898e-01
4.010e+02  8.866e-72  4.898e-01
4.020e+02  1.386e-71  4.898e-01
4.030e+02  2.166e-71  4.898e-01
4.040e+02  3.382e-71  4.898e-01
4.050e+02  5.276e-71  4.898e-01
4.060e+02  8.226e-71  4.898e-01
4.070e+02  1.281e-70  4.898e-01
4.080e+02  1.995e-70  4.898e-01
4.090e+02  3.103e-70  4.898e-01
4.100e+02  4.824e-70  4.898e-01
4.110e+02  7.493e-70  4.898e-01
4.120e+02  1.163e-69  4.898e-01
4.130e+02  1.804e-69  4.898e-01
4.140e+02  2.796e-69  4.898e-01
4.150e+02  4.331e-69  4.898e-01
4.160e+02  6.703e-69  4.898e-01
4.170e+02  1.037e-68  4.898e-01
4.180e+02  1.602e-68  4.898e-01
4.190e+02  2.474e-68  4.898e-01
4.200e+02  3.818e-68  4.898e-01
4.210e+02  5.887e-68  4.898e-01
4.220e+02  9.071e-68  4.898e-01
4.230e+02  1.397e-67  4.898e-01
4.240e+02  2.149e-67  4.898e-01
4.250e+02  3.304e-67  4.898e-01
4.260e+02  5.076e-67  4.898e-01
4.270e+02  7.794e-67  4.898e-01
4.280e+02  1.196e-66  4.898e-01
4.290e+02  1.833e-66  4.898e-01
4.300e+02  2.808e-66  4.898e-01
4.310e+02  4.298e-66  4.898e-01
4.320e+02  6.575e-66  4.898e-01
4.330e+02  1.005e-65  4.898e-01
4.340e+02  1.535e-65  4.898e-01
4.350e+02  2.343e-65  4.898e-01
4.360e+02  3.573e-65  4.898e-01
4.370e+02  5.446e-65  4.898e-01
4.380e+02  8.294e-65  4.898e-01
4.390e+02  1.262e-64  4.898e-01
4.400e+02  1.919e-64  4.898e-01
4.410e+02  2.917e-64  4.898e-01
4.420e+02  4.429e-64  4.898e-01
4.430e+02  6.721e-64  4.898e-01
4.440e+02  1.019e-63  4.898e-01
4.450e+02  1.544e-63  4.898e-01
4.460e+02  2.338e-63  4.898e-01
4.470e+02  3.537e-63  4.898e-01
4.480e+02  5.347e-63  4.898e-01
4.490e+02  8.078e-63  4.898e-01
4.500e+02  1.219e-62  4.898e-01
4.510e+02  1.839e-62  4.898e-01
4.520e+02  2.773e-62  4.898e-01
4.530e+02  4.177e-62  4.898e-01
4.540e+02  6.287e-62  4.898e-01
4.550e+02  9.456e-62  4.898e-01
4.560e+02  1.421e-61  4.898e-01
4.570e+02  2.134e-61  4.898e-01
4.580e+02  3.203e-61  4.898e-01
4.590e+02  4.804e-61  4.898e-01
4.600e+02  7.199e-61  4.898e-01
4.610e+02  1.078e-60  4.898e-01
4.620e+02  1.613e-60  4.898e-01
4.630e+02  2.412e-60  4.898e-01
4.640e+02  3.604e-60  4.898e-01
4.650e+02  5.381e-60  4.898e-01
4.660e+02  8.029e-60  4.898e-01
4.670e+02  1.197e-59  4.898e-01
4.680e+02  1.783e-59  4.898e-01
4.690e+02  2.655e-59  4.898e-01
4.700e+02  3.949e-59  4.898e-01
4.710e+02  5.870e-59  4.898e-01
4.720e+02  8.720e-59  4.898e-01
4.730e+02  1.294e-58  4.898e-01
4.740e+02  1.920e-58  4.898e-01
4.750e+02  2.846e-58  4.898e-01
4.760e+02  4.214e-58  4.898e-01
4.770e+02  6.237e-58  4.898e-01
4.780e+02  9.224e-58  4.898e-01
4.790e+02  1.363e-57  4.898e-01
4.800e+02  2.013e-57  4.898e-01
4.810e+02  2.970e-57  4.898e-01
4.820e+02  4.380e-57  4.898e-01
4.830e+02  6.454e-57  4.898e-01
4.840e+02  9.503e-57  4.898e-01
4.850e+02  1.398e-56  4.898e-01
4.860e+02  2.056e-56  4.898e-01
4.870e+02  3.020e-56  4.898e-01
4.880e+02  4.433e-56  4.898e-01
4.890e+02  6.504e-56  4.898e-01
4.900e+02  9.534e-56  4.898e-01
4.910e+02  1.397e-55  4.898e-01
4.920e+02  2.044e-55  4.898e-01
4.930e+02  2.990e-55  4.898e-01
4.940e+02  4.370e-55  4.898e-01
4.950e+02  6.383e-55  4.898e-01
4.960e+02  9.315e-55  4.898e-01
4.970e+02  1.359e-54  4.898e-01
4.980e+02  1.980e-54  4.898e-01
4.990e+02  2.883e-54  4.898e-01
5.000e+02  4.195e-54  4.898e-01
5.010e+02  6.100e-54  4.898e-01
5.020e+02  8.864e-54  4.898e-01
5.030e+02  1.287e-53  4.898e-01
5.040e+02  1.867e-53  4.898e-01
5.050e+02  2.707e-53  4.898e-01
5.060e+02  3.922e-53  4.898e-01
5.070e+02  5.678e-53  4.898e-01
5.080e+02  8.214e-53  4.898e-01
5.090e+02  1.187e-52  4.898e-01
5.100e+02  1.715e-52  4.898e-01
5.110e+02  2.476e-52  4.898e-01
5.120e+02  3.571e-52  4.898e-01
5.130e+02  5.147e-52  4.898e-01
5.140e+02  7.412e-52  4.898e-01
5.150e+02  1.067e-51  4.898e-01
5.160e+02  1.534e-51  4.898e-01
5.170e+02  2.205e-51  4.898e-01
5.180e+02  3.166e-51  4.898e-01
5.190e+02  4.543e-51  4.898e-01
5.200e+02  6.514e-51  4.898e-01
5.210e+02  9.333e-51  4.898e-01
5.220e+02  1.336e-50  4.898e-01
5.230e+02  1.912e-50  4.898e-01
5.240e+02  2.733e-50  4.898e-01
5.250e+02  3.905e-50  4.898e-01
5.260e+02  5.575e-50  4.898e-01
5.270e+02  7.952e-50  4.898e-01
5.280e+02  1.134e-49  4.898e-01
5.290e+02  1.615e-49  4.898e-01
5.300e+02  2.298e-49  4.898e-01
5.310e+02  3.269e-49  4.898e-01
5.320e+02  4.646e-49  4.898e-01
5.330e+02  6.598e-49  4.898e-01
5.340e+02  9.364e-49  4.898e-01
5.350e+02  1.328e-48  4.898e-01
5.360e+02  1.882e-48  4.898e-01
5.370e+02  2.665e-48  4.898e-01
5.380e+02  3.770e-48  4.898e-01
5.390e+02  5.331e-48  4.898e-01
5.400e+02  7.533e-48  4.898e-01
5.410e+02  1.063e-47  4.898e-01
5.420e+02  1.500e-47  4.898e-01
5.430e+02  2.115e-47  4.898e-01
5.440e+02  2.980e-47  4.898e-01
5.450e+02  4.195e-47  4.898e-01
5.460e+02  5.901e-47  4.898e-01
5.470e+02  8.294e-47  4.898e-01
5.480e+02  1.165e-46  4.898e-01
5.490e+02  1.635e-46  4.898e-01
5.500e+02  2.293e-46  4.898e-01
5.510e+02  3.214e-46  4.898e-01
5.520e+02  4.501e-46  4.898e-01
5.530e+02  6.299e-46  4.898e-01
5.540e+02  8.808e-46  4.898e-01
5.550e+02  1.231e-45  4.898e-01
5.560e+02  1.719e-45  4.898e-01
5.570e+02  2.398e-45  4.898e-01
5.580e+02  3.344e-45  4.898e-01
5.590e+02  4.658e-45  4.898e-01
5.600e+02  6.485e-45  4.898e-01
5.610e+02  9.023e-45  4.898e-01
5.620e+02  1.254e-44  4.898e-01
5.630e+02  1.742e-44  4.898e-01
5.640e+02  2.419e-44  4.898e-01
5.650e+02  3.355e-44  4.898e-01
5.660e+02  4.650e-44  4.898e-01
5.670e+02  6.440e-44  4.898e-01
5.680e+02  8.914e-44  4.898e-01
5.690e+02  1.233e-43  4.898e-01
5.700e+02  1.704e-43  4.898e-01
5.710e+02  2.353e-43  4.898e-01
5.720e+02  3.246e-43  4.898e-01
5.730e+02  4.477e-43  4.898e-01
5.740e+02  6.168e-43  4.898e-01
5.750e+02  8.493e-43  4.898e-01
5.760e+02  1.169e-42  4.898e-01
5.770e+02  1.607e-42  4.898e-01
5.780e+02  2.207e-42  4.898e-01
5.790e+02  3.030e-42  4.898e-01
5.800e+02  4.157e-42  4.898e-01
5.810e+02  5.698e-42  4.898e-01
5.820e+02  7.805e-42  4.898e-01
5.830e+02  1.068e-41  4.898e-01
5.840e+02  1.461e-41  4.898e-01
5.850e+02  1.997e-41  4.898e-01
5.860e+02  2.728e-41  4.898e-01
5.870e+02  3.722e-41  4.898e-01
5.880e+02  5.076e-41  4.898e-01
5.890e+02  6.918e-41  4.898e-01
5.900e+02  9.420e-41  4.898e-01
5.910e+02  1.282e-40  4.898e-01
5.920e+02  1.743e-40  4.898e-01
5.930e+02  2.368e-40  4.898e-01
5.940e+02  3.215e-40  4.898e-01
5.950e+02  4.362e-40  4.898e-01
5.960e+02  5.913e-40  4.898e-01
5.970e+02  8.010e-40  4.898e-01
5.980e+02  1.084e-39  4.898e-01
5.990e+02  1.467e-39  4.898e-01
6.000e+02  1.983e-39  4.898e-01
6.010e+02  2.678e-39  4.898e-01
6.020e+02  3.615e-39  4.898e-01
6.030e+02  4.875e-39  4.898e-01
6.040e+02  6.570e-39  4.898e-01
6.050e+02  8.848e-39  4.898e-01
6.060e+02  1.191e-38  4.898e-01
6.070e+02  1.601e-38  4.898e-01
6.080e+02  2.151e-38  4.898e-01
6.090e+02  2.889e-38  4.898e-01
6.100e+02  3.876e-38  4.898e-01
6.110e+02  5.197e-38  4.898e-01
6.120e+02  6.963e-38  4.898e-01
6.130e+02  9.321e-38  4.898e-01
6.140e+02  1.247e-37  4.898e-01
6.150e+02  1.667e-37  4.898e-01
6.160e+02  2.227e-37  4.898e-01
6.170e+02  2.972e-37  4.898e-01
6.180e+02  3.965e-37  4.898e-01
6.190e+02  5.284e-37  4.898e-01
6.200e+02  7.038e-37  4.898e-01
6.210e+02  9.367e-37  4.898e-01
6.220e+02  1.246e-36  4.898e-01
6.230e+02  1.655e-36  4.898e-01
6.240e+02  2.198e-36  4.898e-01
6.250e+02  2.917e-36  4.898e-01
6.260e+02  3.868e-36  4.898e-01
6.270e+02  5.125e-36  4.898e-01
6.280e+02  6.786e-36  4.898e-01
6.290e+02  8.978e-36  4.898e-01
6.300e+02  1.187e-35  4.898e-01
6.310e+02  1.568e-35  4.898e-01
6.320e+02  2.070e-35  4.898e-01
6.330e+02  2.731e-35  4.898e-01
6.340e+02  3.600e-35  4.898e-01
6.350e+02  4.741e-35  4.898e-01
6.360e+02  6.241e-35  4.898e-01
6.370e+02  8.208e-35  4.898e-01
6.380e+02  1.079e-34  4.898e-01
6.390e+02  1.417e-34  4.898e-01
6.400e+02  1.859e-34  4.898e-01
6.410e+02  2.438e-34  4.898e-01
6.420e+02  3.195e-34  4.898e-01
6.430e+02  4.184e-34  4.898e-01
6.440e+02  5.474e-34  4.898e-01
6.450e+02  7.158e-34  4.898e-01
6.460e+02  9.352e-34  4.898e-01
6.470e+02  1.221e-33  4.898e-01
6.480e+02  1.593e-33  4.898e-01
6.490e+02  2.077e-33  4.898e-01
6.500e+02  2.705e-33  4.898e-01
6.510e+02  3.521e-33  4.898e-01
6.520e+02  4.581e-33  4.898e-01
6.530e+02  5.954e-33  4.898e-01
6.540e+02  7.733e-33  4.898e-01
6.550e+02  1.004e-32  4.898e-01
6.560e+02  1.302e-32  4.898e-01
6.570e+02  1.687e-32  4.898e-01
6.580e+02  2.185e-32  4.898e-01
6.590e+02  2.827e-32  4.898e-01
6.600e+02  3.656e-32  4.898e-01
6.610e+02  4.724e-32  4.898e-01
6.620e+02  6.100e-32  4.898e-01
6.630e+02  7.870e-32  4.898e-01
6.640e+02  1.015e-31  4.898e-01
6.650e+02  1.307e-31  4.898e-01
6.660e+02  1.683e-31  4.898e-01
6.670e+02  2.165e-31  4.898e-01
6.680e+02  2.783e-31  4.898e-01
6.690e+02  3.575e-31  4.898e-01
6.700e+02  4.589e-31  4.898e-01
6.710e+02  5.887e-31  4.898e-01
6.720e+02  7.545e-31  4.898e-01
6.730e+02  9.664e-31  4.898e-01
6.740e+02  1.237e-30  4.898e-01
6.750e+02  1.582e-30  4.898e-01
6.760e+02  2.021e-30  4.898e-01
6.770e+02  2.581e-30  4.898e-01
6.780e+02  3.294e-30  4.898e-01
6.790e+02  4.200e-30  4.898e-01
6.800e+02  5.352e-30  4.898e-01
6.810e+02  6.815e-30  4.898e-01
6.820e+02  8.670e-30  4.898e-01
6.830e+02  1.102e-29  4.898e-01
6.840e+02  1.400e-29  4.898e-01
6.850e+02  1.778e-29  4.898e-01
6.860e+02  2.255e-29  4.898e-01
6.870e+02  2.859e-29  4.898e-01
6.880e+02  3.622e-29  4.898e-01
6.890e+02  4.584e-29  4.898e-01
6.900e+02  5.798e-29  4.898e-01
6.910e+02  7.329e-29  4.898e-01
6.920e+02  9.256e-29  4.898e-01
6.930e+02  1.168e-28  4.898e-01
6.940e+02  1.473e-28  4.898e-01
6.950e+02  1.857e-28  4.898e-01
6.960e+02  2.338e-28  4.898e-01
6.970e+02  2.942e-28  4.898e-01
6.980e+02  3.699e-28  4.898e-01
6.990e+02  4.648e-28  4.898e-01
7.000e+02  5.837e-28  4.898e-01
7.010e+02  7.323e-28  4.898e-01
7.020e+02  9.181e-28  4.898e-01
7.030e+02  1.150e-27  4.898e-01
7.040e+02  1.440e-27  4.898e-01
7.050e+02  1.801e-27  4.898e-01
7.060e+02  2.252e-27  4.898e-01
7.070e+02  2.813e-27  4.898e-01
7.080e+02  3.511e-27  4.898e-01
7.090e+02  4.380e-27  4.898e-01
7.100e+02  5.459e-27  4.898e-01
7.110e+02  6.799e-27  4.898e-01
7.120e+02  8.462e-27  4.898e-01
7.130e+02  1.052e-26  4.898e-01
7.140e+02  1.308e-26  4.898e-01
7.150e+02  1.624e-26  4.898e-01
7.160e+02  2.016e-26  4.898e-01
7.170e+02  2.500e-26  4.898e-01
7.180e+02  3.097e-26  4.898e-01
7.190e+02  3.835e-26  4.898e-01
7.200e+02  4.745e-26  4.898e-01
7.210e+02  5.867e-26  4.898e-01
7.220e+02  7.249e-26  4.898e-01
7.230e+02  8.950e-26  4.898e-01
7.240e+02  1.104e-25  4.898e-01
7.250e+02  1.361e-25  4.898e-01
7.260e+02  1.677e-25  4.898e-01
7.270e+02  2.064e-25  4.898e-01
7.280e+02  2.539e-25  4.898e-01
7.290e+02  3.121e-25  4.898e-01
7.300e+02  3.834e-25  4.898e-01
7.310e+02  4.706e-25  4.898e-01
7.320e+02  5.772e-25  4.898e-01
7.330e+02  7.074e-25  4.898e-01
7.340e+02  8.664e-25  4.898e-01
7.350e+02  1.060e-24  4.898e-01
7.360e+02  1.297e-24  4.898e-01
7.370e+02  1.585e-24  4.898e-01
7.380e+02  1.935e-24  4.898e-01
7.390e+02  2.361e-24  4.898e-01
7.400e+02  2.879e-24  4.898e-01
7.410e+02  3.509e-24  4.898e-01
7.420e+02  4.272e-24  4.898e-01
7.430e+02  5.198e-24  4.898e-01
7.440e+02  6.320e-24  4.898e-01
7.450e+02  7.679e-24  4.898e-01
7.460e+02  9.323e-24  4.898e-01
7.470e+02  1.131e-23  4.898e-01
7.480e+02  1.371e-23  4.898e-01
7.490e+02  1.661e-23  4.898e-01
7.500e+02  2.011e-23  4.898e-01
7.510e+02  2.433e-23  4.898e-01
7.520e+02  2.941e-23  4.898e-01
7.530e+02  3.552e-23  4.898e-01
7.540e+02  4.288e-23  4.898e-01
7.550e+02  5.172e-23  4.898e-01
7.560e+02  6.234e-23  4.898e-01
7.570e+02  7.509e-23  4.898e-01
7.580e+02  9.037e-23  4.898e-01
7.590e+02  1.087e-22  4.898e-01
7.600e+02  1.306e-22  4.898e-01
7.610e+02  1.569e-22  4.898e-01
7.620e+02  1.883e-22  4.898e-01
7.630e+02  2.258e-22  4.898e-01
7.640e+02  2.706e-22  4.898e-01
7.650e+02  3.240e-22  4.898e-01
7.660e+02  3.878e-22  4.898e-01
7.670e+02  4.637e-22  4.898e-01
7.680e+02  5.541e-22  4.898e-01
7.690e+02  6.616e-22  4.898e-01
7.700e+02  7.895e-22  4.898e-01
7.710e+02  9.413e-22  4.898e-01
7.720e+02  1.122e-21  4.898e-01
7.730e+02  1.335e-21  4.898e-01
7.740e+02  1.589e-21  4.898e-01
7.750e+02  1.889e-21  4.898e-01
7.760e+02  2.245e-21  4.898e-01
7.770e+02  2.665e-21  4.898e-01
7.780e+02  3.162e-21  4.898e-01
7.790e+02  3.748e-21  4.898e-01
7.800e+02  4.441e-21  4.898e-01
7.810e+02  5.257e-21  4.898e-01
7.820e+02  6.219e-21  4.898e-01
7.830e+02  7.352e-21  4.898e-01
7.840e+02  8.685e-21  4.898e-01
7.850e+02  1.025e-20  4.898e-01
7.860e+02  1.210e-20  4.898e-01
7.870e+02  1.426e-20  4.898e-01
7.880e+02  1.680e-20  4.898e-01
7.890e+02  1.977e-20  4.898e-01
7.900e+02  2.326e-20  4.898e-01
7.910e+02  2.734e-20  4.898e-01
7.920e+02  3.211e-20  4.898e-01
7.930e+02  3.769e-20  4.898e-01
7.940e+02  4.421e-20  4.898e-01
7.950e+02  5.182e-20  4.898e-01
7.960e+02  6.070e-20  4.898e-01
7.970e+02  7.105e-20  4.898e-01
7.980e+02  8.311e-20  4.898e-01
7.990e+02  9.714e-20  4.898e-01
8.000e+02  1.135e-19  4.898e-01
8.010e+02  1.324e-19  4.898e-01
8.020e+02  1.545e-19  4.898e-01
8.030e+02  1.800e-19  4.898e-01
8.040e+02  2.097e-19  4.898e-01
8.050e+02  2.441e-19  4.898e-01
8.060e+02  2.839e-19  4.898e-01
8.070e+02  3.300e-19  4.898e-01
8.080e+02  3.833e-19  4.898e-01
8.090e+02  4.448e-19  4.898e-01
8.100e+02  5.159e-19  4.898e-01
8.110e+02  5.980e-19  4.898e-01
8.120e+02  6.926e-19  4.898e-01
8.130e+02  8.017e-19  4.898e-01
8.140e+02  9.273e-19  4.898e-01
8.150e+02  1.072e-18  4.898e-01
8.160e+02  1.238e-18  4.898e-01
8.170e+02  1.429e-18  4.898e-01
8.180e+02  1.648e-18  4.898e-01
8.190e+02  1.900e-18  4.898e-01
8.200e+02  2.188e-18  4.898e-01
8.210e+02  2.519e-18  4.898e-01
8.220e+02  2.897e-18  4.898e-01
8.230e+02  3.330e-18  4.898e-01
8.240e+02  3.826e-18  4.898e-01
8.250e+02  4.391e-18  4.898e-01
8.260e+02  5.037e-18  4.898e-01
8.270e+02  5.775e-18  4.898e-01
8.280e+02  6.615e-18  4.898e-01
8.290e+02  7.573e-18  4.898e-01
8.300e+02  8.663e-18  4.898e-01
8.310e+02  9.903e-18  4.898e-01
8.320e+02  1.131e-17  4.898e-01
8.330e+02  1.292e-17  4.898e-01
8.340e+02  1.474e-17  4.898e-01
8.350e+02  1.680e-17  4.898e-01
8.360e+02  1.914e-17  4.898e-01
8.370e+02  2.179e-17  4.898e-01
8.380e+02  2.480e-17  4.898e-01
8.390e+02  2.820e-17  4.898e-01
8.400e+02  3.204e-17  4.898e-01
8.410e+02  3.638e-17  4.898e-01
8.420e+02  4.128e-17  4.898e-01
8.430e+02  4.682e-17  4.898e-01
8.440e+02  5.305e-17  4.898e-01
8.450e+02  6.008e-17  4.898e-01
8.460e+02  6.800e-17  4.898e-01
8.470e+02  7.691e-17  4.898e-01
8.480e+02  8.692e-17  4.898e-01
8.490e+02  9.818e-17  4.898e-01
8.500e+02  1.108e-16  4.898e-01
8.510e+02  1.250e-16  4.898e-01
8.520e+02  1.409e-16  4.898e-01
8.530e+02  1.587e-16  4.898e-01
8.540e+02  1.787e-16  4.898e-01
8.550e+02  2.011e-16  4.898e-01
8.560e+02  2.260e-16  4.898e-01
8.570e+02  2.540e-16  4.898e-01
8.580e+02  2.852e-16  4.898e-01
8.590e+02  3.200e-16  4.898e-01
8.600e+02  3.589e-16  4.898e-01
8.610e+02  4.022e-16  4.898e-01
8.620e+02  4.504e-16  4.898e-01
8.630e+02  5.041e-16  4.898e-01
8.640e+02  5.639e-16  4.898e-01
8.650e+02  6.303e-16  4.898e-01
8.660e+02  7.042e-16  4.898e-01
8.670e+02  7.861e-16  4.898e-01
8.680e+02  8.771e-16  4.898e-01
8.690e+02  9.779e-16  4.898e-01
8.700e+02  1.090e-15  4.898e-01
8.710e+02  1.213e-15  4.898e-01
8.720e+02  1.350e-15  4.898e-01
8.730e+02  1.502e-15  4.898e-01
8.740e+02  1.669e-15  4.898e-01
8.750e+02  1.854e-15  4.898e-01
8.760e+02  2.059e-15  4.898e-01
8.770e+02  2.284e-15  4.898e-01
8.780e+02  2.532e-15  4.898e-01
8.790e+02  2.806e-15  4.898e-01
8.800e+02  3.107e-15  4.898e-01
8.810e+02  3.439e-15  4.898e-01
8.820e+02  3.803e-15  4.898e-01
8.830e+02  4.204e-15  4.898e-01
8.840e+02  4.644e-15  4.898e-01
8.850e+02  5.127e-15  4.898e-01
8.860e+02  5.657e-15  4.898e-01
8.870e+02  6.238e-15  4.898e-01
8.880e+02  6.875e-15  4.898e-01
8.890e+02  7.572e-15  4.898e-01
8.900e+02  8.334e-15  4.898e-01
8.910e+02  9.169e-15  4.898e-01
8.920e+02  1.008e-14  4.898e-01
8.930e+02  1.108e-14  4.898e-01
8.940e+02  1.216e-14  4.898e-01
8.950e+02  1.335e-14  4.898e-01
8.960e+02  1.464e-14  4.898e-01
8.970e+02  1.605e-14  4.898e-01
8.980e+02  1.759e-14  4.898e-01
8.990e+02  1.926e-14  4.898e-01
9.000e+02  2.108e-14  4.898e-01
9.010e+02  2.305e-14  4.898e-01
9.020e+02  2.520e-14  4.898e-01
9.030e+02  2.753e-14  4.898e-01
9.040e+02  3.006e-14  4.898e-01
9.050e+02  3.281e-14  4.898e-01
9.060e+02  3.578e-14  4.898e-01
9.070e+02  3.901e-14  4.898e-01
9.080e+02  4.250e-14  4.898e-01
9.090e+02  4.628e-14  4.898e-01
9.100e+02  5.036e-14  4.898e-01
9.110e+02  5.478e-14  4.898e-01
9.120e+02  5.956e-14  4.898e-01
9.130e+02  6.471e-14  4.898e-01
9.140e+02  7.028e-14  4.898e-01
9.150e+02  7.628e-14  4.898e-01
9.160e+02  8.275e-14  4.898e-01
9.170e+02  8.972e-14  4.898e-01
9.180e+02  9.724e-14  4.898e-01
9.190e+02  1.053e-13  4.898e-01
9.200e+02  1.140e-13  4.898e-01
9.210e+02  1.234e-13  4.898e-01
9.220e+02  1.334e-13  4.898e-01
9.230e+02  1.442e-13  4.898e-01
9.240e+02  1.558e-13  4.898e-01
9.250e+02  1.683e-13  4.898e-01
9.260e+02  1.816e-13  4.898e-01
9.270e+02  1.959e-13  4.898e-01
9.280e+02  2.113e-13  4.898e-01
9.290e+02  2.277e-13  4.898e-01
9.300e+02  2.453e-13  4.898e-01
9.310e+02  2.641e-13  4.898e-01
9.320e+02  2.843e-13  4.898e-01
9.330e+02  3.058e-13  4.898e-01
9.340e+02  3.288e-13  4.898e-01
9.350e+02  3.533e-13  4.898e-01
9.360e+02  3.796e-13  4.898e-01
9.370e+02  4.075e-13  4.898e-01
9.380e+02  4.374e-13  4.898e-01
9.390e+02  4.692e-13  4.898e-01
9.400e+02  5.031e-13  4.898e-01
9.410e+02  5.392e-13  4.898e-01
9.420e+02  5.777e-13  4.898e-01
9.430e+02  6.186e-13  4.898e-01
9.440e+02  6.622e-13  4.898e-01
9.450e+02  7.085e-13  4.898e-01
9.460e+02  7.578e-13  4.898e-01
9.470e+02  8.101e-13  4.898e-01
9.480e+02  8.657e-13  4.898e-01
9.490e+02  9.247e-13  4.898e-01
9.500e+02  9.873e-13  4.898e-01
9.510e+02  1.054e-12  4.898e-01
9.520e+02  1.124e-12  4.898e-01
9.530e+02  1.199e-12  4.898e-01
9.540e+02  1.278e-12  4.898e-01
9.550e+02  1.362e-12  4.898e-01
9.560e+02  1.451e-12  4.898e-01
9.570e+02  1.545e-12  4.898e-01
9.580e+02  1.644e-12  4.898e-01
9.590e+02  1.750e-12  4.898e-01
9.600e+02  1.861e-12  4.898e-01
9.610e+02  1.979e-12  4.898e-01
9.620e+02  2.103e-12  4.898e-01
9.630e+02  2.234e-12  4.898e-01
9.640e+02  2.373e-12  4.898e-01
9.650e+02  2.520e-12  4.898e-01
9.660e+02  2.674e-12  4.898e-01
9.670e+02  2.837e-12  4.898e-01
9.680e+02  3.010e-12  4.898e-01
9.690e+02  3.191e-12  4.898e-01
9.700e+02  3.382e-12  4.898e-01
9.710e+02  3.584e-12  4.898e-01
9.720e+02  3.797e-12  4.898e-01
9.730e+02  4.021e-12  4.898e-01
9.740e+02  4.256e-12  4.898e-01
9.750e+02  4.505e-12  4.898e-01
9.760e+02  4.766e-12  4.898e-01
9.770e+02  5.041e-12  4.898e-01
9.780e+02  5.330e-12  4.898e-01
9.790e+02  5.634e-12  4.898e-01
9.800e+02  5.954e-12  4.898e-01
9.810e+02  6.290e-12  4.898e-01
9.820e+02  6.644e-12  4.898e-01
9.830e+02  7.015e-12  4.898e-01
9.840e+02  7.406e-12  4.898e-01
9.850e+02  7.816e-12  4.898e-01
9.860e+02  8.246e-12  4.898e-01
9.870e+02  8.698e-12  4.898e-01
9.880e+02  9.172e-12  4.898e-01
9.890e+02  9.670e-12  4.898e-01
9.900e+02  1.019e-11  4.898e-01
9.910e+02  1.074e-11  4.898e-01
9.920e+02  1.132e-11  4.898e-01
9.930e+02  1.192e-11  4.898e-01
9.940e+02  1.255e-11  4.898e-01
9.950e+02  1.322e-11  4.898e-01
9.960e+02  1.391e-11  4.898e-01
9.970e+02  1.464e-11  4.898e-01
9.980e+02  1.540e-11  4.898e-01
9.990e+02  1.620e-11  4.898e-01
1.000e+03  1.704e-11  4.898e-01
1.001e+03  1.792e-11  4.898e-01
1.002e+03  1.884e-11  4.898e-01
1.003e+03  1.980e-11  4.898e-01
1.004e+03  2.081e-11  4.898e-01
1.005e+03  2.187e-11  4.898e-01
1.006e+03  2.297e-11  4.898e-01
1.007e+03  2.413e-11  4.898e-01
1.008e+03  2.534e-11  4.898e-01
1.009e+03  2.660e-11  4.898e-01
1.010e+03  2.793e-11  4.898e-01
1.011e+03  2.932e-11  4.898e-01
1.012e+03  3.077e-11  4.898e-01
1.013e+03  3.229e-11  4.898e-01
1.014e+03  3.387e-11  4.898e-01
1.015e+03  3.553e-11  4.898e-01
1.016e+03  3.727e-11  4.898e-01
1.017e+03  3.909e-11  4.898e-01
1.018e+03  4.099e-11  4.898e-01
1.019e+03  4.297e-11  4.898e-01
1.020e+03  4.505e-11  4.898e-01
1.021e+03  4.722e-11  4.898e-01
1.022e+03  4.948e-11  4.898e-01
1.023e+03  5.185e-11  4.898e-01
1.024e+03  5.433e-11  4.898e-01
1.025e+03  5.692e-11  4.898e-01
1.026e+03  5.963e-11  4.898e-01
1.027e+03  6.245e-11  4.898e-01
1.028e+03  6.541e-11  4.898e-01
1.029e+03  6.849e-11  4.898e-01
1.030e+03  7.172e-11  4.898e-01
1.031e+03  7.509e-11  4.898e-01
1.032e+03  7.861e-11  4.898e-01
1.033e+03  8.228e-11  4.898e-01
1.034e+03  8.612e-11  4.898e-01
1.035e+03  9.014e-11  4.898e-01
1.036e+03  9.433e-11  4.898e-01
1.037e+03  9.870e-11  4.898e-01
1.038e+03  1.033e-10  4.898e-01
1.039e+03  1.080e-10  4.898e-01
1.040e+03  1.130e-10  4.898e-01
1.041e+03  1.182e-10  4.898e-01
1.042e+03  1.237e-10  4.898e-01
1.043e+03  1.293e-10  4.898e-01
1.044e+03  1.353e-10  4.898e-01
1.045e+03  1.415e-10  4.898e-01
1.046e+03  1.479e-10  4.898e-01
1.047e+03  1.547e-10  4.898e-01
1.048e+03  1.617e-10  4.898e-01
1.049e+03  1.691e-10  4.898e-01
1.050e+03  1.767e-10  4.898e-01
1.051e+03  1.848e-10  4.898e-01
1.052e+03  1.931e-10  4.898e-01
1.053e+03  2.019e-10  4.898e-01
1.054e+03  2.110e-10  4.898e-01
1.055e+03  2.205e-10  4.898e-01
1.056e+03  2.304e-10  4.898e-01
1.057e+03  2.408e-10  4.898e-01
1.058e+03  2.516e-10  4.898e-01
1.059e+03  2.629e-10  4.898e-01
1.060e+03  2.747e-10  4.898e-01
1.061e+03  2.870e-10  4.898e-01
1.062e+03  2.999e-10  4.898e-01
1.063e+03  3.133e-10  4.898e-01
1.064e+03  3.273e-10  4.898e-01
1.065e+03  3.419e-10  4.898e-01
1.066e+03  3.571e-10  4.898e-01
1.067e+03  3.730e-10  4.898e-01
1.068e+03  3.896e-10  4.898e-01
1.069e+03  4.070e-10  4.898e-01
1.070e+03  4.251e-10  4.898e-01
1.071e+03  4.439e-10  4.898e-01
1.072e+03  4.636e-10  4.898e-01
1.073e+03  4.842e-10  4.898e-01
1.074e+03  5.056e-10  4.898e-01
1.075e+03  5.280e-10  4.898e-01
1.076e+03  5.513e-10  4.898e-01
1.077e+03  5.757e-10  4.898e-01
1.078e+03  6.011e-10  4.898e-01
1.079e+03  6.277e-10  4.898e-01
1.080e+03  6.554e-10  4.898e-01
1.081e+03  6.842e-10  4.898e-01
1.082e+03  7.144e-10  4.898e-01
1.083e+03  7.458e-10  4.898e-01
1.084e+03  7.787e-10  4.898e-01
1.085e+03  8.129e-10  4.898e-01
1.086e+03  8.486e-10  4.898e-01
1.087e+03  8.859e-10  4.898e-01
1.088e+03  9.248e-10  4.898e-01
1.089e+03  9.654e-10  4.898e-01
1.090e+03  1.008e-09  4.898e-01
1.091e+03  1.052e-09  4.898e-01
1.092e+03  1.098e-09  4.898e-01
1.093e+03  1.146e-09  4.898e-01
1.094e+03  1.196e-09  4.898e-01
1.095e+03  1.249e-09  4.898e-01
1.096e+03  1.303e-09  4.898e-01
1.097e+03  1.360e-09  4.898e-01
1.098e+03  1.420e-09  4.898e-01
1.099e+03  1.482e-09  4.898e-01
1.100e+03  1.546e-09  4.898e-01
1.101e+03  1.614e-09  4.898e-01
1.102e+03  1.684e-09  4.898e-01
1.103e+03  1.758e-09  4.898e-01
1.104e+03  1.834e-09  4.898e-01
1.105e+03  1.914e-09  4.898e-01
1.106e+03  1.998e-09  4.898e-01
1.107e+03  2.085e-09  4.898e-01
1.108e+03  2.175e-09  4.898e-01
1.109e+03  2.270e-09  4.898e-01
1.110e+03  2.369e-09  4.898e-01
1.111e+03  2.472e-09  4.898e-01
1.112e+03  2.579e-09  4.898e-01
1.113e+03  2.691e-09  4.898e-01
1.114e+03  2.808e-09  4.898e-01
1.115e+03  2.930e-09  4.898e-01
1.116e+03  3.057e-09  4.898e-01
1.117e+03  3.190e-09  4.898e-01
1.118e+03  3.329e-09  4.898e-01
1.119e+03  3.473e-09  4.898e-01
1.120e+03  3.624e-09  4.898e-01
1.121e+03  3.781e-09  4.898e-01
1.122e+03  3.945e-09  4.898e-01
1.123e+03  4.116e-09  4.898e-01
1.124e+03  4.294e-09  4.898e-01
1.125e+03  4.480e-09  4.898e-01
1.126e+03  4.674e-09  4.898e-01
1.127e+03  4.876e-09  4.898e-01
1.128e+03  5.087e-09  4.898e-01
1.129e+03  5.307e-09  4.898e-01
1.130e+03  5.537e-09  4.898e-01
1.131e+03  5.776e-09  4.898e-01
1.132e+03  6.026e-09  4.898e-01
1.133e+03  6.287e-09  4.898e-01
1.134e+03  6.558e-09  4.898e-01
1.135e+03  6.842e-09  4.898e-01
1.136e+03  7.137e-09  4.898e-01
1.137e+03  7.446e-09  4.898e-01
1.138e+03  7.767e-09  4.898e-01
1.139e+03  8.103e-09  4.898e-01
1.140e+03  8.452e-09  4.898e-01
1.141e+03  8.817e-09  4.898e-01
1.142e+03  9.198e-09  4.898e-01
1.143e+03  9.595e-09  4.898e-01
1.144e+03  1.001e-08  4.898e-01
1.145e+03  1.044e-08  4.898e-01
1.146e+03  1.089e-08  4.898e-01
1.147e+03  1.136e-08  4.898e-01
1.148e+03  1.185e-08  4.898e-01
1.149e+03  1.236e-08  4.898e-01
1.150e+03  1.289e-08  4.898e-01
1.151e+03  1.345e-08  4.898e-01
1.152e+03  1.403e-08  4.898e-01
1.153e+03  1.463e-08  4.898e-01
1.154e+03  1.526e-08  4.898e-01
1.155e+03  1.592e-08  4.898e-01
1.156e+03  1.660e-08  4.898e-01
1.157e+03  1.732e-08  4.898e-01
1.158e+03  1.806e-08  4.898e-01
1.159e+03  1.884e-08  4.898e-01
1.160e+03  1.965e-08  4.898e-01
1.161e+03  2.050e-08  4.898e-01
1.162e+03  2.138e-08  4.898e-01
1.163e+03  2.230e-08  4.898e-01
1.164e+03  2.326e-08  4.898e-01
1.165e+03  2.426e-08  4.898e-01
1.166e+03  2.530e-08  4.898e-01
1.167e+03  2.639e-08  4.898e-01
1.168e+03  2.752e-08  4.898e-01
1.169e+03  2.870e-08  4.898e-01
1.170e+03  2.994e-08  4.898e-01
1.171e+03  3.122e-08  4.898e-01
1.172e+03  3.256e-08  4.898e-01
1.173e+03  3.396e-08  4.898e-01
1.174e+03  3.542e-08  4.898e-01
1.175e+03  3.694e-08  4.898e-01
1.176e+03  3.853e-08  4.898e-01
1.177e+03  4.018e-08  4.898e-01
1.178e+03  4.190e-08  4.898e-01
1.179e+03  4.370e-08  4.898e-01
1.180e+03  4.558e-08  4.898e-01
1.181e+03  4.753e-08  4.898e-01
1.182e+03  4.957e-08  4.898e-01
1.183e+03  5.170e-08  4.898e-01
1.184e+03  5.392e-08  4.898e-01
1.185e+03  5.623e-08  4.898e-01
1.186e+03  5.864e-08  4.898e-01
1.187e+03  6.116e-08  4.898e-01
1.188e+03  6.378e-08  4.898e-01
1.189e+03  6.651e-08  4.898e-01
1.190e+03  6.936e-08  4.898e-01
1.191e+03  7.234e-08  4.898e-01
1.192e+03  7.544e-08  4.898e-01
1.193e+03  7.867e-08  4.898e-01
1.194e+03  8.204e-08  4.898e-01
1.195e+03  8.556e-08  4.897e-01
1.196e+03  8.922e-08  4.897e-01
1.197e+03  9.305e-08  4.897e-01
1.198e+03  9.703e-08  4.897e-01
1.199e+03  1.012e-07  4.897e-01
1.200e+03  1.055e-07  4.897e-01
1.201e+03  1.100e-07  4.897e-01
1.202e+03  1.148e-07  4.897e-01
1.203e+03  1.197e-07  4.897e-01
1.204e+03  1.248e-07  4.897e-01
1.205e+03  1.301e-07  4.897e-01
1.206e+03  1.357e-07  4.897e-01
1.207e+03  1.415e-07  4.897e-01
1.208e+03  1.476e-07  4.897e-01
1.209e+03  1.539e-07  4.897e-01
1.210e+03  1.605e-07  4.897e-01
1.211e+03  1.674e-07  4.897e-01
1.212e+03  1.745e-07  4.897e-01
1.213e+03  1.820e-07  4.897e-01
1.214e+03  1.898e-07  4.897e-01
1.215e+03  1.979e-07  4.897e-01
1.216e+03  2.064e-07  4.897e-01
1.217e+03  2.152e-07  4.897e-01
1.218e+03  2.244e-07  4.897e-01
1.219e+03  2.340e-07  4.897e-01
1.220e+03  2.440e-07  4.897e-01
1.221e+03  2.545e-07  4.897e-01
1.222e+03  2.653e-07  4.897e-01
1.223e+03  2.767e-07  4.897e-01
1.224e+03  2.885e-07  4.897e-01
1.225e+03  3.009e-07  4.897e-01
1.226e+03  3.138e-07  4.897e-01
1.227e+03  3.272e-07  4.897e-01
1.228e+03  3.412e-07  4.897e-01
1.229e+03  3.558e-07  4.897e-01
1.230e+03  3.710e-07  4.897e-01
1.231e+03  3.869e-07  4.897e-01
1.232e+03  4.034e-07  4.897e-01
1.233e+03  4.207e-07  4.897e-01
1.234e+03  4.387e-07  4.897e-01
1.235e+03  4.574e-07  4.897e-01
1.236e+03  4.770e-07  4.897e-01
1.237e+03  4.974e-07  4.897e-01
1.238e+03  5.187e-07  4.897e-01
1.239e+03  5.408e-07  4.897e-01
1.240e+03  5.640e-07  4.897e-01
1.241e+03  5.881e-07  4.897e-01
1.242e+03  6.133e-07  4.897e-01
1.243e+03  6.395e-07  4.897e-01
1.244e+03  6.668e-07  4.897e-01
1.245e+03  6.954e-07  4.897e-01
1.246e+03  7.251e-07  4.897e-01
1.247e+03  7.561e-07  4.897e-01
1.248e+03  7.885e-07  4.897e-01
1.249e+03  8.222e-07  4.897e-01
1.250e+03  8.574e-07  4.896e-01
1.251e+03  8.941e-07  4.896e-01
1.252e+03  9.323e-07  4.896e-01
1.253e+03  9.722e-07  4.896e-01
1.254e+03  1.014e-06  4.896e-01
1.255e+03  1.057e-06  4.896e-01
1.256e+03  1.102e-06  4.896e-01
1.257e+03  1.150e-06  4.896e-01
1.258e+03  1.199e-06  4.896e-01
1.259e+03  1.250e-06  4.896e-01
1.260e+03  1.304e-06  4.896e-01
1.261e+03  1.359e-06  4.896e-01
1.262e+03  1.418e-06  4.896e-01
1.263e+03  1.478e-06  4.896e-01
1.264e+03  1.542e-06  4.896e-01
1.265e+03  1.608e-06  4.896e-01
1.266e+03  1.676e-06  4.896e-01
1.267e+03  1.748e-06  4.896e-01
1.268e+03  1.823e-06  4.896e-01
1.269e+03  1.901e-06  4.896e-01
1.270e+03  1.983e-06  4.896e-01
1.271e+03  2.068e-06  4.896e-01
1.272e+03  2.156e-06  4.896e-01
1.273e+03  2.249e-06  4.896e-01
1.274e+03  2.345e-06  4.895e-01
1.275e+03  2.445e-06  4.895e-01
1.276e+03  2.550e-06  4.895e-01
1.277e+03  2.659e-06  4.895e-01
1.278e+03  2.774e-06  4.895e-01
1.279e+03  2.892e-06  4.895e-01
1.280e+03  3.016e-06  4.895e-01
1.281e+03  3.146e-06  4.895e-01
1.282e+03  3.281e-06  4.895e-01
1.283e+03  3.422e-06  4.895e-01
1.284e+03  3.568e-06  4.895e-01
1.285e+03  3.722e-06  4.895e-01
1.286e+03  3.881e-06  4.895e-01
1.287e+03  4.048e-06  4.895e-01
1.288e+03  4.222e-06  4.895e-01
1.289e+03  4.403e-06  4.895e-01
1.290e+03  4.592e-06  4.894e-01
1.291e+03  4.789e-06  4.894e-01
1.292e+03  4.995e-06  4.894e-01
1.293e+03  5.210e-06  4.894e-01
1.294e+03  5.434e-06  4.894e-01
1.295e+03  5.668e-06  4.894e-01
1.296e+03  5.911e-06  4.894e-01
1.297e+03  6.166e-06  4.894e-01
1.298e+03  6.431e-06  4.894e-01
1.299e+03  6.708e-06  4.894e-01
1.300e+03  6.996e-06  4.894e-01
1.301e+03  7.298e-06  4.894e-01
1.302e+03  7.612e-06  4.893e-01
1.303e+03  7.940e-06  4.893e-01
1.304e+03  8.282e-06  4.893e-01
1.305e+03  8.639e-06  4.893e-01
1.306e+03  9.011e-06  4.893e-01
1.307e+03  9.400e-06  4.893e-01
1.308e+03  9.805e-06  4.893e-01
1.309e+03  1.023e-05  4.893e-01
1.310e+03  1.067e-05  4.893e-01
1.311e+03  1.113e-05  4.892e-01
1.312e+03  1.161e-05  4.892e-01
1.313e+03  1.211e-05  4.892e-01
1.314e+03  1.264e-05  4.892e-01
1.315e+03  1.318e-05  4.892e-01
1.316e+03  1.375e-05  4.892e-01
1.317e+03  1.435e-05  4.892e-01
1.318e+03  1.497e-05  4.892e-01
1.319e+03  1.562e-05  4.891e-01
1.320e+03  1.629e-05  4.891e-01
1.321e+03  1.700e-05  4.891e-01
1.322e+03  1.774e-05  4.891e-01
1.323e+03  1.851e-05  4.891e-01
1.324e+03  1.931e-05  4.891e-01
1.325e+03  2.015e-05  4.890e-01
1.326e+03  2.102e-05  4.890e-01
1.327e+03  2.194e-05  4.890e-01
1.328e+03  2.289e-05  4.890e-01
1.329e+03  2.389e-05  4.890e-01
1.330e+03  2.493e-05  4.890e-01
1.331e+03  2.601e-05  4.889e-01
1.332e+03  2.715e-05  4.889e-01
1.333e+03  2.833e-05  4.889e-01
1.334e+03  2.956e-05  4.889e-01
1.335e+03  3.086e-05  4.889e-01
1.336e+03  3.220e-05  4.888e-01
1.337e+03  3.361e-05  4.888e-01
1.338e+03  3.508e-05  4.888e-01
1.339e+03  3.661e-05  4.888e-01
1.340e+03  3.822e-05  4.887e-01
1.341e+03  3.989e-05  4.887e-01
1.342e+03  4.164e-05  4.887e-01
1.343e+03  4.346e-05  4.887e-01
1.344e+03  4.537e-05  4.886e-01
1.345e+03  4.736e-05  4.886e-01
1.346e+03  4.945e-05  4.886e-01
1.347e+03  5.162e-05  4.886e-01
1.348e+03  5.389e-05  4.885e-01
1.349e+03  5.627e-05  4.885e-01
1.350e+03  5.875e-05  4.885e-01
1.351e+03  6.134e-05  4.884e-01
1.352e+03  6.405e-05  4.884e-01
1.353e+03  6.688e-05  4.884e-01
1.354e+03  6.984e-05  4.883e-01
1.355e+03  7.293e-05  4.883e-01
1.356e+03  7.616e-05  4.883e-01
1.357e+03  7.954e-05  4.882e-01
1.358e+03  8.307e-05  4.882e-01
1.359e+03  8.676e-05  4.882e-01
1.360e+03  9.062e-05  4.881e-01
1.361e+03  9.466e-05  4.881e-01
1.362e+03  9.888e-05  4.880e-01
1.363e+03  1.033e-04  4.880e-01
1.364e+03  1.079e-04  4.880e-01
1.365e+03  1.127e-04  4.879e-01
1.366e+03  1.178e-04  4.879e-01
1.367e+03  1.231e-04  4.878e-01
1.368e+03  1.286e-04  4.878e-01
1.369e+03  1.343e-04  4.877e-01
1.370e+03  1.404e-04  4.877e-01
1.371e+03  1.467e-04  4.876e-01
1.372e+03  1.533e-04  4.876e-01
1.373e+03  1.603e-04  4.875e-01
1.374e+03  1.675e-04  4.874e-01
1.375e+03  1.751e-04  4.874e-01
1.376e+03  1.830e-04  4.873e-01
1.377e+03  1.913e-04  4.873e-01
1.378e+03  2.000e-04  4.872e-01
1.379e+03  2.091e-04  4.871e-01
1.380e+03  2.187e-04  4.871e-01
1.381e+03  2.286e-04  4.870e-01
1.382e+03  2.391e-04  4.869e-01
1.383e+03  2.501e-04  4.868e-01
1.384e+03  2.615e-04  4.868e-01
1.385e+03  2.736e-04  4.867e-01
1.386e+03  2.862e-04  4.866e-01
1.387e+03  2.993e-04  4.865e-01
1.388e+03  3.132e-04  4.864e-01
1.389e+03  3.277e-04  4.863e-01
1.390e+03  3.429e-04  4.863e-01
1.391e+03  3.588e-04  4.862e-01
1.392e+03  3.755e-04  4.861e-01
1.393e+03  3.930e-04  4.860e-01
1.394e+03  4.114e-04  4.859e-01
1.395e+03  4.307e-04  4.857e-01
1.396e+03  4.509e-04  4.856e-01
1.397e+03  4.721e-04  4.855e-01
1.398e+03  4.943e-04  4.854e-01
1.399e+03  5.177e-04  4.853e-01
1.400e+03  5.422e-04  4.852e-01
1.401e+03  5.679e-04  4.850e-01
1.402e+03  5.949e-04  4.849e-01
1.403e+03  6.233e-04  4.848e-01
1.404e+03  6.531e-04  4.846e-01
1.405e+03  6.844e-04  4.845e-01
1.406e+03  7.172e-04  4.843e-01
1.407e+03  7.518e-04  4.841e-01
1.408e+03  7.881e-04  4.840e-01
1.409e+03  8.262e-04  4.838e-01
1.410e+03  8.664e-04  4.836e-01
1.411e+03  9.086e-04  4.835e-01
1.412e+03  9.529e-04  4.833e-01
1.413e+03  9.996e-04  4.831e-01
1.414e+03  1.049e-03  4.829e-01
1.415e+03  1.100e-03  4.827e-01
1.416e+03  1.155e-03  4.824e-01
1.417e+03  1.212e-03  4.822e-01
1.418e+03  1.272e-03  4.820e-01
1.419e+03  1.336e-03  4.817e-01
1.420e+03  1.403e-03  4.815e-01
1.421e+03  1.473e-03  4.812e-01
1.422e+03  1.548e-03  4.810e-01
1.423e+03  1.626e-03  4.807e-01
1.424e+03  1.708e-03  4.804e-01
1.425e+03  1.796e-03  4.801e-01
1.426e+03  1.887e-03  4.798e-01
1.427e+03  1.984e-03  4.794e-01
1.428e+03  2.087e-03  4.791e-01
1.429e+03  2.195e-03  4.787e-01
1.430e+03  2.309e-03  4.784e-01
1.431e+03  2.429e-03  4.780e-01
1.432e+03  2.557e-03  4.776e-01
1.433e+03  2.691e-03  4.772e-01
1.434e+03  2.834e-03  4.768e-01
1.435e+03  2.984e-03  4.763e-01
1.436e+03  3.143e-03  4.758e-01
1.437e+03  3.312e-03  4.753e-01
1.438e+03  3.490e-03  4.748e-01
1.439e+03  3.679e-03  4.743e-01
1.440e+03  3.879e-03  4.738e-01
1.441e+03  4.091e-03  4.732e-01
1.442e+03  4.316e-03  4.726e-01
1.443e+03  4.554e-03  4.720e-01
1.444e+03  4.807e-03  4.713e-01
1.445e+03  5.075e-03  4.706e-01
1.446e+03  5.359e-03  4.699e-01
1.447e+03  5.662e-03  4.692e-01
1.448e+03  5.983e-03  4.684e-01
1.449e+03  6.324e-03  4.676e-01
1.450e+03  6.686e-03  4.667e-01
1.451e+03  7.072e-03  4.658e-01
1.452e+03  7.482e-03  4.649e-01
1.453e+03  7.918e-03  4.639e-01
1.454e+03  8.383e-03  4.629e-01
1.455e+03  8.878e-03  4.618e-01
1.456e+03  9.405e-03  4.607e-01
1.457e+03  9.967e-03  4.595e-01
1.458e+03  1.057e-02  4.583e-01
1.459e+03  1.121e-02  4.570e-01
1.460e+03  1.189e-02  4.556e-01
1.461e+03  1.262e-02  4.542e-01
1.462e+03  1.340e-02  4.527e-01
1.463e+03  1.423e-02  4.511e-01
1.464e+03  1.512e-02  4.495e-01
1.465e+03  1.607e-02  4.478e-01
1.466e+03  1.709e-02  4.460e-01
1.467e+03  1.818e-02  4.441e-01
1.468e+03  1.935e-02  4.421e-01
1.469e+03  2.060e-02  4.400e-01
1.470e+03  2.194e-02  4.378e-01
1.471e+03  2.338e-02  4.354e-01
1.472e+03  2.492e-02  4.330e-01
1.473e+03  2.657e-02  4.305e-01
1.474e+03  2.835e-02  4.278e-01
1.475e+03  3.026e-02  4.249e-01
1.476e+03  3.231e-02  4.220e-01
1.477e+03  3.451e-02  4.189e-01
1.478e+03  3.688e-02  4.156e-01
1.479e+03  3.943e-02  4.122e-01
1.480e+03  4.217e-02  4.085e-01
1.481e+03  4.512e-02  4.048e-01
1.482e+03  4.829e-02  4.008e-01
1.483e+03  5.170e-02  3.966e-01
1.484e+03  5.538e-02  3.922e-01
1.485e+03  5.933e-02  3.876e-01
1.486e+03  6.359e-02  3.828e-01
1.487e+03  6.818e-02  3.778e-01
1.488e+03  7.312e-02  3.725e-01
1.489e+03  7.843e-02  3.670e-01
1.490e+03  8.415e-02  3.612e-01
1.491e+03  9.031e-02  3.552e-01
1.492e+03  9.693e-02  3.489e-01
1.493e+03  1.040e-01  3.423e-01
1.494e+03  1.117e-01  3.355e-01
1.495e+03  1.199e-01  3.284e-01
1.496e+03  1.287e-01  3.210e-01
1.497e+03  1.382e-01  3.134e-01
1.498e+03  1.483e-01  3.055e-01
1.499e+03  1.591e-01  2.973e-01
1.500e+03  1.707e-01  2.889e-01
1.501e+03  1.831e-01  2.803e-01
1.502e+03  1.963e-01  2.714e-01
1.503e+03  2.103e-01  2.622e-01
1.504e+03  2.252e-01  2.529e-01
1.505e+03  2.410e-01  2.434e-01
1.506e+03  2.577e-01  2.338e-01
1.507e+03  2.753e-01  2.240e-01
1.508e+03  2.939e-01  2.141e-01
1.509e+03  3.134e-01  2.041e-01
1.510e+03  3.338e-01  1.941e-01
1.511e+03  3.550e-01  1.841e-01
1.512e+03  3.771e-01  1.741e-01
1.513e+03  4.000e-01  1.642e-01
1.514e+03  4.236e-01  1.544e-01
1.515e+03  4.478e-01  1.448e-01
1.516e+03  4.726e-01  1.353e-01
1.517e+03  4.979e-01  1.261e-01
1.518e+03  5.235e-01  1.171e-01
1.519e+03  5.493e-01  1.084e-01
1.520e+03  5.752e-01  1.001e-01
1.521e+03  6.011e-01  9.202e-02
1.522e+03  6.268e-01  8.436e-02
1.523e+03  6.521e-01  7.708e-02
1.524e+03  6.770e-01  7.020e-02
1.525e+03  7.013e-01  6.372e-02
1.526e+03  7.249e-01  5.764e-02
1.527e+03  7.476e-01  5.198e-02
1.528e+03  7.694e-01  4.672e-02
1.529e+03  7.901e-01  4.186e-02
1.530e+03  8.098e-01  3.738e-02
1.531e+03  8.283e-01  3.328e-02
1.532e+03  8.457e-01  2.954e-02
1.533e+03  8.618e-01  2.614e-02
1.534e+03  8.768e-01  2.306e-02
1.535e+03  8.905e-01  2.028e-02
1.536e+03  9.031e-01  1.779e-02
1.537e+03  9.145e-01  1.556e-02
1.538e+03  9.249e-01  1.357e-02
1.539e+03  9.342e-01  1.180e-02
1.540e+03  9.426e-01  1.024e-02
1.541e+03  9.500e-01  8.858e-03
1.542e+03  9.567e-01  7.645e-03
1.543e+03  9.625e-01  6.581e-03
1.544e+03  9.677e-01  5.652e-03
1.545e+03  9.722e-01  4.843e-03
1.546e+03  9.762e-01  4.140e-03
1.547e+03  9.796e-01  3.532e-03
1.548e+03  9.826e-01  3.006e-03
1.549e+03  9.852e-01  2.554e-03
1.550e+03  9.875e-01  2.165e-03
1.551e+03  9.894e-01  1.832e-03
1.552e+03  9.910e-01  1.547e-03
1.553e+03  9.924e-01  1.304e-03
1.554e+03  9.936e-01  1.098e-03
1.555e+03  9.946e-01  9.222e-04
1.556e+03  9.955e-01  7.736e-04
1.557e+03  9.962e-01  6.479e-04
1.558e+03  9.968e-01  5.419e-04
1.559e+03  9.974e-01  4.525e-04
1.560e+03  9.978e-01  3.774e-04
1.561e+03  9.982e-01  3.143e-04
1.562e+03  9.985e-01  2.614e-04
1.563e+03  9.987e-01  2.172e-04
1.564e+03  9.989e-01  1.802e-04
1.565e+03  9.991e-01  1.493e-04
1.566e+03  9.993e-01  1.236e-04
1.567e+03  9.994e-01  1.022e-04
1.568e+03  9.995e-01  8.444e-05
1.569e+03  9.996e-01  6.968e-05
1.570e+03  9.997e-01  5.744e-05
1.571e+03  9.997e-01  4.731e-05
1.572e+03  9.998e-01  3.892e-05
1.573e+03  9.998e-01  3.200e-05
1.574e+03  9.998e-01  2.628e-05
1.575e+03  9.999e-01  2.157e-05
1.576e+03  9.999e-01  1.768e-05
1.577e+03  9.999e-01  1.449e-05
1.578e+03  9.999e-01  1.186e-05
1.579e+03  9.999e-01  9.700e-06
1.580e+03  1.000e+00  7.928e-06
1.581e+03  1.000e+00  6.475e-06
1.582e+03  1.000e+00  5.284e-06
1.583e+03  1.000e+00  4.309e-06
1.584e+03  1.000e+00  3.512e-06
1.585e+03  1.000e+00  2.860e-06
1.586e+03  1.000e+00  2.328e-06
1.587e+03  1.000e+00  1.893e-06
1.588e+03  1.000e+00  1.539e-06
1.589e+03  1.000e+00  1.250e-06
1.590e+03  1.000e+00  1.014e-06
1.591e+03  1.000e+00  8.228e-07
1.592e+03  1.000e+00  6.670e-07
1.593e+03  1.000e+00  5.404e-07
1.594e+03  1.000e+00  4.376e-07
1.595e+03  1.000e+00  3.541e-07
1.596e+03  1.000e+00  2.864e-07
1.597e+03  1.000e+00  2.315e-07
1.598e+03  1.000e+00  1.870e-07
1.599e+03  1.000e+00  1.510e-07
1.600e+03  1.000e+00  1.218e-07
1.601e+03  1.000e+00  9.823e-08
1.602e+03  1.000e+00  7.917e-08
1.603e+03  1.000e+00  6.378e-08
1.604e+03  1.000e+00  5.135e-08
1.605e+03  1.000e+00  4.132e-08
1.606e+03  1.000e+00  3.323e-08
1.607e+03  1.000e+00  2.672e-08
1.608e+03  1.000e+00  2.146e-08
1.609e+03  1.000e+00  1.724e-08
1.610e+03  1.000e+00  1.383e-08
1.611e+03  1.000e+00  1.110e-08
1.612e+03  1.000e+00  8.898e-09
1.613e+03  1.000e+00  7.131e-09
1.614e+03  1.000e+00  5.712e-09
1.615e+03  1.000e+00  4.573e-09
1.616e+03  1.000e+00  3.659e-09
1.617e+03  1.000e+00  2.927e-09
1.618e+03  1.000e+00  2.340e-09
1.619e+03  1.000e+00  1.870e-09
1.620e+03  1.000e+00  1.493e-09
1.621e+03  1.000e+00  1.192e-09
1.622e+03  1.000e+00  9.511e-10
1.623e+03  1.000e+00  7.586e-10
1.624e+03  1.000e+00  6.047e-10
1.625e+03  1.000e+00  4.818e-10
1.626e+03  1.000e+00  3.837e-10
1.627e+03  1.000e+00  3.055e-10
1.628e+03  1.000e+00  2.431e-10
1.629e+03  1.000e+00  1.933e-10
1.630e+03  1.000e+00  1.537e-10
1.631e+03  1.000e+00  1.221e-10
1.632e+03  1.000e+00  9.699e-11
1.633e+03  1.000e+00  7.700e-11
1.634e+03  1.000e+00  6.110e-11
1.635e+03  1.000e+00  4.846e-11
1.636e+03  1.000e+00  3.842e-11
1.637e+03  1.000e+00  3.045e-11
1.638e+03  1.000e+00  2.412e-11
1.639e+03  1.000e+00  1.910e-11
1.640e+03  1.000e+00  1.511e-11
1.641e+03  1.000e+00  1.196e-11
1.642e+03  1.000e+00  9.455e-12
1.643e+03  1.000e+00  7.473e-12
1.644e+03  1.000e+00  5.904e-12
1.645e+03  1.000e+00  4.663e-12
1.646e+03  1.000e+00  3.681e-12
1.647e+03  1.000e+00  2.904e-12
1.648e+03  1.000e+00  2.291e-12
1.649e+03  1.000e+00  1.806e-12
1.650e+03  1.000e+00  1.423e-12
1.651e+03  1.000e+00  1.121e-12
1.652e+03  1.000e+00  8.827e-13
1.653e+03  1.000e+00  6.947e-13
1.654e+03  1.000e+00  5.465e-13
1.655e+03  1.000e+00  4.298e-13
1.656e+03  1.000e+00  3.378e-13
1.657e+03  1.000e+00  2.654e-13
1.658e+03  1.000e+00  2.085e-13
1.659e+03  1.000e+00  1.637e-13
1.660e+03  1.000e+00  1.284e-13
1.661e+03  1.000e+00  1.008e-13
1.662e+03  1.000e+00  7.900e-14
1.663e+03  1.000e+00  6.192e-14
1.664e+03  1.000e+00  4.851e-14
1.665e+03  1.000e+00  3.799e-14
1.666e+03  1.000e+00  2.974e-14
1.667e+03  1.000e+00  2.327e-14
1.668e+03  1.000e+00  1.820e-14
1.669e+03  1.000e+00  1.423e-14
1.670e+03  1.000e+00  1.112e-14
1.671e+03  1.000e+00  8.689e-15
1.672e+03  1.000e+00  6.785e-15
1.673e+03  1.000e+00  5.296e-15
1.674e+03  1.000e+00  4.133e-15
1.675e+03  1.000e+00  3.223e-15
1.676e+03  1.000e+00  2.513e-15
1.677e+03  1.000e+00  1.958e-15
1.678e+03  1.000e+00  1.526e-15
1.679e+03  1.000e+00  1.188e-15
1.680e+03  1.000e+00  9.248e-16
1.681e+03  1.000e+00  7.195e-16
1.682e+03  1.000e+00  5.596e-16
1.683e+03  1.000e+00  4.351e-16
1.684e+03  1.000e+00  3.381e-16
1.685e+03  1.000e+00  2.627e-16
1.686e+03  1.000e+00  2.040e-16
1.687e+03  1.000e+00  1.583e-16
1.688e+03  1.000e+00  1.229e-16
1.689e+03  1.000e+00  9.529e-17
1.690e+03  1.000e+00  7.388e-17
1.691e+03  1.000e+00  5.726e-17
1.692e+03  1.000e+00  4.436e-17
1.693e+03  1.000e+00  3.435e-17
1.694e+03  1.000e+00  2.659e-17
1.695e+03  1.000e+00  2.057e-17
1.696e+03  1.000e+00  1.591e-17
1.697e+03  1.000e+00  1.230e-17
1.698e+03  1.000e+00  9.510e-18
1.699e+03  1.000e+00  7.347e-18
1.700e+03  1.000e+00  5.674e-18
1.701e+03  1.000e+00  4.380e-18
1.702e+03  1.000e+00  3.380e-18
1.703e+03  1.000e+00  2.607e-18
1.704e+03  1.000e+00  2.010e-18
1.705e+03  1.000e+00  1.549e-18
1.706e+03  1.000e+00  1.194e-18
1.707e+03  1.000e+00  9.195e-19
1.708e+03  1.000e+00  7.079e-19
1.709e+03  1.000e+00  5.448e-19
1.710e+03  1.000e+00  4.191e-19
1.711e+03  1.000e+00  3.223e-19
1.712e+03  1.000e+00  2.477e-19
1.713e+03  1.000e+00  1.903e-19
1.714e+03  1.000e+00  1.462e-19
1.715e+03  1.000e+00  1.122e-19
1.716e+03  1.000e+00  8.615e-20
1.717e+03  1.000e+00  6.610e-20
1.718e+03  1.000e+00  5.069e-20
1.719e+03  1.000e+00  3.886e-20
1.720e+03  1.000e+00  2.978e-20
1.721e+03  1.000e+00  2.281e-20
1.722e+03  1.000e+00  1.747e-20
1.723e+03  1.000e+00  1.337e-20
1.724e+03  1.000e+00  1.023e-20
1.725e+03  1.000e+00  7.824e-21
1.726e+03  1.000e+00  5.982e-21
1.727e+03  1.000e+00  4.572e-21
1.728e+03  1.000e+00  3.493e-21
1.729e+03  1.000e+00  2.667e-21
1.730e+03  1.000e+00  2.036e-21
1.731e+03  1.000e+00  1.554e-21
1.732e+03  1.000e+00  1.185e-21
1.733e+03  1.000e+00  9.039e-22
1.734e+03  1.000e+00  6.890e-22
1.735e+03  1.000e+00  5.249e-22
1.736e+03  1.000e+00  3.998e-22
1.737e+03  1.000e+00  3.044e-22
1.738e+03  1.000e+00  2.317e-22
1.739e+03  1.000e+00  1.763e-22
1.740e+03  1.000e+00  1.340e-22
1.741e+03  1.000e+00  1.019e-22
1.742e+03  1.000e+00  7.744e-23
1.743e+03  1.000e+00  5.883e-23
1.744e+03  1.000e+00  4.467e-23
1.745e+03  1.000e+00  3.391e-23
1.746e+03  1.000e+00  2.573e-23
1.747e+03  1.000e+00  1.951e-23
1.748e+03  1.000e+00  1.480e-23
1.749e+03  1.000e+00  1.121e-23
1.750e+03  1.000e+00  8.496e-24
1.751e+03  1.000e+00  6.434e-24
1.752e+03  1.000e+00  4.871e-24
1.753e+03  1.000e+00  3.686e-24
1.754e+03  1.000e+00  2.789e-24
1.755e+03  1.000e+00  2.109e-24
1.756e+03  1.000e+00  1.594e-24
1.757e+03  1.000e+00  1.205e-24
1.758e+03  1.000e+00  9.099e-25
1.759e+03  1.000e+00  6.870e-25
1.760e+03  1.000e+00  5.186e-25
1.761e+03  1.000e+00  3.913e-25
1.762e+03  1.000e+00  2.951e-25
1.763e+03  1.000e+00  2.225e-25
1.764e+03  1.000e+00  1.677e-25
1.765e+03  1.000e+00  1.263e-25
1.766e+03  1.000e+00  9.514e-26
1.767e+03  1.000e+00  7.162e-26
1.768e+03  1.000e+00  5.390e-26
1.769e+03  1.000e+00  4.054e-26
1.770e+03  1.000e+00  3.049e-26
1.771e+03  1.000e+00  2.292e-26
1.772e+03  1.000e+00  1.722e-26
1.773e+03  1.000e+00  1.293e-26
1.774e+03  1.000e+00  9.712e-27
1.775e+03  1.000e+00  7.290e-27
1.776e+03  1.000e+00  5.469e-27
1.777e+03  1.000e+00  4.102e-27
1.778e+03  1.000e+00  3.075e-27
1.779e+03  1.000e+00  2.305e-27
1.780e+03  1.000e+00  1.727e-27
1.781e+03  1.000e+00  1.293e-27
1.782e+03  1.000e+00  9.681e-28
1.783e+03  1.000e+00  7.245e-28
1.784e+03  1.000e+00  5.419e-28
1.785e+03  1.000e+00  4.053e-28
1.786e+03  1.000e+00  3.029e-28
1.787e+03  1.000e+00  2.264e-28
1.788e+03  1.000e+00  1.691e-28
1.789e+03  1.000e+00  1.262e-28
1.790e+03  1.000e+00  9.423e-29
1.791e+03  1.000e+00  7.031e-29
1.792e+03  1.000e+00  5.244e-29
1.793e+03  1.000e+00  3.910e-29
1.794e+03  1.000e+00  2.914e-29
1.795e+03  1.000e+00  2.171e-29
1.796e+03  1.000e+00  1.617e-29
1.797e+03  1.000e+00  1.204e-29
1.798e+03  1.000e+00  8.957e-30
1.799e+03  1.000e+00  6.663e-30
1.800e+03  1.000e+00  4.955e-30
1.801e+03  1.000e+00  3.684e-30
1.802e+03  1.000e+00  2.737e-30
1.803e+03  1.000e+00  2.033e-30
1.804e+03  1.000e+00  1.510e-30
1.805e+03  1.000e+00  1.121e-30
1.806e+03  1.000e+00  8.315e-31
1.807e+03  1.000e+00  6.168e-31
1.808e+03  1.000e+00  4.573e-31
1.809e+03  1.000e+00  3.390e-31
1.810e+03  1.000e+00  2.511e-31
1.811e+03  1.000e+00  1.860e-31
1.812e+03  1.000e+00  1.377e-31
1.813e+03  1.000e+00  1.019e-31
1.814e+03  1.000e+00  7.540e-32
1.815e+03  1.000e+00  5.576e-32
1.816e+03  1.000e+00  4.122e-32
1.817e+03  1.000e+00  3.046e-32
1.818e+03  1.000e+00  2.250e-32
1.819e+03  1.000e+00  1.662e-32
1.820e+03  1.000e+00  1.227e-32
1.821e+03  1.000e+00  9.052e-33
1.822e+03  1.000e+00  6.677e-33
1.823e+03  1.000e+00  4.924e-33
1.824e+03  1.000e+00  3.629e-33
1.825e+03  1.000e+00  2.674e-33
1.826e+03  1.000e+00  1.970e-33
1.827e+03  1.000e+00  1.450e-33
1.828e+03  1.000e+00  1.067e-33
1.829e+03  1.000e+00  7.854e-34
1.830e+03  1.000e+00  5.776e-34
1.831e+03  1.000e+00  4.247e-34
1.832e+03  1.000e+00  3.121e-34
1.833e+03  1.000e+00  2.293e-34
1.834e+03  1.000e+00  1.684e-34
1.835e+03  1.000e+00  1.236e-34
1.836e+03  1.000e+00  9.073e-35
1.837e+03  1.000e+00  6.656e-35
1.838e+03  1.000e+00  4.881e-35
1.839e+03  1.000e+00  3.578e-35
1.840e+03  1.000e+00  2.622e-35
1.841e+03  1.000e+00  1.921e-35
1.842e+03  1.000e+00  1.407e-35
1.843e+03  1.000e+00  1.030e-35
1.844e+03  1.000e+00  7.534e-36
1.845e+03  1.000e+00  5.511e-36
1.846e+03  1.000e+00  4.030e-36
1.847e+03  1.000e+00  2.945e-36
1.848e+03  1.000e+00  2.152e-36
1.849e+03  1.000e+00  1.572e-36
1.850e+03  1.000e+00  1.148e-36
1.851e+03  1.000e+00  8.377e-37
1.852e+03  1.000e+00  6.112e-37
1.853e+03  1.000e+00  4.457e-37
1.854e+03  1.000e+00  3.250e-37
1.855e+03  1.000e+00  2.368e-37
1.856e+03  1.000e+00  1.726e-37
1.857e+03  1.000e+00  1.257e-37
1.858e+03  1.000e+00  9.149e-38
1.859e+03  1.000e+00  6.658e-38
1.860e+03  1.000e+00  4.843e-38
1.861e+03  1.000e+00  3.522e-38
1.862e+03  1.000e+00  2.561e-38
1.863e+03  1.000e+00  1.861e-38
1.864e+03  1.000e+00  1.352e-38
1.865e+03  1.000e+00  9.815e-39
1.866e+03  1.000e+00  7.125e-39
1.867e+03  1.000e+00  5.170e-39
1.868e+03  1.000e+00  3.750e-39
1.869e+03  1.000e+00  2.719e-39
1.870e+03  1.000e+00  1.971e-39
1.871e+03  1.000e+00  1.428e-39
1.872e+03  1.000e+00  1.034e-39
1.873e+03  1.000e+00  7.490e-40
1.874e+03  1.000e+00  5.422e-40
1.875e+03  1.000e+00  3.923e-40
1.876e+03  1.000e+00  2.837e-40
1.877e+03  1.000e+00  2.051e-40
1.878e+03  1.000e+00  1.483e-40
1.879e+03  1.000e+00  1.071e-40
1.880e+03  1.000e+00  7.736e-41
1.881e+03  1.000e+00  5.585e-41
1.882e+03  1.000e+00  4.031e-41
1.883e+03  1.000e+00  2.908e-41
1.884e+03  1.000e+00  2.097e-41
1.885e+03  1.000e+00  1.512e-41
1.886e+03  1.000e+00  1.090e-41
1.887e+03  1.000e+00  7.849e-42
1.888e+03  1.000e+00  5.652e-42
1.889e+03  1.000e+00  4.069e-42
1.890e+03  1.000e+00  2.928e-42
1.891e+03  1.000e+00  2.106e-42
1.892e+03  1.000e+00  1.515e-42
1.893e+03  1.000e+00  1.089e-42
1.894e+03  1.000e+00  7.824e-43
1.895e+03  1.000e+00  5.620e-43
1.896e+03  1.000e+00  4.036e-43
1.897e+03  1.000e+00  2.897e-43
1.898e+03  1.000e+00  2.079e-43
1.899e+03  1.000e+00  1.491e-43
1.900e+03  1.000e+00  1.069e-43
1.901e+03  1.000e+00  7.663e-44
1.902e+03  1.000e+00  5.490e-44
1.903e+03  1.000e+00  3.933e-44
1.904e+03  1.000e+00  2.816e-44
1.905e+03  1.000e+00  2.015e-44
1.906e+03  1.000e+00  1.442e-44
1.907e+03  1.000e+00  1.031e-44
1.908e+03  1.000e+00  7.373e-45
1.909e+03  1.000e+00  5.270e-45
1.910e+03  1.000e+00  3.765e-45
1.911e+03  1.000e+00  2.689e-45
1.912e+03  1.000e+00  1.920e-45
1.913e+03  1.000e+00  1.370e-45
1.914e+03  1.000e+00  9.774e-46
1.915e+03  1.000e+00  6.971e-46
1.916e+03  1.000e+00  4.969e-46
1.917e+03  1.000e+00  3.541e-46
1.918e+03  1.000e+00  2.523e-46
1.919e+03  1.000e+00  1.797e-46
1.920e+03  1.000e+00  1.279e-46
1.921e+03  1.000e+00  9.102e-47
1.922e+03  1.000e+00  6.475e-47
1.923e+03  1.000e+00  4.605e-47
1.924e+03  1.000e+00  3.273e-47
1.925e+03  1.000e+00  2.326e-47
1.926e+03  1.000e+00  1.652e-47
1.927e+03  1.000e+00  1.173e-47
1.928e+03  1.000e+00  8.328e-48
1.929e+03  1.000e+00  5.910e-48
1.930e+03  1.000e+00  4.192e-48
1.931e+03  1.000e+00  2.972e-48
1.932e+03  1.000e+00  2.107e-48
1.933e+03  1.000e+00  1.493e-48
1.934e+03  1.000e+00  1.057e-48
1.935e+03  1.000e+00  7.488e-49
1.936e+03  1.000e+00  5.300e-49
1.937e+03  1.000e+00  3.750e-49
1.938e+03  1.000e+00  2.652e-49
1.939e+03  1.000e+00  1.875e-49
1.940e+03  1.000e+00  1.326e-49
1.941e+03  1.000e+00  9.366e-50
1.942e+03  1.000e+00  6.615e-50
1.943e+03  1.000e+00  4.670e-50
1.944e+03  1.000e+00  3.296e-50
1.945e+03  1.000e+00  2.326e-50
1.946e+03  1.000e+00  1.640e-50
1.947e+03  1.000e+00  1.156e-50
1.948e+03  1.000e+00  8.150e-51
1.949e+03  1.000e+00  5.742e-51
1.950e+03  1.000e+00  4.044e-51
1.951e+03  1.000e+00  2.847e-51
1.952e+03  1.000e+00  2.004e-51
1.953e+03  1.000e+00  1.410e-51
1.954e+03  1.000e+00  9.914e-52
1.955e+03  1.000e+00  6.970e-52
1.956e+03  1.000e+00  4.898e-52
1.957e+03  1.000e+00  3.441e-52
1.958e+03  1.000e+00  2.417e-52
1.959e+03  1.000e+00  1.696e-52
1.960e+03  1.000e+00  1.191e-52
1.961e+03  1.000e+00  8.352e-53
1.962e+03  1.000e+00  5.857e-53
1.963e+03  1.000e+00  4.106e-53
1.964e+03  1.000e+00  2.877e-53
1.965e+03  1.000e+00  2.016e-53
1.966e+03  1.000e+00  1.411e-53
1.967e+03  1.000e+00  9.880e-54
1.968e+03  1.000e+00  6.914e-54
1.969e+03  1.000e+00  4.837e-54
1.970e+03  1.000e+00  3.382e-54
1.971e+03  1.000e+00  2.364e-54
1.972e+03  1.000e+00  1.652e-54
1.973e+03  1.000e+00  1.154e-54
1.974e+03  1.000e+00  8.058e-55
1.975e+03  1.000e+00  5.625e-55
1.976e+03  1.000e+00  3.925e-55
1.977e+03  1.000e+00  2.738e-55
1.978e+03  1.000e+00  1.909e-55
1.979e+03  1.000e+00  1.331e-55
1.980e+03  1.000e+00  9.272e-56
1.981e+03  1.000e+00  6.458e-56
1.982e+03  1.000e+00  4.497e-56
1.983e+03  1.000e+00  3.130e-56
1.984e+03  1.000e+00  2.178e-56
1.985e+03  1.000e+00  1.515e-56
1.986e+03  1.000e+00  1.053e-56
1.987e+03  1.000e+00  7.321e-57
1.988e+03  1.000e+00  5.087e-57
1.989e+03  1.000e+00  3.534e-57
1.990e+03  1.000e+00  2.454e-57
1.991e+03  1.000e+00  1.704e-57
1.992e+03  1.000e+00  1.184e-57
1.993e+03  1.000e+00  8.226e-58
1.994e+03  1.000e+00  5.728e-58
1.995e+03  1.000e+00  4.005e-58
1.996e+03  1.000e+00  2.827e-58
1.997e+03  1.000e+00  2.032e-58
1.998e+03  1.000e+00  1.515e-58
1.999e+03  1.000e+00  1.205e-58
2.000e+03  1.000e+00  1.060e-58
