0.000e+00  1.464e-126  4.898e-01
1.000e+00  1.674e-126  4.898e-01
2.000e+00  2.145e-126  4.898e-01
3.000e+00  2.997e-126  4.898e-01
4.000e+00  4.439e-126  4.898e-01
5.000e+00  6.831e-126  4.898e-01
6.000e+00  1.076e-125  4.898e-01
7.000e+00  1.721e-125  4.898e-01
8.000e+00  2.775e-125  4.898e-01
9.000e+00  4.499e-125  4.898e-01
1.000e+01  7.316e-125  4.898e-01
1.100e+01  1.191e-124  4.898e-01
1.200e+01  1.942e-124  4.898e-01
1.300e+01  3.166e-124  4.898e-01
1.400e+01  5.162e-124  4.898e-01
1.500e+01  8.415e-124  4.898e-01
1.600e+01  1.371e-123  4.898e-01
1.700e+01  2.234e-123  4.898e-01
1.800e+01  3.637e-123  4.898e-01
1.900e+01  5.920e-123  4.898e-01
2.000e+01  9.631e-123  4.898e-01
2.100e+01  1.566e-122  4.898e-01
2.200e+01  2.545e-122  4.898e-01
2.300e+01  4.135e-122  4.898e-01
2.400e+01  6.713e-122  4.898e-01
2.500e+01  1.090e-121  4.898e-01
2.600e+01  1.767e-121  4.898e-01
2.700e+01  2.866e-121  4.898e-01
2.800e+01  4.644e-121  4.898e-01
2.900e+01  7.522e-121  4.898e-01
3.000e+01  1.218e-120  4.898e-01
3.100e+01  1.971e-120  4.898e-01
3.200e+01  3.187e-120  4.898e-01
3.300e+01  5.153e-120  4.898e-01
3.400e+01  8.327e-120  4.898e-01
3.500e+01  1.345e-119  4.898e-01
3.600e+01  2.171e-119  4.898e-01
3.700e+01  3.503e-119  4.898e-01
3.800e+01  5.649e-119  4.898e-01
3.900e+01  9.106e-119  4.898e-01
4.000e+01  1.467e-118  4.898e-01
4.100e+01  2.363e-118  4.898e-01
4.200e+01  3.803e-118  4.898e-01
4.300e+01  6.118e-118  4.898e-01
4.400e+01  9.838e-118  4.898e-01
4.500e+01  1.581e-117  4.898e-01
4.600e+01  2.540e-117  4.898e-01
4.700e+01  4.079e-117  4.898e-01
4.800e+01  6.546e-117  4.898e-01
4.900e+01  1.050e-116  4.898e-01
5.000e+01  1.684e-116  4.898e-01
5.100e+01  2.698e-116  4.898e-01
5.200e+01  4.322e-116  4.898e-01
5.300e+01  6.919e-116  4.898e-01
5.400e+01  1.107e-115  4.898e-01
5.500e+01  1.771e-115  4.898e-01
5.600e+01  2.831e-115  4.898e-01
5.700e+01  4.524e-115  4.898e-01
5.800e+01  7.226e-115  4.898e-01
5.900e+01  1.153e-114  4.898e-01
6.000e+01  1.840e-114  4.898e-01
6.100e+01  2.935e-114  4.898e-01
6.200e+01  4.679e-114  4.898e-01
6.300e+01  7.454e-114  4.898e-01
6.400e+01  1.187e-113  4.898e-01
6.500e+01  1.889e-113  4.898e-01
6.600e+01  3.006e-113  4.898e-01
6.700e+01  4.780e-113  4.898e-01
6.800e+01  7.597e-113  4.898e-01
6.900e+01  1.207e-112  4.898e-01
7.000e+01  1.916e-112  4.898e-01
7.100e+01  3.041e-112  4.898e-01
7.200e+01  4.825e-112  4.898e-01
7.300e+01  7.649e-112  4.898e-01
7.400e+01  1.212e-111  4.898e-01
7.500e+01  1.920e-111  4.898e-01
7.600e+01  3.040e-111  4.898e-01
7.700e+01  4.811e-111  4.898e-01
7.800e+01  7.609e-111  4.898e-01
7.900e+01  1.203e-110  4.898e-01
8.000e+01  1.901e-110  4.898e-01
8.100e+01  3.002e-110  4.898e-01
8.200e+01  4.739e-110  4.898e-01
8.300e+01  7.477e-110  4.898e-01
8.400e+01  1.179e-109  4.898e-01
8.500e+01  1.859e-109  4.898e-01
8.600e+01  2.928e-109  4.898e-01
8.700e+01  4.611e-109  4.898e-01
8.800e+01  7.258e-109  4.898e-01
8.900e+01  1.142e-108  4.898e-01
9.000e+01  1.796e-108  4.898e-01
9.100e+01  2.822e-108  4.898e-01
9.200e+01  4.433e-108  4.898e-01
9.300e+01  6.961e-108  4.898e-01
9.400e+01  1.092e-107  4.898e-01
9.500e+01  1.714e-107  4.898e-01
9.600e+01  2.687e-107  4.898e-01
9.700e+01  4.210e-107  4.898e-01
9.800e+01  6.595e-107  4.898e-01
9.900e+01  1.032e-106  4.898e-01
1.000e+02  1.616e-106  4.898e-01
1.010e+02  2.527e-106  4.898e-01
1.020e+02  3.950e-106  4.898e-01
1.030e+02  6.172e-106  4.898e-01
1.040e+02  9.640e-106  4.898e-01
1.050e+02  1.505e-105  4.898e-01
1.060e+02  2.348e-105  4.898e-01
1.070e+02  3.661e-105  4.898e-01
1.080e+02  5.707e-105  4.898e-01
1.090e+02  8.891e-105  4.898e-01
1.100e+02  1.385e-104  4.898e-01
1.110e+02  2.155e-104  4.898e-01
1.120e+02  3.352e-104  4.898e-01
1.130e+02  5.213e-104  4.898e-01
1.140e+02  8.102e-104  4.898e-01
1.150e+02  1.259e-103  4.898e-01
1.160e+02  1.954e-103  4.898e-01
1.170e+02  3.032e-103  4.898e-01
1.180e+02  4.704e-103  4.898e-01
1.190e+02  7.293e-103  4.898e-01
1.200e+02  1.130e-102  4.898e-01
1.210e+02  1.750e-102  4.898e-01
1.220e+02  2.710e-102  4.898e-01
1.230e+02  4.193e-102  4.898e-01
1.240e+02  6.485e-102  4.898e-01
1.250e+02  1.002e-101  4.898e-01
1.260e+02  1.549e-101  4.898e-01
1.270e+02  2.392e-101  4.898e-01
1.280e+02  3.692e-101  4.898e-01
1.290e+02  5.697e-101  4.898e-01
1.300e+02  8.785e-101  4.898e-01
1.310e+02  1.354e-100  4.898e-01
1.320e+02  2.086e-100  4.898e-01
1.330e+02  3.212e-100  4.898e-01
1.340e+02  4.944e-100  4.898e-01
1.350e+02  7.605e-100  4.898e-01
1.360e+02  1.169e-99  4.898e-01
1.370e+02  1.797e-99  4.898e-01
1.380e+02  2.760e-99  4.898e-01
1.390e+02  4.238e-99  4.898e-01
1.400e+02  6.503e-99  4.898e-01
1.410e+02  9.975e-99  4.898e-01
1.420e+02  1.529e-98  4.898e-01
1.430e+02  2.343e-98  4.898e-01
1.440e+02  3.589e-98  4.898e-01
1.450e+02  5.494e-98  4.898e-01
1.460e+02  8.406e-98  4.898e-01
1.470e+02  1.286e-97  4.898e-01
1.480e+02  1.965e-97  4.898e-01
1.490e+02  3.002e-97  4.898e-01
1.500e+02  4.585e-97  4.898e-01
1.510e+02  6.998e-97  4.898e-01
1.520e+02  1.068e-96  4.898e-01
1.530e+02  1.628e-96  4.898e-01
1.540e+02  2.481e-96  4.898e-01
1.550e+02  3.780e-96  4.898e-01
1.560e+02  5.756e-96  4.898e-01
1.570e+02  8.759e-96  4.898e-01
1.580e+02  1.332e-95  4.898e-01
1.590e+02  2.026e-95  4.898e-01
1.600e+02  3.078e-95  4.898e-01
1.610e+02  4.676e-95  4.898e-01
1.620e+02  7.099e-95  4.898e-01
1.630e+02  1.077e-94  4.898e-01
1.640e+02  1.634e-94  4.898e-01
1.650e+02  2.477e-94  4.898e-01
1.660e+02  3.753e-94  4.898e-01
1.670e+02  5.683e-94  4.898e-01
1.680e+02  8.603e-94  4.898e-01
1.690e+02  1.302e-93  4.898e-01
1.700e+02  1.968e-93  4.898e-01
1.710e+02  2.975e-93  4.898e-01
1.720e+02  4.495e-93  4.898e-01
1.730e+02  6.787e-93  4.898e-01
1.740e+02  1.024e-92  4.898e-01
1.750e+02  1.545e-92  4.898e-01
1.760e+02  2.330e-92  4.898e-01
1.770e+02  3.511e-92  4.898e-01
1.780e+02  5.289e-92  4.898e-01
1.790e+02  7.964e-92  4.898e-01
1.800e+02  1.198e-91  4.898e-01
1.810e+02  1.803e-91  4.898e-01
1.820e+02  2.710e-91  4.898e-01
1.830e+02  4.072e-91  4.898e-01
1.840e+02  6.116e-91  4.898e-01
1.850e+02  9.181e-91  4.898e-01
1.860e+02  1.378e-90  4.898e-01
1.870e+02  2.066e-90  4.898e-01
1.880e+02  3.097e-90  4.898e-01
1.890e+02  4.640e-90  4.898e-01
1.900e+02  6.948e-90  4.898e-01
1.910e+02  1.040e-89  4.898e-01
1.920e+02  1.556e-89  4.898e-01
1.930e+02  2.326e-89  4.898e-01
1.940e+02  3.477e-89  4.898e-01
1.950e+02  5.194e-89  4.898e-01
1.960e+02  7.756e-89  4.898e-01
1.970e+02  1.157e-88  4.898e-01
1.980e+02  1.727e-88  4.898e-01
1.990e+02  2.574e-88  4.898e-01
2.000e+02  3.836e-88  4.898e-01
2.010e+02  5.713e-88  4.898e-01
2.020e+02  8.506e-88  4.898e-01
2.030e+02  1.266e-87  4.898e-01
2.040e+02  1.882e-87  4.898e-01
2.050e+02  2.798e-87  4.898e-01
2.060e+02  4.158e-87  4.898e-01
2.070e+02  6.175e-87  4.898e-01
2.080e+02  9.165e-87  4.898e-01
2.090e+02  1.360e-86  4.898e-01
2.100e+02  2.016e-86  4.898e-01
2.110e+02  2.989e-86  4.898e-01
2.120e+02  4.428e-86  4.898e-01
2.130e+02  6.556e-86  4.898e-01
2.140e+02  9.704e-86  4.898e-01
2.150e+02  1.435e-85  4.898e-01
2.160e+02  2.122e-85  4.898e-01
2.170e+02  3.136e-85  4.898e-01
2.180e+02  4.633e-85  4.898e-01
2.190e+02  6.840e-85  4.898e-01
2.200e+02  1.009e-84  4.898e-01
2.210e+02  1.489e-84  4.898e-01
2.220e+02  2.195e-84  4.898e-01
2.230e+02  3.234e-84  4.898e-01
2.240e+02  4.763e-84  4.898e-01
2.250e+02  7.011e-84  4.898e-01
2.260e+02  1.032e-83  4.898e-01
2.270e+02  1.517e-83  4.898e-01
2.280e+02  2.230e-83  4.898e-01
2.290e+02  3.276e-83  4.898e-01
2.300e+02  4.811e-83  4.898e-01
2.310e+02  7.061e-83  4.898e-01
2.320e+02  1.036e-82  4.898e-01
2.330e+02  1.519e-82  4.898e-01
2.340e+02  2.226e-82  4.898e-01
2.350e+02  3.261e-82  4.898e-01
2.360e+02  4.774e-82  4.898e-01
2.370e+02  6.986e-82  4.898e-01
2.380e+02  1.022e-81  4.898e-01
2.390e+02  1.494e-81  4.898e-01
2.400e+02  2.183e-81  4.898e-01
2.410e+02  3.188e-81  4.898e-01
2.420e+02  4.655e-81  4.898e-01
2.430e+02  6.791e-81  4.898e-01
2.440e+02  9.905e-81  4.898e-01
2.450e+02  1.444e-80  4.898e-01
2.460e+02  2.104e-80  4.898e-01
2.470e+02  3.063e-80  4.898e-01
2.480e+02  4.459e-80  4.898e-01
2.490e+02  6.487e-80  4.898e-01
2.500e+02  9.432e-80  4.898e-01
2.510e+02  1.371e-79  4.898e-01
2.520e+02  1.991e-79  4.898e-01
2.530e+02  2.891e-79  4.898e-01
2.540e+02  4.196e-79  4.898e-01
2.550e+02  6.087e-79  4.898e-01
2.560e+02  8.825e-79  4.898e-01
2.570e+02  1.279e-78  4.898e-01
2.580e+02  1.852e-78  4.898e-01
2.590e+02  2.681e-78  4.898e-01
2.600e+02  3.880e-78  4.898e-01
2.610e+02  5.612e-78  4.898e-01
2.620e+02  8.112e-78  4.898e-01
2.630e+02  1.172e-77  4.898e-01
2.640e+02  1.693e-77  4.898e-01
2.650e+02  2.443e-77  4.898e-01
2.660e+02  3.525e-77  4.898e-01
2.670e+02  5.083e-77  4.898e-01
2.680e+02  7.326e-77  4.898e-01
2.690e+02  1.055e-76  4.898e-01
2.700e+02  1.520e-76  4.898e-01
2.710e+02  2.187e-76  4.898e-01
2.720e+02  3.146e-76  4.898e-01
2.730e+02  4.523e-76  4.898e-01
2.740e+02  6.500e-76  4.898e-01
2.750e+02  9.337e-76  4.898e-01
2.760e+02  1.340e-75  4.898e-01
2.770e+02  1.923e-75  4.898e-01
2.780e+02  2.759e-75  4.898e-01
2.790e+02  3.955e-75  4.898e-01
2.800e+02  5.666e-75  4.898e-01
2.810e+02  8.115e-75  4.898e-01
2.820e+02  1.162e-74  4.898e-01
2.830e+02  1.662e-74  4.898e-01
2.840e+02  2.377e-74  4.898e-01
2.850e+02  3.397e-74  4.898e-01
2.860e+02  4.853e-74  4.898e-01
2.870e+02  6.930e-74  4.898e-01
2.880e+02  9.890e-74  4.898e-01
2.890e+02  1.411e-73  4.898e-01
2.900e+02  2.012e-73  4.898e-01
2.910e+02  2.867e-73  4.898e-01
2.920e+02  4.083e-73  4.898e-01
2.930e+02  5.814e-73  4.898e-01
2.940e+02  8.273e-73  4.898e-01
2.950e+02  1.177e-72  4.898e-01
2.960e+02  1.673e-72  4.898e-01
2.970e+02  2.377e-72  4.898e-01
2.980e+02  3.376e-72  4.898e-01
2.990e+02  4.792e-72  4.898e-01
3.000e+02  6.798e-72  4.898e-01
3.010e+02  9.641e-72  4.898e-01
3.020e+02  1.367e-71  4.898e-01
3.030e+02  1.936e-71  4.898e-01
3.040e+02  2.741e-71  4.898e-01
3.050e+02  3.880e-71  4.898e-01
3.060e+02  5.489e-71  4.898e-01
3.070e+02  7.761e-71  4.898e-01
3.080e+02  1.097e-70  4.898e-01
3.090e+02  1.549e-70  4.898e-01
3.100e+02  2.187e-70  4.898e-01
3.110e+02  3.087e-70  4.898e-01
3.120e+02  4.354e-70  4.898e-01
3.130e+02  6.138e-70  4.898e-01
3.140e+02  8.649e-70  4.898e-01
3.150e+02  1.218e-69  4.898e-01
3.160e+02  1.715e-69  4.898e-01
3.170e+02  2.413e-69  4.898e-01
3.180e+02  3.393e-69  4.898e-01
3.190e+02  4.769e-69  4.898e-01
3.200e+02  6.700e-69  4.898e-01
3.210e+02  9.408e-69  4.898e-01
3.220e+02  1.321e-68  4.898e-01
3.230e+02  1.852e-68  4.898e-01
3.240e+02  2.597e-68  4.898e-01
3.250e+02  3.640e-68  4.898e-01
3.260e+02  5.099e-68  4.898e-01
3.270e+02  7.139e-68  4.898e-01
3.280e+02  9.991e-68  4.898e-01
3.290e+02  1.397e-67  4.898e-01
3.300e+02  1.954e-67  4.898e-01
3.310e+02  2.730e-67  4.898e-01
3.320e+02  3.813e-67  4.898e-01
3.330e+02  5.322e-67  4.898e-01
3.340e+02  7.426e-67  4.898e-01
3.350e+02  1.036e-66  4.898e-01
3.360e+02  1.444e-66  4.898e-01
3.370e+02  2.011e-66  4.898e-01
3.380e+02  2.801e-66  4.898e-01
3.390e+02  3.898e-66  4.898e-01
3.400e+02  5.423e-66  4.898e-01
3.410e+02  7.541e-66  4.898e-01
3.420e+02  1.048e-65  4.898e-01
3.430e+02  1.456e-65  4.898e-01
3.440e+02  2.021e-65  4.898e-01
3.450e+02  2.805e-65  4.898e-01
3.460e+02  3.891e-65  4.898e-01
3.470e+02  5.394e-65  4.898e-01
3.480e+02  7.474e-65  4.898e-01
3.490e+02  1.035e-64  4.898e-01
3.500e+02  1.433e-64  4.898e-01
3.510e+02  1.983e-64  4.898e-01
3.520e+02  2.742e-64  4.898e-01
3.530e+02  3.790e-64  4.898e-01
3.540e+02  5.237e-64  4.898e-01
3.550e+02  7.232e-64  4.898e-01
3.560e+02  9.982e-64  4.898e-01
3.570e+02  1.377e-63  4.898e-01
3.580e+02  1.899e-63  4.898e-01
3.590e+02  2.617e-63  4.898e-01
3.600e+02  3.605e-63  4.898e-01
3.610e+02  4.963e-63  4.898e-01
3.620e+02  6.830e-63  4.898e-01
3.630e+02  9.395e-63  4.898e-01
3.640e+02  1.292e-62  4.898e-01
3.650e+02  1.775e-62  4.898e-01
3.660e+02  2.438e-62  4.898e-01
3.670e+02  3.346e-62  4.898e-01
3.680e+02  4.592e-62  4.898e-01
3.690e+02  6.297e-62  4.898e-01
3.700e+02  8.632e-62  4.898e-01
3.710e+02  1.183e-61  4.898e-01
3.720e+02  1.620e-61  4.898e-01
3.730e+02  2.217e-61  4.898e-01
3.740e+02  3.033e-61  4.898e-01
3.750e+02  4.147e-61  4.898e-01
3.760e+02  5.667e-61  4.898e-01
3.770e+02  7.742e-61  4.898e-01
3.780e+02  1.057e-60  4.898e-01
3.790e+02  1.442e-60  4.898e-01
3.800e+02  1.968e-60  4.898e-01
3.810e+02  2.682e-60  4.898e-01
3.820e+02  3.655e-60  4.898e-01
3.830e+02  4.979e-60  4.898e-01
3.840e+02  6.777e-60  4.898e-01
3.850e+02  9.222e-60  4.898e-01
3.860e+02  1.254e-59  4.898e-01
3.870e+02  1.705e-59  4.898e-01
3.880e+02  2.316e-59  4.898e-01
3.890e+02  3.145e-59  4.898e-01
3.900e+02  4.269e-59  4.898e-01
3.910e+02  5.792e-59  4.898e-01
3.920e+02  7.853e-59  4.898e-01
3.930e+02  1.064e-58  4.898e-01
3.940e+02  1.442e-58  4.898e-01
3.950e+02  1.952e-58  4.898e-01
3.960e+02  2.642e-58  4.898e-01
3.970e+02  3.574e-58  4.898e-01
3.980e+02  4.831e-58  4.898e-01
3.990e+02  6.529e-58  4.898e-01
4.000e+02  8.818e-58  4.898e-01
4.010e+02  1.190e-57  4.898e-01
4.020e+02  1.606e-57  4.898e-01
4.030e+02  2.166e-57  4.898e-01
4.040e+02  2.920e-57  4.898e-01
4.050e+02  3.934e-57  4.898e-01
4.060e+02  5.298e-57  4.898e-01
4.070e+02  7.131e-57  4.898e-01
4.080e+02  9.593e-57  4.898e-01
4.090e+02  1.290e-56  4.898e-01
4.100e+02  1.734e-56  4.898e-01
4.110e+02  2.329e-56  4.898e-01
4.120e+02  3.127e-56  4.898e-01
4.130e+02  4.196e-56  4.898e-01
4.140e+02  5.629e-56  4.898e-01
4.150e+02  7.546e-56  4.898e-01
4.160e+02  1.011e-55  4.898e-01
4.170e+02  1.354e-55  4.898e-01
4.180e+02  1.813e-55  4.898e-01
4.190e+02  2.426e-55  4.898e-01
4.200e+02  3.244e-55  4.898e-01
4.210e+02  4.337e-55  4.898e-01
4.220e+02  5.794e-55  4.898e-01
4.230e+02  7.738e-55  4.898e-01
4.240e+02  1.033e-54  4.898e-01
4.250e+02  1.378e-54  4.898e-01
4.260e+02  1.837e-54  4.898e-01
4.270e+02  2.449e-54  4.898e-01
4.280e+02  3.262e-54  4.898e-01
4.290e+02  4.343e-54  4.898e-01
4.300e+02  5.780e-54  4.898e-01
4.310e+02  7.688e-54  4.898e-01
4.320e+02  1.022e-53  4.898e-01
4.330e+02  1.358e-53  4.898e-01
4.340e+02  1.804e-53  4.898e-01
4.350e+02  2.395e-53  4.898e-01
4.360e+02  3.177e-53  4.898e-01
4.370e+02  4.214e-53  4.898e-01
4.380e+02  5.586e-53  4.898e-01
4.390e+02  7.401e-53  4.898e-01
4.400e+02  9.801e-53  4.898e-01
4.410e+02  1.297e-52  4.898e-01
4.420e+02  1.716e-52  4.898e-01
4.430e+02  2.269e-52  4.898e-01
4.440e+02  2.999e-52  4.898e-01
4.450e+02  3.962e-52  4.898e-01
4.460e+02  5.231e-52  4.898e-01
4.470e+02  6.903e-52  4.898e-01
4.480e+02  9.106e-52  4.898e-01
4.490e+02  1.200e-51  4.898e-01
4.500e+02  1.582e-51  4.898e-01
4.510e+02  2.084e-51  4.898e-01
4.520e+02  2.743e-51  4.898e-01
4.530e+02  3.609e-51  4.898e-01
4.540e+02  4.746e-51  4.898e-01
4.550e+02  6.239e-51  4.898e-01
4.560e+02  8.197e-51  4.898e-01
4.570e+02  1.076e-50  4.898e-01
4.580e+02  1.413e-50  4.898e-01
4.590e+02  1.854e-50  4.898e-01
4.600e+02  2.431e-50  4.898e-01
4.610e+02  3.185e-50  4.898e-01
4.620e+02  4.173e-50  4.898e-01
4.630e+02  5.464e-50  4.898e-01
4.640e+02  7.150e-50  4.898e-01
4.650e+02  9.353e-50  4.898e-01
4.660e+02  1.223e-49  4.898e-01
4.670e+02  1.598e-49  4.898e-01
4.680e+02  2.087e-49  4.898e-01
4.690e+02  2.724e-49  4.898e-01
4.700e+02  3.555e-49  4.898e-01
4.710e+02  4.636e-49  4.898e-01
4.720e+02  6.043e-49  4.898e-01
4.730e+02  7.873e-49  4.898e-01
4.740e+02  1.025e-48  4.898e-01
4.750e+02  1.335e-48  4.898e-01
4.760e+02  1.736e-48  4.898e-01
4.770e+02  2.258e-48  4.898e-01
4.780e+02  2.934e-48  4.898e-01
4.790e+02  3.811e-48  4.898e-01
4.800e+02  4.949e-48  4.898e-01
4.810e+02  6.422e-48  4.898e-01
4.820e+02  8.330e-48  4.898e-01
4.830e+02  1.080e-47  4.898e-01
4.840e+02  1.399e-47  4.898e-01
4.850e+02  1.813e-47  4.898e-01
4.860e+02  2.347e-47  4.898e-01
4.870e+02  3.036e-47  4.898e-01
4.880e+02  3.927e-47  4.898e-01
4.890e+02  5.076e-47  4.898e-01
4.900e+02  6.558e-47  4.898e-01
4.910e+02  8.469e-47  4.898e-01
4.920e+02  1.093e-46  4.898e-01
4.930e+02  1.410e-46  4.898e-01
4.940e+02  1.818e-46  4.898e-01
4.950e+02  2.344e-46  4.898e-01
4.960e+02  3.019e-46  4.898e-01
4.970e+02  3.887e-46  4.898e-01
4.980e+02  5.002e-46  4.898e-01
4.990e+02  6.435e-46  4.898e-01
5.000e+02  8.273e-46  4.898e-01
5.010e+02  1.063e-45  4.898e-01
5.020e+02  1.365e-45  4.898e-01
5.030e+02  1.753e-45  4.898e-01
5.040e+02  2.249e-45  4.898e-01
5.050e+02  2.884e-45  4.898e-01
5.060e+02  3.697e-45  4.898e-01
5.070e+02  4.737e-45  4.898e-01
5.080e+02  6.066e-45  4.898e-01
5.090e+02  7.765e-45  4.898e-01
5.100e+02  9.934e-45  4.898e-01
5.110e+02  1.270e-44  4.898e-01
5.120e+02  1.623e-44  4.898e-01
5.130e+02  2.074e-44  4.898e-01
5.140e+02  2.648e-44  4.898e-01
5.150e+02  3.379e-44  4.898e-01
5.160e+02  4.311e-44  4.898e-01
5.170e+02  5.496e-44  4.898e-01
5.180e+02  7.003e-44  4.898e-01
5.190e+02  8.920e-44  4.898e-01
5.200e+02  1.136e-43  4.898e-01
5.210e+02  1.445e-43  4.898e-01
5.220e+02  1.838e-43  4.898e-01
5.230e+02  2.336e-43  4.898e-01
5.240e+02  2.968e-43  4.898e-01
5.250e+02  3.769e-43  4.898e-01
5.260e+02  4.784e-43  4.898e-01
5.270e+02  6.069e-43  4.898e-01
5.280e+02  7.696e-43  4.898e-01
5.290e+02  9.754e-43  4.898e-01
5.300e+02  1.236e-42  4.898e-01
5.310e+02  1.565e-42  4.898e-01
5.320e+02  1.980e-42  4.898e-01
5.330e+02  2.505e-42  4.898e-01
5.340e+02  3.167e-42  4.898e-01
5.350e+02  4.002e-42  4.898e-01
5.360e+02  5.054e-42  4.898e-01
5.370e+02  6.381e-42  4.898e-01
5.380e+02  8.052e-42  4.898e-01
5.390e+02  1.015e-41  4.898e-01
5.400e+02  1.280e-41  4.898e-01
5.410e+02  1.613e-41  4.898e-01
5.420e+02  2.031e-41  4.898e-01
5.430e+02  2.557e-41  4.898e-01
5.440e+02  3.217e-41  4.898e-01
5.450e+02  4.045e-41  4.898e-01
5.460e+02  5.084e-41  4.898e-01
5.470e+02  6.386e-41  4.898e-01
5.480e+02  8.019e-41  4.898e-01
5.490e+02  1.006e-40  4.898e-01
5.500e+02  1.262e-40  4.898e-01
5.510e+02  1.583e-40  4.898e-01
5.520e+02  1.984e-40  4.898e-01
5.530e+02  2.485e-40  4.898e-01
5.540e+02  3.110e-40  4.898e-01
5.550e+02  3.892e-40  4.898e-01
5.560e+02  4.868e-40  4.898e-01
5.570e+02  6.086e-40  4.898e-01
5.580e+02  7.604e-40  4.898e-01
5.590e+02  9.496e-40  4.898e-01
5.600e+02  1.185e-39  4.898e-01
5.610e+02  1.479e-39  4.898e-01
5.620e+02  1.844e-39  4.898e-01
5.630e+02  2.299e-39  4.898e-01
5.640e+02  2.864e-39  4.898e-01
5.650e+02  3.566e-39  4.898e-01
5.660e+02  4.438e-39  4.898e-01
5.670e+02  5.521e-39  4.898e-01
5.680e+02  6.864e-39  4.898e-01
5.690e+02  8.531e-39  4.898e-01
5.700e+02  1.060e-38  4.898e-01
5.710e+02  1.316e-38  4.898e-01
5.720e+02  1.633e-38  4.898e-01
5.730e+02  2.025e-38  4.898e-01
5.740e+02  2.510e-38  4.898e-01
5.750e+02  3.110e-38  4.898e-01
5.760e+02  3.852e-38  4.898e-01
5.770e+02  4.769e-38  4.898e-01
5.780e+02  5.900e-38  4.898e-01
5.790e+02  7.296e-38  4.898e-01
5.800e+02  9.019e-38  4.898e-01
5.810e+02  1.114e-37  4.898e-01
5.820e+02  1.376e-37  4.898e-01
5.830e+02  1.698e-37  4.898e-01
5.840e+02  2.095e-37  4.898e-01
5.850e+02  2.583e-37  4.898e-01
5.860e+02  3.184e-37  4.898e-01
5.870e+02  3.922e-37  4.898e-01
5.880e+02  4.829e-37  4.898e-01
5.890e+02  5.942e-37  4.898e-01
5.900e+02  7.309e-37  4.898e-01
5.910e+02  8.986e-37  4.898e-01
5.920e+02  1.104e-36  4.898e-01
5.930e+02  1.356e-36  4.898e-01
5.940e+02  1.665e-36  4.898e-01
5.950e+02  2.043e-36  4.898e-01
5.960e+02  2.506e-36  4.898e-01
5.970e+02  3.071e-36  4.898e-01
5.980e+02  3.763e-36  4.898e-01
5.990e+02  4.608e-36  4.898e-01
6.000e+02  5.641e-36  4.898e-01
6.010e+02  6.901e-36  4.898e-01
6.020e+02  8.439e-36  4.898e-01
6.030e+02  1.031e-35  4.898e-01
6.040e+02  1.260e-35  4.898e-01
6.050e+02  1.539e-35  4.898e-01
6.060e+02  1.878e-35  4.898e-01
6.070e+02  2.290e-35  4.898e-01
6.080e+02  2.793e-35  4.898e-01
6.090e+02  3.403e-35  4.898e-01
6.100e+02  4.145e-35  4.898e-01
6.110e+02  5.047e-35  4.898e-01
6.120e+02  6.141e-35  4.898e-01
6.130e+02  7.470e-35  4.898e-01
6.140e+02  9.081e-35  4.898e-01
6.150e+02  1.103e-34  4.898e-01
6.160e+02  1.340e-34  4.898e-01
6.170e+02  1.627e-34  4.898e-01
6.180e+02  1.974e-34  4.898e-01
6.190e+02  2.394e-34  4.898e-01
6.200e+02  2.901e-34  4.898e-01
6.210e+02  3.515e-34  4.898e-01
6.220e+02  4.257e-34  4.898e-01
6.230e+02  5.152e-34  4.898e-01
6.240e+02  6.233e-34  4.898e-01
6.250e+02  7.537e-34  4.898e-01
6.260e+02  9.109e-34  4.898e-01
6.270e+02  1.100e-33  4.898e-01
6.280e+02  1.329e-33  4.898e-01
6.290e+02  1.603e-33  4.898e-01
6.300e+02  1.934e-33  4.898e-01
6.310e+02  2.332e-33  4.898e-01
6.320e+02  2.810e-33  4.898e-01
6.330e+02  3.385e-33  4.898e-01
6.340e+02  4.075e-33  4.898e-01
6.350e+02  4.903e-33  4.898e-01
6.360e+02  5.897e-33  4.898e-01
6.370e+02  7.090e-33  4.898e-01
6.380e+02  8.519e-33  4.898e-01
6.390e+02  1.023e-32  4.898e-01
6.400e+02  1.228e-32  4.898e-01
6.410e+02  1.473e-32  4.898e-01
6.420e+02  1.767e-32  4.898e-01
6.430e+02  2.118e-32  4.898e-01
6.440e+02  2.538e-32  4.898e-01
6.450e+02  3.039e-32  4.898e-01
6.460e+02  3.637e-32  4.898e-01
6.470e+02  4.351e-32  4.898e-01
6.480e+02  5.203e-32  4.898e-01
6.490e+02  6.219e-32  4.898e-01
6.500e+02  7.429e-32  4.898e-01
6.510e+02  8.870e-32  4.898e-01
6.520e+02  1.059e-31  4.898e-01
6.530e+02  1.263e-31  4.898e-01
6.540e+02  1.506e-31  4.898e-01
6.550e+02  1.794e-31  4.898e-01
6.560e+02  2.137e-31  4.898e-01
6.570e+02  2.544e-31  4.898e-01
6.580e+02  3.028e-31  4.898e-01
6.590e+02  3.601e-31  4.898e-01
6.600e+02  4.281e-31  4.898e-01
6.610e+02  5.087e-31  4.898e-01
6.620e+02  6.042e-31  4.898e-01
6.630e+02  7.173e-31  4.898e-01
6.640e+02  8.511e-31  4.898e-01
6.650e+02  1.009e-30  4.898e-01
6.660e+02  1.196e-30  4.898e-01
6.670e+02  1.418e-30  4.898e-01
6.680e+02  1.679e-30  4.898e-01
6.690e+02  1.987e-30  4.898e-01
6.700e+02  2.351e-30  4.898e-01
6.710e+02  2.780e-30  4.898e-01
6.720e+02  3.286e-30  4.898e-01
6.730e+02  3.882e-30  4.898e-01
6.740e+02  4.585e-30  4.898e-01
6.750e+02  5.411e-30  4.898e-01
6.760e+02  6.383e-30  4.898e-01
6.770e+02  7.527e-30  4.898e-01
6.780e+02  8.871e-30  4.898e-01
6.790e+02  1.045e-29  4.898e-01
6.800e+02  1.230e-29  4.898e-01
6.810e+02  1.448e-29  4.898e-01
6.820e+02  1.703e-29  4.898e-01
6.830e+02  2.003e-29  4.898e-01
6.840e+02  2.354e-29  4.898e-01
6.850e+02  2.765e-29  4.898e-01
6.860e+02  3.246e-29  4.898e-01
6.870e+02  3.809e-29  4.898e-01
6.880e+02  4.468e-29  4.898e-01
6.890e+02  5.238e-29  4.898e-01
6.900e+02  6.138e-29  4.898e-01
6.910e+02  7.189e-29  4.898e-01
6.920e+02  8.417e-29  4.898e-01
6.930e+02  9.849e-29  4.898e-01
6.940e+02  1.152e-28  4.898e-01
6.950e+02  1.347e-28  4.898e-01
6.960e+02  1.573e-28  4.898e-01
6.970e+02  1.838e-28  4.898e-01
6.980e+02  2.145e-28  4.898e-01
6.990e+02  2.503e-28  4.898e-01
7.000e+02  2.919e-28  4.898e-01
7.010e+02  3.403e-28  4.898e-01
7.020e+02  3.965e-28  4.898e-01
7.030e+02  4.617e-28  4.898e-01
7.040e+02  5.375e-28  4.898e-01
7.050e+02  6.254e-28  4.898e-01
7.060e+02  7.272e-28  4.898e-01
7.070e+02  8.453e-28  4.898e-01
7.080e+02  9.821e-28  4.898e-01
7.090e+02  1.141e-27  4.898e-01
7.100e+02  1.324e-27  4.898e-01
7.110e+02  1.536e-27  4.898e-01
7.120e+02  1.781e-27  4.898e-01
7.130e+02  2.064e-27  4.898e-01
7.140e+02  2.392e-27  4.898e-01
7.150e+02  2.770e-27  4.898e-01
7.160e+02  3.206e-27  4.898e-01
7.170e+02  3.709e-27  4.898e-01
7.180e+02  4.288e-27  4.898e-01
7.190e+02  4.956e-27  4.898e-01
7.200e+02  5.726e-27  4.898e-01
7.210e+02  6.612e-27  4.898e-01
7.220e+02  7.631e-27  4.898e-01
7.230e+02  8.804e-27  4.898e-01
7.240e+02  1.015e-26  4.898e-01
7.250e+02  1.170e-26  4.898e-01
7.260e+02  1.348e-26  4.898e-01
7.270e+02  1.552e-26  4.898e-01
7.280e+02  1.786e-26  4.898e-01
7.290e+02  2.055e-26  4.898e-01
7.300e+02  2.363e-26  4.898e-01
7.310e+02  2.716e-26  4.898e-01
7.320e+02  3.120e-26  4.898e-01
7.330e+02  3.582e-26  4.898e-01
7.340e+02  4.111e-26  4.898e-01
7.350e+02  4.716e-26  4.898e-01
7.360e+02  5.408e-26  4.898e-01
7.370e+02  6.198e-26  4.898e-01
7.380e+02  7.100e-26  4.898e-01
7.390e+02  8.130e-26  4.898e-01
7.400e+02  9.304e-26  4.898e-01
7.410e+02  1.064e-25  4.898e-01
7.420e+02  1.217e-25  4.898e-01
7.430e+02  1.391e-25  4.898e-01
7.440e+02  1.589e-25  4.898e-01
7.450e+02  1.814e-25  4.898e-01
7.460e+02  2.071e-25  4.898e-01
7.470e+02  2.362e-25  4.898e-01
7.480e+02  2.694e-25  4.898e-01
7.490e+02  3.070e-25  4.898e-01
7.500e+02  3.498e-25  4.898e-01
7.510e+02  3.983e-25  4.898e-01
7.520e+02  4.533e-25  4.898e-01
7.530e+02  5.157e-25  4.898e-01
7.540e+02  5.864e-25  4.898e-01
7.550e+02  6.665e-25  4.898e-01
7.560e+02  7.572e-25  4.898e-01
7.570e+02  8.598e-25  4.898e-01
7.580e+02  9.759e-25  4.898e-01
7.590e+02  1.107e-24  4.898e-01
7.600e+02  1.256e-24  4.898e-01
7.610e+02  1.423e-24  4.898e-01
7.620e+02  1.612e-24  4.898e-01
7.630e+02  1.826e-24  4.898e-01
7.640e+02  2.067e-24  4.898e-01
7.650e+02  2.338e-24  4.898e-01
7.660e+02  2.644e-24  4.898e-01
7.670e+02  2.989e-24  4.898e-01
7.680e+02  3.377e-24  4.898e-01
7.690e+02  3.814e-24  4.898e-01
7.700e+02  4.306e-24  4.898e-01
7.710e+02  4.858e-24  4.898e-01
7.720e+02  5.479e-24  4.898e-01
7.730e+02  6.177e-24  4.898e-01
7.740e+02  6.960e-24  4.898e-01
7.750e+02  7.839e-24  4.898e-01
7.760e+02  8.825e-24  4.898e-01
7.770e+02  9.931e-24  4.898e-01
7.780e+02  1.117e-23  4.898e-01
7.790e+02  1.256e-23  4.898e-01
7.800e+02  1.411e-23  4.898e-01
7.810e+02  1.585e-23  4.898e-01
7.820e+02  1.780e-23  4.898e-01
7.830e+02  1.997e-23  4.898e-01
7.840e+02  2.241e-23  4.898e-01
7.850e+02  2.512e-23  4.898e-01
7.860e+02  2.816e-23  4.898e-01
7.870e+02  3.154e-23  4.898e-01
7.880e+02  3.532e-23  4.898e-01
7.890e+02  3.954e-23  4.898e-01
7.900e+02  4.423e-23  4.898e-01
7.910e+02  4.947e-23  4.898e-01
7.920e+02  5.529e-23  4.898e-01
7.930e+02  6.178e-23  4.898e-01
7.940e+02  6.899e-23  4.898e-01
7.950e+02  7.702e-23  4.898e-01
7.960e+02  8.594e-23  4.898e-01
7.970e+02  9.586e-23  4.898e-01
7.980e+02  1.069e-22  4.898e-01
7.990e+02  1.191e-22  4.898e-01
8.000e+02  1.326e-22  4.898e-01
8.010e+02  1.477e-22  4.898e-01
8.020e+02  1.644e-22  4.898e-01
8.030e+02  1.828e-22  4.898e-01
8.040e+02  2.033e-22  4.898e-01
8.050e+02  2.260e-22  4.898e-01
8.060e+02  2.511e-22  4.898e-01
8.070e+02  2.788e-22  4.898e-01
8.080e+02  3.095e-22  4.898e-01
8.090e+02  3.434e-22  4.898e-01
8.100e+02  3.808e-22  4.898e-01
8.110e+02  4.222e-22  4.898e-01
8.120e+02  4.679e-22  4.898e-01
8.130e+02  5.182e-22  4.898e-01
8.140e+02  5.738e-22  4.898e-01
8.150e+02  6.350e-22  4.898e-01
8.160e+02  7.025e-22  4.898e-01
8.170e+02  7.768e-22  4.898e-01
8.180e+02  8.586e-22  4.898e-01
8.190e+02  9.486e-22  4.898e-01
8.200e+02  1.048e-21  4.898e-01
8.210e+02  1.156e-21  4.898e-01
8.220e+02  1.276e-21  4.898e-01
8.230e+02  1.407e-21  4.898e-01
8.240e+02  1.552e-21  4.898e-01
8.250e+02  1.710e-21  4.898e-01
8.260e+02  1.884e-21  4.898e-01
8.270e+02  2.075e-21  4.898e-01
8.280e+02  2.283e-21  4.898e-01
8.290e+02  2.512e-21  4.898e-01
8.300e+02  2.763e-21  4.898e-01
8.310e+02  3.037e-21  4.898e-01
8.320e+02  3.338e-21  4.898e-01
8.330e+02  3.666e-21  4.898e-01
8.340e+02  4.025e-21  4.898e-01
8.350e+02  4.418e-21  4.898e-01
8.360e+02  4.847e-21  4.898e-01
8.370e+02  5.315e-21  4.898e-01
8.380e+02  5.827e-21  4.898e-01
8.390e+02  6.384e-21  4.898e-01
8.400e+02  6.993e-21  4.898e-01
8.410e+02  7.656e-21  4.898e-01
8.420e+02  8.379e-21  4.898e-01
8.430e+02  9.167e-21  4.898e-01
8.440e+02  1.002e-20  4.898e-01
8.450e+02  1.096e-20  4.898e-01
8.460e+02  1.197e-20  4.898e-01
8.470e+02  1.308e-20  4.898e-01
8.480e+02  1.428e-20  4.898e-01
8.490e+02  1.558e-20  4.898e-01
8.500e+02  1.700e-20  4.898e-01
8.510e+02  1.854e-20  4.898e-01
8.520e+02  2.021e-20  4.898e-01
8.530e+02  2.202e-20  4.898e-01
8.540e+02  2.399e-20  4.898e-01
8.550e+02  2.612e-20  4.898e-01
8.560e+02  2.843e-20  4.898e-01
8.570e+02  3.093e-20  4.898e-01
8.580e+02  3.364e-20  4.898e-01
8.590e+02  3.657e-20  4.898e-01
8.600e+02  3.975e-20  4.898e-01
8.610e+02  4.318e-20  4.898e-01
8.620e+02  4.689e-20  4.898e-01
8.630e+02  5.090e-20  4.898e-01
8.640e+02  5.523e-20  4.898e-01
8.650e+02  5.991e-20  4.898e-01
8.660e+02  6.496e-20  4.898e-01
8.670e+02  7.041e-20  4.898e-01
8.680e+02  7.629e-20  4.898e-01
8.690e+02  8.263e-20  4.898e-01
8.700e+02  8.947e-20  4.898e-01
8.710e+02  9.683e-20  4.898e-01
8.720e+02  1.048e-19  4.898e-01
8.730e+02  1.133e-19  4.898e-01
8.740e+02  1.225e-19  4.898e-01
8.750e+02  1.324e-19  4.898e-01
8.760e+02  1.430e-19  4.898e-01
8.770e+02  1.545e-19  4.898e-01
8.780e+02  1.667e-19  4.898e-01
8.790e+02  1.799e-19  4.898e-01
8.800e+02  1.941e-19  4.898e-01
8.810e+02  2.093e-19  4.898e-01
8.820e+02  2.257e-19  4.898e-01
8.830e+02  2.432e-19  4.898e-01
8.840e+02  2.620e-19  4.898e-01
8.850e+02  2.822e-19  4.898e-01
8.860e+02  3.038e-19  4.898e-01
8.870e+02  3.269e-19  4.898e-01
8.880e+02  3.517e-19  4.898e-01
8.890e+02  3.782e-19  4.898e-01
8.900e+02  4.066e-19  4.898e-01
8.910e+02  4.370e-19  4.898e-01
8.920e+02  4.695e-19  4.898e-01
8.930e+02  5.043e-19  4.898e-01
8.940e+02  5.414e-19  4.898e-01
8.950e+02  5.811e-19  4.898e-01
8.960e+02  6.235e-19  4.898e-01
8.970e+02  6.688e-19  4.898e-01
8.980e+02  7.171e-19  4.898e-01
8.990e+02  7.687e-19  4.898e-01
9.000e+02  8.237e-19  4.898e-01
9.010e+02  8.823e-19  4.898e-01
9.020e+02  9.449e-19  4.898e-01
9.030e+02  1.012e-18  4.898e-01
9.040e+02  1.083e-18  4.898e-01
9.050e+02  1.158e-18  4.898e-01
9.060e+02  1.239e-18  4.898e-01
9.070e+02  1.324e-18  4.898e-01
9.080e+02  1.416e-18  4.898e-01
9.090e+02  1.513e-18  4.898e-01
9.100e+02  1.616e-18  4.898e-01
9.110e+02  1.726e-18  4.898e-01
9.120e+02  1.842e-18  4.898e-01
9.130e+02  1.966e-18  4.898e-01
9.140e+02  2.098e-18  4.898e-01
9.150e+02  2.238e-18  4.898e-01
9.160e+02  2.386e-18  4.898e-01
9.170e+02  2.544e-18  4.898e-01
9.180e+02  2.711e-18  4.898e-01
9.190e+02  2.888e-18  4.898e-01
9.200e+02  3.076e-18  4.898e-01
9.210e+02  3.275e-18  4.898e-01
9.220e+02  3.487e-18  4.898e-01
9.230e+02  3.711e-18  4.898e-01
9.240e+02  3.948e-18  4.898e-01
9.250e+02  4.199e-18  4.898e-01
9.260e+02  4.465e-18  4.898e-01
9.270e+02  4.747e-18  4.898e-01
9.280e+02  5.044e-18  4.898e-01
9.290e+02  5.360e-18  4.898e-01
9.300e+02  5.693e-18  4.898e-01
9.310e+02  6.046e-18  4.898e-01
9.320e+02  6.419e-18  4.898e-01
9.330e+02  6.813e-18  4.898e-01
9.340e+02  7.229e-18  4.898e-01
9.350e+02  7.669e-18  4.898e-01
9.360e+02  8.133e-18  4.898e-01
9.370e+02  8.624e-18  4.898e-01
9.380e+02  9.142e-18  4.898e-01
9.390e+02  9.689e-18  4.898e-01
9.400e+02  1.027e-17  4.898e-01
9.410e+02  1.087e-17  4.898e-01
9.420e+02  1.152e-17  4.898e-01
9.430e+02  1.219e-17  4.898e-01
9.440e+02  1.291e-17  4.898e-01
9.450e+02  1.366e-17  4.898e-01
9.460e+02  1.445e-17  4.898e-01
9.470e+02  1.529e-17  4.898e-01
9.480e+02  1.617e-17  4.898e-01
9.490e+02  1.710e-17  4.898e-01
9.500e+02  1.807e-17  4.898e-01
9.510e+02  1.910e-17  4.898e-01
9.520e+02  2.018e-17  4.898e-01
9.530e+02  2.132e-17  4.898e-01
9.540e+02  2.252e-17  4.898e-01
9.550e+02  2.378e-17  4.898e-01
9.560e+02  2.511e-17  4.898e-01
9.570e+02  2.650e-17  4.898e-01
9.580e+02  2.797e-17  4.898e-01
9.590e+02  2.951e-17  4.898e-01
9.600e+02  3.113e-17  4.898e-01
9.610e+02  3.283e-17  4.898e-01
9.620e+02  3.462e-17  4.898e-01
9.630e+02  3.650e-17  4.898e-01
9.640e+02  3.848e-17  4.898e-01
9.650e+02  4.055e-17  4.898e-01
9.660e+02  4.273e-17  4.898e-01
9.670e+02  4.502e-17  4.898e-01
9.680e+02  4.742e-17  4.898e-01
9.690e+02  4.994e-17  4.898e-01
9.700e+02  5.259e-17  4.898e-01
9.710e+02  5.537e-17  4.898e-01
9.720e+02  5.828e-17  4.898e-01
9.730e+02  6.133e-17  4.898e-01
9.740e+02  6.454e-17  4.898e-01
9.750e+02  6.790e-17  4.898e-01
9.760e+02  7.143e-17  4.898e-01
9.770e+02  7.512e-17  4.898e-01
9.780e+02  7.900e-17  4.898e-01
9.790e+02  8.306e-17  4.898e-01
9.800e+02  8.732e-17  4.898e-01
9.810e+02  9.178e-17  4.898e-01
9.820e+02  9.646e-17  4.898e-01
9.830e+02  1.014e-16  4.898e-01
9.840e+02  1.065e-16  4.898e-01
9.850e+02  1.119e-16  4.898e-01
9.860e+02  1.175e-16  4.898e-01
9.870e+02  1.234e-16  4.898e-01
9.880e+02  1.296e-16  4.898e-01
9.890e+02  1.360e-16  4.898e-01
9.900e+02  1.428e-16  4.898e-01
9.910e+02  1.499e-16  4.898e-01
9.920e+02  1.573e-16  4.898e-01
9.930e+02  1.651e-16  4.898e-01
9.940e+02  1.732e-16  4.898e-01
9.950e+02  1.817e-16  4.898e-01
9.960e+02  1.906e-16  4.898e-01
9.970e+02  1.999e-16  4.898e-01
9.980e+02  2.097e-16  4.898e-01
9.990e+02  2.199e-16  4.898e-01
1.000e+03  2.305e-16  4.898e-01
1.001e+03  2.417e-16  4.898e-01
1.002e+03  2.534e-16  4.898e-01
1.003e+03  2.656e-16  4.898e-01
1.004e+03  2.783e-16  4.898e-01
1.005e+03  2.917e-16  4.898e-01
1.006e+03  3.056e-16  4.898e-01
1.007e+03  3.202e-16  4.898e-01
1.008e+03  3.355e-16  4.898e-01
1.009e+03  3.514e-16  4.898e-01
1.010e+03  3.681e-16  4.898e-01
1.011e+03  3.855e-16  4.898e-01
1.012e+03  4.037e-16  4.898e-01
1.013e+03  4.227e-16  4.898e-01
1.014e+03  4.426e-16  4.898e-01
1.015e+03  4.634e-16  4.898e-01
1.016e+03  4.851e-16  4.898e-01
1.017e+03  5.078e-16  4.898e-01
1.018e+03  5.315e-16  4.898e-01
1.019e+03  5.563e-16  4.898e-01
1.020e+03  5.822e-16  4.898e-01
1.021e+03  6.092e-16  4.898e-01
1.022e+03  6.375e-16  4.898e-01
1.023e+03  6.670e-16  4.898e-01
1.024e+03  6.978e-16  4.898e-01
1.025e+03  7.300e-16  4.898e-01
1.026e+03  7.637e-16  4.898e-01
1.027e+03  7.988e-16  4.898e-01
1.028e+03  8.355e-16  4.898e-01
1.029e+03  8.738e-16  4.898e-01
1.030e+03  9.138e-16  4.898e-01
1.031e+03  9.556e-16  4.898e-01
1.032e+03  9.993e-16  4.898e-01
1.033e+03  1.045e-15  4.898e-01
1.034e+03  1.092e-15  4.898e-01
1.035e+03  1.142e-15  4.898e-01
1.036e+03  1.194e-15  4.898e-01
1.037e+03  1.248e-15  4.898e-01
1.038e+03  1.305e-15  4.898e-01
1.039e+03  1.364e-15  4.898e-01
1.040e+03  1.425e-15  4.898e-01
1.041e+03  1.490e-15  4.898e-01
1.042e+03  1.557e-15  4.898e-01
1.043e+03  1.627e-15  4.898e-01
1.044e+03  1.700e-15  4.898e-01
1.045e+03  1.777e-15  4.898e-01
1.046e+03  1.856e-15  4.898e-01
1.047e+03  1.940e-15  4.898e-01
1.048e+03  2.027e-15  4.898e-01
1.049e+03  2.117e-15  4.898e-01
1.050e+03  2.212e-15  4.898e-01
1.051e+03  2.311e-15  4.898e-01
1.052e+03  2.414e-15  4.898e-01
1.053e+03  2.522e-15  4.898e-01
1.054e+03  2.634e-15  4.898e-01
1.055e+03  2.751e-15  4.898e-01
1.056e+03  2.874e-15  4.898e-01
1.057e+03  3.001e-15  4.898e-01
1.058e+03  3.135e-15  4.898e-01
1.059e+03  3.274e-15  4.898e-01
1.060e+03  3.419e-15  4.898e-01
1.061e+03  3.570e-15  4.898e-01
1.062e+03  3.728e-15  4.898e-01
1.063e+03  3.893e-15  4.898e-01
1.064e+03  4.065e-15  4.898e-01
1.065e+03  4.245e-15  4.898e-01
1.066e+03  4.432e-15  4.898e-01
1.067e+03  4.627e-15  4.898e-01
1.068e+03  4.831e-15  4.898e-01
1.069e+03  5.044e-15  4.898e-01
1.070e+03  5.266e-15  4.898e-01
1.071e+03  5.498e-15  4.898e-01
1.072e+03  5.740e-15  4.898e-01
1.073e+03  5.992e-15  4.898e-01
1.074e+03  6.255e-15  4.898e-01
1.075e+03  6.530e-15  4.898e-01
1.076e+03  6.816e-15  4.898e-01
1.077e+03  7.115e-15  4.898e-01
1.078e+03  7.427e-15  4.898e-01
1.079e+03  7.752e-15  4.898e-01
1.080e+03  8.091e-15  4.898e-01
1.081e+03  8.445e-15  4.898e-01
1.082e+03  8.815e-15  4.898e-01
1.083e+03  9.200e-15  4.898e-01
1.084e+03  9.602e-15  4.898e-01
1.085e+03  1.002e-14  4.898e-01
1.086e+03  1.046e-14  4.898e-01
1.087e+03  1.091e-14  4.898e-01
1.088e+03  1.139e-14  4.898e-01
1.089e+03  1.189e-14  4.898e-01
1.090e+03  1.241e-14  4.898e-01
1.091e+03  1.295e-14  4.898e-01
1.092e+03  1.351e-14  4.898e-01
1.093e+03  1.410e-14  4.898e-01
1.094e+03  1.471e-14  4.898e-01
1.095e+03  1.535e-14  4.898e-01
1.096e+03  1.602e-14  4.898e-01
1.097e+03  1.671e-14  4.898e-01
1.098e+03  1.744e-14  4.898e-01
1.099e+03  1.820e-14  4.898e-01
1.100e+03  1.899e-14  4.898e-01
1.101e+03  1.981e-14  4.898e-01
1.102e+03  2.067e-14  4.898e-01
1.103e+03  2.157e-14  4.898e-01
1.104e+03  2.250e-14  4.898e-01
1.105e+03  2.348e-14  4.898e-01
1.106e+03  2.449e-14  4.898e-01
1.107e+03  2.555e-14  4.898e-01
1.108e+03  2.666e-14  4.898e-01
1.109e+03  2.782e-14  4.898e-01
1.110e+03  2.902e-14  4.898e-01
1.111e+03  3.027e-14  4.898e-01
1.112e+03  3.158e-14  4.898e-01
1.113e+03  3.295e-14  4.898e-01
1.114e+03  3.437e-14  4.898e-01
1.115e+03  3.586e-14  4.898e-01
1.116e+03  3.741e-14  4.898e-01
1.117e+03  3.903e-14  4.898e-01
1.118e+03  4.071e-14  4.898e-01
1.119e+03  4.247e-14  4.898e-01
1.120e+03  4.430e-14  4.898e-01
1.121e+03  4.621e-14  4.898e-01
1.122e+03  4.821e-14  4.898e-01
1.123e+03  5.029e-14  4.898e-01
1.124e+03  5.246e-14  4.898e-01
1.125e+03  5.472e-14  4.898e-01
1.126e+03  5.708e-14  4.898e-01
1.127e+03  5.954e-14  4.898e-01
1.128e+03  6.210e-14  4.898e-01
1.129e+03  6.478e-14  4.898e-01
1.130e+03  6.757e-14  4.898e-01
1.131e+03  7.048e-14  4.898e-01
1.132e+03  7.351e-14  4.898e-01
1.133e+03  7.667e-14  4.898e-01
1.134e+03  7.997e-14  4.898e-01
1.135e+03  8.342e-14  4.898e-01
1.136e+03  8.700e-14  4.898e-01
1.137e+03  9.075e-14  4.898e-01
1.138e+03  9.465e-14  4.898e-01
1.139e+03  9.872e-14  4.898e-01
1.140e+03  1.030e-13  4.898e-01
1.141e+03  1.074e-13  4.898e-01
1.142e+03  1.120e-13  4.898e-01
1.143e+03  1.168e-13  4.898e-01
1.144e+03  1.218e-13  4.898e-01
1.145e+03  1.271e-13  4.898e-01
1.146e+03  1.325e-13  4.898e-01
1.147e+03  1.382e-13  4.898e-01
1.148e+03  1.441e-13  4.898e-01
1.149e+03  1.503e-13  4.898e-01
1.150e+03  1.568e-13  4.898e-01
1.151e+03  1.635e-13  4.898e-01
1.152e+03  1.705e-13  4.898e-01
1.153e+03  1.778e-13  4.898e-01
1.154e+03  1.855e-13  4.898e-01
1.155e+03  1.934e-13  4.898e-01
1.156e+03  2.017e-13  4.898e-01
1.157e+03  2.104e-13  4.898e-01
1.158e+03  2.194e-13  4.898e-01
1.159e+03  2.288e-13  4.898e-01
1.160e+03  2.386e-13  4.898e-01
1.161e+03  2.488e-13  4.898e-01
1.162e+03  2.595e-13  4.898e-01
1.163e+03  2.706e-13  4.898e-01
1.164e+03  2.822e-13  4.898e-01
1.165e+03  2.943e-13  4.898e-01
1.166e+03  3.069e-13  4.898e-01
1.167e+03  3.200e-13  4.898e-01
1.168e+03  3.337e-13  4.898e-01
1.169e+03  3.480e-13  4.898e-01
1.170e+03  3.629e-13  4.898e-01
1.171e+03  3.784e-13  4.898e-01
1.172e+03  3.946e-13  4.898e-01
1.173e+03  4.115e-13  4.898e-01
1.174e+03  4.291e-13  4.898e-01
1.175e+03  4.475e-13  4.898e-01
1.176e+03  4.666e-13  4.898e-01
1.177e+03  4.866e-13  4.898e-01
1.178e+03  5.074e-13  4.898e-01
1.179e+03  5.291e-13  4.898e-01
1.180e+03  5.517e-13  4.898e-01
1.181e+03  5.752e-13  4.898e-01
1.182e+03  5.998e-13  4.898e-01
1.183e+03  6.255e-13  4.898e-01
1.184e+03  6.522e-13  4.898e-01
1.185e+03  6.801e-13  4.898e-01
1.186e+03  7.091e-13  4.898e-01
1.187e+03  7.394e-13  4.898e-01
1.188e+03  7.710e-13  4.898e-01
1.189e+03  8.039e-13  4.898e-01
1.190e+03  8.382e-13  4.898e-01
1.191e+03  8.740e-13  4.898e-01
1.192e+03  9.114e-13  4.898e-01
1.193e+03  9.503e-13  4.898e-01
1.194e+03  9.908e-13  4.898e-01
1.195e+03  1.033e-12  4.898e-01
1.196e+03  1.077e-12  4.898e-01
1.197e+03  1.123e-12  4.898e-01
1.198e+03  1.171e-12  4.898e-01
1.199e+03  1.221e-12  4.898e-01
1.200e+03  1.273e-12  4.898e-01
1.201e+03  1.327e-12  4.898e-01
1.202e+03  1.384e-12  4.898e-01
1.203e+03  1.443e-12  4.898e-01
1.204e+03  1.505e-12  4.898e-01
1.205e+03  1.569e-12  4.898e-01
1.206e+03  1.636e-12  4.898e-01
1.207e+03  1.705e-12  4.898e-01
1.208e+03  1.778e-12  4.898e-01
1.209e+03  1.854e-12  4.898e-01
1.210e+03  1.933e-12  4.898e-01
1.211e+03  2.015e-12  4.898e-01
1.212e+03  2.101e-12  4.898e-01
1.213e+03  2.191e-12  4.898e-01
1.214e+03  2.284e-12  4.898e-01
1.215e+03  2.381e-12  4.898e-01
1.216e+03  2.483e-12  4.898e-01
1.217e+03  2.589e-12  4.898e-01
1.218e+03  2.699e-12  4.898e-01
1.219e+03  2.814e-12  4.898e-01
1.220e+03  2.934e-12  4.898e-01
1.221e+03  3.059e-12  4.898e-01
1.222e+03  3.189e-12  4.898e-01
1.223e+03  3.325e-12  4.898e-01
1.224e+03  3.466e-12  4.898e-01
1.225e+03  3.614e-12  4.898e-01
1.226e+03  3.768e-12  4.898e-01
1.227e+03  3.928e-12  4.898e-01
1.228e+03  4.095e-12  4.898e-01
1.229e+03  4.269e-12  4.898e-01
1.230e+03  4.451e-12  4.898e-01
1.231e+03  4.641e-12  4.898e-01
1.232e+03  4.838e-12  4.898e-01
1.233e+03  5.044e-12  4.898e-01
1.234e+03  5.258e-12  4.898e-01
1.235e+03  5.482e-12  4.898e-01
1.236e+03  5.715e-12  4.898e-01
1.237e+03  5.958e-12  4.898e-01
1.238e+03  6.212e-12  4.898e-01
1.239e+03  6.476e-12  4.898e-01
1.240e+03  6.751e-12  4.898e-01
1.241e+03  7.038e-12  4.898e-01
1.242e+03  7.338e-12  4.898e-01
1.243e+03  7.650e-12  4.898e-01
1.244e+03  7.975e-12  4.898e-01
1.245e+03  8.314e-12  4.898e-01
1.246e+03  8.667e-12  4.898e-01
1.247e+03  9.036e-12  4.898e-01
1.248e+03  9.420e-12  4.898e-01
1.249e+03  9.820e-12  4.898e-01
1.250e+03  1.024e-11  4.898e-01
1.251e+03  1.067e-11  4.898e-01
1.252e+03  1.113e-11  4.898e-01
1.253e+03  1.160e-11  4.898e-01
1.254e+03  1.209e-11  4.898e-01
1.255e+03  1.261e-11  4.898e-01
1.256e+03  1.314e-11  4.898e-01
1.257e+03  1.370e-11  4.898e-01
1.258e+03  1.428e-11  4.898e-01
1.259e+03  1.489e-11  4.898e-01
1.260e+03  1.552e-11  4.898e-01
1.261e+03  1.618e-11  4.898e-01
1.262e+03  1.687e-11  4.898e-01
1.263e+03  1.758e-11  4.898e-01
1.264e+03  1.833e-11  4.898e-01
1.265e+03  1.911e-11  4.898e-01
1.266e+03  1.992e-11  4.898e-01
1.267e+03  2.076e-11  4.898e-01
1.268e+03  2.164e-11  4.898e-01
1.269e+03  2.256e-11  4.898e-01
1.270e+03  2.352e-11  4.898e-01
1.271e+03  2.452e-11  4.898e-01
1.272e+03  2.556e-11  4.898e-01
1.273e+03  2.664e-11  4.898e-01
1.274e+03  2.778e-11  4.898e-01
1.275e+03  2.895e-11  4.898e-01
1.276e+03  3.018e-11  4.898e-01
1.277e+03  3.146e-11  4.898e-01
1.278e+03  3.280e-11  4.898e-01
1.279e+03  3.419e-11  4.898e-01
1.280e+03  3.564e-11  4.898e-01
1.281e+03  3.715e-11  4.898e-01
1.282e+03  3.873e-11  4.898e-01
1.283e+03  4.037e-11  4.898e-01
1.284e+03  4.208e-11  4.898e-01
1.285e+03  4.387e-11  4.898e-01
1.286e+03  4.573e-11  4.898e-01
1.287e+03  4.767e-11  4.898e-01
1.288e+03  4.969e-11  4.898e-01
1.289e+03  5.180e-11  4.898e-01
1.290e+03  5.399e-11  4.898e-01
1.291e+03  5.628e-11  4.898e-01
1.292e+03  5.867e-11  4.898e-01
1.293e+03  6.115e-11  4.898e-01
1.294e+03  6.375e-11  4.898e-01
1.295e+03  6.645e-11  4.898e-01
1.296e+03  6.927e-11  4.898e-01
1.297e+03  7.220e-11  4.898e-01
1.298e+03  7.526e-11  4.898e-01
1.299e+03  7.845e-11  4.898e-01
1.300e+03  8.178e-11  4.898e-01
1.301e+03  8.524e-11  4.898e-01
1.302e+03  8.885e-11  4.898e-01
1.303e+03  9.262e-11  4.898e-01
1.304e+03  9.654e-11  4.898e-01
1.305e+03  1.006e-10  4.898e-01
1.306e+03  1.049e-10  4.898e-01
1.307e+03  1.093e-10  4.898e-01
1.308e+03  1.140e-10  4.898e-01
1.309e+03  1.188e-10  4.898e-01
1.310e+03  1.238e-10  4.898e-01
1.311e+03  1.291e-10  4.898e-01
1.312e+03  1.345e-10  4.898e-01
1.313e+03  1.402e-10  4.898e-01
1.314e+03  1.462e-10  4.898e-01
1.315e+03  1.524e-10  4.898e-01
1.316e+03  1.588e-10  4.898e-01
1.317e+03  1.656e-10  4.898e-01
1.318e+03  1.726e-10  4.898e-01
1.319e+03  1.799e-10  4.898e-01
1.320e+03  1.875e-10  4.898e-01
1.321e+03  1.954e-10  4.898e-01
1.322e+03  2.037e-10  4.898e-01
1.323e+03  2.123e-10  4.898e-01
1.324e+03  2.213e-10  4.898e-01
1.325e+03  2.307e-10  4.898e-01
1.326e+03  2.405e-10  4.898e-01
1.327e+03  2.506e-10  4.898e-01
1.328e+03  2.612e-10  4.898e-01
1.329e+03  2.723e-10  4.898e-01
1.330e+03  2.838e-10  4.898e-01
1.331e+03  2.958e-10  4.898e-01
1.332e+03  3.084e-10  4.898e-01
1.333e+03  3.214e-10  4.898e-01
1.334e+03  3.350e-10  4.898e-01
1.335e+03  3.492e-10  4.898e-01
1.336e+03  3.640e-10  4.898e-01
1.337e+03  3.794e-10  4.898e-01
1.338e+03  3.954e-10  4.898e-01
1.339e+03  4.122e-10  4.898e-01
1.340e+03  4.296e-10  4.898e-01
1.341e+03  4.478e-10  4.898e-01
1.342e+03  4.667e-10  4.898e-01
1.343e+03  4.865e-10  4.898e-01
1.344e+03  5.070e-10  4.898e-01
1.345e+03  5.285e-10  4.898e-01
1.346e+03  5.508e-10  4.898e-01
1.347e+03  5.741e-10  4.898e-01
1.348e+03  5.984e-10  4.898e-01
1.349e+03  6.237e-10  4.898e-01
1.350e+03  6.501e-10  4.898e-01
1.351e+03  6.776e-10  4.898e-01
1.352e+03  7.063e-10  4.898e-01
1.353e+03  7.362e-10  4.898e-01
1.354e+03  7.673e-10  4.898e-01
1.355e+03  7.997e-10  4.898e-01
1.356e+03  8.336e-10  4.898e-01
1.357e+03  8.688e-10  4.898e-01
1.358e+03  9.055e-10  4.898e-01
1.359e+03  9.438e-10  4.898e-01
1.360e+03  9.837e-10  4.898e-01
1.361e+03  1.025e-09  4.898e-01
1.362e+03  1.069e-09  4.898e-01
1.363e+03  1.114e-09  4.898e-01
1.364e+03  1.161e-09  4.898e-01
1.365e+03  1.210e-09  4.898e-01
1.366e+03  1.261e-09  4.898e-01
1.367e+03  1.315e-09  4.898e-01
1.368e+03  1.370e-09  4.898e-01
1.369e+03  1.428e-09  4.898e-01
1.370e+03  1.488e-09  4.898e-01
1.371e+03  1.551e-09  4.898e-01
1.372e+03  1.617e-09  4.898e-01
1.373e+03  1.685e-09  4.898e-01
1.374e+03  1.756e-09  4.898e-01
1.375e+03  1.831e-09  4.898e-01
1.376e+03  1.908e-09  4.898e-01
1.377e+03  1.989e-09  4.898e-01
1.378e+03  2.073e-09  4.898e-01
1.379e+03  2.160e-09  4.898e-01
1.380e+03  2.252e-09  4.898e-01
1.381e+03  2.347e-09  4.898e-01
1.382e+03  2.446e-09  4.898e-01
1.383e+03  2.549e-09  4.898e-01
1.384e+03  2.657e-09  4.898e-01
1.385e+03  2.769e-09  4.898e-01
1.386e+03  2.886e-09  4.898e-01
1.387e+03  3.008e-09  4.898e-01
1.388e+03  3.135e-09  4.898e-01
1.389e+03  3.268e-09  4.898e-01
1.390e+03  3.406e-09  4.898e-01
1.391e+03  3.550e-09  4.898e-01
1.392e+03  3.700e-09  4.898e-01
1.393e+03  3.856e-09  4.898e-01
1.394e+03  4.019e-09  4.898e-01
1.395e+03  4.189e-09  4.898e-01
1.396e+03  4.365e-09  4.898e-01
1.397e+03  4.550e-09  4.898e-01
1.398e+03  4.742e-09  4.898e-01
1.399e+03  4.942e-09  4.898e-01
1.400e+03  5.151e-09  4.898e-01
1.401e+03  5.369e-09  4.898e-01
1.402e+03  5.595e-09  4.898e-01
1.403e+03  5.832e-09  4.898e-01
1.404e+03  6.078e-09  4.898e-01
1.405e+03  6.335e-09  4.898e-01
1.406e+03  6.602e-09  4.898e-01
1.407e+03  6.881e-09  4.898e-01
1.408e+03  7.172e-09  4.898e-01
1.409e+03  7.475e-09  4.898e-01
1.410e+03  7.790e-09  4.898e-01
1.411e+03  8.119e-09  4.898e-01
1.412e+03  8.462e-09  4.898e-01
1.413e+03  8.819e-09  4.898e-01
1.414e+03  9.192e-09  4.898e-01
1.415e+03  9.580e-09  4.898e-01
1.416e+03  9.985e-09  4.898e-01
1.417e+03  1.041e-08  4.898e-01
1.418e+03  1.085e-08  4.898e-01
1.419e+03  1.130e-08  4.898e-01
1.420e+03  1.178e-08  4.898e-01
1.421e+03  1.228e-08  4.898e-01
1.422e+03  1.280e-08  4.898e-01
1.423e+03  1.334e-08  4.898e-01
1.424e+03  1.390e-08  4.898e-01
1.425e+03  1.449e-08  4.898e-01
1.426e+03  1.510e-08  4.898e-01
1.427e+03  1.574e-08  4.898e-01
1.428e+03  1.640e-08  4.898e-01
1.429e+03  1.709e-08  4.898e-01
1.430e+03  1.781e-08  4.898e-01
1.431e+03  1.857e-08  4.898e-01
1.432e+03  1.935e-08  4.898e-01
1.433e+03  2.017e-08  4.898e-01
1.434e+03  2.102e-08  4.898e-01
1.435e+03  2.191e-08  4.898e-01
1.436e+03  2.283e-08  4.898e-01
1.437e+03  2.379e-08  4.898e-01
1.438e+03  2.480e-08  4.898e-01
1.439e+03  2.585e-08  4.898e-01
1.440e+03  2.694e-08  4.898e-01
1.441e+03  2.807e-08  4.898e-01
1.442e+03  2.926e-08  4.898e-01
1.443e+03  3.049e-08  4.898e-01
1.444e+03  3.178e-08  4.898e-01
1.445e+03  3.312e-08  4.898e-01
1.446e+03  3.452e-08  4.898e-01
1.447e+03  3.598e-08  4.898e-01
1.448e+03  3.750e-08  4.898e-01
1.449e+03  3.908e-08  4.898e-01
1.450e+03  4.073e-08  4.898e-01
1.451e+03  4.245e-08  4.898e-01
1.452e+03  4.424e-08  4.898e-01
1.453e+03  4.611e-08  4.898e-01
1.454e+03  4.806e-08  4.898e-01
1.455e+03  5.008e-08  4.898e-01
1.456e+03  5.220e-08  4.898e-01
1.457e+03  5.440e-08  4.898e-01
1.458e+03  5.670e-08  4.898e-01
1.459e+03  5.909e-08  4.898e-01
1.460e+03  6.159e-08  4.898e-01
1.461e+03  6.419e-08  4.898e-01
1.462e+03  6.690e-08  4.898e-01
1.463e+03  6.972e-08  4.898e-01
1.464e+03  7.266e-08  4.898e-01
1.465e+03  7.573e-08  4.898e-01
1.466e+03  7.893e-08  4.898e-01
1.467e+03  8.226e-08  4.898e-01
1.468e+03  8.573e-08  4.897e-01
1.469e+03  8.935e-08  4.897e-01
1.470e+03  9.313e-08  4.897e-01
1.471e+03  9.706e-08  4.897e-01
1.472e+03  1.012e-07  4.897e-01
1.473e+03  1.054e-07  4.897e-01
1.474e+03  1.099e-07  4.897e-01
1.475e+03  1.145e-07  4.897e-01
1.476e+03  1.194e-07  4.897e-01
1.477e+03  1.244e-07  4.897e-01
1.478e+03  1.296e-07  4.897e-01
1.479e+03  1.351e-07  4.897e-01
1.480e+03  1.408e-07  4.897e-01
1.481e+03  1.468e-07  4.897e-01
1.482e+03  1.530e-07  4.897e-01
1.483e+03  1.594e-07  4.897e-01
1.484e+03  1.662e-07  4.897e-01
1.485e+03  1.732e-07  4.897e-01
1.486e+03  1.805e-07  4.897e-01
1.487e+03  1.881e-07  4.897e-01
1.488e+03  1.961e-07  4.897e-01
1.489e+03  2.043e-07  4.897e-01
1.490e+03  2.130e-07  4.897e-01
1.491e+03  2.220e-07  4.897e-01
1.492e+03  2.313e-07  4.897e-01
1.493e+03  2.411e-07  4.897e-01
1.494e+03  2.513e-07  4.897e-01
1.495e+03  2.619e-07  4.897e-01
1.496e+03  2.730e-07  4.897e-01
1.497e+03  2.845e-07  4.897e-01
1.498e+03  2.965e-07  4.897e-01
1.499e+03  3.091e-07  4.897e-01
1.500e+03  3.221e-07  4.897e-01
1.501e+03  3.357e-07  4.897e-01
1.502e+03  3.499e-07  4.897e-01
1.503e+03  3.647e-07  4.897e-01
1.504e+03  3.801e-07  4.897e-01
1.505e+03  3.962e-07  4.897e-01
1.506e+03  4.129e-07  4.897e-01
1.507e+03  4.304e-07  4.897e-01
1.508e+03  4.486e-07  4.897e-01
1.509e+03  4.675e-07  4.897e-01
1.510e+03  4.873e-07  4.897e-01
1.511e+03  5.079e-07  4.897e-01
1.512e+03  5.294e-07  4.897e-01
1.513e+03  5.518e-07  4.897e-01
1.514e+03  5.751e-07  4.897e-01
1.515e+03  5.994e-07  4.897e-01
1.516e+03  6.248e-07  4.897e-01
1.517e+03  6.512e-07  4.897e-01
1.518e+03  6.787e-07  4.897e-01
1.519e+03  7.074e-07  4.897e-01
1.520e+03  7.374e-07  4.897e-01
1.521e+03  7.686e-07  4.897e-01
1.522e+03  8.011e-07  4.897e-01
1.523e+03  8.350e-07  4.896e-01
1.524e+03  8.703e-07  4.896e-01
1.525e+03  9.072e-07  4.896e-01
1.526e+03  9.456e-07  4.896e-01
1.527e+03  9.856e-07  4.896e-01
1.528e+03  1.027e-06  4.896e-01
1.529e+03  1.071e-06  4.896e-01
1.530e+03  1.116e-06  4.896e-01
1.531e+03  1.163e-06  4.896e-01
1.532e+03  1.213e-06  4.896e-01
1.533e+03  1.264e-06  4.896e-01
1.534e+03  1.318e-06  4.896e-01
1.535e+03  1.373e-06  4.896e-01
1.536e+03  1.432e-06  4.896e-01
1.537e+03  1.492e-06  4.896e-01
1.538e+03  1.556e-06  4.896e-01
1.539e+03  1.621e-06  4.896e-01
1.540e+03  1.690e-06  4.896e-01
1.541e+03  1.762e-06  4.896e-01
1.542e+03  1.837e-06  4.896e-01
1.543e+03  1.914e-06  4.896e-01
1.544e+03  1.996e-06  4.896e-01
1.545e+03  2.080e-06  4.896e-01
1.546e+03  2.169e-06  4.896e-01
1.547e+03  2.261e-06  4.896e-01
1.548e+03  2.357e-06  4.895e-01
1.549e+03  2.457e-06  4.895e-01
1.550e+03  2.561e-06  4.895e-01
1.551e+03  2.670e-06  4.895e-01
1.552e+03  2.783e-06  4.895e-01
1.553e+03  2.901e-06  4.895e-01
1.554e+03  3.024e-06  4.895e-01
1.555e+03  3.153e-06  4.895e-01
1.556e+03  3.287e-06  4.895e-01
1.557e+03  3.427e-06  4.895e-01
1.558e+03  3.572e-06  4.895e-01
1.559e+03  3.724e-06  4.895e-01
1.560e+03  3.883e-06  4.895e-01
1.561e+03  4.048e-06  4.895e-01
1.562e+03  4.220e-06  4.895e-01
1.563e+03  4.400e-06  4.895e-01
1.564e+03  4.587e-06  4.894e-01
1.565e+03  4.782e-06  4.894e-01
1.566e+03  4.986e-06  4.894e-01
1.567e+03  5.198e-06  4.894e-01
1.568e+03  5.420e-06  4.894e-01
1.569e+03  5.651e-06  4.894e-01
1.570e+03  5.892e-06  4.894e-01
1.571e+03  6.143e-06  4.894e-01
1.572e+03  6.405e-06  4.894e-01
1.573e+03  6.678e-06  4.894e-01
1.574e+03  6.964e-06  4.894e-01
1.575e+03  7.261e-06  4.894e-01
1.576e+03  7.571e-06  4.893e-01
1.577e+03  7.894e-06  4.893e-01
1.578e+03  8.232e-06  4.893e-01
1.579e+03  8.583e-06  4.893e-01
1.580e+03  8.950e-06  4.893e-01
1.581e+03  9.333e-06  4.893e-01
1.582e+03  9.732e-06  4.893e-01
1.583e+03  1.015e-05  4.893e-01
1.584e+03  1.058e-05  4.893e-01
1.585e+03  1.104e-05  4.893e-01
1.586e+03  1.151e-05  4.892e-01
1.587e+03  1.200e-05  4.892e-01
1.588e+03  1.252e-05  4.892e-01
1.589e+03  1.305e-05  4.892e-01
1.590e+03  1.361e-05  4.892e-01
1.591e+03  1.420e-05  4.892e-01
1.592e+03  1.481e-05  4.892e-01
1.593e+03  1.544e-05  4.891e-01
1.594e+03  1.611e-05  4.891e-01
1.595e+03  1.680e-05  4.891e-01
1.596e+03  1.752e-05  4.891e-01
1.597e+03  1.828e-05  4.891e-01
1.598e+03  1.907e-05  4.891e-01
1.599e+03  1.989e-05  4.891e-01
1.600e+03  2.074e-05  4.890e-01
1.601e+03  2.164e-05  4.890e-01
1.602e+03  2.257e-05  4.890e-01
1.603e+03  2.355e-05  4.890e-01
1.604e+03  2.456e-05  4.890e-01
1.605e+03  2.562e-05  4.889e-01
1.606e+03  2.673e-05  4.889e-01
1.607e+03  2.789e-05  4.889e-01
1.608e+03  2.910e-05  4.889e-01
1.609e+03  3.036e-05  4.889e-01
1.610e+03  3.167e-05  4.888e-01
1.611e+03  3.304e-05  4.888e-01
1.612e+03  3.448e-05  4.888e-01
1.613e+03  3.598e-05  4.888e-01
1.614e+03  3.754e-05  4.888e-01
1.615e+03  3.917e-05  4.887e-01
1.616e+03  4.087e-05  4.887e-01
1.617e+03  4.265e-05  4.887e-01
1.618e+03  4.451e-05  4.887e-01
1.619e+03  4.645e-05  4.886e-01
1.620e+03  4.848e-05  4.886e-01
1.621e+03  5.060e-05  4.886e-01
1.622e+03  5.281e-05  4.886e-01
1.623e+03  5.512e-05  4.885e-01
1.624e+03  5.753e-05  4.885e-01
1.625e+03  6.005e-05  4.885e-01
1.626e+03  6.268e-05  4.884e-01
1.627e+03  6.543e-05  4.884e-01
1.628e+03  6.830e-05  4.884e-01
1.629e+03  7.131e-05  4.883e-01
1.630e+03  7.444e-05  4.883e-01
1.631e+03  7.772e-05  4.883e-01
1.632e+03  8.115e-05  4.882e-01
1.633e+03  8.473e-05  4.882e-01
1.634e+03  8.847e-05  4.881e-01
1.635e+03  9.238e-05  4.881e-01
1.636e+03  9.647e-05  4.881e-01
1.637e+03  1.007e-04  4.880e-01
1.638e+03  1.052e-04  4.880e-01
1.639e+03  1.099e-04  4.879e-01
1.640e+03  1.148e-04  4.879e-01
1.641e+03  1.199e-04  4.878e-01
1.642e+03  1.252e-04  4.878e-01
1.643e+03  1.308e-04  4.877e-01
1.644e+03  1.366e-04  4.877e-01
1.645e+03  1.427e-04  4.876e-01
1.646e+03  1.491e-04  4.876e-01
1.647e+03  1.558e-04  4.875e-01
1.648e+03  1.628e-04  4.875e-01
1.649e+03  1.701e-04  4.874e-01
1.650e+03  1.778e-04  4.874e-01
1.651e+03  1.858e-04  4.873e-01
1.652e+03  1.942e-04  4.872e-01
1.653e+03  2.030e-04  4.872e-01
1.654e+03  2.122e-04  4.871e-01
1.655e+03  2.218e-04  4.870e-01
1.656e+03  2.319e-04  4.870e-01
1.657e+03  2.424e-04  4.869e-01
1.658e+03  2.534e-04  4.868e-01
1.659e+03  2.650e-04  4.867e-01
1.660e+03  2.771e-04  4.867e-01
1.661e+03  2.898e-04  4.866e-01
1.662e+03  3.031e-04  4.865e-01
1.663e+03  3.170e-04  4.864e-01
1.664e+03  3.316e-04  4.863e-01
1.665e+03  3.469e-04  4.862e-01
1.666e+03  3.630e-04  4.861e-01
1.667e+03  3.798e-04  4.860e-01
1.668e+03  3.974e-04  4.859e-01
1.669e+03  4.159e-04  4.858e-01
1.670e+03  4.352e-04  4.857e-01
1.671e+03  4.556e-04  4.856e-01
1.672e+03  4.769e-04  4.855e-01
1.673e+03  4.992e-04  4.854e-01
1.674e+03  5.227e-04  4.853e-01
1.675e+03  5.473e-04  4.851e-01
1.676e+03  5.731e-04  4.850e-01
1.677e+03  6.003e-04  4.849e-01
1.678e+03  6.287e-04  4.847e-01
1.679e+03  6.586e-04  4.846e-01
1.680e+03  6.900e-04  4.844e-01
1.681e+03  7.230e-04  4.843e-01
1.682e+03  7.577e-04  4.841e-01
1.683e+03  7.941e-04  4.840e-01
1.684e+03  8.323e-04  4.838e-01
1.685e+03  8.725e-04  4.836e-01
1.686e+03  9.148e-04  4.834e-01
1.687e+03  9.593e-04  4.832e-01
1.688e+03  1.006e-03  4.830e-01
1.689e+03  1.055e-03  4.828e-01
1.690e+03  1.107e-03  4.826e-01
1.691e+03  1.161e-03  4.824e-01
1.692e+03  1.219e-03  4.822e-01
1.693e+03  1.279e-03  4.820e-01
1.694e+03  1.343e-03  4.817e-01
1.695e+03  1.409e-03  4.815e-01
1.696e+03  1.480e-03  4.812e-01
1.697e+03  1.554e-03  4.809e-01
1.698e+03  1.633e-03  4.807e-01
1.699e+03  1.715e-03  4.804e-01
1.700e+03  1.802e-03  4.801e-01
1.701e+03  1.894e-03  4.797e-01
1.702e+03  1.991e-03  4.794e-01
1.703e+03  2.093e-03  4.791e-01
1.704e+03  2.201e-03  4.787e-01
1.705e+03  2.315e-03  4.784e-01
1.706e+03  2.435e-03  4.780e-01
1.707e+03  2.562e-03  4.776e-01
1.708e+03  2.696e-03  4.772e-01
1.709e+03  2.838e-03  4.767e-01
1.710e+03  2.988e-03  4.763e-01
1.711e+03  3.147e-03  4.758e-01
1.712e+03  3.315e-03  4.753e-01
1.713e+03  3.492e-03  4.748e-01
1.714e+03  3.680e-03  4.743e-01
1.715e+03  3.879e-03  4.738e-01
1.716e+03  4.090e-03  4.732e-01
1.717e+03  4.314e-03  4.726e-01
1.718e+03  4.551e-03  4.720e-01
1.719e+03  4.802e-03  4.713e-01
1.720e+03  5.069e-03  4.706e-01
1.721e+03  5.352e-03  4.699e-01
1.722e+03  5.652e-03  4.692e-01
1.723e+03  5.971e-03  4.684e-01
1.724e+03  6.309e-03  4.676e-01
1.725e+03  6.669e-03  4.667e-01
1.726e+03  7.052e-03  4.659e-01
1.727e+03  7.459e-03  4.649e-01
1.728e+03  7.892e-03  4.640e-01
1.729e+03  8.353e-03  4.629e-01
1.730e+03  8.844e-03  4.619e-01
1.731e+03  9.367e-03  4.608e-01
1.732e+03  9.924e-03  4.596e-01
1.733e+03  1.052e-02  4.584e-01
1.734e+03  1.115e-02  4.571e-01
1.735e+03  1.183e-02  4.557e-01
1.736e+03  1.255e-02  4.543e-01
1.737e+03  1.332e-02  4.529e-01
1.738e+03  1.414e-02  4.513e-01
1.739e+03  1.502e-02  4.497e-01
1.740e+03  1.596e-02  4.480e-01
1.741e+03  1.697e-02  4.462e-01
1.742e+03  1.805e-02  4.443e-01
1.743e+03  1.920e-02  4.423e-01
1.744e+03  2.044e-02  4.402e-01
1.745e+03  2.176e-02  4.381e-01
1.746e+03  2.318e-02  4.358e-01
1.747e+03  2.470e-02  4.334e-01
1.748e+03  2.633e-02  4.308e-01
1.749e+03  2.808e-02  4.282e-01
1.750e+03  2.996e-02  4.254e-01
1.751e+03  3.198e-02  4.224e-01
1.752e+03  3.416e-02  4.194e-01
1.753e+03  3.649e-02  4.161e-01
1.754e+03  3.899e-02  4.127e-01
1.755e+03  4.169e-02  4.092e-01
1.756e+03  4.459e-02  4.054e-01
1.757e+03  4.771e-02  4.015e-01
1.758e+03  5.107e-02  3.974e-01
1.759e+03  5.468e-02  3.930e-01
1.760e+03  5.857e-02  3.885e-01
1.761e+03  6.275e-02  3.837e-01
1.762e+03  6.725e-02  3.788e-01
1.763e+03  7.210e-02  3.736e-01
1.764e+03  7.732e-02  3.681e-01
1.765e+03  8.293e-02  3.624e-01
1.766e+03  8.897e-02  3.565e-01
1.767e+03  9.546e-02  3.503e-01
1.768e+03  1.024e-01  3.438e-01
1.769e+03  1.099e-01  3.370e-01
1.770e+03  1.180e-01  3.300e-01
1.771e+03  1.266e-01  3.228e-01
1.772e+03  1.359e-01  3.152e-01
1.773e+03  1.458e-01  3.074e-01
1.774e+03  1.565e-01  2.993e-01
1.775e+03  1.678e-01  2.910e-01
1.776e+03  1.800e-01  2.824e-01
1.777e+03  1.929e-01  2.736e-01
1.778e+03  2.066e-01  2.646e-01
1.779e+03  2.213e-01  2.554e-01
1.780e+03  2.368e-01  2.459e-01
1.781e+03  2.532e-01  2.364e-01
1.782e+03  2.705e-01  2.266e-01
1.783e+03  2.887e-01  2.168e-01
1.784e+03  3.079e-01  2.069e-01
1.785e+03  3.279e-01  1.969e-01
1.786e+03  3.488e-01  1.870e-01
1.787e+03  3.706e-01  1.770e-01
1.788e+03  3.932e-01  1.671e-01
1.789e+03  4.165e-01  1.573e-01
1.790e+03  4.405e-01  1.477e-01
1.791e+03  4.650e-01  1.382e-01
1.792e+03  4.900e-01  1.289e-01
1.793e+03  5.154e-01  1.199e-01
1.794e+03  5.411e-01  1.111e-01
1.795e+03  5.669e-01  1.027e-01
1.796e+03  5.927e-01  9.460e-02
1.797e+03  6.183e-01  8.685e-02
1.798e+03  6.437e-01  7.947e-02
1.799e+03  6.686e-01  7.249e-02
1.800e+03  6.930e-01  6.590e-02
1.801e+03  7.167e-01  5.971e-02
1.802e+03  7.396e-01  5.394e-02
1.803e+03  7.617e-01  4.856e-02
1.804e+03  7.827e-01  4.358e-02
1.805e+03  8.027e-01  3.899e-02
1.806e+03  8.215e-01  3.478e-02
1.807e+03  8.392e-01  3.092e-02
1.808e+03  8.557e-01  2.741e-02
1.809e+03  8.710e-01  2.423e-02
1.810e+03  8.852e-01  2.135e-02
1.811e+03  8.981e-01  1.876e-02
1.812e+03  9.099e-01  1.644e-02
1.813e+03  9.207e-01  1.437e-02
1.814e+03  9.304e-01  1.253e-02
1.815e+03  9.391e-01  1.089e-02
1.816e+03  9.469e-01  9.442e-03
1.817e+03  9.538e-01  8.167e-03
1.818e+03  9.600e-01  7.047e-03
1.819e+03  9.654e-01  6.066e-03
1.820e+03  9.702e-01  5.210e-03
1.821e+03  9.744e-01  4.465e-03
1.822e+03  9.780e-01  3.818e-03
1.823e+03  9.812e-01  3.258e-03
1.824e+03  9.840e-01  2.775e-03
1.825e+03  9.863e-01  2.359e-03
1.826e+03  9.884e-01  2.001e-03
1.827e+03  9.902e-01  1.695e-03
1.828e+03  9.917e-01  1.433e-03
1.829e+03  9.930e-01  1.210e-03
1.830e+03  9.941e-01  1.019e-03
1.831e+03  9.950e-01  8.578e-04
1.832e+03  9.958e-01  7.207e-04
1.833e+03  9.965e-01  6.046e-04
1.834e+03  9.970e-01  5.066e-04
1.835e+03  9.975e-01  4.239e-04
1.836e+03  9.979e-01  3.542e-04
1.837e+03  9.983e-01  2.957e-04
1.838e+03  9.986e-01  2.465e-04
1.839e+03  9.988e-01  2.053e-04
1.840e+03  9.990e-01  1.708e-04
1.841e+03  9.992e-01  1.419e-04
1.842e+03  9.993e-01  1.178e-04
1.843e+03  9.994e-01  9.771e-05
1.844e+03  9.995e-01  8.097e-05
1.845e+03  9.996e-01  6.703e-05
1.846e+03  9.997e-01  5.544e-05
1.847e+03  9.997e-01  4.582e-05
1.848e+03  9.998e-01  3.784e-05
1.849e+03  9.998e-01  3.122e-05
1.850e+03  9.998e-01  2.574e-05
1.851e+03  9.999e-01  2.121e-05
1.852e+03  9.999e-01  1.746e-05
1.853e+03  9.999e-01  1.436e-05
1.854e+03  9.999e-01  1.181e-05
1.855e+03  9.999e-01  9.701e-06
1.856e+03  1.000e+00  7.965e-06
1.857e+03  1.000e+00  6.535e-06
1.858e+03  1.000e+00  5.359e-06
1.859e+03  1.000e+00  4.392e-06
1.860e+03  1.000e+00  3.597e-06
1.861e+03  1.000e+00  2.945e-06
1.862e+03  1.000e+00  2.409e-06
1.863e+03  1.000e+00  1.970e-06
1.864e+03  1.000e+00  1.610e-06
1.865e+03  1.000e+00  1.315e-06
1.866e+03  1.000e+00  1.073e-06
1.867e+03  1.000e+00  8.758e-07
1.868e+03  1.000e+00  7.142e-07
1.869e+03  1.000e+00  5.822e-07
1.870e+03  1.000e+00  4.743e-07
1.871e+03  1.000e+00  3.863e-07
1.872e+03  1.000e+00  3.144e-07
1.873e+03  1.000e+00  2.558e-07
1.874e+03  1.000e+00  2.080e-07
1.875e+03  1.000e+00  1.691e-07
1.876e+03  1.000e+00  1.374e-07
1.877e+03  1.000e+00  1.116e-07
1.878e+03  1.000e+00  9.056e-08
1.879e+03  1.000e+00  7.349e-08
1.880e+03  1.000e+00  5.960e-08
1.881e+03  1.000e+00  4.832e-08
1.882e+03  1.000e+00  3.916e-08
1.883e+03  1.000e+00  3.173e-08
1.884e+03  1.000e+00  2.569e-08
1.885e+03  1.000e+00  2.079e-08
1.886e+03  1.000e+00  1.682e-08
1.887e+03  1.000e+00  1.361e-08
1.888e+03  1.000e+00  1.100e-08
1.889e+03  1.000e+00  8.892e-09
1.890e+03  1.000e+00  7.183e-09
1.891e+03  1.000e+00  5.801e-09
1.892e+03  1.000e+00  4.683e-09
1.893e+03  1.000e+00  3.779e-09
1.894e+03  1.000e+00  3.048e-09
1.895e+03  1.000e+00  2.458e-09
1.896e+03  1.000e+00  1.982e-09
1.897e+03  1.000e+00  1.597e-09
1.898e+03  1.000e+00  1.286e-09
1.899e+03  1.000e+00  1.036e-09
1.900e+03  1.000e+00  8.337e-10
1.901e+03  1.000e+00  6.708e-10
1.902e+03  1.000e+00  5.396e-10
1.903e+03  1.000e+00  4.339e-10
1.904e+03  1.000e+00  3.488e-10
1.905e+03  1.000e+00  2.803e-10
1.906e+03  1.000e+00  2.252e-10
1.907e+03  1.000e+00  1.808e-10
1.908e+03  1.000e+00  1.451e-10
1.909e+03  1.000e+00  1.165e-10
1.910e+03  1.000e+00  9.344e-11
1.911e+03  1.000e+00  7.494e-11
1.912e+03  1.000e+00  6.008e-11
1.913e+03  1.000e+00  4.815e-11
1.914e+03  1.000e+00  3.858e-11
1.915e+03  1.000e+00  3.090e-11
1.916e+03  1.000e+00  2.474e-11
1.917e+03  1.000e+00  1.980e-11
1.918e+03  1.000e+00  1.585e-11
1.919e+03  1.000e+00  1.268e-11
1.920e+03  1.000e+00  1.014e-11
1.921e+03  1.000e+00  8.103e-12
1.922e+03  1.000e+00  6.476e-12
1.923e+03  1.000e+00  5.173e-12
1.924e+03  1.000e+00  4.132e-12
1.925e+03  1.000e+00  3.299e-12
1.926e+03  1.000e+00  2.633e-12
1.927e+03  1.000e+00  2.101e-12
1.928e+03  1.000e+00  1.676e-12
1.929e+03  1.000e+00  1.337e-12
1.930e+03  1.000e+00  1.066e-12
1.931e+03  1.000e+00  8.493e-13
1.932e+03  1.000e+00  6.766e-13
1.933e+03  1.000e+00  5.389e-13
1.934e+03  1.000e+00  4.291e-13
1.935e+03  1.000e+00  3.416e-13
1.936e+03  1.000e+00  2.718e-13
1.937e+03  1.000e+00  2.163e-13
1.938e+03  1.000e+00  1.720e-13
1.939e+03  1.000e+00  1.368e-13
1.940e+03  1.000e+00  1.087e-13
1.941e+03  1.000e+00  8.638e-14
1.942e+03  1.000e+00  6.862e-14
1.943e+03  1.000e+00  5.449e-14
1.944e+03  1.000e+00  4.326e-14
1.945e+03  1.000e+00  3.434e-14
1.946e+03  1.000e+00  2.725e-14
1.947e+03  1.000e+00  2.161e-14
1.948e+03  1.000e+00  1.714e-14
1.949e+03  1.000e+00  1.359e-14
1.950e+03  1.000e+00  1.077e-14
1.951e+03  1.000e+00  8.533e-15
1.952e+03  1.000e+00  6.759e-15
1.953e+03  1.000e+00  5.353e-15
1.954e+03  1.000e+00  4.238e-15
1.955e+03  1.000e+00  3.354e-15
1.956e+03  1.000e+00  2.654e-15
1.957e+03  1.000e+00  2.099e-15
1.958e+03  1.000e+00  1.660e-15
1.959e+03  1.000e+00  1.312e-15
1.960e+03  1.000e+00  1.037e-15
1.961e+03  1.000e+00  8.194e-16
1.962e+03  1.000e+00  6.472e-16
1.963e+03  1.000e+00  5.111e-16
1.964e+03  1.000e+00  4.035e-16
1.965e+03  1.000e+00  3.184e-16
1.966e+03  1.000e+00  2.513e-16
1.967e+03  1.000e+00  1.982e-16
1.968e+03  1.000e+00  1.563e-16
1.969e+03  1.000e+00  1.232e-16
1.970e+03  1.000e+00  9.711e-17
1.971e+03  1.000e+00  7.652e-17
1.972e+03  1.000e+00  6.027e-17
1.973e+03  1.000e+00  4.746e-17
1.974e+03  1.000e+00  3.737e-17
1.975e+03  1.000e+00  2.941e-17
1.976e+03  1.000e+00  2.314e-17
1.977e+03  1.000e+00  1.820e-17
1.978e+03  1.000e+00  1.432e-17
1.979e+03  1.000e+00  1.126e-17
1.980e+03  1.000e+00  8.848e-18
1.981e+03  1.000e+00  6.952e-18
1.982e+03  1.000e+00  5.462e-18
1.983e+03  1.000e+00  4.290e-18
1.984e+03  1.000e+00  3.369e-18
1.985e+03  1.000e+00  2.645e-18
1.986e+03  1.000e+00  2.076e-18
1.987e+03  1.000e+00  1.629e-18
1.988e+03  1.000e+00  1.279e-18
1.989e+03  1.000e+00  1.004e-18
1.990e+03  1.000e+00  7.889e-19
1.991e+03  1.000e+00  6.205e-19
1.992e+03  1.000e+00  4.890e-19
1.993e+03  1.000e+00  3.866e-19
1.994e+03  1.000e+00  3.074e-19
1.995e+03  1.000e+00  2.467e-19
1.996e+03  1.000e+00  2.007e-19
1.997e+03  1.000e+00  1.669e-19
1.998e+03  1.000e+00  1.431e-19
1.999e+03  1.000e+00  1.280e-19
2.000e+03  1.000e+00  1.207e-19
