0.000e+00  0.000e+00  4.898e-01
1.000e+00  0.000e+00  4.898e-01
2.000e+00  0.000e+00  4.898e-01
3.000e+00  0.000e+00  4.898e-01
4.000e+00  0.000e+00  4.898e-01
5.000e+00  0.000e+00  4.898e-01
6.000e+00  0.000e+00  4.898e-01
7.000e+00  0.000e+00  4.898e-01
8.000e+00  0.000e+00  4.898e-01
9.000e+00  0.000e+00  4.898e-01
1.000e+01  0.000e+00  4.898e-01
1.100e+01  0.000e+00  4.898e-01
1.200e+01  0.000e+00  4.898e-01
1.300e+01  0.000e+00  4.898e-01
1.400e+01  0.000e+00  4.898e-01
1.500e+01  0.000e+00  4.898e-01
1.600e+01  0.000e+00  4.898e-01
1.700e+01  0.000e+00  4.898e-01
1.800e+01  0.000e+00  4.898e-01
1.900e+01  0.000e+00  4.898e-01
2.000e+01  0.000e+00  4.898e-01
2.100e+01  0.000e+00  4.898e-01
2.200e+01  0.000e+00  4.898e-01
2.300e+01  0.000e+00  4.898e-01
2.400e+01  0.000e+00  4.898e-01
2.500e+01  0.000e+00  4.898e-01
2.600e+01  0.000e+00  4.898e-01
2.700e+01  0.000e+00  4.898e-01
2.800e+01  0.000e+00  4.898e-01
2.900e+01  0.000e+00  4.898e-01
3.000e+01  0.000e+00  4.898e-01
3.100e+01  0.000e+00  4.898e-01
3.200e+01  0.000e+00  4.898e-01
3.300e+01  0.000e+00  4.898e-01
3.400e+01  0.000e+00  4.898e-01
3.500e+01  0.000e+00  4.898e-01
3.600e+01  0.000e+00  4.898e-01
3.700e+01  0.000e+00  4.898e-01
3.800e+01  0.000e+00  4.898e-01
3.900e+01  0.000e+00  4.898e-01
4.000e+01  0.000e+00  4.898e-01
4.100e+01  0.000e+00  4.898e-01
4.200e+01  0.000e+00  4.898e-01
4.300e+01  0.000e+00  4.898e-01
4.400e+01  0.000e+00  4.898e-01
4.500e+01  0.000e+00  4.898e-01
4.600e+01  0.000e+00  4.898e-01
4.700e+01  0.000e+00  4.898e-01
4.800e+01  0.000e+00  4.898e-01
4.900e+01  0.000e+00  4.898e-01
5.000e+01  0.000e+00  4.898e-01
5.100e+01  0.000e+00  4.898e-01
5.200e+01  0.000e+00  4.898e-01
5.300e+01  0.000e+00  4.898e-01
5.400e+01  0.000e+00  4.898e-01
5.500e+01  0.000e+00  4.898e-01
5.600e+01  0.000e+00  4.898e-01
5.700e+01  0.000e+00  4.898e-01
5.800e+01  0.000e+00  4.898e-01
5.900e+01  0.000e+00  4.898e-01
6.000e+01  0.000e+00  4.898e-01
6.100e+01  0.000e+00  4.898e-01
6.200e+01  0.000e+00  4.898e-01
6.300e+01  0.000e+00  4.898e-01
6.400e+01  0.000e+00  4.898e-01
6.500e+01  0.000e+00  4.898e-01
6.600e+01  0.000e+00  4.898e-01
6.700e+01  0.000e+00  4.898e-01
6.800e+01  0.000e+00  4.898e-01
6.900e+01  0.000e+00  4.898e-01
7.000e+01  0.000e+00  4.898e-01
7.100e+01  0.000e+00  4.898e-01
7.200e+01  0.000e+00  4.898e-01
7.300e+01  0.000e+00  4.898e-01
7.400e+01  0.000e+00  4.898e-01
7.500e+01  0.000e+00  4.898e-01
7.600e+01  0.000e+00  4.898e-01
7.700e+01  0.000e+00  4.898e-01
7.800e+01  0.000e+00  4.898e-01
7.900e+01  0.000e+00  4.898e-01
8.000e+01  0.000e+00  4.898e-01
8.100e+01  0.000e+00  4.898e-01
8.200e+01  0.000e+00  4.898e-01
8.300e+01  0.000e+00  4.898e-01
8.400e+01  0.000e+00  4.898e-01
8.500e+01  0.000e+00  4.898e-01
8.600e+01  0.000e+00  4.898e-01
8.700e+01  0.000e+00  4.898e-01
8.800e+01  0.000e+00  4.898e-01
8.900e+01  0.000e+00  4.898e-01
9.000e+01  0.000e+00  4.898e-01
9.100e+01  0.000e+00  4.898e-01
9.200e+01  0.000e+00  4.898e-01
9.300e+01  0.000e+00  4.898e-01
9.400e+01  0.000e+00  4.898e-01
9.500e+01  0.000e+00  4.898e-01
9.600e+01  0.000e+00  4.898e-01
9.700e+01  0.000e+00  4.898e-01
9.800e+01  0.000e+00  4.898e-01
9.900e+01  0.000e+00  4.898e-01
1.000e+02  0.000e+00  4.898e-01
1.010e+02  0.000e+00  4.898e-01
1.020e+02  0.000e+00  4.898e-01
1.030e+02  0.000e+00  4.898e-01
1.040e+02  0.000e+00  4.898e-01
1.050e+02  0.000e+00  4.898e-01
1.060e+02  0.000e+00  4.898e-01
1.070e+02  0.000e+00  4.898e-01
1.080e+02  0.000e+00  4.898e-01
1.090e+02  0.000e+00  4.898e-01
1.100e+02  0.000e+00  4.898e-01
1.110e+02  0.000e+00  4.898e-01
1.120e+02  0.000e+00  4.898e-01
1.130e+02  0.000e+00  4.898e-01
1.140e+02  0.000e+00  4.898e-01
1.150e+02  0.000e+00  4.898e-01
1.160e+02  0.000e+00  4.898e-01
1.170e+02  0.000e+00  4.898e-01
1.180e+02  0.000e+00  4.898e-01
1.190e+02  0.000e+00  4.898e-01
1.200e+02  0.000e+00  4.898e-01
1.210e+02  0.000e+00  4.898e-01
1.220e+02  0.000e+00  4.898e-01
1.230e+02  0.000e+00  4.898e-01
1.240e+02  0.000e+00  4.898e-01
1.250e+02  0.000e+00  4.898e-01
1.260e+02  0.000e+00  4.898e-01
1.270e+02  0.000e+00  4.898e-01
1.280e+02  0.000e+00  4.898e-01
1.290e+02  0.000e+00  4.898e-01
1.300e+02  0.000e+00  4.898e-01
1.310e+02  0.000e+00  4.898e-01
1.320e+02  0.000e+00  4.898e-01
1.330e+02  0.000e+00  4.898e-01
1.340e+02  0.000e+00  4.898e-01
1.350e+02  0.000e+00  4.898e-01
1.360e+02  0.000e+00  4.898e-01
1.370e+02  0.000e+00  4.898e-01
1.380e+02  0.000e+00  4.898e-01
1.390e+02  0.000e+00  4.898e-01
1.400e+02  0.000e+00  4.898e-01
1.410e+02  0.000e+00  4.898e-01
1.420e+02  0.000e+00  4.898e-01
1.430e+02  0.000e+00  4.898e-01
1.440e+02  0.000e+00  4.898e-01
1.450e+02  0.000e+00  4.898e-01
1.460e+02  0.000e+00  4.898e-01
1.470e+02  0.000e+00  4.898e-01
1.480e+02  0.000e+00  4.898e-01
1.490e+02  0.000e+00  4.898e-01
1.500e+02  0.000e+00  4.898e-01
1.510e+02  0.000e+00  4.898e-01
1.520e+02  0.000e+00  4.898e-01
1.530e+02  0.000e+00  4.898e-01
1.540e+02  0.000e+00  4.898e-01
1.550e+02  0.000e+00  4.898e-01
1.560e+02  0.000e+00  4.898e-01
1.570e+02  0.000e+00  4.898e-01
1.580e+02  0.000e+00  4.898e-01
1.590e+02  0.000e+00  4.898e-01
1.600e+02  0.000e+00  4.898e-01
1.610e+02  0.000e+00  4.898e-01
1.620e+02  0.000e+00  4.898e-01
1.630e+02  0.000e+00  4.898e-01
1.640e+02  0.000e+00  4.898e-01
1.650e+02  0.000e+00  4.898e-01
1.660e+02  0.000e+00  4.898e-01
1.670e+02  0.000e+00  4.898e-01
1.680e+02  0.000e+00  4.898e-01
1.690e+02  0.000e+00  4.898e-01
1.700e+02  0.000e+00  4.898e-01
1.710e+02  0.000e+00  4.898e-01
1.720e+02  0.000e+00  4.898e-01
1.730e+02  0.000e+00  4.898e-01
1.740e+02  0.000e+00  4.898e-01
1.750e+02  0.000e+00  4.898e-01
1.760e+02  0.000e+00  4.898e-01
1.770e+02  0.000e+00  4.898e-01
1.780e+02  0.000e+00  4.898e-01
1.790e+02  0.000e+00  4.898e-01
1.800e+02  0.000e+00  4.898e-01
1.810e+02  0.000e+00  4.898e-01
1.820e+02  0.000e+00  4.898e-01
1.830e+02  0.000e+00  4.898e-01
1.840e+02  0.000e+00  4.898e-01
1.850e+02  0.000e+00  4.898e-01
1.860e+02  0.000e+00  4.898e-01
1.870e+02  0.000e+00  4.898e-01
1.880e+02  0.000e+00  4.898e-01
1.890e+02  1.482e-323  4.898e-01
1.900e+02  4.447e-323  4.898e-01
1.910e+02  1.729e-322  4.898e-01
1.920e+02  6.225e-322  4.898e-01
1.930e+02  2.100e-321  4.898e-01
1.940e+02  7.139e-321  4.898e-01
1.950e+02  2.420e-320  4.898e-01
1.960e+02  8.202e-320  4.898e-01
1.970e+02  2.780e-319  4.898e-01
1.980e+02  9.426e-319  4.898e-01
1.990e+02  3.196e-318  4.898e-01
2.000e+02  1.083e-317  4.898e-01
2.010e+02  3.673e-317  4.898e-01
2.020e+02  1.245e-316  4.898e-01
2.030e+02  4.222e-316  4.898e-01
2.040e+02  1.431e-315  4.898e-01
2.050e+02  4.852e-315  4.898e-01
2.060e+02  1.645e-314  4.898e-01
2.070e+02  5.577e-314  4.898e-01
2.080e+02  1.891e-313  4.898e-01
2.090e+02  6.411e-313  4.898e-01
2.100e+02  2.174e-312  4.898e-01
2.110e+02  7.369e-312  4.898e-01
2.120e+02  2.498e-311  4.898e-01
2.130e+02  8.471e-311  4.898e-01
2.140e+02  2.872e-310  4.898e-01
2.150e+02  9.737e-310  4.898e-01
2.160e+02  3.301e-309  4.898e-01
2.170e+02  1.119e-308  4.898e-01
2.180e+02  3.795e-308  4.898e-01
2.190e+02  1.287e-307  4.898e-01
2.200e+02  4.363e-307  4.898e-01
2.210e+02  1.479e-306  4.898e-01
2.220e+02  5.015e-306  4.898e-01
2.230e+02  1.700e-305  4.898e-01
2.240e+02  5.766e-305  4.898e-01
2.250e+02  1.955e-304  4.898e-01
2.260e+02  6.628e-304  4.898e-01
2.270e+02  2.247e-303  4.898e-01
2.280e+02  7.620e-303  4.898e-01
2.290e+02  2.584e-302  4.898e-01
2.300e+02  8.761e-302  4.898e-01
2.310e+02  2.970e-301  4.898e-01
2.320e+02  1.007e-300  4.898e-01
2.330e+02  3.415e-300  4.898e-01
2.340e+02  1.158e-299  4.898e-01
2.350e+02  3.926e-299  4.898e-01
2.360e+02  1.331e-298  4.898e-01
2.370e+02  4.514e-298  4.898e-01
2.380e+02  1.531e-297  4.898e-01
2.390e+02  5.190e-297  4.898e-01
2.400e+02  1.760e-296  4.898e-01
2.410e+02  5.967e-296  4.898e-01
2.420e+02  2.023e-295  4.898e-01
2.430e+02  6.861e-295  4.898e-01
2.440e+02  2.327e-294  4.898e-01
2.450e+02  7.889e-294  4.898e-01
2.460e+02  2.675e-293  4.898e-01
2.470e+02  9.071e-293  4.898e-01
2.480e+02  3.076e-292  4.898e-01
2.490e+02  1.043e-291  4.898e-01
2.500e+02  3.537e-291  4.898e-01
2.510e+02  1.199e-290  4.898e-01
2.520e+02  4.067e-290  4.898e-01
2.530e+02  1.379e-289  4.898e-01
2.540e+02  4.676e-289  4.898e-01
2.550e+02  1.586e-288  4.898e-01
2.560e+02  5.377e-288  4.898e-01
2.570e+02  1.823e-287  4.898e-01
2.580e+02  6.183e-287  4.898e-01
2.590e+02  2.097e-286  4.898e-01
2.600e+02  7.110e-286  4.898e-01
2.610e+02  2.411e-285  4.898e-01
2.620e+02  8.176e-285  4.898e-01
2.630e+02  2.773e-284  4.898e-01
2.640e+02  9.402e-284  4.898e-01
2.650e+02  3.188e-283  4.898e-01
2.660e+02  1.081e-282  4.898e-01
2.670e+02  3.667e-282  4.898e-01
2.680e+02  1.243e-281  4.898e-01
2.690e+02  4.216e-281  4.898e-01
2.700e+02  1.430e-280  4.898e-01
2.710e+02  4.849e-280  4.898e-01
2.720e+02  1.644e-279  4.898e-01
2.730e+02  5.576e-279  4.898e-01
2.740e+02  1.891e-278  4.898e-01
2.750e+02  6.413e-278  4.898e-01
2.760e+02  2.175e-277  4.898e-01
2.770e+02  7.375e-277  4.898e-01
2.780e+02  2.501e-276  4.898e-01
2.790e+02  8.482e-276  4.898e-01
2.800e+02  2.876e-275  4.898e-01
2.810e+02  9.755e-275  4.898e-01
2.820e+02  3.308e-274  4.898e-01
2.830e+02  1.122e-273  4.898e-01
2.840e+02  3.805e-273  4.898e-01
2.850e+02  1.290e-272  4.898e-01
2.860e+02  4.376e-272  4.898e-01
2.870e+02  1.484e-271  4.898e-01
2.880e+02  5.033e-271  4.898e-01
2.890e+02  1.707e-270  4.898e-01
2.900e+02  5.788e-270  4.898e-01
2.910e+02  1.963e-269  4.898e-01
2.920e+02  6.658e-269  4.898e-01
2.930e+02  2.258e-268  4.898e-01
2.940e+02  7.657e-268  4.898e-01
2.950e+02  2.597e-267  4.898e-01
2.960e+02  8.807e-267  4.898e-01
2.970e+02  2.987e-266  4.898e-01
2.980e+02  1.013e-265  4.898e-01
2.990e+02  3.436e-265  4.898e-01
3.000e+02  1.165e-264  4.898e-01
3.010e+02  3.952e-264  4.898e-01
3.020e+02  1.340e-263  4.898e-01
3.030e+02  4.545e-263  4.898e-01
3.040e+02  1.542e-262  4.898e-01
3.050e+02  5.228e-262  4.898e-01
3.060e+02  1.773e-261  4.898e-01
3.070e+02  6.014e-261  4.898e-01
3.080e+02  2.040e-260  4.898e-01
3.090e+02  6.917e-260  4.898e-01
3.100e+02  2.346e-259  4.898e-01
3.110e+02  7.957e-259  4.898e-01
3.120e+02  2.699e-258  4.898e-01
3.130e+02  9.152e-258  4.898e-01
3.140e+02  3.104e-257  4.898e-01
3.150e+02  1.053e-256  4.898e-01
3.160e+02  3.571e-256  4.898e-01
3.170e+02  1.211e-255  4.898e-01
3.180e+02  4.107e-255  4.898e-01
3.190e+02  1.393e-254  4.898e-01
3.200e+02  4.725e-254  4.898e-01
3.210e+02  1.602e-253  4.898e-01
3.220e+02  5.435e-253  4.898e-01
3.230e+02  1.843e-252  4.898e-01
3.240e+02  6.252e-252  4.898e-01
3.250e+02  2.121e-251  4.898e-01
3.260e+02  7.192e-251  4.898e-01
3.270e+02  2.439e-250  4.898e-01
3.280e+02  8.274e-250  4.898e-01
3.290e+02  2.806e-249  4.898e-01
3.300e+02  9.518e-249  4.898e-01
3.310e+02  3.228e-248  4.898e-01
3.320e+02  1.095e-247  4.898e-01
3.330e+02  3.714e-247  4.898e-01
3.340e+02  1.260e-246  4.898e-01
3.350e+02  4.272e-246  4.898e-01
3.360e+02  1.449e-245  4.898e-01
3.370e+02  4.915e-245  4.898e-01
3.380e+02  1.667e-244  4.898e-01
3.390e+02  5.655e-244  4.898e-01
3.400e+02  1.918e-243  4.898e-01
3.410e+02  6.505e-243  4.898e-01
3.420e+02  2.206e-242  4.898e-01
3.430e+02  7.484e-242  4.898e-01
3.440e+02  2.538e-241  4.898e-01
3.450e+02  8.610e-241  4.898e-01
3.460e+02  2.920e-240  4.898e-01
3.470e+02  9.906e-240  4.898e-01
3.480e+02  3.360e-239  4.898e-01
3.490e+02  1.140e-238  4.898e-01
3.500e+02  3.866e-238  4.898e-01
3.510e+02  1.311e-237  4.898e-01
3.520e+02  4.447e-237  4.898e-01
3.530e+02  1.508e-236  4.898e-01
3.540e+02  5.117e-236  4.898e-01
3.550e+02  1.736e-235  4.898e-01
3.560e+02  5.887e-235  4.898e-01
3.570e+02  1.997e-234  4.898e-01
3.580e+02  6.773e-234  4.898e-01
3.590e+02  2.297e-233  4.898e-01
3.600e+02  7.793e-233  4.898e-01
3.610e+02  2.643e-232  4.898e-01
3.620e+02  8.966e-232  4.898e-01
3.630e+02  3.041e-231  4.898e-01
3.640e+02  1.032e-230  4.898e-01
3.650e+02  3.499e-230  4.898e-01
3.660e+02  1.187e-229  4.898e-01
3.670e+02  4.026e-229  4.898e-01
3.680e+02  1.366e-228  4.898e-01
3.690e+02  4.632e-228  4.898e-01
3.700e+02  1.571e-227  4.898e-01
3.710e+02  5.330e-227  4.898e-01
3.720e+02  1.808e-226  4.898e-01
3.730e+02  6.132e-226  4.898e-01
3.740e+02  2.080e-225  4.898e-01
3.750e+02  7.056e-225  4.898e-01
3.760e+02  2.393e-224  4.898e-01
3.770e+02  8.119e-224  4.898e-01
3.780e+02  2.754e-223  4.898e-01
3.790e+02  9.342e-223  4.898e-01
3.800e+02  3.169e-222  4.898e-01
3.810e+02  1.075e-221  4.898e-01
3.820e+02  3.646e-221  4.898e-01
3.830e+02  1.237e-220  4.898e-01
3.840e+02  4.196e-220  4.898e-01
3.850e+02  1.423e-219  4.898e-01
3.860e+02  4.828e-219  4.898e-01
3.870e+02  1.638e-218  4.898e-01
3.880e+02  5.555e-218  4.898e-01
3.890e+02  1.884e-217  4.898e-01
3.900e+02  6.392e-217  4.898e-01
3.910e+02  2.168e-216  4.898e-01
3.920e+02  7.355e-216  4.898e-01
3.930e+02  2.495e-215  4.898e-01
3.940e+02  8.464e-215  4.898e-01
3.950e+02  2.871e-214  4.898e-01
3.960e+02  9.739e-214  4.898e-01
3.970e+02  3.304e-213  4.898e-01
3.980e+02  1.121e-212  4.898e-01
3.990e+02  3.802e-212  4.898e-01
4.000e+02  1.290e-211  4.898e-01
4.010e+02  4.375e-211  4.898e-01
4.020e+02  1.484e-210  4.898e-01
4.030e+02  5.034e-210  4.898e-01
4.040e+02  1.708e-209  4.898e-01
4.050e+02  5.793e-209  4.898e-01
4.060e+02  1.965e-208  4.898e-01
4.070e+02  6.666e-208  4.898e-01
4.080e+02  2.261e-207  4.898e-01
4.090e+02  7.671e-207  4.898e-01
4.100e+02  2.602e-206  4.898e-01
4.110e+02  8.828e-206  4.898e-01
4.120e+02  2.995e-205  4.898e-01
4.130e+02  1.016e-204  4.898e-01
4.140e+02  3.446e-204  4.898e-01
4.150e+02  1.169e-203  4.898e-01
4.160e+02  3.966e-203  4.898e-01
4.170e+02  1.345e-202  4.898e-01
4.180e+02  4.564e-202  4.898e-01
4.190e+02  1.548e-201  4.898e-01
4.200e+02  5.252e-201  4.898e-01
4.210e+02  1.782e-200  4.898e-01
4.220e+02  6.044e-200  4.898e-01
4.230e+02  2.050e-199  4.898e-01
4.240e+02  6.956e-199  4.898e-01
4.250e+02  2.360e-198  4.898e-01
4.260e+02  8.005e-198  4.898e-01
4.270e+02  2.716e-197  4.898e-01
4.280e+02  9.212e-197  4.898e-01
4.290e+02  3.125e-196  4.898e-01
4.300e+02  1.060e-195  4.898e-01
4.310e+02  3.597e-195  4.898e-01
4.320e+02  1.220e-194  4.898e-01
4.330e+02  4.139e-194  4.898e-01
4.340e+02  1.404e-193  4.898e-01
4.350e+02  4.764e-193  4.898e-01
4.360e+02  1.616e-192  4.898e-01
4.370e+02  5.482e-192  4.898e-01
4.380e+02  1.860e-191  4.898e-01
4.390e+02  6.309e-191  4.898e-01
4.400e+02  2.140e-190  4.898e-01
4.410e+02  7.261e-190  4.898e-01
4.420e+02  2.463e-189  4.898e-01
4.430e+02  8.357e-189  4.898e-01
4.440e+02  2.835e-188  4.898e-01
4.450e+02  9.618e-188  4.898e-01
4.460e+02  3.263e-187  4.898e-01
4.470e+02  1.107e-186  4.898e-01
4.480e+02  3.755e-186  4.898e-01
4.490e+02  1.274e-185  4.898e-01
4.500e+02  4.322e-185  4.898e-01
4.510e+02  1.466e-184  4.898e-01
4.520e+02  4.974e-184  4.898e-01
4.530e+02  1.688e-183  4.898e-01
4.540e+02  5.725e-183  4.898e-01
4.550e+02  1.942e-182  4.898e-01
4.560e+02  6.589e-182  4.898e-01
4.570e+02  2.235e-181  4.898e-01
4.580e+02  7.584e-181  4.898e-01
4.590e+02  2.573e-180  4.898e-01
4.600e+02  8.729e-180  4.898e-01
4.610e+02  2.961e-179  4.898e-01
4.620e+02  1.005e-178  4.898e-01
4.630e+02  3.408e-178  4.898e-01
4.640e+02  1.156e-177  4.898e-01
4.650e+02  3.923e-177  4.898e-01
4.660e+02  1.331e-176  4.898e-01
4.670e+02  4.515e-176  4.898e-01
4.680e+02  1.532e-175  4.898e-01
4.690e+02  5.197e-175  4.898e-01
4.700e+02  1.763e-174  4.898e-01
4.710e+02  5.981e-174  4.898e-01
4.720e+02  2.029e-173  4.898e-01
4.730e+02  6.884e-173  4.898e-01
4.740e+02  2.336e-172  4.898e-01
4.750e+02  7.924e-172  4.898e-01
4.760e+02  2.688e-171  4.898e-01
4.770e+02  9.121e-171  4.898e-01
4.780e+02  3.094e-170  4.898e-01
4.790e+02  1.050e-169  4.898e-01
4.800e+02  3.562e-169  4.898e-01
4.810e+02  1.208e-168  4.898e-01
4.820e+02  4.099e-168  4.898e-01
4.830e+02  1.391e-167  4.898e-01
4.840e+02  4.719e-167  4.898e-01
4.850e+02  1.601e-166  4.898e-01
4.860e+02  5.431e-166  4.898e-01
4.870e+02  1.843e-165  4.898e-01
4.880e+02  6.251e-165  4.898e-01
4.890e+02  2.121e-164  4.898e-01
4.900e+02  7.196e-164  4.898e-01
4.910e+02  2.441e-163  4.898e-01
4.920e+02  8.282e-163  4.898e-01
4.930e+02  2.810e-162  4.898e-01
4.940e+02  9.533e-162  4.898e-01
4.950e+02  3.234e-161  4.898e-01
4.960e+02  1.097e-160  4.898e-01
4.970e+02  3.723e-160  4.898e-01
4.980e+02  1.263e-159  4.898e-01
4.990e+02  4.285e-159  4.898e-01
5.000e+02  1.454e-158  4.898e-01
5.010e+02  4.931e-158  4.898e-01
5.020e+02  1.673e-157  4.898e-01
5.030e+02  5.676e-157  4.898e-01
5.040e+02  1.925e-156  4.898e-01
5.050e+02  6.532e-156  4.898e-01
5.060e+02  2.216e-155  4.898e-01
5.070e+02  7.517e-155  4.898e-01
5.080e+02  2.550e-154  4.898e-01
5.090e+02  8.649e-154  4.898e-01
5.100e+02  2.934e-153  4.898e-01
5.110e+02  9.951e-153  4.898e-01
5.120e+02  3.375e-152  4.898e-01
5.130e+02  1.145e-151  4.898e-01
5.140e+02  3.882e-151  4.898e-01
5.150e+02  1.316e-150  4.898e-01
5.160e+02  4.464e-150  4.898e-01
5.170e+02  1.514e-149  4.898e-01
5.180e+02  5.132e-149  4.898e-01
5.190e+02  1.740e-148  4.898e-01
5.200e+02  5.897e-148  4.898e-01
5.210e+02  1.999e-147  4.898e-01
5.220e+02  6.773e-147  4.898e-01
5.230e+02  2.295e-146  4.898e-01
5.240e+02  7.775e-146  4.898e-01
5.250e+02  2.634e-145  4.898e-01
5.260e+02  8.919e-145  4.898e-01
5.270e+02  3.020e-144  4.898e-01
5.280e+02  1.022e-143  4.898e-01
5.290e+02  3.459e-143  4.898e-01
5.300e+02  1.170e-142  4.898e-01
5.310e+02  3.958e-142  4.898e-01
5.320e+02  1.338e-141  4.898e-01
5.330e+02  4.524e-141  4.898e-01
5.340e+02  1.528e-140  4.898e-01
5.350e+02  5.162e-140  4.898e-01
5.360e+02  1.743e-139  4.898e-01
5.370e+02  5.881e-139  4.898e-01
5.380e+02  1.983e-138  4.898e-01
5.390e+02  6.686e-138  4.898e-01
5.400e+02  2.253e-137  4.898e-01
5.410e+02  7.584e-137  4.898e-01
5.420e+02  2.552e-136  4.898e-01
5.430e+02  8.583e-136  4.898e-01
5.440e+02  2.884e-135  4.898e-01
5.450e+02  9.685e-135  4.898e-01
5.460e+02  3.250e-134  4.898e-01
5.470e+02  1.090e-133  4.898e-01
5.480e+02  3.650e-133  4.898e-01
5.490e+02  1.222e-132  4.898e-01
5.500e+02  4.086e-132  4.898e-01
5.510e+02  1.365e-131  4.898e-01
5.520e+02  4.556e-131  4.898e-01
5.530e+02  1.519e-130  4.898e-01
5.540e+02  5.060e-130  4.898e-01
5.550e+02  1.683e-129  4.898e-01
5.560e+02  5.595e-129  4.898e-01
5.570e+02  1.857e-128  4.898e-01
5.580e+02  6.157e-128  4.898e-01
5.590e+02  2.039e-127  4.898e-01
5.600e+02  6.743e-127  4.898e-01
5.610e+02  2.227e-126  4.898e-01
5.620e+02  7.346e-126  4.898e-01
5.630e+02  2.420e-125  4.898e-01
5.640e+02  7.959e-125  4.898e-01
5.650e+02  2.614e-124  4.898e-01
5.660e+02  8.574e-124  4.898e-01
5.670e+02  2.808e-123  4.898e-01
5.680e+02  9.181e-123  4.898e-01
5.690e+02  2.997e-122  4.898e-01
5.700e+02  9.770e-122  4.898e-01
5.710e+02  3.180e-121  4.898e-01
5.720e+02  1.033e-120  4.898e-01
5.730e+02  3.351e-120  4.898e-01
5.740e+02  1.085e-119  4.898e-01
5.750e+02  3.507e-119  4.898e-01
5.760e+02  1.132e-118  4.898e-01
5.770e+02  3.645e-118  4.898e-01
5.780e+02  1.172e-117  4.898e-01
5.790e+02  3.761e-117  4.898e-01
5.800e+02  1.205e-116  4.898e-01
5.810e+02  3.853e-116  4.898e-01
5.820e+02  1.230e-115  4.898e-01
5.830e+02  3.917e-115  4.898e-01
5.840e+02  1.245e-114  4.898e-01
5.850e+02  3.952e-114  4.898e-01
5.860e+02  1.251e-113  4.898e-01
5.870e+02  3.956e-113  4.898e-01
5.880e+02  1.248e-112  4.898e-01
5.890e+02  3.928e-112  4.898e-01
5.900e+02  1.234e-111  4.898e-01
5.910e+02  3.869e-111  4.898e-01
5.920e+02  1.210e-110  4.898e-01
5.930e+02  3.779e-110  4.898e-01
5.940e+02  1.178e-109  4.898e-01
5.950e+02  3.661e-109  4.898e-01
5.960e+02  1.136e-108  4.898e-01
5.970e+02  3.517e-108  4.898e-01
5.980e+02  1.086e-107  4.898e-01
5.990e+02  3.349e-107  4.898e-01
6.000e+02  1.030e-106  4.898e-01
6.010e+02  3.162e-106  4.898e-01
6.020e+02  9.683e-106  4.898e-01
6.030e+02  2.959e-105  4.898e-01
6.040e+02  9.021e-105  4.898e-01
6.050e+02  2.744e-104  4.898e-01
6.060e+02  8.330e-104  4.898e-01
6.070e+02  2.523e-103  4.898e-01
6.080e+02  7.623e-103  4.898e-01
6.090e+02  2.298e-102  4.898e-01
6.100e+02  6.913e-102  4.898e-01
6.110e+02  2.075e-101  4.898e-01
6.120e+02  6.212e-101  4.898e-01
6.130e+02  1.856e-100  4.898e-01
6.140e+02  5.531e-100  4.898e-01
6.150e+02  1.645e-99  4.898e-01
6.160e+02  4.879e-99  4.898e-01
6.170e+02  1.444e-98  4.898e-01
6.180e+02  4.264e-98  4.898e-01
6.190e+02  1.256e-97  4.898e-01
6.200e+02  3.691e-97  4.898e-01
6.210e+02  1.082e-96  4.898e-01
6.220e+02  3.166e-96  4.898e-01
6.230e+02  9.237e-96  4.898e-01
6.240e+02  2.689e-95  4.898e-01
6.250e+02  7.809e-95  4.898e-01
6.260e+02  2.262e-94  4.898e-01
6.270e+02  6.538e-94  4.898e-01
6.280e+02  1.885e-93  4.898e-01
6.290e+02  5.422e-93  4.898e-01
6.300e+02  1.556e-92  4.898e-01
6.310e+02  4.453e-92  4.898e-01
6.320e+02  1.271e-91  4.898e-01
6.330e+02  3.622e-91  4.898e-01
6.340e+02  1.029e-90  4.898e-01
6.350e+02  2.917e-90  4.898e-01
6.360e+02  8.247e-90  4.898e-01
6.370e+02  2.326e-89  4.898e-01
6.380e+02  6.545e-89  4.898e-01
6.390e+02  1.837e-88  4.898e-01
6.400e+02  5.143e-88  4.898e-01
6.410e+02  1.436e-87  4.898e-01
6.420e+02  4.001e-87  4.898e-01
6.430e+02  1.112e-86  4.898e-01
6.440e+02  3.082e-86  4.898e-01
6.450e+02  8.523e-86  4.898e-01
6.460e+02  2.351e-85  4.898e-01
6.470e+02  6.467e-85  4.898e-01
6.480e+02  1.775e-84  4.898e-01
6.490e+02  4.859e-84  4.898e-01
6.500e+02  1.327e-83  4.898e-01
6.510e+02  3.614e-83  4.898e-01
6.520e+02  9.818e-83  4.898e-01
6.530e+02  2.661e-82  4.898e-01
6.540e+02  7.192e-82  4.898e-01
6.550e+02  1.939e-81  4.898e-01
6.560e+02  5.215e-81  4.898e-01
6.570e+02  1.399e-80  4.898e-01
6.580e+02  3.744e-80  4.898e-01
6.590e+02  9.992e-80  4.898e-01
6.600e+02  2.660e-79  4.898e-01
6.610e+02  7.063e-79  4.898e-01
6.620e+02  1.871e-78  4.898e-01
6.630e+02  4.942e-78  4.898e-01
6.640e+02  1.302e-77  4.898e-01
6.650e+02  3.423e-77  4.898e-01
6.660e+02  8.972e-77  4.898e-01
6.670e+02  2.346e-76  4.898e-01
6.680e+02  6.118e-76  4.898e-01
6.690e+02  1.592e-75  4.898e-01
6.700e+02  4.129e-75  4.898e-01
6.710e+02  1.069e-74  4.898e-01
6.720e+02  2.758e-74  4.898e-01
6.730e+02  7.101e-74  4.898e-01
6.740e+02  1.823e-73  4.898e-01
6.750e+02  4.670e-73  4.898e-01
6.760e+02  1.193e-72  4.898e-01
6.770e+02  3.039e-72  4.898e-01
6.780e+02  7.723e-72  4.898e-01
6.790e+02  1.957e-71  4.898e-01
6.800e+02  4.948e-71  4.898e-01
6.810e+02  1.248e-70  4.898e-01
6.820e+02  3.137e-70  4.898e-01
6.830e+02  7.869e-70  4.898e-01
6.840e+02  1.968e-69  4.898e-01
6.850e+02  4.911e-69  4.898e-01
6.860e+02  1.222e-68  4.898e-01
6.870e+02  3.033e-68  4.898e-01
6.880e+02  7.508e-68  4.898e-01
6.890e+02  1.853e-67  4.898e-01
6.900e+02  4.564e-67  4.898e-01
6.910e+02  1.121e-66  4.898e-01
6.920e+02  2.745e-66  4.898e-01
6.930e+02  6.706e-66  4.898e-01
6.940e+02  1.634e-65  4.898e-01
6.950e+02  3.970e-65  4.898e-01
6.960e+02  9.621e-65  4.898e-01
6.970e+02  2.325e-64  4.898e-01
6.980e+02  5.606e-64  4.898e-01
6.990e+02  1.348e-63  4.898e-01
7.000e+02  3.232e-63  4.898e-01
7.010e+02  7.728e-63  4.898e-01
7.020e+02  1.843e-62  4.898e-01
7.030e+02  4.384e-62  4.898e-01
7.040e+02  1.040e-61  4.898e-01
7.050e+02  2.461e-61  4.898e-01
7.060e+02  5.807e-61  4.898e-01
7.070e+02  1.367e-60  4.898e-01
7.080e+02  3.207e-60  4.898e-01
7.090e+02  7.508e-60  4.898e-01
7.100e+02  1.753e-59  4.898e-01
7.110e+02  4.080e-59  4.898e-01
7.120e+02  9.475e-59  4.898e-01
7.130e+02  2.194e-58  4.898e-01
7.140e+02  5.067e-58  4.898e-01
7.150e+02  1.167e-57  4.898e-01
7.160e+02  2.681e-57  4.898e-01
7.170e+02  6.141e-57  4.898e-01
7.180e+02  1.403e-56  4.898e-01
7.190e+02  3.197e-56  4.898e-01
7.200e+02  7.264e-56  4.898e-01
7.210e+02  1.646e-55  4.898e-01
7.220e+02  3.720e-55  4.898e-01
7.230e+02  8.385e-55  4.898e-01
7.240e+02  1.885e-54  4.898e-01
7.250e+02  4.225e-54  4.898e-01
7.260e+02  9.446e-54  4.898e-01
7.270e+02  2.106e-53  4.898e-01
7.280e+02  4.683e-53  4.898e-01
7.290e+02  1.038e-52  4.898e-01
7.300e+02  2.296e-52  4.898e-01
7.310e+02  5.064e-52  4.898e-01
7.320e+02  1.114e-51  4.898e-01
7.330e+02  2.443e-51  4.898e-01
7.340e+02  5.343e-51  4.898e-01
7.350e+02  1.166e-50  4.898e-01
7.360e+02  2.535e-50  4.898e-01
7.370e+02  5.501e-50  4.898e-01
7.380e+02  1.190e-49  4.898e-01
7.390e+02  2.568e-49  4.898e-01
7.400e+02  5.525e-49  4.898e-01
7.410e+02  1.185e-48  4.898e-01
7.420e+02  2.537e-48  4.898e-01
7.430e+02  5.413e-48  4.898e-01
7.440e+02  1.152e-47  4.898e-01
7.450e+02  2.445e-47  4.898e-01
7.460e+02  5.174e-47  4.898e-01
7.470e+02  1.092e-46  4.898e-01
7.480e+02  2.299e-46  4.898e-01
7.490e+02  4.825e-46  4.898e-01
7.500e+02  1.010e-45  4.898e-01
7.510e+02  2.108e-45  4.898e-01
7.520e+02  4.388e-45  4.898e-01
7.530e+02  9.109e-45  4.898e-01
7.540e+02  1.886e-44  4.898e-01
7.550e+02  3.893e-44  4.898e-01
7.560e+02  8.014e-44  4.898e-01
7.570e+02  1.645e-43  4.898e-01
7.580e+02  3.368e-43  4.898e-01
7.590e+02  6.877e-43  4.898e-01
7.600e+02  1.400e-42  4.898e-01
7.610e+02  2.843e-42  4.898e-01
7.620e+02  5.755e-42  4.898e-01
7.630e+02  1.162e-41  4.898e-01
7.640e+02  2.339e-41  4.898e-01
7.650e+02  4.697e-41  4.898e-01
7.660e+02  9.404e-41  4.898e-01
7.670e+02  1.878e-40  4.898e-01
7.680e+02  3.738e-40  4.898e-01
7.690e+02  7.422e-40  4.898e-01
7.700e+02  1.470e-39  4.898e-01
7.710e+02  2.902e-39  4.898e-01
7.720e+02  5.713e-39  4.898e-01
7.730e+02  1.122e-38  4.898e-01
7.740e+02  2.196e-38  4.898e-01
7.750e+02  4.287e-38  4.898e-01
7.760e+02  8.347e-38  4.898e-01
7.770e+02  1.620e-37  4.898e-01
7.780e+02  3.137e-37  4.898e-01
7.790e+02  6.057e-37  4.898e-01
7.800e+02  1.166e-36  4.898e-01
7.810e+02  2.238e-36  4.898e-01
7.820e+02  4.285e-36  4.898e-01
7.830e+02  8.180e-36  4.898e-01
7.840e+02  1.557e-35  4.898e-01
7.850e+02  2.956e-35  4.898e-01
7.860e+02  5.595e-35  4.898e-01
7.870e+02  1.056e-34  4.898e-01
7.880e+02  1.988e-34  4.898e-01
7.890e+02  3.730e-34  4.898e-01
7.900e+02  6.982e-34  4.898e-01
7.910e+02  1.303e-33  4.898e-01
7.920e+02  2.425e-33  4.898e-01
7.930e+02  4.500e-33  4.898e-01
7.940e+02  8.327e-33  4.898e-01
7.950e+02  1.537e-32  4.898e-01
7.960e+02  2.827e-32  4.898e-01
7.970e+02  5.188e-32  4.898e-01
7.980e+02  9.492e-32  4.898e-01
7.990e+02  1.732e-31  4.898e-01
8.000e+02  3.150e-31  4.898e-01
8.010e+02  5.715e-31  4.898e-01
8.020e+02  1.034e-30  4.898e-01
8.030e+02  1.865e-30  4.898e-01
8.040e+02  3.354e-30  4.898e-01
8.050e+02  6.016e-30  4.898e-01
8.060e+02  1.076e-29  4.898e-01
8.070e+02  1.919e-29  4.898e-01
8.080e+02  3.412e-29  4.898e-01
8.090e+02  6.050e-29  4.898e-01
8.100e+02  1.070e-28  4.898e-01
8.110e+02  1.886e-28  4.898e-01
8.120e+02  3.316e-28  4.898e-01
8.130e+02  5.812e-28  4.898e-01
8.140e+02  1.016e-27  4.898e-01
8.150e+02  1.771e-27  4.898e-01
8.160e+02  3.078e-27  4.898e-01
8.170e+02  5.334e-27  4.898e-01
8.180e+02  9.218e-27  4.898e-01
8.190e+02  1.588e-26  4.898e-01
8.200e+02  2.729e-26  4.898e-01
8.210e+02  4.676e-26  4.898e-01
8.220e+02  7.988e-26  4.898e-01
8.230e+02  1.361e-25  4.898e-01
8.240e+02  2.311e-25  4.898e-01
8.250e+02  3.915e-25  4.898e-01
8.260e+02  6.611e-25  4.898e-01
8.270e+02  1.113e-24  4.898e-01
8.280e+02  1.869e-24  4.898e-01
8.290e+02  3.130e-24  4.898e-01
8.300e+02  5.225e-24  4.898e-01
8.310e+02  8.698e-24  4.898e-01
8.320e+02  1.444e-23  4.898e-01
8.330e+02  2.390e-23  4.898e-01
8.340e+02  3.944e-23  4.898e-01
8.350e+02  6.489e-23  4.898e-01
8.360e+02  1.065e-22  4.898e-01
8.370e+02  1.742e-22  4.898e-01
8.380e+02  2.842e-22  4.898e-01
8.390e+02  4.623e-22  4.898e-01
8.400e+02  7.498e-22  4.898e-01
8.410e+02  1.213e-21  4.898e-01
8.420e+02  1.955e-21  4.898e-01
8.430e+02  3.144e-21  4.898e-01
8.440e+02  5.040e-21  4.898e-01
8.450e+02  8.057e-21  4.898e-01
8.460e+02  1.284e-20  4.898e-01
8.470e+02  2.041e-20  4.898e-01
8.480e+02  3.235e-20  4.898e-01
8.490e+02  5.111e-20  4.898e-01
8.500e+02  8.053e-20  4.898e-01
8.510e+02  1.265e-19  4.898e-01
8.520e+02  1.982e-19  4.898e-01
8.530e+02  3.095e-19  4.898e-01
8.540e+02  4.820e-19  4.898e-01
8.550e+02  7.484e-19  4.898e-01
8.560e+02  1.159e-18  4.898e-01
8.570e+02  1.789e-18  4.898e-01
8.580e+02  2.753e-18  4.898e-01
8.590e+02  4.226e-18  4.898e-01
8.600e+02  6.466e-18  4.898e-01
8.610e+02  9.866e-18  4.898e-01
8.620e+02  1.501e-17  4.898e-01
8.630e+02  2.277e-17  4.898e-01
8.640e+02  3.444e-17  4.898e-01
8.650e+02  5.194e-17  4.898e-01
8.660e+02  7.810e-17  4.898e-01
8.670e+02  1.171e-16  4.898e-01
8.680e+02  1.751e-16  4.898e-01
8.690e+02  2.609e-16  4.898e-01
8.700e+02  3.878e-16  4.898e-01
8.710e+02  5.747e-16  4.898e-01
8.720e+02  8.491e-16  4.898e-01
8.730e+02  1.251e-15  4.898e-01
8.740e+02  1.837e-15  4.898e-01
8.750e+02  2.691e-15  4.898e-01
8.760e+02  3.930e-15  4.898e-01
8.770e+02  5.722e-15  4.898e-01
8.780e+02  8.307e-15  4.898e-01
8.790e+02  1.202e-14  4.898e-01
8.800e+02  1.735e-14  4.898e-01
8.810e+02  2.497e-14  4.898e-01
8.820e+02  3.583e-14  4.898e-01
8.830e+02  5.126e-14  4.898e-01
8.840e+02  7.312e-14  4.898e-01
8.850e+02  1.040e-13  4.898e-01
8.860e+02  1.475e-13  4.898e-01
8.870e+02  2.085e-13  4.898e-01
8.880e+02  2.939e-13  4.898e-01
8.890e+02  4.131e-13  4.898e-01
8.900e+02  5.790e-13  4.898e-01
8.910e+02  8.091e-13  4.898e-01
8.920e+02  1.127e-12  4.898e-01
8.930e+02  1.566e-12  4.898e-01
8.940e+02  2.169e-12  4.898e-01
8.950e+02  2.995e-12  4.898e-01
8.960e+02  4.124e-12  4.898e-01
8.970e+02  5.662e-12  4.898e-01
8.980e+02  7.751e-12  4.898e-01
8.990e+02  1.058e-11  4.898e-01
9.000e+02  1.440e-11  4.898e-01
9.010e+02  1.953e-11  4.898e-01
9.020e+02  2.642e-11  4.898e-01
9.030e+02  3.564e-11  4.898e-01
9.040e+02  4.794e-11  4.898e-01
9.050e+02  6.428e-11  4.898e-01
9.060e+02  8.595e-11  4.898e-01
9.070e+02  1.146e-10  4.898e-01
9.080e+02  1.523e-10  4.898e-01
9.090e+02  2.018e-10  4.898e-01
9.100e+02  2.667e-10  4.898e-01
9.110e+02  3.514e-10  4.898e-01
9.120e+02  4.616e-10  4.898e-01
9.130e+02  6.046e-10  4.898e-01
9.140e+02  7.896e-10  4.898e-01
9.150e+02  1.028e-09  4.898e-01
9.160e+02  1.335e-09  4.898e-01
9.170e+02  1.728e-09  4.898e-01
9.180e+02  2.231e-09  4.898e-01
9.190e+02  2.871e-09  4.898e-01
9.200e+02  3.684e-09  4.898e-01
9.210e+02  4.714e-09  4.898e-01
9.220e+02  6.014e-09  4.898e-01
9.230e+02  7.650e-09  4.898e-01
9.240e+02  9.703e-09  4.898e-01
9.250e+02  1.227e-08  4.898e-01
9.260e+02  1.547e-08  4.898e-01
9.270e+02  1.946e-08  4.898e-01
9.280e+02  2.439e-08  4.898e-01
9.290e+02  3.050e-08  4.898e-01
9.300e+02  3.801e-08  4.898e-01
9.310e+02  4.725e-08  4.898e-01
9.320e+02  5.856e-08  4.898e-01
9.330e+02  7.237e-08  4.898e-01
9.340e+02  8.918e-08  4.897e-01
9.350e+02  1.096e-07  4.897e-01
9.360e+02  1.343e-07  4.897e-01
9.370e+02  1.640e-07  4.897e-01
9.380e+02  1.999e-07  4.897e-01
9.390e+02  2.428e-07  4.897e-01
9.400e+02  2.941e-07  4.897e-01
9.410e+02  3.553e-07  4.897e-01
9.420e+02  4.281e-07  4.897e-01
9.430e+02  5.143e-07  4.897e-01
9.440e+02  6.161e-07  4.897e-01
9.450e+02  7.361e-07  4.897e-01
9.460e+02  8.770e-07  4.896e-01
9.470e+02  1.042e-06  4.896e-01
9.480e+02  1.235e-06  4.896e-01
9.490e+02  1.459e-06  4.896e-01
9.500e+02  1.720e-06  4.896e-01
9.510e+02  2.021e-06  4.896e-01
9.520e+02  2.369e-06  4.895e-01
9.530e+02  2.770e-06  4.895e-01
9.540e+02  3.230e-06  4.895e-01
9.550e+02  3.757e-06  4.895e-01
9.560e+02  4.359e-06  4.895e-01
9.570e+02  5.044e-06  4.894e-01
9.580e+02  5.821e-06  4.894e-01
9.590e+02  6.702e-06  4.894e-01
9.600e+02  7.697e-06  4.893e-01
9.610e+02  8.818e-06  4.893e-01
9.620e+02  1.008e-05  4.893e-01
9.630e+02  1.149e-05  4.892e-01
9.640e+02  1.307e-05  4.892e-01
9.650e+02  1.483e-05  4.892e-01
9.660e+02  1.679e-05  4.891e-01
9.670e+02  1.896e-05  4.891e-01
9.680e+02  2.137e-05  4.890e-01
9.690e+02  2.403e-05  4.890e-01
9.700e+02  2.696e-05  4.889e-01
9.710e+02  3.018e-05  4.889e-01
9.720e+02  3.372e-05  4.888e-01
9.730e+02  3.760e-05  4.888e-01
9.740e+02  4.183e-05  4.887e-01
9.750e+02  4.645e-05  4.886e-01
9.760e+02  5.148e-05  4.886e-01
9.770e+02  5.695e-05  4.885e-01
9.780e+02  6.288e-05  4.884e-01
9.790e+02  6.929e-05  4.884e-01
9.800e+02  7.623e-05  4.883e-01
9.810e+02  8.372e-05  4.882e-01
9.820e+02  9.179e-05  4.881e-01
9.830e+02  1.005e-04  4.880e-01
9.840e+02  1.098e-04  4.879e-01
9.850e+02  1.198e-04  4.878e-01
9.860e+02  1.305e-04  4.878e-01
9.870e+02  1.420e-04  4.877e-01
9.880e+02  1.542e-04  4.876e-01
9.890e+02  1.673e-04  4.874e-01
9.900e+02  1.813e-04  4.873e-01
9.910e+02  1.961e-04  4.872e-01
9.920e+02  2.119e-04  4.871e-01
9.930e+02  2.288e-04  4.870e-01
9.940e+02  2.466e-04  4.869e-01
9.950e+02  2.656e-04  4.867e-01
9.960e+02  2.858e-04  4.866e-01
9.970e+02  3.071e-04  4.865e-01
9.980e+02  3.298e-04  4.863e-01
9.990e+02  3.537e-04  4.862e-01
1.000e+03  3.791e-04  4.860e-01
1.001e+03  4.060e-04  4.859e-01
1.002e+03  4.345e-04  4.857e-01
1.003e+03  4.645e-04  4.856e-01
1.004e+03  4.963e-04  4.854e-01
1.005e+03  5.300e-04  4.852e-01
1.006e+03  5.655e-04  4.850e-01
1.007e+03  6.031e-04  4.849e-01
1.008e+03  6.428e-04  4.847e-01
1.009e+03  6.848e-04  4.845e-01
1.010e+03  7.292e-04  4.842e-01
1.011e+03  7.760e-04  4.840e-01
1.012e+03  8.256e-04  4.838e-01
1.013e+03  8.779e-04  4.836e-01
1.014e+03  9.333e-04  4.833e-01
1.015e+03  9.918e-04  4.831e-01
1.016e+03  1.054e-03  4.828e-01
1.017e+03  1.119e-03  4.826e-01
1.018e+03  1.188e-03  4.823e-01
1.019e+03  1.261e-03  4.820e-01
1.020e+03  1.339e-03  4.817e-01
1.021e+03  1.421e-03  4.814e-01
1.022e+03  1.508e-03  4.811e-01
1.023e+03  1.599e-03  4.808e-01
1.024e+03  1.697e-03  4.804e-01
1.025e+03  1.800e-03  4.801e-01
1.026e+03  1.909e-03  4.797e-01
1.027e+03  2.024e-03  4.793e-01
1.028e+03  2.147e-03  4.789e-01
1.029e+03  2.277e-03  4.785e-01
1.030e+03  2.415e-03  4.780e-01
1.031e+03  2.561e-03  4.776e-01
1.032e+03  2.717e-03  4.771e-01
1.033e+03  2.882e-03  4.766e-01
1.034e+03  3.057e-03  4.761e-01
1.035e+03  3.243e-03  4.755e-01
1.036e+03  3.441e-03  4.750e-01
1.037e+03  3.652e-03  4.744e-01
1.038e+03  3.875e-03  4.738e-01
1.039e+03  4.114e-03  4.731e-01
1.040e+03  4.367e-03  4.724e-01
1.041e+03  4.637e-03  4.717e-01
1.042e+03  4.925e-03  4.710e-01
1.043e+03  5.231e-03  4.702e-01
1.044e+03  5.557e-03  4.694e-01
1.045e+03  5.906e-03  4.686e-01
1.046e+03  6.277e-03  4.677e-01
1.047e+03  6.674e-03  4.667e-01
1.048e+03  7.097e-03  4.657e-01
1.049e+03  7.550e-03  4.647e-01
1.050e+03  8.033e-03  4.636e-01
1.051e+03  8.550e-03  4.625e-01
1.052e+03  9.102e-03  4.613e-01
1.053e+03  9.693e-03  4.601e-01
1.054e+03  1.033e-02  4.588e-01
1.055e+03  1.100e-02  4.574e-01
1.056e+03  1.173e-02  4.559e-01
1.057e+03  1.251e-02  4.544e-01
1.058e+03  1.334e-02  4.528e-01
1.059e+03  1.424e-02  4.511e-01
1.060e+03  1.520e-02  4.493e-01
1.061e+03  1.623e-02  4.475e-01
1.062e+03  1.734e-02  4.455e-01
1.063e+03  1.853e-02  4.434e-01
1.064e+03  1.981e-02  4.413e-01
1.065e+03  2.119e-02  4.390e-01
1.066e+03  2.267e-02  4.366e-01
1.067e+03  2.427e-02  4.340e-01
1.068e+03  2.599e-02  4.314e-01
1.069e+03  2.784e-02  4.285e-01
1.070e+03  2.984e-02  4.256e-01
1.071e+03  3.199e-02  4.224e-01
1.072e+03  3.431e-02  4.192e-01
1.073e+03  3.681e-02  4.157e-01
1.074e+03  3.951e-02  4.120e-01
1.075e+03  4.243e-02  4.082e-01
1.076e+03  4.558e-02  4.042e-01
1.077e+03  4.898e-02  3.999e-01
1.078e+03  5.265e-02  3.954e-01
1.079e+03  5.662e-02  3.908e-01
1.080e+03  6.091e-02  3.858e-01
1.081e+03  6.554e-02  3.807e-01
1.082e+03  7.054e-02  3.752e-01
1.083e+03  7.595e-02  3.695e-01
1.084e+03  8.178e-02  3.636e-01
1.085e+03  8.808e-02  3.573e-01
1.086e+03  9.488e-02  3.508e-01
1.087e+03  1.022e-01  3.440e-01
1.088e+03  1.101e-01  3.369e-01
1.089e+03  1.186e-01  3.295e-01
1.090e+03  1.278e-01  3.218e-01
1.091e+03  1.377e-01  3.138e-01
1.092e+03  1.483e-01  3.056e-01
1.093e+03  1.597e-01  2.970e-01
1.094e+03  1.719e-01  2.882e-01
1.095e+03  1.849e-01  2.790e-01
1.096e+03  1.989e-01  2.697e-01
1.097e+03  2.137e-01  2.601e-01
1.098e+03  2.296e-01  2.503e-01
1.099e+03  2.464e-01  2.403e-01
1.100e+03  2.642e-01  2.301e-01
1.101e+03  2.830e-01  2.199e-01
1.102e+03  3.029e-01  2.095e-01
1.103e+03  3.237e-01  1.990e-01
1.104e+03  3.455e-01  1.886e-01
1.105e+03  3.683e-01  1.781e-01
1.106e+03  3.919e-01  1.677e-01
1.107e+03  4.163e-01  1.574e-01
1.108e+03  4.415e-01  1.473e-01
1.109e+03  4.674e-01  1.373e-01
1.110e+03  4.937e-01  1.276e-01
1.111e+03  5.205e-01  1.182e-01
1.112e+03  5.476e-01  1.090e-01
1.113e+03  5.747e-01  1.002e-01
1.114e+03  6.018e-01  9.182e-02
1.115e+03  6.288e-01  8.380e-02
1.116e+03  6.554e-01  7.619e-02
1.117e+03  6.814e-01  6.902e-02
1.118e+03  7.068e-01  6.229e-02
1.119e+03  7.314e-01  5.601e-02
1.120e+03  7.551e-01  5.017e-02
1.121e+03  7.777e-01  4.477e-02
1.122e+03  7.991e-01  3.981e-02
1.123e+03  8.194e-01  3.527e-02
1.124e+03  8.383e-01  3.113e-02
1.125e+03  8.560e-01  2.737e-02
1.126e+03  8.723e-01  2.399e-02
1.127e+03  8.872e-01  2.094e-02
1.128e+03  9.009e-01  1.822e-02
1.129e+03  9.133e-01  1.580e-02
1.130e+03  9.245e-01  1.365e-02
1.131e+03  9.345e-01  1.175e-02
1.132e+03  9.434e-01  1.009e-02
1.133e+03  9.513e-01  8.628e-03
1.134e+03  9.583e-01  7.356e-03
1.135e+03  9.644e-01  6.251e-03
1.136e+03  9.697e-01  5.295e-03
1.137e+03  9.743e-01  4.471e-03
1.138e+03  9.783e-01  3.764e-03
1.139e+03  9.818e-01  3.159e-03
1.140e+03  9.847e-01  2.643e-03
1.141e+03  9.872e-01  2.206e-03
1.142e+03  9.894e-01  1.835e-03
1.143e+03  9.912e-01  1.523e-03
1.144e+03  9.927e-01  1.260e-03
1.145e+03  9.939e-01  1.040e-03
1.146e+03  9.950e-01  8.556e-04
1.147e+03  9.959e-01  7.024e-04
1.148e+03  9.966e-01  5.751e-04
1.149e+03  9.973e-01  4.698e-04
1.150e+03  9.978e-01  3.828e-04
1.151e+03  9.982e-01  3.112e-04
1.152e+03  9.985e-01  2.524e-04
1.153e+03  9.988e-01  2.043e-04
1.154e+03  9.990e-01  1.649e-04
1.155e+03  9.992e-01  1.329e-04
1.156e+03  9.994e-01  1.068e-04
1.157e+03  9.995e-01  8.570e-05
1.158e+03  9.996e-01  6.860e-05
1.159e+03  9.997e-01  5.481e-05
1.160e+03  9.997e-01  4.370e-05
1.161e+03  9.998e-01  3.477e-05
1.162e+03  9.998e-01  2.761e-05
1.163e+03  9.999e-01  2.188e-05
1.164e+03  9.999e-01  1.731e-05
1.165e+03  9.999e-01  1.367e-05
1.166e+03  9.999e-01  1.077e-05
1.167e+03  1.000e+00  8.473e-06
1.168e+03  1.000e+00  6.653e-06
1.169e+03  1.000e+00  5.214e-06
1.170e+03  1.000e+00  4.079e-06
1.171e+03  1.000e+00  3.186e-06
1.172e+03  1.000e+00  2.484e-06
1.173e+03  1.000e+00  1.933e-06
1.174e+03  1.000e+00  1.501e-06
1.175e+03  1.000e+00  1.164e-06
1.176e+03  1.000e+00  9.014e-07
1.177e+03  1.000e+00  6.966e-07
1.178e+03  1.000e+00  5.375e-07
1.179e+03  1.000e+00  4.140e-07
1.180e+03  1.000e+00  3.183e-07
1.181e+03  1.000e+00  2.444e-07
1.182e+03  1.000e+00  1.873e-07
1.183e+03  1.000e+00  1.433e-07
1.184e+03  1.000e+00  1.095e-07
1.185e+03  1.000e+00  8.348e-08
1.186e+03  1.000e+00  6.356e-08
1.187e+03  1.000e+00  4.832e-08
1.188e+03  1.000e+00  3.667e-08
1.189e+03  1.000e+00  2.779e-08
1.190e+03  1.000e+00  2.102e-08
1.191e+03  1.000e+00  1.588e-08
1.192e+03  1.000e+00  1.197e-08
1.193e+03  1.000e+00  9.014e-09
1.194e+03  1.000e+00  6.776e-09
1.195e+03  1.000e+00  5.086e-09
1.196e+03  1.000e+00  3.811e-09
1.197e+03  1.000e+00  2.852e-09
1.198e+03  1.000e+00  2.130e-09
1.199e+03  1.000e+00  1.589e-09
1.200e+03  1.000e+00  1.183e-09
1.201e+03  1.000e+00  8.799e-10
1.202e+03  1.000e+00  6.532e-10
1.203e+03  1.000e+00  4.842e-10
1.204e+03  1.000e+00  3.584e-10
1.205e+03  1.000e+00  2.649e-10
1.206e+03  1.000e+00  1.954e-10
1.207e+03  1.000e+00  1.440e-10
1.208e+03  1.000e+00  1.059e-10
1.209e+03  1.000e+00  7.781e-11
1.210e+03  1.000e+00  5.707e-11
1.211e+03  1.000e+00  4.179e-11
1.212e+03  1.000e+00  3.056e-11
1.213e+03  1.000e+00  2.231e-11
1.214e+03  1.000e+00  1.626e-11
1.215e+03  1.000e+00  1.184e-11
1.216e+03  1.000e+00  8.605e-12
1.217e+03  1.000e+00  6.245e-12
1.218e+03  1.000e+00  4.525e-12
1.219e+03  1.000e+00  3.274e-12
1.220e+03  1.000e+00  2.366e-12
1.221e+03  1.000e+00  1.707e-12
1.222e+03  1.000e+00  1.229e-12
1.223e+03  1.000e+00  8.844e-13
1.224e+03  1.000e+00  6.352e-13
1.225e+03  1.000e+00  4.555e-13
1.226e+03  1.000e+00  3.262e-13
1.227e+03  1.000e+00  2.333e-13
1.228e+03  1.000e+00  1.665e-13
1.229e+03  1.000e+00  1.187e-13
1.230e+03  1.000e+00  8.453e-14
1.231e+03  1.000e+00  6.009e-14
1.232e+03  1.000e+00  4.265e-14
1.233e+03  1.000e+00  3.023e-14
1.234e+03  1.000e+00  2.140e-14
1.235e+03  1.000e+00  1.512e-14
1.236e+03  1.000e+00  1.067e-14
1.237e+03  1.000e+00  7.519e-15
1.238e+03  1.000e+00  5.291e-15
1.239e+03  1.000e+00  3.718e-15
1.240e+03  1.000e+00  2.608e-15
1.241e+03  1.000e+00  1.827e-15
1.242e+03  1.000e+00  1.278e-15
1.243e+03  1.000e+00  8.930e-16
1.244e+03  1.000e+00  6.229e-16
1.245e+03  1.000e+00  4.339e-16
1.246e+03  1.000e+00  3.018e-16
1.247e+03  1.000e+00  2.096e-16
1.248e+03  1.000e+00  1.454e-16
1.249e+03  1.000e+00  1.007e-16
1.250e+03  1.000e+00  6.962e-17
1.251e+03  1.000e+00  4.808e-17
1.252e+03  1.000e+00  3.315e-17
1.253e+03  1.000e+00  2.283e-17
1.254e+03  1.000e+00  1.570e-17
1.255e+03  1.000e+00  1.078e-17
1.256e+03  1.000e+00  7.389e-18
1.257e+03  1.000e+00  5.059e-18
1.258e+03  1.000e+00  3.459e-18
1.259e+03  1.000e+00  2.361e-18
1.260e+03  1.000e+00  1.610e-18
1.261e+03  1.000e+00  1.096e-18
1.262e+03  1.000e+00  7.450e-19
1.263e+03  1.000e+00  5.058e-19
1.264e+03  1.000e+00  3.428e-19
1.265e+03  1.000e+00  2.321e-19
1.266e+03  1.000e+00  1.569e-19
1.267e+03  1.000e+00  1.059e-19
1.268e+03  1.000e+00  7.138e-20
1.269e+03  1.000e+00  4.804e-20
1.270e+03  1.000e+00  3.229e-20
1.271e+03  1.000e+00  2.167e-20
1.272e+03  1.000e+00  1.453e-20
1.273e+03  1.000e+00  9.723e-21
1.274e+03  1.000e+00  6.499e-21
1.275e+03  1.000e+00  4.338e-21
1.276e+03  1.000e+00  2.891e-21
1.277e+03  1.000e+00  1.924e-21
1.278e+03  1.000e+00  1.279e-21
1.279e+03  1.000e+00  8.488e-22
1.280e+03  1.000e+00  5.625e-22
1.281e+03  1.000e+00  3.723e-22
1.282e+03  1.000e+00  2.461e-22
1.283e+03  1.000e+00  1.624e-22
1.284e+03  1.000e+00  1.070e-22
1.285e+03  1.000e+00  7.044e-23
1.286e+03  1.000e+00  4.630e-23
1.287e+03  1.000e+00  3.039e-23
1.288e+03  1.000e+00  1.992e-23
1.289e+03  1.000e+00  1.304e-23
1.290e+03  1.000e+00  8.520e-24
1.291e+03  1.000e+00  5.561e-24
1.292e+03  1.000e+00  3.624e-24
1.293e+03  1.000e+00  2.359e-24
1.294e+03  1.000e+00  1.533e-24
1.295e+03  1.000e+00  9.952e-25
1.296e+03  1.000e+00  6.451e-25
1.297e+03  1.000e+00  4.175e-25
1.298e+03  1.000e+00  2.699e-25
1.299e+03  1.000e+00  1.742e-25
1.300e+03  1.000e+00  1.123e-25
1.301e+03  1.000e+00  7.229e-26
1.302e+03  1.000e+00  4.647e-26
1.303e+03  1.000e+00  2.983e-26
1.304e+03  1.000e+00  1.912e-26
1.305e+03  1.000e+00  1.224e-26
1.306e+03  1.000e+00  7.827e-27
1.307e+03  1.000e+00  4.997e-27
1.308e+03  1.000e+00  3.186e-27
1.309e+03  1.000e+00  2.028e-27
1.310e+03  1.000e+00  1.290e-27
1.311e+03  1.000e+00  8.188e-28
1.312e+03  1.000e+00  5.192e-28
1.313e+03  1.000e+00  3.287e-28
1.314e+03  1.000e+00  2.079e-28
1.315e+03  1.000e+00  1.313e-28
1.316e+03  1.000e+00  8.278e-29
1.317e+03  1.000e+00  5.213e-29
1.318e+03  1.000e+00  3.279e-29
1.319e+03  1.000e+00  2.059e-29
1.320e+03  1.000e+00  1.291e-29
1.321e+03  1.000e+00  8.089e-30
1.322e+03  1.000e+00  5.059e-30
1.323e+03  1.000e+00  3.160e-30
1.324e+03  1.000e+00  1.971e-30
1.325e+03  1.000e+00  1.228e-30
1.326e+03  1.000e+00  7.640e-31
1.327e+03  1.000e+00  4.746e-31
1.328e+03  1.000e+00  2.945e-31
1.329e+03  1.000e+00  1.824e-31
1.330e+03  1.000e+00  1.129e-31
1.331e+03  1.000e+00  6.976e-32
1.332e+03  1.000e+00  4.304e-32
1.333e+03  1.000e+00  2.653e-32
1.334e+03  1.000e+00  1.632e-32
1.335e+03  1.000e+00  1.003e-32
1.336e+03  1.000e+00  6.158e-33
1.337e+03  1.000e+00  3.774e-33
1.338e+03  1.000e+00  2.310e-33
1.339e+03  1.000e+00  1.412e-33
1.340e+03  1.000e+00  8.622e-34
1.341e+03  1.000e+00  5.256e-34
1.342e+03  1.000e+00  3.200e-34
1.343e+03  1.000e+00  1.946e-34
1.344e+03  1.000e+00  1.182e-34
1.345e+03  1.000e+00  7.165e-35
1.346e+03  1.000e+00  4.339e-35
1.347e+03  1.000e+00  2.624e-35
1.348e+03  1.000e+00  1.585e-35
1.349e+03  1.000e+00  9.560e-36
1.350e+03  1.000e+00  5.759e-36
1.351e+03  1.000e+00  3.464e-36
1.352e+03  1.000e+00  2.081e-36
1.353e+03  1.000e+00  1.249e-36
1.354e+03  1.000e+00  7.482e-37
1.355e+03  1.000e+00  4.477e-37
1.356e+03  1.000e+00  2.675e-37
1.357e+03  1.000e+00  1.597e-37
1.358e+03  1.000e+00  9.516e-38
1.359e+03  1.000e+00  5.664e-38
1.360e+03  1.000e+00  3.367e-38
1.361e+03  1.000e+00  1.999e-38
1.362e+03  1.000e+00  1.185e-38
1.363e+03  1.000e+00  7.016e-39
1.364e+03  1.000e+00  4.148e-39
1.365e+03  1.000e+00  2.450e-39
1.366e+03  1.000e+00  1.445e-39
1.367e+03  1.000e+00  8.509e-40
1.368e+03  1.000e+00  5.005e-40
1.369e+03  1.000e+00  2.940e-40
1.370e+03  1.000e+00  1.725e-40
1.371e+03  1.000e+00  1.010e-40
1.372e+03  1.000e+00  5.912e-41
1.373e+03  1.000e+00  3.455e-41
1.374e+03  1.000e+00  2.016e-41
1.375e+03  1.000e+00  1.175e-41
1.376e+03  1.000e+00  6.839e-42
1.377e+03  1.000e+00  3.976e-42
1.378e+03  1.000e+00  2.308e-42
1.379e+03  1.000e+00  1.338e-42
1.380e+03  1.000e+00  7.748e-43
1.381e+03  1.000e+00  4.480e-43
1.382e+03  1.000e+00  2.587e-43
1.383e+03  1.000e+00  1.492e-43
1.384e+03  1.000e+00  8.596e-44
1.385e+03  1.000e+00  4.945e-44
1.386e+03  1.000e+00  2.841e-44
1.387e+03  1.000e+00  1.630e-44
1.388e+03  1.000e+00  9.341e-45
1.389e+03  1.000e+00  5.346e-45
1.390e+03  1.000e+00  3.055e-45
1.391e+03  1.000e+00  1.744e-45
1.392e+03  1.000e+00  9.941e-46
1.393e+03  1.000e+00  5.660e-46
1.394e+03  1.000e+00  3.218e-46
1.395e+03  1.000e+00  1.828e-46
1.396e+03  1.000e+00  1.036e-46
1.397e+03  1.000e+00  5.870e-47
1.398e+03  1.000e+00  3.321e-47
1.399e+03  1.000e+00  1.876e-47
1.400e+03  1.000e+00  1.058e-47
1.401e+03  1.000e+00  5.964e-48
1.402e+03  1.000e+00  3.357e-48
1.403e+03  1.000e+00  1.887e-48
1.404e+03  1.000e+00  1.059e-48
1.405e+03  1.000e+00  5.937e-49
1.406e+03  1.000e+00  3.324e-49
1.407e+03  1.000e+00  1.859e-49
1.408e+03  1.000e+00  1.038e-49
1.409e+03  1.000e+00  5.789e-50
1.410e+03  1.000e+00  3.225e-50
1.411e+03  1.000e+00  1.794e-50
1.412e+03  1.000e+00  9.968e-51
1.413e+03  1.000e+00  5.531e-51
1.414e+03  1.000e+00  3.066e-51
1.415e+03  1.000e+00  1.697e-51
1.416e+03  1.000e+00  9.380e-52
1.417e+03  1.000e+00  5.178e-52
1.418e+03  1.000e+00  2.855e-52
1.419e+03  1.000e+00  1.572e-52
1.420e+03  1.000e+00  8.648e-53
1.421e+03  1.000e+00  4.751e-53
1.422e+03  1.000e+00  2.606e-53
1.423e+03  1.000e+00  1.428e-53
1.424e+03  1.000e+00  7.814e-54
1.425e+03  1.000e+00  4.271e-54
1.426e+03  1.000e+00  2.331e-54
1.427e+03  1.000e+00  1.271e-54
1.428e+03  1.000e+00  6.919e-55
1.429e+03  1.000e+00  3.762e-55
1.430e+03  1.000e+00  2.043e-55
1.431e+03  1.000e+00  1.108e-55
1.432e+03  1.000e+00  6.004e-56
1.433e+03  1.000e+00  3.249e-56
1.434e+03  1.000e+00  1.755e-56
1.435e+03  1.000e+00  9.474e-57
1.436e+03  1.000e+00  5.107e-57
1.437e+03  1.000e+00  2.749e-57
1.438e+03  1.000e+00  1.478e-57
1.439e+03  1.000e+00  7.938e-58
1.440e+03  1.000e+00  4.257e-58
1.441e+03  1.000e+00  2.281e-58
1.442e+03  1.000e+00  1.220e-58
1.443e+03  1.000e+00  6.519e-59
1.444e+03  1.000e+00  3.479e-59
1.445e+03  1.000e+00  1.854e-59
1.446e+03  1.000e+00  9.872e-60
1.447e+03  1.000e+00  5.249e-60
1.448e+03  1.000e+00  2.787e-60
1.449e+03  1.000e+00  1.478e-60
1.450e+03  1.000e+00  7.830e-61
1.451e+03  1.000e+00  4.142e-61
1.452e+03  1.000e+00  2.189e-61
1.453e+03  1.000e+00  1.155e-61
1.454e+03  1.000e+00  6.089e-62
1.455e+03  1.000e+00  3.205e-62
1.456e+03  1.000e+00  1.685e-62
1.457e+03  1.000e+00  8.850e-63
1.458e+03  1.000e+00  4.642e-63
1.459e+03  1.000e+00  2.432e-63
1.460e+03  1.000e+00  1.272e-63
1.461e+03  1.000e+00  6.648e-64
1.462e+03  1.000e+00  3.470e-64
1.463e+03  1.000e+00  1.809e-64
1.464e+03  1.000e+00  9.417e-65
1.465e+03  1.000e+00  4.897e-65
1.466e+03  1.000e+00  2.543e-65
1.467e+03  1.000e+00  1.319e-65
1.468e+03  1.000e+00  6.835e-66
1.469e+03  1.000e+00  3.537e-66
1.470e+03  1.000e+00  1.828e-66
1.471e+03  1.000e+00  9.436e-67
1.472e+03  1.000e+00  4.865e-67
1.473e+03  1.000e+00  2.505e-67
1.474e+03  1.000e+00  1.289e-67
1.475e+03  1.000e+00  6.619e-68
1.476e+03  1.000e+00  3.396e-68
1.477e+03  1.000e+00  1.740e-68
1.478e+03  1.000e+00  8.907e-69
1.479e+03  1.000e+00  4.553e-69
1.480e+03  1.000e+00  2.325e-69
1.481e+03  1.000e+00  1.186e-69
1.482e+03  1.000e+00  6.039e-70
1.483e+03  1.000e+00  3.072e-70
1.484e+03  1.000e+00  1.561e-70
1.485e+03  1.000e+00  7.923e-71
1.486e+03  1.000e+00  4.016e-71
1.487e+03  1.000e+00  2.033e-71
1.488e+03  1.000e+00  1.028e-71
1.489e+03  1.000e+00  5.193e-72
1.490e+03  1.000e+00  2.620e-72
1.491e+03  1.000e+00  1.320e-72
1.492e+03  1.000e+00  6.643e-73
1.493e+03  1.000e+00  3.339e-73
1.494e+03  1.000e+00  1.676e-73
1.495e+03  1.000e+00  8.406e-74
1.496e+03  1.000e+00  4.210e-74
1.497e+03  1.000e+00  2.106e-74
1.498e+03  1.000e+00  1.052e-74
1.499e+03  1.000e+00  5.252e-75
1.500e+03  1.000e+00  2.618e-75
1.501e+03  1.000e+00  1.303e-75
1.502e+03  1.000e+00  6.481e-76
1.503e+03  1.000e+00  3.219e-76
1.504e+03  1.000e+00  1.597e-76
1.505e+03  1.000e+00  7.912e-77
1.506e+03  1.000e+00  3.916e-77
1.507e+03  1.000e+00  1.936e-77
1.508e+03  1.000e+00  9.558e-78
1.509e+03  1.000e+00  4.713e-78
1.510e+03  1.000e+00  2.322e-78
1.511e+03  1.000e+00  1.142e-78
1.512e+03  1.000e+00  5.613e-79
1.513e+03  1.000e+00  2.755e-79
1.514e+03  1.000e+00  1.351e-79
1.515e+03  1.000e+00  6.614e-80
1.516e+03  1.000e+00  3.235e-80
1.517e+03  1.000e+00  1.580e-80
1.518e+03  1.000e+00  7.711e-81
1.519e+03  1.000e+00  3.758e-81
1.520e+03  1.000e+00  1.829e-81
1.521e+03  1.000e+00  8.895e-82
1.522e+03  1.000e+00  4.320e-82
1.523e+03  1.000e+00  2.096e-82
1.524e+03  1.000e+00  1.015e-82
1.525e+03  1.000e+00  4.914e-83
1.526e+03  1.000e+00  2.375e-83
1.527e+03  1.000e+00  1.147e-83
1.528e+03  1.000e+00  5.531e-84
1.529e+03  1.000e+00  2.664e-84
1.530e+03  1.000e+00  1.282e-84
1.531e+03  1.000e+00  6.161e-85
1.532e+03  1.000e+00  2.957e-85
1.533e+03  1.000e+00  1.418e-85
1.534e+03  1.000e+00  6.790e-86
1.535e+03  1.000e+00  3.248e-86
1.536e+03  1.000e+00  1.552e-86
1.537e+03  1.000e+00  7.407e-87
1.538e+03  1.000e+00  3.531e-87
1.539e+03  1.000e+00  1.681e-87
1.540e+03  1.000e+00  7.995e-88
1.541e+03  1.000e+00  3.798e-88
1.542e+03  1.000e+00  1.802e-88
1.543e+03  1.000e+00  8.541e-89
1.544e+03  1.000e+00  4.043e-89
1.545e+03  1.000e+00  1.912e-89
1.546e+03  1.000e+00  9.030e-90
1.547e+03  1.000e+00  4.260e-90
1.548e+03  1.000e+00  2.008e-90
1.549e+03  1.000e+00  9.449e-91
1.550e+03  1.000e+00  4.443e-91
1.551e+03  1.000e+00  2.086e-91
1.552e+03  1.000e+00  9.786e-92
1.553e+03  1.000e+00  4.585e-92
1.554e+03  1.000e+00  2.146e-92
1.555e+03  1.000e+00  1.003e-92
1.556e+03  1.000e+00  4.684e-93
1.557e+03  1.000e+00  2.185e-93
1.558e+03  1.000e+00  1.018e-93
1.559e+03  1.000e+00  4.736e-94
1.560e+03  1.000e+00  2.201e-94
1.561e+03  1.000e+00  1.022e-94
1.562e+03  1.000e+00  4.740e-95
1.563e+03  1.000e+00  2.196e-95
1.564e+03  1.000e+00  1.016e-95
1.565e+03  1.000e+00  4.695e-96
1.566e+03  1.000e+00  2.168e-96
1.567e+03  1.000e+00  9.996e-97
1.568e+03  1.000e+00  4.604e-97
1.569e+03  1.000e+00  2.118e-97
1.570e+03  1.000e+00  9.735e-98
1.571e+03  1.000e+00  4.469e-98
1.572e+03  1.000e+00  2.049e-98
1.573e+03  1.000e+00  9.386e-99
1.574e+03  1.000e+00  4.294e-99
1.575e+03  1.000e+00  1.962e-99
1.576e+03  1.000e+00  8.958e-100
1.577e+03  1.000e+00  4.085e-100
1.578e+03  1.000e+00  1.860e-100
1.579e+03  1.000e+00  8.464e-101
1.580e+03  1.000e+00  3.846e-101
1.581e+03  1.000e+00  1.746e-101
1.582e+03  1.000e+00  7.917e-102
1.583e+03  1.000e+00  3.586e-102
1.584e+03  1.000e+00  1.622e-102
1.585e+03  1.000e+00  7.331e-103
1.586e+03  1.000e+00  3.309e-103
1.587e+03  1.000e+00  1.492e-103
1.588e+03  1.000e+00  6.721e-104
1.589e+03  1.000e+00  3.024e-104
1.590e+03  1.000e+00  1.359e-104
1.591e+03  1.000e+00  6.100e-105
1.592e+03  1.000e+00  2.735e-105
1.593e+03  1.000e+00  1.225e-105
1.594e+03  1.000e+00  5.482e-106
1.595e+03  1.000e+00  2.450e-106
1.596e+03  1.000e+00  1.094e-106
1.597e+03  1.000e+00  4.877e-107
1.598e+03  1.000e+00  2.173e-107
1.599e+03  1.000e+00  9.667e-108
1.600e+03  1.000e+00  4.297e-108
1.601e+03  1.000e+00  1.908e-108
1.602e+03  1.000e+00  8.460e-109
1.603e+03  1.000e+00  3.748e-109
1.604e+03  1.000e+00  1.658e-109
1.605e+03  1.000e+00  7.331e-110
1.606e+03  1.000e+00  3.237e-110
1.607e+03  1.000e+00  1.428e-110
1.608e+03  1.000e+00  6.290e-111
1.609e+03  1.000e+00  2.768e-111
1.610e+03  1.000e+00  1.217e-111
1.611e+03  1.000e+00  5.344e-112
1.612e+03  1.000e+00  2.344e-112
1.613e+03  1.000e+00  1.027e-112
1.614e+03  1.000e+00  4.497e-113
1.615e+03  1.000e+00  1.966e-113
1.616e+03  1.000e+00  8.587e-114
1.617e+03  1.000e+00  3.746e-114
1.618e+03  1.000e+00  1.633e-114
1.619e+03  1.000e+00  7.108e-115
1.620e+03  1.000e+00  3.091e-115
1.621e+03  1.000e+00  1.343e-115
1.622e+03  1.000e+00  5.826e-116
1.623e+03  1.000e+00  2.525e-116
1.624e+03  1.000e+00  1.093e-116
1.625e+03  1.000e+00  4.730e-117
1.626e+03  1.000e+00  2.043e-117
1.627e+03  1.000e+00  8.819e-118
1.628e+03  1.000e+00  3.802e-118
1.629e+03  1.000e+00  1.638e-118
1.630e+03  1.000e+00  7.045e-119
1.631e+03  1.000e+00  3.027e-119
1.632e+03  1.000e+00  1.300e-119
1.633e+03  1.000e+00  5.573e-120
1.634e+03  1.000e+00  2.387e-120
1.635e+03  1.000e+00  1.022e-120
1.636e+03  1.000e+00  4.366e-121
1.637e+03  1.000e+00  1.864e-121
1.638e+03  1.000e+00  7.952e-122
1.639e+03  1.000e+00  3.388e-122
1.640e+03  1.000e+00  1.442e-122
1.641e+03  1.000e+00  6.132e-123
1.642e+03  1.000e+00  2.604e-123
1.643e+03  1.000e+00  1.105e-123
1.644e+03  1.000e+00  4.683e-124
1.645e+03  1.000e+00  1.983e-124
1.646e+03  1.000e+00  8.385e-125
1.647e+03  1.000e+00  3.542e-125
1.648e+03  1.000e+00  1.495e-125
1.649e+03  1.000e+00  6.303e-126
1.650e+03  1.000e+00  2.654e-126
1.651e+03  1.000e+00  1.117e-126
1.652e+03  1.000e+00  4.693e-127
1.653e+03  1.000e+00  1.970e-127
1.654e+03  1.000e+00  8.262e-128
1.655e+03  1.000e+00  3.461e-128
1.656e+03  1.000e+00  1.448e-128
1.657e+03  1.000e+00  6.055e-129
1.658e+03  1.000e+00  2.529e-129
1.659e+03  1.000e+00  1.055e-129
1.660e+03  1.000e+00  4.396e-130
1.661e+03  1.000e+00  1.830e-130
1.662e+03  1.000e+00  7.610e-131
1.663e+03  1.000e+00  3.162e-131
1.664e+03  1.000e+00  1.312e-131
1.665e+03  1.000e+00  5.439e-132
1.666e+03  1.000e+00  2.253e-132
1.667e+03  1.000e+00  9.319e-133
1.668e+03  1.000e+00  3.851e-133
1.669e+03  1.000e+00  1.590e-133
1.670e+03  1.000e+00  6.557e-134
1.671e+03  1.000e+00  2.701e-134
1.672e+03  1.000e+00  1.112e-134
1.673e+03  1.000e+00  4.571e-135
1.674e+03  1.000e+00  1.877e-135
1.675e+03  1.000e+00  7.702e-136
1.676e+03  1.000e+00  3.157e-136
1.677e+03  1.000e+00  1.292e-136
1.678e+03  1.000e+00  5.286e-137
1.679e+03  1.000e+00  2.160e-137
1.680e+03  1.000e+00  8.815e-138
1.681e+03  1.000e+00  3.594e-138
1.682e+03  1.000e+00  1.464e-138
1.683e+03  1.000e+00  5.958e-139
1.684e+03  1.000e+00  2.422e-139
1.685e+03  1.000e+00  9.834e-140
1.686e+03  1.000e+00  3.989e-140
1.687e+03  1.000e+00  1.617e-140
1.688e+03  1.000e+00  6.545e-141
1.689e+03  1.000e+00  2.647e-141
1.690e+03  1.000e+00  1.069e-141
1.691e+03  1.000e+00  4.316e-142
1.692e+03  1.000e+00  1.740e-142
1.693e+03  1.000e+00  7.008e-143
1.694e+03  1.000e+00  2.820e-143
1.695e+03  1.000e+00  1.133e-143
1.696e+03  1.000e+00  4.551e-144
1.697e+03  1.000e+00  1.826e-144
1.698e+03  1.000e+00  7.316e-145
1.699e+03  1.000e+00  2.929e-145
1.700e+03  1.000e+00  1.171e-145
1.701e+03  1.000e+00  4.679e-146
1.702e+03  1.000e+00  1.867e-146
1.703e+03  1.000e+00  7.445e-147
1.704e+03  1.000e+00  2.966e-147
1.705e+03  1.000e+00  1.180e-147
1.706e+03  1.000e+00  4.690e-148
1.707e+03  1.000e+00  1.863e-148
1.708e+03  1.000e+00  7.389e-149
1.709e+03  1.000e+00  2.928e-149
1.710e+03  1.000e+00  1.159e-149
1.711e+03  1.000e+00  4.585e-150
1.712e+03  1.000e+00  1.812e-150
1.713e+03  1.000e+00  7.151e-151
1.714e+03  1.000e+00  2.820e-151
1.715e+03  1.000e+00  1.111e-151
1.716e+03  1.000e+00  4.371e-152
1.717e+03  1.000e+00  1.718e-152
1.718e+03  1.000e+00  6.749e-153
1.719e+03  1.000e+00  2.648e-153
1.720e+03  1.000e+00  1.038e-153
1.721e+03  1.000e+00  4.064e-154
1.722e+03  1.000e+00  1.590e-154
1.723e+03  1.000e+00  6.213e-155
1.724e+03  1.000e+00  2.426e-155
1.725e+03  1.000e+00  9.461e-156
1.726e+03  1.000e+00  3.686e-156
1.727e+03  1.000e+00  1.435e-156
1.728e+03  1.000e+00  5.580e-157
1.729e+03  1.000e+00  2.168e-157
1.730e+03  1.000e+00  8.413e-158
1.731e+03  1.000e+00  3.262e-158
1.732e+03  1.000e+00  1.263e-158
1.733e+03  1.000e+00  4.889e-159
1.734e+03  1.000e+00  1.890e-159
1.735e+03  1.000e+00  7.299e-160
1.736e+03  1.000e+00  2.816e-160
1.737e+03  1.000e+00  1.085e-160
1.738e+03  1.000e+00  4.179e-161
1.739e+03  1.000e+00  1.608e-161
1.740e+03  1.000e+00  6.178e-162
1.741e+03  1.000e+00  2.372e-162
1.742e+03  1.000e+00  9.098e-163
1.743e+03  1.000e+00  3.486e-163
1.744e+03  1.000e+00  1.334e-163
1.745e+03  1.000e+00  5.104e-164
1.746e+03  1.000e+00  1.950e-164
1.747e+03  1.000e+00  7.442e-165
1.748e+03  1.000e+00  2.838e-165
1.749e+03  1.000e+00  1.081e-165
1.750e+03  1.000e+00  4.114e-166
1.751e+03  1.000e+00  1.564e-166
1.752e+03  1.000e+00  5.942e-167
1.753e+03  1.000e+00  2.255e-167
1.754e+03  1.000e+00  8.548e-168
1.755e+03  1.000e+00  3.237e-168
1.756e+03  1.000e+00  1.225e-168
1.757e+03  1.000e+00  4.630e-169
1.758e+03  1.000e+00  1.749e-169
1.759e+03  1.000e+00  6.597e-170
1.760e+03  1.000e+00  2.487e-170
1.761e+03  1.000e+00  9.363e-171
1.762e+03  1.000e+00  3.522e-171
1.763e+03  1.000e+00  1.324e-171
1.764e+03  1.000e+00  4.971e-172
1.765e+03  1.000e+00  1.864e-172
1.766e+03  1.000e+00  6.987e-173
1.767e+03  1.000e+00  2.616e-173
1.768e+03  1.000e+00  9.785e-174
1.769e+03  1.000e+00  3.656e-174
1.770e+03  1.000e+00  1.365e-174
1.771e+03  1.000e+00  5.091e-175
1.772e+03  1.000e+00  1.897e-175
1.773e+03  1.000e+00  7.061e-176
1.774e+03  1.000e+00  2.626e-176
1.775e+03  1.000e+00  9.758e-177
1.776e+03  1.000e+00  3.622e-177
1.777e+03  1.000e+00  1.343e-177
1.778e+03  1.000e+00  4.976e-178
1.779e+03  1.000e+00  1.842e-178
1.780e+03  1.000e+00  6.811e-179
1.781e+03  1.000e+00  2.516e-179
1.782e+03  1.000e+00  9.288e-180
1.783e+03  1.000e+00  3.425e-180
1.784e+03  1.000e+00  1.262e-180
1.785e+03  1.000e+00  4.644e-181
1.786e+03  1.000e+00  1.708e-181
1.787e+03  1.000e+00  6.273e-182
1.788e+03  1.000e+00  2.302e-182
1.789e+03  1.000e+00  8.442e-183
1.790e+03  1.000e+00  3.092e-183
1.791e+03  1.000e+00  1.132e-183
1.792e+03  1.000e+00  4.138e-184
1.793e+03  1.000e+00  1.512e-184
1.794e+03  1.000e+00  5.517e-185
1.795e+03  1.000e+00  2.012e-185
1.796e+03  1.000e+00  7.327e-186
1.797e+03  1.000e+00  2.667e-186
1.798e+03  1.000e+00  9.696e-187
1.799e+03  1.000e+00  3.522e-187
1.800e+03  1.000e+00  1.278e-187
1.801e+03  1.000e+00  4.635e-188
1.802e+03  1.000e+00  1.679e-188
1.803e+03  1.000e+00  6.076e-189
1.804e+03  1.000e+00  2.197e-189
1.805e+03  1.000e+00  7.937e-190
1.806e+03  1.000e+00  2.864e-190
1.807e+03  1.000e+00  1.033e-190
1.808e+03  1.000e+00  3.721e-191
1.809e+03  1.000e+00  1.339e-191
1.810e+03  1.000e+00  4.815e-192
1.811e+03  1.000e+00  1.730e-192
1.812e+03  1.000e+00  6.208e-193
1.813e+03  1.000e+00  2.226e-193
1.814e+03  1.000e+00  7.975e-194
1.815e+03  1.000e+00  2.855e-194
1.816e+03  1.000e+00  1.021e-194
1.817e+03  1.000e+00  3.647e-195
1.818e+03  1.000e+00  1.302e-195
1.819e+03  1.000e+00  4.642e-196
1.820e+03  1.000e+00  1.654e-196
1.821e+03  1.000e+00  5.888e-197
1.822e+03  1.000e+00  2.094e-197
1.823e+03  1.000e+00  7.440e-198
1.824e+03  1.000e+00  2.641e-198
1.825e+03  1.000e+00  9.367e-199
1.826e+03  1.000e+00  3.319e-199
1.827e+03  1.000e+00  1.175e-199
1.828e+03  1.000e+00  4.156e-200
1.829e+03  1.000e+00  1.469e-200
1.830e+03  1.000e+00  5.185e-201
1.831e+03  1.000e+00  1.829e-201
1.832e+03  1.000e+00  6.446e-202
1.833e+03  1.000e+00  2.270e-202
1.834e+03  1.000e+00  7.984e-203
1.835e+03  1.000e+00  2.806e-203
1.836e+03  1.000e+00  9.854e-204
1.837e+03  1.000e+00  3.457e-204
1.838e+03  1.000e+00  1.212e-204
1.839e+03  1.000e+00  4.244e-205
1.840e+03  1.000e+00  1.485e-205
1.841e+03  1.000e+00  5.191e-206
1.842e+03  1.000e+00  1.813e-206
1.843e+03  1.000e+00  6.326e-207
1.844e+03  1.000e+00  2.206e-207
1.845e+03  1.000e+00  7.682e-208
1.846e+03  1.000e+00  2.674e-208
1.847e+03  1.000e+00  9.296e-209
1.848e+03  1.000e+00  3.229e-209
1.849e+03  1.000e+00  1.121e-209
1.850e+03  1.000e+00  3.887e-210
1.851e+03  1.000e+00  1.347e-210
1.852e+03  1.000e+00  4.661e-211
1.853e+03  1.000e+00  1.612e-211
1.854e+03  1.000e+00  5.570e-212
1.855e+03  1.000e+00  1.923e-212
1.856e+03  1.000e+00  6.633e-213
1.857e+03  1.000e+00  2.286e-213
1.858e+03  1.000e+00  7.871e-214
1.859e+03  1.000e+00  2.708e-214
1.860e+03  1.000e+00  9.307e-215
1.861e+03  1.000e+00  3.196e-215
1.862e+03  1.000e+00  1.097e-215
1.863e+03  1.000e+00  3.759e-216
1.864e+03  1.000e+00  1.287e-216
1.865e+03  1.000e+00  4.406e-217
1.866e+03  1.000e+00  1.506e-217
1.867e+03  1.000e+00  5.145e-218
1.868e+03  1.000e+00  1.756e-218
1.869e+03  1.000e+00  5.988e-219
1.870e+03  1.000e+00  2.040e-219
1.871e+03  1.000e+00  6.945e-220
1.872e+03  1.000e+00  2.362e-220
1.873e+03  1.000e+00  8.026e-221
1.874e+03  1.000e+00  2.725e-221
1.875e+03  1.000e+00  9.243e-222
1.876e+03  1.000e+00  3.133e-222
1.877e+03  1.000e+00  1.061e-222
1.878e+03  1.000e+00  3.589e-223
1.879e+03  1.000e+00  1.213e-223
1.880e+03  1.000e+00  4.097e-224
1.881e+03  1.000e+00  1.383e-224
1.882e+03  1.000e+00  4.662e-225
1.883e+03  1.000e+00  1.570e-225
1.884e+03  1.000e+00  5.285e-226
1.885e+03  1.000e+00  1.777e-226
1.886e+03  1.000e+00  5.971e-227
1.887e+03  1.000e+00  2.005e-227
1.888e+03  1.000e+00  6.724e-228
1.889e+03  1.000e+00  2.253e-228
1.890e+03  1.000e+00  7.545e-229
1.891e+03  1.000e+00  2.524e-229
1.892e+03  1.000e+00  8.437e-230
1.893e+03  1.000e+00  2.818e-230
1.894e+03  1.000e+00  9.402e-231
1.895e+03  1.000e+00  3.134e-231
1.896e+03  1.000e+00  1.044e-231
1.897e+03  1.000e+00  3.475e-232
1.898e+03  1.000e+00  1.156e-232
1.899e+03  1.000e+00  3.840e-233
1.900e+03  1.000e+00  1.275e-233
1.901e+03  1.000e+00  4.228e-234
1.902e+03  1.000e+00  1.401e-234
1.903e+03  1.000e+00  4.640e-235
1.904e+03  1.000e+00  1.535e-235
1.905e+03  1.000e+00  5.074e-236
1.906e+03  1.000e+00  1.676e-236
1.907e+03  1.000e+00  5.530e-237
1.908e+03  1.000e+00  1.823e-237
1.909e+03  1.000e+00  6.007e-238
1.910e+03  1.000e+00  1.977e-238
1.911e+03  1.000e+00  6.503e-239
1.912e+03  1.000e+00  2.137e-239
1.913e+03  1.000e+00  7.016e-240
1.914e+03  1.000e+00  2.302e-240
1.915e+03  1.000e+00  7.544e-241
1.916e+03  1.000e+00  2.471e-241
1.917e+03  1.000e+00  8.085e-242
1.918e+03  1.000e+00  2.643e-242
1.919e+03  1.000e+00  8.635e-243
1.920e+03  1.000e+00  2.819e-243
1.921e+03  1.000e+00  9.192e-244
1.922e+03  1.000e+00  2.995e-244
1.923e+03  1.000e+00  9.752e-245
1.924e+03  1.000e+00  3.172e-245
1.925e+03  1.000e+00  1.031e-245
1.926e+03  1.000e+00  3.349e-246
1.927e+03  1.000e+00  1.087e-246
1.928e+03  1.000e+00  3.523e-247
1.929e+03  1.000e+00  1.141e-247
1.930e+03  1.000e+00  3.694e-248
1.931e+03  1.000e+00  1.195e-248
1.932e+03  1.000e+00  3.861e-249
1.933e+03  1.000e+00  1.247e-249
1.934e+03  1.000e+00  4.022e-250
1.935e+03  1.000e+00  1.296e-250
1.936e+03  1.000e+00  4.175e-251
1.937e+03  1.000e+00  1.344e-251
1.938e+03  1.000e+00  4.320e-252
1.939e+03  1.000e+00  1.388e-252
1.940e+03  1.000e+00  4.456e-253
1.941e+03  1.000e+00  1.429e-253
1.942e+03  1.000e+00  4.580e-254
1.943e+03  1.000e+00  1.467e-254
1.944e+03  1.000e+00  4.693e-255
1.945e+03  1.000e+00  1.500e-255
1.946e+03  1.000e+00  4.792e-256
1.947e+03  1.000e+00  1.530e-256
1.948e+03  1.000e+00  4.878e-257
1.949e+03  1.000e+00  1.554e-257
1.950e+03  1.000e+00  4.949e-258
1.951e+03  1.000e+00  1.574e-258
1.952e+03  1.000e+00  5.004e-259
1.953e+03  1.000e+00  1.589e-259
1.954e+03  1.000e+00  5.044e-260
1.955e+03  1.000e+00  1.599e-260
1.956e+03  1.000e+00  5.067e-261
1.957e+03  1.000e+00  1.604e-261
1.958e+03  1.000e+00  5.074e-262
1.959e+03  1.000e+00  1.604e-262
1.960e+03  1.000e+00  5.064e-263
1.961e+03  1.000e+00  1.598e-263
1.962e+03  1.000e+00  5.039e-264
1.963e+03  1.000e+00  1.587e-264
1.964e+03  1.000e+00  4.997e-265
1.965e+03  1.000e+00  1.572e-265
1.966e+03  1.000e+00  4.939e-266
1.967e+03  1.000e+00  1.551e-266
1.968e+03  1.000e+00  4.866e-267
1.969e+03  1.000e+00  1.526e-267
1.970e+03  1.000e+00  4.779e-268
1.971e+03  1.000e+00  1.496e-268
1.972e+03  1.000e+00  4.679e-269
1.973e+03  1.000e+00  1.462e-269
1.974e+03  1.000e+00  4.566e-270
1.975e+03  1.000e+00  1.425e-270
1.976e+03  1.000e+00  4.441e-271
1.977e+03  1.000e+00  1.383e-271
1.978e+03  1.000e+00  4.306e-272
1.979e+03  1.000e+00  1.339e-272
1.980e+03  1.000e+00  4.162e-273
1.981e+03  1.000e+00  1.292e-273
1.982e+03  1.000e+00  4.010e-274
1.983e+03  1.000e+00  1.243e-274
1.984e+03  1.000e+00  3.851e-275
1.985e+03  1.000e+00  1.192e-275
1.986e+03  1.000e+00  3.686e-276
1.987e+03  1.000e+00  1.139e-276
1.988e+03  1.000e+00  3.518e-277
1.989e+03  1.000e+00  1.085e-277
1.990e+03  1.000e+00  3.346e-278
1.991e+03  1.000e+00  1.031e-278
1.992e+03  1.000e+00  3.173e-279
1.993e+03  1.000e+00  9.760e-280
1.994e+03  1.000e+00  3.000e-280
1.995e+03  1.000e+00  9.211e-281
1.996e+03  1.000e+00  2.827e-281
1.997e+03  1.000e+00  8.668e-282
1.998e+03  1.000e+00  2.662e-282
1.999e+03  1.000e+00  8.360e-283
2.000e+03  1.000e+00  3.246e-283
