0.000e+00  4.702e-315  4.898e-01
1.000e+00  1.264e-314  4.898e-01
2.000e+00  4.194e-314  4.898e-01
3.000e+00  1.421e-313  4.898e-01
4.000e+00  4.821e-313  4.898e-01
5.000e+00  1.636e-312  4.898e-01
6.000e+00  5.553e-312  4.898e-01
7.000e+00  1.885e-311  4.898e-01
8.000e+00  6.397e-311  4.898e-01
9.000e+00  2.171e-310  4.898e-01
1.000e+01  7.370e-310  4.898e-01
1.100e+01  2.501e-309  4.898e-01
1.200e+01  8.490e-309  4.898e-01
1.300e+01  2.882e-308  4.898e-01
1.400e+01  9.780e-308  4.898e-01
1.500e+01  3.320e-307  4.898e-01
1.600e+01  1.127e-306  4.898e-01
1.700e+01  3.824e-306  4.898e-01
1.800e+01  1.298e-305  4.898e-01
1.900e+01  4.405e-305  4.898e-01
2.000e+01  1.495e-304  4.898e-01
2.100e+01  5.075e-304  4.898e-01
2.200e+01  1.723e-303  4.898e-01
2.300e+01  5.846e-303  4.898e-01
2.400e+01  1.984e-302  4.898e-01
2.500e+01  6.735e-302  4.898e-01
2.600e+01  2.286e-301  4.898e-01
2.700e+01  7.759e-301  4.898e-01
2.800e+01  2.633e-300  4.898e-01
2.900e+01  8.938e-300  4.898e-01
3.000e+01  3.034e-299  4.898e-01
3.100e+01  1.030e-298  4.898e-01
3.200e+01  3.495e-298  4.898e-01
3.300e+01  1.186e-297  4.898e-01
3.400e+01  4.026e-297  4.898e-01
3.500e+01  1.366e-296  4.898e-01
3.600e+01  4.638e-296  4.898e-01
3.700e+01  1.574e-295  4.898e-01
3.800e+01  5.342e-295  4.898e-01
3.900e+01  1.813e-294  4.898e-01
4.000e+01  6.154e-294  4.898e-01
4.100e+01  2.089e-293  4.898e-01
4.200e+01  7.089e-293  4.898e-01
4.300e+01  2.406e-292  4.898e-01
4.400e+01  8.165e-292  4.898e-01
4.500e+01  2.771e-291  4.898e-01
4.600e+01  9.405e-291  4.898e-01
4.700e+01  3.192e-290  4.898e-01
4.800e+01  1.083e-289  4.898e-01
4.900e+01  3.676e-289  4.898e-01
5.000e+01  1.248e-288  4.898e-01
5.100e+01  4.234e-288  4.898e-01
5.200e+01  1.437e-287  4.898e-01
5.300e+01  4.876e-287  4.898e-01
5.400e+01  1.655e-286  4.898e-01
5.500e+01  5.615e-286  4.898e-01
5.600e+01  1.905e-285  4.898e-01
5.700e+01  6.465e-285  4.898e-01
5.800e+01  2.194e-284  4.898e-01
5.900e+01  7.443e-284  4.898e-01
6.000e+01  2.525e-283  4.898e-01
6.100e+01  8.567e-283  4.898e-01
6.200e+01  2.906e-282  4.898e-01
6.300e+01  9.860e-282  4.898e-01
6.400e+01  3.345e-281  4.898e-01
6.500e+01  1.135e-280  4.898e-01
6.600e+01  3.849e-280  4.898e-01
6.700e+01  1.305e-279  4.898e-01
6.800e+01  4.427e-279  4.898e-01
6.900e+01  1.501e-278  4.898e-01
7.000e+01  5.091e-278  4.898e-01
7.100e+01  1.726e-277  4.898e-01
7.200e+01  5.853e-277  4.898e-01
7.300e+01  1.984e-276  4.898e-01
7.400e+01  6.726e-276  4.898e-01
7.500e+01  2.280e-275  4.898e-01
7.600e+01  7.726e-275  4.898e-01
7.700e+01  2.618e-274  4.898e-01
7.800e+01  8.871e-274  4.898e-01
7.900e+01  3.005e-273  4.898e-01
8.000e+01  1.018e-272  4.898e-01
8.100e+01  3.448e-272  4.898e-01
8.200e+01  1.168e-271  4.898e-01
8.300e+01  3.953e-271  4.898e-01
8.400e+01  1.338e-270  4.898e-01
8.500e+01  4.529e-270  4.898e-01
8.600e+01  1.533e-269  4.898e-01
8.700e+01  5.185e-269  4.898e-01
8.800e+01  1.754e-268  4.898e-01
8.900e+01  5.931e-268  4.898e-01
9.000e+01  2.005e-267  4.898e-01
9.100e+01  6.777e-267  4.898e-01
9.200e+01  2.290e-266  4.898e-01
9.300e+01  7.737e-266  4.898e-01
9.400e+01  2.613e-265  4.898e-01
9.500e+01  8.823e-265  4.898e-01
9.600e+01  2.978e-264  4.898e-01
9.700e+01  1.005e-263  4.898e-01
9.800e+01  3.390e-263  4.898e-01
9.900e+01  1.143e-262  4.898e-01
1.000e+02  3.853e-262  4.898e-01
1.010e+02  1.298e-261  4.898e-01
1.020e+02  4.373e-261  4.898e-01
1.030e+02  1.472e-260  4.898e-01
1.040e+02  4.955e-260  4.898e-01
1.050e+02  1.667e-259  4.898e-01
1.060e+02  5.606e-259  4.898e-01
1.070e+02  1.884e-258  4.898e-01
1.080e+02  6.331e-258  4.898e-01
1.090e+02  2.126e-257  4.898e-01
1.100e+02  7.137e-257  4.898e-01
1.110e+02  2.394e-256  4.898e-01
1.120e+02  8.028e-256  4.898e-01
1.130e+02  2.691e-255  4.898e-01
1.140e+02  9.013e-255  4.898e-01
1.150e+02  3.017e-254  4.898e-01
1.160e+02  1.010e-253  4.898e-01
1.170e+02  3.376e-253  4.898e-01
1.180e+02  1.128e-252  4.898e-01
1.190e+02  3.769e-252  4.898e-01
1.200e+02  1.258e-251  4.898e-01
1.210e+02  4.197e-251  4.898e-01
1.220e+02  1.399e-250  4.898e-01
1.230e+02  4.662e-250  4.898e-01
1.240e+02  1.552e-249  4.898e-01
1.250e+02  5.164e-249  4.898e-01
1.260e+02  1.717e-248  4.898e-01
1.270e+02  5.705e-248  4.898e-01
1.280e+02  1.894e-247  4.898e-01
1.290e+02  6.285e-247  4.898e-01
1.300e+02  2.084e-246  4.898e-01
1.310e+02  6.904e-246  4.898e-01
1.320e+02  2.286e-245  4.898e-01
1.330e+02  7.561e-245  4.898e-01
1.340e+02  2.499e-244  4.898e-01
1.350e+02  8.255e-244  4.898e-01
1.360e+02  2.725e-243  4.898e-01
1.370e+02  8.985e-243  4.898e-01
1.380e+02  2.960e-242  4.898e-01
1.390e+02  9.747e-242  4.898e-01
1.400e+02  3.206e-241  4.898e-01
1.410e+02  1.054e-240  4.898e-01
1.420e+02  3.461e-240  4.898e-01
1.430e+02  1.136e-239  4.898e-01
1.440e+02  3.723e-239  4.898e-01
1.450e+02  1.219e-238  4.898e-01
1.460e+02  3.990e-238  4.898e-01
1.470e+02  1.305e-237  4.898e-01
1.480e+02  4.262e-237  4.898e-01
1.490e+02  1.391e-236  4.898e-01
1.500e+02  4.536e-236  4.898e-01
1.510e+02  1.478e-235  4.898e-01
1.520e+02  4.809e-235  4.898e-01
1.530e+02  1.564e-234  4.898e-01
1.540e+02  5.080e-234  4.898e-01
1.550e+02  1.649e-233  4.898e-01
1.560e+02  5.346e-233  4.898e-01
1.570e+02  1.732e-232  4.898e-01
1.580e+02  5.604e-232  4.898e-01
1.590e+02  1.812e-231  4.898e-01
1.600e+02  5.852e-231  4.898e-01
1.610e+02  1.888e-230  4.898e-01
1.620e+02  6.086e-230  4.898e-01
1.630e+02  1.960e-229  4.898e-01
1.640e+02  6.304e-229  4.898e-01
1.650e+02  2.026e-228  4.898e-01
1.660e+02  6.503e-228  4.898e-01
1.670e+02  2.086e-227  4.898e-01
1.680e+02  6.682e-227  4.898e-01
1.690e+02  2.138e-226  4.898e-01
1.700e+02  6.837e-226  4.898e-01
1.710e+02  2.183e-225  4.898e-01
1.720e+02  6.966e-225  4.898e-01
1.730e+02  2.220e-224  4.898e-01
1.740e+02  7.068e-224  4.898e-01
1.750e+02  2.248e-223  4.898e-01
1.760e+02  7.141e-223  4.898e-01
1.770e+02  2.266e-222  4.898e-01
1.780e+02  7.183e-222  4.898e-01
1.790e+02  2.275e-221  4.898e-01
1.800e+02  7.195e-221  4.898e-01
1.810e+02  2.273e-220  4.898e-01
1.820e+02  7.175e-220  4.898e-01
1.830e+02  2.262e-219  4.898e-01
1.840e+02  7.125e-219  4.898e-01
1.850e+02  2.241e-218  4.898e-01
1.860e+02  7.043e-218  4.898e-01
1.870e+02  2.211e-217  4.898e-01
1.880e+02  6.931e-217  4.898e-01
1.890e+02  2.171e-216  4.898e-01
1.900e+02  6.791e-216  4.898e-01
1.910e+02  2.122e-215  4.898e-01
1.920e+02  6.623e-215  4.898e-01
1.930e+02  2.065e-214  4.898e-01
1.940e+02  6.431e-214  4.898e-01
1.950e+02  2.000e-213  4.898e-01
1.960e+02  6.215e-213  4.898e-01
1.970e+02  1.929e-212  4.898e-01
1.980e+02  5.980e-212  4.898e-01
1.990e+02  1.852e-211  4.898e-01
2.000e+02  5.727e-211  4.898e-01
2.010e+02  1.769e-210  4.898e-01
2.020e+02  5.459e-210  4.898e-01
2.030e+02  1.683e-209  4.898e-01
2.040e+02  5.180e-209  4.898e-01
2.050e+02  1.593e-208  4.898e-01
2.060e+02  4.892e-208  4.898e-01
2.070e+02  1.501e-207  4.898e-01
2.080e+02  4.599e-207  4.898e-01
2.090e+02  1.408e-206  4.898e-01
2.100e+02  4.303e-206  4.898e-01
2.110e+02  1.314e-205  4.898e-01
2.120e+02  4.007e-205  4.898e-01
2.130e+02  1.221e-204  4.898e-01
2.140e+02  3.714e-204  4.898e-01
2.150e+02  1.129e-203  4.898e-01
2.160e+02  3.426e-203  4.898e-01
2.170e+02  1.039e-202  4.898e-01
2.180e+02  3.145e-202  4.898e-01
2.190e+02  9.513e-202  4.898e-01
2.200e+02  2.874e-201  4.898e-01
2.210e+02  8.671e-201  4.898e-01
2.220e+02  2.613e-200  4.898e-01
2.230e+02  7.866e-200  4.898e-01
2.240e+02  2.365e-199  4.898e-01
2.250e+02  7.101e-199  4.898e-01
2.260e+02  2.130e-198  4.898e-01
2.270e+02  6.380e-198  4.898e-01
2.280e+02  1.909e-197  4.898e-01
2.290e+02  5.704e-197  4.898e-01
2.300e+02  1.703e-196  4.898e-01
2.310e+02  5.076e-196  4.898e-01
2.320e+02  1.511e-195  4.898e-01
2.330e+02  4.494e-195  4.898e-01
2.340e+02  1.335e-194  4.898e-01
2.350e+02  3.960e-194  4.898e-01
2.360e+02  1.173e-193  4.898e-01
2.370e+02  3.472e-193  4.898e-01
2.380e+02  1.026e-192  4.898e-01
2.390e+02  3.029e-192  4.898e-01
2.400e+02  8.932e-192  4.898e-01
2.410e+02  2.630e-191  4.898e-01
2.420e+02  7.736e-191  4.898e-01
2.430e+02  2.273e-190  4.898e-01
2.440e+02  6.668e-190  4.898e-01
2.450e+02  1.954e-189  4.898e-01
2.460e+02  5.718e-189  4.898e-01
2.470e+02  1.671e-188  4.898e-01
2.480e+02  4.880e-188  4.898e-01
2.490e+02  1.423e-187  4.898e-01
2.500e+02  4.144e-187  4.898e-01
2.510e+02  1.205e-186  4.898e-01
2.520e+02  3.501e-186  4.898e-01
2.530e+02  1.016e-185  4.898e-01
2.540e+02  2.943e-185  4.898e-01
2.550e+02  8.519e-185  4.898e-01
2.560e+02  2.462e-184  4.898e-01
2.570e+02  7.108e-184  4.898e-01
2.580e+02  2.050e-183  4.898e-01
2.590e+02  5.902e-183  4.898e-01
2.600e+02  1.697e-182  4.898e-01
2.610e+02  4.876e-182  4.898e-01
2.620e+02  1.399e-181  4.898e-01
2.630e+02  4.008e-181  4.898e-01
2.640e+02  1.147e-180  4.898e-01
2.650e+02  3.278e-180  4.898e-01
2.660e+02  9.357e-180  4.898e-01
2.670e+02  2.667e-179  4.898e-01
2.680e+02  7.595e-179  4.898e-01
2.690e+02  2.160e-178  4.898e-01
2.700e+02  6.134e-178  4.898e-01
2.710e+02  1.740e-177  4.898e-01
2.720e+02  4.929e-177  4.898e-01
2.730e+02  1.395e-176  4.898e-01
2.740e+02  3.941e-176  4.898e-01
2.750e+02  1.112e-175  4.898e-01
2.760e+02  3.134e-175  4.898e-01
2.770e+02  8.823e-175  4.898e-01
2.780e+02  2.481e-174  4.898e-01
2.790e+02  6.965e-174  4.898e-01
2.800e+02  1.953e-173  4.898e-01
2.810e+02  5.470e-173  4.898e-01
2.820e+02  1.530e-172  4.898e-01
2.830e+02  4.274e-172  4.898e-01
2.840e+02  1.193e-171  4.898e-01
2.850e+02  3.323e-171  4.898e-01
2.860e+02  9.247e-171  4.898e-01
2.870e+02  2.570e-170  4.898e-01
2.880e+02  7.134e-170  4.898e-01
2.890e+02  1.978e-169  4.898e-01
2.900e+02  5.475e-169  4.898e-01
2.910e+02  1.514e-168  4.898e-01
2.920e+02  4.181e-168  4.898e-01
2.930e+02  1.153e-167  4.898e-01
2.940e+02  3.176e-167  4.898e-01
2.950e+02  8.738e-167  4.898e-01
2.960e+02  2.401e-166  4.898e-01
2.970e+02  6.587e-166  4.898e-01
2.980e+02  1.805e-165  4.898e-01
2.990e+02  4.940e-165  4.898e-01
3.000e+02  1.350e-164  4.898e-01
3.010e+02  3.686e-164  4.898e-01
3.020e+02  1.005e-163  4.898e-01
3.030e+02  2.736e-163  4.898e-01
3.040e+02  7.439e-163  4.898e-01
3.050e+02  2.020e-162  4.898e-01
3.060e+02  5.479e-162  4.898e-01
3.070e+02  1.484e-161  4.898e-01
3.080e+02  4.015e-161  4.898e-01
3.090e+02  1.085e-160  4.898e-01
3.100e+02  2.926e-160  4.898e-01
3.110e+02  7.886e-160  4.898e-01
3.120e+02  2.122e-159  4.898e-01
3.130e+02  5.703e-159  4.898e-01
3.140e+02  1.531e-158  4.898e-01
3.150e+02  4.104e-158  4.898e-01
3.160e+02  1.099e-157  4.898e-01
3.170e+02  2.937e-157  4.898e-01
3.180e+02  7.844e-157  4.898e-01
3.190e+02  2.092e-156  4.898e-01
3.200e+02  5.571e-156  4.898e-01
3.210e+02  1.482e-155  4.898e-01
3.220e+02  3.936e-155  4.898e-01
3.230e+02  1.044e-154  4.898e-01
3.240e+02  2.766e-154  4.898e-01
3.250e+02  7.319e-154  4.898e-01
3.260e+02  1.934e-153  4.898e-01
3.270e+02  5.104e-153  4.898e-01
3.280e+02  1.345e-152  4.898e-01
3.290e+02  3.541e-152  4.898e-01
3.300e+02  9.308e-152  4.898e-01
3.310e+02  2.443e-151  4.898e-01
3.320e+02  6.406e-151  4.898e-01
3.330e+02  1.677e-150  4.898e-01
3.340e+02  4.386e-150  4.898e-01
3.350e+02  1.145e-149  4.898e-01
3.360e+02  2.987e-149  4.898e-01
3.370e+02  7.781e-149  4.898e-01
3.380e+02  2.024e-148  4.898e-01
3.390e+02  5.258e-148  4.898e-01
3.400e+02  1.364e-147  4.898e-01
3.410e+02  3.534e-147  4.898e-01
3.420e+02  9.145e-147  4.898e-01
3.430e+02  2.363e-146  4.898e-01
3.440e+02  6.098e-146  4.898e-01
3.450e+02  1.572e-145  4.898e-01
3.460e+02  4.046e-145  4.898e-01
3.470e+02  1.040e-144  4.898e-01
3.480e+02  2.670e-144  4.898e-01
3.490e+02  6.844e-144  4.898e-01
3.500e+02  1.752e-143  4.898e-01
3.510e+02  4.481e-143  4.898e-01
3.520e+02  1.144e-142  4.898e-01
3.530e+02  2.918e-142  4.898e-01
3.540e+02  7.431e-142  4.898e-01
3.550e+02  1.890e-141  4.898e-01
3.560e+02  4.801e-141  4.898e-01
3.570e+02  1.218e-140  4.898e-01
3.580e+02  3.085e-140  4.898e-01
3.590e+02  7.805e-140  4.898e-01
3.600e+02  1.972e-139  4.898e-01
3.610e+02  4.976e-139  4.898e-01
3.620e+02  1.254e-138  4.898e-01
3.630e+02  3.156e-138  4.898e-01
3.640e+02  7.931e-138  4.898e-01
3.650e+02  1.990e-137  4.898e-01
3.660e+02  4.989e-137  4.898e-01
3.670e+02  1.249e-136  4.898e-01
3.680e+02  3.122e-136  4.898e-01
3.690e+02  7.794e-136  4.898e-01
3.700e+02  1.943e-135  4.898e-01
3.710e+02  4.839e-135  4.898e-01
3.720e+02  1.203e-134  4.898e-01
3.730e+02  2.988e-134  4.898e-01
3.740e+02  7.409e-134  4.898e-01
3.750e+02  1.835e-133  4.898e-01
3.760e+02  4.538e-133  4.898e-01
3.770e+02  1.121e-132  4.898e-01
3.780e+02  2.765e-132  4.898e-01
3.790e+02  6.812e-132  4.898e-01
3.800e+02  1.676e-131  4.898e-01
3.810e+02  4.117e-131  4.898e-01
3.820e+02  1.010e-130  4.898e-01
3.830e+02  2.475e-130  4.898e-01
3.840e+02  6.056e-130  4.898e-01
3.850e+02  1.480e-129  4.898e-01
3.860e+02  3.612e-129  4.898e-01
3.870e+02  8.802e-129  4.898e-01
3.880e+02  2.142e-128  4.898e-01
3.890e+02  5.207e-128  4.898e-01
3.900e+02  1.264e-127  4.898e-01
3.910e+02  3.064e-127  4.898e-01
3.920e+02  7.417e-127  4.898e-01
3.930e+02  1.793e-126  4.898e-01
3.940e+02  4.329e-126  4.898e-01
3.950e+02  1.044e-125  4.898e-01
3.960e+02  2.513e-125  4.898e-01
3.970e+02  6.043e-125  4.898e-01
3.980e+02  1.451e-124  4.898e-01
3.990e+02  3.480e-124  4.898e-01
4.000e+02  8.333e-124  4.898e-01
4.010e+02  1.993e-123  4.898e-01
4.020e+02  4.760e-123  4.898e-01
4.030e+02  1.135e-122  4.898e-01
4.040e+02  2.704e-122  4.898e-01
4.050e+02  6.433e-122  4.898e-01
4.060e+02  1.528e-121  4.898e-01
4.070e+02  3.625e-121  4.898e-01
4.080e+02  8.588e-121  4.898e-01
4.090e+02  2.032e-120  4.898e-01
4.100e+02  4.801e-120  4.898e-01
4.110e+02  1.133e-119  4.898e-01
4.120e+02  2.669e-119  4.898e-01
4.130e+02  6.280e-119  4.898e-01
4.140e+02  1.476e-118  4.898e-01
4.150e+02  3.463e-118  4.898e-01
4.160e+02  8.117e-118  4.898e-01
4.170e+02  1.900e-117  4.898e-01
4.180e+02  4.440e-117  4.898e-01
4.190e+02  1.036e-116  4.898e-01
4.200e+02  2.415e-116  4.898e-01
4.210e+02  5.622e-116  4.898e-01
4.220e+02  1.307e-115  4.898e-01
4.230e+02  3.034e-115  4.898e-01
4.240e+02  7.033e-115  4.898e-01
4.250e+02  1.628e-114  4.898e-01
4.260e+02  3.764e-114  4.898e-01
4.270e+02  8.690e-114  4.898e-01
4.280e+02  2.004e-113  4.898e-01
4.290e+02  4.613e-113  4.898e-01
4.300e+02  1.061e-112  4.898e-01
4.310e+02  2.436e-112  4.898e-01
4.320e+02  5.585e-112  4.898e-01
4.330e+02  1.279e-111  4.898e-01
4.340e+02  2.925e-111  4.898e-01
4.350e+02  6.680e-111  4.898e-01
4.360e+02  1.523e-110  4.898e-01
4.370e+02  3.469e-110  4.898e-01
4.380e+02  7.891e-110  4.898e-01
4.390e+02  1.792e-109  4.898e-01
4.400e+02  4.065e-109  4.898e-01
4.410e+02  9.207e-109  4.898e-01
4.420e+02  2.083e-108  4.898e-01
4.430e+02  4.704e-108  4.898e-01
4.440e+02  1.061e-107  4.898e-01
4.450e+02  2.390e-107  4.898e-01
4.460e+02  5.378e-107  4.898e-01
4.470e+02  1.208e-106  4.898e-01
4.480e+02  2.710e-106  4.898e-01
4.490e+02  6.072e-106  4.898e-01
4.500e+02  1.358e-105  4.898e-01
4.510e+02  3.035e-105  4.898e-01
4.520e+02  6.772e-105  4.898e-01
4.530e+02  1.509e-104  4.898e-01
4.540e+02  3.357e-104  4.898e-01
4.550e+02  7.460e-104  4.898e-01
4.560e+02  1.655e-103  4.898e-01
4.570e+02  3.668e-103  4.898e-01
4.580e+02  8.116e-103  4.898e-01
4.590e+02  1.793e-102  4.898e-01
4.600e+02  3.958e-102  4.898e-01
4.610e+02  8.722e-102  4.898e-01
4.620e+02  1.919e-101  4.898e-01
4.630e+02  4.218e-101  4.898e-01
4.640e+02  9.257e-101  4.898e-01
4.650e+02  2.029e-100  4.898e-01
4.660e+02  4.440e-100  4.898e-01
4.670e+02  9.704e-100  4.898e-01
4.680e+02  2.118e-99  4.898e-01
4.690e+02  4.616e-99  4.898e-01
4.700e+02  1.005e-98  4.898e-01
4.710e+02  2.184e-98  4.898e-01
4.720e+02  4.740e-98  4.898e-01
4.730e+02  1.027e-97  4.898e-01
4.740e+02  2.224e-97  4.898e-01
4.750e+02  4.807e-97  4.898e-01
4.760e+02  1.038e-96  4.898e-01
4.770e+02  2.237e-96  4.898e-01
4.780e+02  4.815e-96  4.898e-01
4.790e+02  1.035e-95  4.898e-01
4.800e+02  2.222e-95  4.898e-01
4.810e+02  4.762e-95  4.898e-01
4.820e+02  1.019e-94  4.898e-01
4.830e+02  2.179e-94  4.898e-01
4.840e+02  4.652e-94  4.898e-01
4.850e+02  9.918e-94  4.898e-01
4.860e+02  2.111e-93  4.898e-01
4.870e+02  4.489e-93  4.898e-01
4.880e+02  9.529e-93  4.898e-01
4.890e+02  2.020e-92  4.898e-01
4.900e+02  4.277e-92  4.898e-01
4.910e+02  9.042e-92  4.898e-01
4.920e+02  1.909e-91  4.898e-01
4.930e+02  4.025e-91  4.898e-01
4.940e+02  8.473e-91  4.898e-01
4.950e+02  1.781e-90  4.898e-01
4.960e+02  3.740e-90  4.898e-01
4.970e+02  7.841e-90  4.898e-01
4.980e+02  1.642e-89  4.898e-01
4.990e+02  3.432e-89  4.898e-01
5.000e+02  7.166e-89  4.898e-01
5.010e+02  1.494e-88  4.898e-01
5.020e+02  3.110e-88  4.898e-01
5.030e+02  6.467e-88  4.898e-01
5.040e+02  1.343e-87  4.898e-01
5.050e+02  2.784e-87  4.898e-01
5.060e+02  5.764e-87  4.898e-01
5.070e+02  1.192e-86  4.898e-01
5.080e+02  2.460e-86  4.898e-01
5.090e+02  5.073e-86  4.898e-01
5.100e+02  1.044e-85  4.898e-01
5.110e+02  2.147e-85  4.898e-01
5.120e+02  4.409e-85  4.898e-01
5.130e+02  9.039e-85  4.898e-01
5.140e+02  1.851e-84  4.898e-01
5.150e+02  3.784e-84  4.898e-01
5.160e+02  7.726e-84  4.898e-01
5.170e+02  1.575e-83  4.898e-01
5.180e+02  3.207e-83  4.898e-01
5.190e+02  6.520e-83  4.898e-01
5.200e+02  1.324e-82  4.898e-01
5.210e+02  2.684e-82  4.898e-01
5.220e+02  5.434e-82  4.898e-01
5.230e+02  1.099e-81  4.898e-01
5.240e+02  2.218e-81  4.898e-01
5.250e+02  4.472e-81  4.898e-01
5.260e+02  9.003e-81  4.898e-01
5.270e+02  1.810e-80  4.898e-01
5.280e+02  3.634e-80  4.898e-01
5.290e+02  7.285e-80  4.898e-01
5.300e+02  1.459e-79  4.898e-01
5.310e+02  2.916e-79  4.898e-01
5.320e+02  5.821e-79  4.898e-01
5.330e+02  1.161e-78  4.898e-01
5.340e+02  2.310e-78  4.898e-01
5.350e+02  4.593e-78  4.898e-01
5.360e+02  9.118e-78  4.898e-01
5.370e+02  1.808e-77  4.898e-01
5.380e+02  3.578e-77  4.898e-01
5.390e+02  7.074e-77  4.898e-01
5.400e+02  1.396e-76  4.898e-01
5.410e+02  2.753e-76  4.898e-01
5.420e+02  5.419e-76  4.898e-01
5.430e+02  1.065e-75  4.898e-01
5.440e+02  2.091e-75  4.898e-01
5.450e+02  4.098e-75  4.898e-01
5.460e+02  8.022e-75  4.898e-01
5.470e+02  1.568e-74  4.898e-01
5.480e+02  3.061e-74  4.898e-01
5.490e+02  5.966e-74  4.898e-01
5.500e+02  1.161e-73  4.898e-01
5.510e+02  2.257e-73  4.898e-01
5.520e+02  4.381e-73  4.898e-01
5.530e+02  8.491e-73  4.898e-01
5.540e+02  1.643e-72  4.898e-01
5.550e+02  3.176e-72  4.898e-01
5.560e+02  6.130e-72  4.898e-01
5.570e+02  1.181e-71  4.898e-01
5.580e+02  2.274e-71  4.898e-01
5.590e+02  4.369e-71  4.898e-01
5.600e+02  8.385e-71  4.898e-01
5.610e+02  1.607e-70  4.898e-01
5.620e+02  3.075e-70  4.898e-01
5.630e+02  5.876e-70  4.898e-01
5.640e+02  1.121e-69  4.898e-01
5.650e+02  2.137e-69  4.898e-01
5.660e+02  4.066e-69  4.898e-01
5.670e+02  7.726e-69  4.898e-01
5.680e+02  1.466e-68  4.898e-01
5.690e+02  2.778e-68  4.898e-01
5.700e+02  5.255e-68  4.898e-01
5.710e+02  9.930e-68  4.898e-01
5.720e+02  1.873e-67  4.898e-01
5.730e+02  3.530e-67  4.898e-01
5.740e+02  6.640e-67  4.898e-01
5.750e+02  1.248e-66  4.898e-01
5.760e+02  2.340e-66  4.898e-01
5.770e+02  4.384e-66  4.898e-01
5.780e+02  8.202e-66  4.898e-01
5.790e+02  1.532e-65  4.898e-01
5.800e+02  2.858e-65  4.898e-01
5.810e+02  5.324e-65  4.898e-01
5.820e+02  9.903e-65  4.898e-01
5.830e+02  1.839e-64  4.898e-01
5.840e+02  3.412e-64  4.898e-01
5.850e+02  6.319e-64  4.898e-01
5.860e+02  1.169e-63  4.898e-01
5.870e+02  2.158e-63  4.898e-01
5.880e+02  3.981e-63  4.898e-01
5.890e+02  7.331e-63  4.898e-01
5.900e+02  1.348e-62  4.898e-01
5.910e+02  2.476e-62  4.898e-01
5.920e+02  4.540e-62  4.898e-01
5.930e+02  8.314e-62  4.898e-01
5.940e+02  1.520e-61  4.898e-01
5.950e+02  2.776e-61  4.898e-01
5.960e+02  5.061e-61  4.898e-01
5.970e+02  9.215e-61  4.898e-01
5.980e+02  1.675e-60  4.898e-01
5.990e+02  3.042e-60  4.898e-01
6.000e+02  5.515e-60  4.898e-01
6.010e+02  9.983e-60  4.898e-01
6.020e+02  1.805e-59  4.898e-01
6.030e+02  3.258e-59  4.898e-01
6.040e+02  5.873e-59  4.898e-01
6.050e+02  1.057e-58  4.898e-01
6.060e+02  1.900e-58  4.898e-01
6.070e+02  3.410e-58  4.898e-01
6.080e+02  6.113e-58  4.898e-01
6.090e+02  1.094e-57  4.898e-01
6.100e+02  1.955e-57  4.898e-01
6.110e+02  3.489e-57  4.898e-01
6.120e+02  6.218e-57  4.898e-01
6.130e+02  1.107e-56  4.898e-01
6.140e+02  1.966e-56  4.898e-01
6.150e+02  3.489e-56  4.898e-01
6.160e+02  6.182e-56  4.898e-01
6.170e+02  1.094e-55  4.898e-01
6.180e+02  1.933e-55  4.898e-01
6.190e+02  3.410e-55  4.898e-01
6.200e+02  6.007e-55  4.898e-01
6.210e+02  1.057e-54  4.898e-01
6.220e+02  1.856e-54  4.898e-01
6.230e+02  3.256e-54  4.898e-01
6.240e+02  5.704e-54  4.898e-01
6.250e+02  9.977e-54  4.898e-01
6.260e+02  1.743e-53  4.898e-01
6.270e+02  3.039e-53  4.898e-01
6.280e+02  5.293e-53  4.898e-01
6.290e+02  9.205e-53  4.898e-01
6.300e+02  1.599e-52  4.898e-01
6.310e+02  2.772e-52  4.898e-01
6.320e+02  4.800e-52  4.898e-01
6.330e+02  8.300e-52  4.898e-01
6.340e+02  1.433e-51  4.898e-01
6.350e+02  2.471e-51  4.898e-01
6.360e+02  4.254e-51  4.898e-01
6.370e+02  7.314e-51  4.898e-01
6.380e+02  1.256e-50  4.898e-01
6.390e+02  2.152e-50  4.898e-01
6.400e+02  3.684e-50  4.898e-01
6.410e+02  6.297e-50  4.898e-01
6.420e+02  1.075e-49  4.898e-01
6.430e+02  1.832e-49  4.898e-01
6.440e+02  3.118e-49  4.898e-01
6.450e+02  5.299e-49  4.898e-01
6.460e+02  8.992e-49  4.898e-01
6.470e+02  1.524e-48  4.898e-01
6.480e+02  2.578e-48  4.898e-01
6.490e+02  4.357e-48  4.898e-01
6.500e+02  7.351e-48  4.898e-01
6.510e+02  1.238e-47  4.898e-01
6.520e+02  2.083e-47  4.898e-01
6.530e+02  3.500e-47  4.898e-01
6.540e+02  5.872e-47  4.898e-01
6.550e+02  9.835e-47  4.898e-01
6.560e+02  1.645e-46  4.898e-01
6.570e+02  2.748e-46  4.898e-01
6.580e+02  4.583e-46  4.898e-01
6.590e+02  7.632e-46  4.898e-01
6.600e+02  1.269e-45  4.898e-01
6.610e+02  2.108e-45  4.898e-01
6.620e+02  3.495e-45  4.898e-01
6.630e+02  5.787e-45  4.898e-01
6.640e+02  9.568e-45  4.898e-01
6.650e+02  1.580e-44  4.898e-01
6.660e+02  2.604e-44  4.898e-01
6.670e+02  4.287e-44  4.898e-01
6.680e+02  7.048e-44  4.898e-01
6.690e+02  1.157e-43  4.898e-01
6.700e+02  1.896e-43  4.898e-01
6.710e+02  3.104e-43  4.898e-01
6.720e+02  5.072e-43  4.898e-01
6.730e+02  8.278e-43  4.898e-01
6.740e+02  1.349e-42  4.898e-01
6.750e+02  2.195e-42  4.898e-01
6.760e+02  3.567e-42  4.898e-01
6.770e+02  5.787e-42  4.898e-01
6.780e+02  9.376e-42  4.898e-01
6.790e+02  1.517e-41  4.898e-01
6.800e+02  2.450e-41  4.898e-01
6.810e+02  3.953e-41  4.898e-01
6.820e+02  6.367e-41  4.898e-01
6.830e+02  1.024e-40  4.898e-01
6.840e+02  1.645e-40  4.898e-01
6.850e+02  2.638e-40  4.898e-01
6.860e+02  4.224e-40  4.898e-01
6.870e+02  6.755e-40  4.898e-01
6.880e+02  1.079e-39  4.898e-01
6.890e+02  1.720e-39  4.898e-01
6.900e+02  2.738e-39  4.898e-01
6.910e+02  4.353e-39  4.898e-01
6.920e+02  6.911e-39  4.898e-01
6.930e+02  1.095e-38  4.898e-01
6.940e+02  1.734e-38  4.898e-01
6.950e+02  2.741e-38  4.898e-01
6.960e+02  4.325e-38  4.898e-01
6.970e+02  6.817e-38  4.898e-01
6.980e+02  1.073e-37  4.898e-01
6.990e+02  1.686e-37  4.898e-01
7.000e+02  2.645e-37  4.898e-01
7.010e+02  4.144e-37  4.898e-01
7.020e+02  6.484e-37  4.898e-01
7.030e+02  1.013e-36  4.898e-01
7.040e+02  1.580e-36  4.898e-01
7.050e+02  2.461e-36  4.898e-01
7.060e+02  3.828e-36  4.898e-01
7.070e+02  5.946e-36  4.898e-01
7.080e+02  9.222e-36  4.898e-01
7.090e+02  1.428e-35  4.898e-01
7.100e+02  2.208e-35  4.898e-01
7.110e+02  3.410e-35  4.898e-01
7.120e+02  5.257e-35  4.898e-01
7.130e+02  8.094e-35  4.898e-01
7.140e+02  1.244e-34  4.898e-01
7.150e+02  1.910e-34  4.898e-01
7.160e+02  2.928e-34  4.898e-01
7.170e+02  4.482e-34  4.898e-01
7.180e+02  6.850e-34  4.898e-01
7.190e+02  1.045e-33  4.898e-01
7.200e+02  1.593e-33  4.898e-01
7.210e+02  2.424e-33  4.898e-01
7.220e+02  3.683e-33  4.898e-01
7.230e+02  5.588e-33  4.898e-01
7.240e+02  8.466e-33  4.898e-01
7.250e+02  1.281e-32  4.898e-01
7.260e+02  1.935e-32  4.898e-01
7.270e+02  2.918e-32  4.898e-01
7.280e+02  4.395e-32  4.898e-01
7.290e+02  6.610e-32  4.898e-01
7.300e+02  9.927e-32  4.898e-01
7.310e+02  1.489e-31  4.898e-01
7.320e+02  2.229e-31  4.898e-01
7.330e+02  3.333e-31  4.898e-01
7.340e+02  4.976e-31  4.898e-01
7.350e+02  7.418e-31  4.898e-01
7.360e+02  1.104e-30  4.898e-01
7.370e+02  1.641e-30  4.898e-01
7.380e+02  2.436e-30  4.898e-01
7.390e+02  3.610e-30  4.898e-01
7.400e+02  5.343e-30  4.898e-01
7.410e+02  7.895e-30  4.898e-01
7.420e+02  1.165e-29  4.898e-01
7.430e+02  1.717e-29  4.898e-01
7.440e+02  2.525e-29  4.898e-01
7.450e+02  3.710e-29  4.898e-01
7.460e+02  5.442e-29  4.898e-01
7.470e+02  7.971e-29  4.898e-01
7.480e+02  1.166e-28  4.898e-01
7.490e+02  1.703e-28  4.898e-01
7.500e+02  2.483e-28  4.898e-01
7.510e+02  3.616e-28  4.898e-01
7.520e+02  5.258e-28  4.898e-01
7.530e+02  7.633e-28  4.898e-01
7.540e+02  1.107e-27  4.898e-01
7.550e+02  1.602e-27  4.898e-01
7.560e+02  2.316e-27  4.898e-01
7.570e+02  3.343e-27  4.898e-01
7.580e+02  4.817e-27  4.898e-01
7.590e+02  6.933e-27  4.898e-01
7.600e+02  9.963e-27  4.898e-01
7.610e+02  1.430e-26  4.898e-01
7.620e+02  2.048e-26  4.898e-01
7.630e+02  2.931e-26  4.898e-01
7.640e+02  4.187e-26  4.898e-01
7.650e+02  5.972e-26  4.898e-01
7.660e+02  8.507e-26  4.898e-01
7.670e+02  1.210e-25  4.898e-01
7.680e+02  1.718e-25  4.898e-01
7.690e+02  2.437e-25  4.898e-01
7.700e+02  3.451e-25  4.898e-01
7.710e+02  4.879e-25  4.898e-01
7.720e+02  6.888e-25  4.898e-01
7.730e+02  9.711e-25  4.898e-01
7.740e+02  1.367e-24  4.898e-01
7.750e+02  1.922e-24  4.898e-01
7.760e+02  2.697e-24  4.898e-01
7.770e+02  3.780e-24  4.898e-01
7.780e+02  5.290e-24  4.898e-01
7.790e+02  7.392e-24  4.898e-01
7.800e+02  1.031e-23  4.898e-01
7.810e+02  1.437e-23  4.898e-01
7.820e+02  1.999e-23  4.898e-01
7.830e+02  2.777e-23  4.898e-01
7.840e+02  3.853e-23  4.898e-01
7.850e+02  5.336e-23  4.898e-01
7.860e+02  7.380e-23  4.898e-01
7.870e+02  1.019e-22  4.898e-01
7.880e+02  1.405e-22  4.898e-01
7.890e+02  1.935e-22  4.898e-01
7.900e+02  2.661e-22  4.898e-01
7.910e+02  3.653e-22  4.898e-01
7.920e+02  5.008e-22  4.898e-01
7.930e+02  6.855e-22  4.898e-01
7.940e+02  9.370e-22  4.898e-01
7.950e+02  1.279e-21  4.898e-01
7.960e+02  1.743e-21  4.898e-01
7.970e+02  2.372e-21  4.898e-01
7.980e+02  3.223e-21  4.898e-01
7.990e+02  4.372e-21  4.898e-01
8.000e+02  5.924e-21  4.898e-01
8.010e+02  8.013e-21  4.898e-01
8.020e+02  1.082e-20  4.898e-01
8.030e+02  1.460e-20  4.898e-01
8.040e+02  1.966e-20  4.898e-01
8.050e+02  2.645e-20  4.898e-01
8.060e+02  3.551e-20  4.898e-01
8.070e+02  4.762e-20  4.898e-01
8.080e+02  6.376e-20  4.898e-01
8.090e+02  8.525e-20  4.898e-01
8.100e+02  1.138e-19  4.898e-01
8.110e+02  1.517e-19  4.898e-01
8.120e+02  2.019e-19  4.898e-01
8.130e+02  2.684e-19  4.898e-01
8.140e+02  3.562e-19  4.898e-01
8.150e+02  4.720e-19  4.898e-01
8.160e+02  6.246e-19  4.898e-01
8.170e+02  8.252e-19  4.898e-01
8.180e+02  1.089e-18  4.898e-01
8.190e+02  1.434e-18  4.898e-01
8.200e+02  1.887e-18  4.898e-01
8.210e+02  2.479e-18  4.898e-01
8.220e+02  3.251e-18  4.898e-01
8.230e+02  4.258e-18  4.898e-01
8.240e+02  5.568e-18  4.898e-01
8.250e+02  7.271e-18  4.898e-01
8.260e+02  9.481e-18  4.898e-01
8.270e+02  1.234e-17  4.898e-01
8.280e+02  1.605e-17  4.898e-01
8.290e+02  2.083e-17  4.898e-01
8.300e+02  2.701e-17  4.898e-01
8.310e+02  3.496e-17  4.898e-01
8.320e+02  4.518e-17  4.898e-01
8.330e+02  5.831e-17  4.898e-01
8.340e+02  7.514e-17  4.898e-01
8.350e+02  9.669e-17  4.898e-01
8.360e+02  1.242e-16  4.898e-01
8.370e+02  1.594e-16  4.898e-01
8.380e+02  2.042e-16  4.898e-01
8.390e+02  2.613e-16  4.898e-01
8.400e+02  3.337e-16  4.898e-01
8.410e+02  4.257e-16  4.898e-01
8.420e+02  5.422e-16  4.898e-01
8.430e+02  6.896e-16  4.898e-01
8.440e+02  8.757e-16  4.898e-01
8.450e+02  1.110e-15  4.898e-01
8.460e+02  1.406e-15  4.898e-01
8.470e+02  1.778e-15  4.898e-01
8.480e+02  2.245e-15  4.898e-01
8.490e+02  2.830e-15  4.898e-01
8.500e+02  3.563e-15  4.898e-01
8.510e+02  4.478e-15  4.898e-01
8.520e+02  5.621e-15  4.898e-01
8.530e+02  7.046e-15  4.898e-01
8.540e+02  8.818e-15  4.898e-01
8.550e+02  1.102e-14  4.898e-01
8.560e+02  1.375e-14  4.898e-01
8.570e+02  1.714e-14  4.898e-01
8.580e+02  2.132e-14  4.898e-01
8.590e+02  2.650e-14  4.898e-01
8.600e+02  3.287e-14  4.898e-01
8.610e+02  4.073e-14  4.898e-01
8.620e+02  5.038e-14  4.898e-01
8.630e+02  6.224e-14  4.898e-01
8.640e+02  7.678e-14  4.898e-01
8.650e+02  9.457e-14  4.898e-01
8.660e+02  1.163e-13  4.898e-01
8.670e+02  1.429e-13  4.898e-01
8.680e+02  1.752e-13  4.898e-01
8.690e+02  2.146e-13  4.898e-01
8.700e+02  2.624e-13  4.898e-01
8.710e+02  3.204e-13  4.898e-01
8.720e+02  3.908e-13  4.898e-01
8.730e+02  4.758e-13  4.898e-01
8.740e+02  5.785e-13  4.898e-01
8.750e+02  7.025e-13  4.898e-01
8.760e+02  8.517e-13  4.898e-01
8.770e+02  1.031e-12  4.898e-01
8.780e+02  1.247e-12  4.898e-01
8.790e+02  1.505e-12  4.898e-01
8.800e+02  1.814e-12  4.898e-01
8.810e+02  2.184e-12  4.898e-01
8.820e+02  2.626e-12  4.898e-01
8.830e+02  3.152e-12  4.898e-01
8.840e+02  3.778e-12  4.898e-01
8.850e+02  4.523e-12  4.898e-01
8.860e+02  5.406e-12  4.898e-01
8.870e+02  6.453e-12  4.898e-01
8.880e+02  7.692e-12  4.898e-01
8.890e+02  9.156e-12  4.898e-01
8.900e+02  1.088e-11  4.898e-01
8.910e+02  1.292e-11  4.898e-01
8.920e+02  1.531e-11  4.898e-01
8.930e+02  1.812e-11  4.898e-01
8.940e+02  2.142e-11  4.898e-01
8.950e+02  2.529e-11  4.898e-01
8.960e+02  2.981e-11  4.898e-01
8.970e+02  3.509e-11  4.898e-01
8.980e+02  4.124e-11  4.898e-01
8.990e+02  4.841e-11  4.898e-01
9.000e+02  5.675e-11  4.898e-01
9.010e+02  6.644e-11  4.898e-01
9.020e+02  7.767e-11  4.898e-01
9.030e+02  9.067e-11  4.898e-01
9.040e+02  1.057e-10  4.898e-01
9.050e+02  1.231e-10  4.898e-01
9.060e+02  1.431e-10  4.898e-01
9.070e+02  1.662e-10  4.898e-01
9.080e+02  1.927e-10  4.898e-01
9.090e+02  2.231e-10  4.898e-01
9.100e+02  2.580e-10  4.898e-01
9.110e+02  2.980e-10  4.898e-01
9.120e+02  3.437e-10  4.898e-01
9.130e+02  3.959e-10  4.898e-01
9.140e+02  4.553e-10  4.898e-01
9.150e+02  5.231e-10  4.898e-01
9.160e+02  6.001e-10  4.898e-01
9.170e+02  6.876e-10  4.898e-01
9.180e+02  7.868e-10  4.898e-01
9.190e+02  8.992e-10  4.898e-01
9.200e+02  1.026e-09  4.898e-01
9.210e+02  1.170e-09  4.898e-01
9.220e+02  1.332e-09  4.898e-01
9.230e+02  1.514e-09  4.898e-01
9.240e+02  1.719e-09  4.898e-01
9.250e+02  1.949e-09  4.898e-01
9.260e+02  2.208e-09  4.898e-01
9.270e+02  2.498e-09  4.898e-01
9.280e+02  2.822e-09  4.898e-01
9.290e+02  3.184e-09  4.898e-01
9.300e+02  3.588e-09  4.898e-01
9.310e+02  4.038e-09  4.898e-01
9.320e+02  4.540e-09  4.898e-01
9.330e+02  5.098e-09  4.898e-01
9.340e+02  5.717e-09  4.898e-01
9.350e+02  6.403e-09  4.898e-01
9.360e+02  7.164e-09  4.898e-01
9.370e+02  8.005e-09  4.898e-01
9.380e+02  8.934e-09  4.898e-01
9.390e+02  9.960e-09  4.898e-01
9.400e+02  1.109e-08  4.898e-01
9.410e+02  1.234e-08  4.898e-01
9.420e+02  1.370e-08  4.898e-01
9.430e+02  1.521e-08  4.898e-01
9.440e+02  1.685e-08  4.898e-01
9.450e+02  1.866e-08  4.898e-01
9.460e+02  2.064e-08  4.898e-01
9.470e+02  2.280e-08  4.898e-01
9.480e+02  2.516e-08  4.898e-01
9.490e+02  2.773e-08  4.898e-01
9.500e+02  3.053e-08  4.898e-01
9.510e+02  3.358e-08  4.898e-01
9.520e+02  3.690e-08  4.898e-01
9.530e+02  4.050e-08  4.898e-01
9.540e+02  4.440e-08  4.898e-01
9.550e+02  4.863e-08  4.898e-01
9.560e+02  5.321e-08  4.898e-01
9.570e+02  5.817e-08  4.898e-01
9.580e+02  6.352e-08  4.898e-01
9.590e+02  6.929e-08  4.898e-01
9.600e+02  7.552e-08  4.898e-01
9.610e+02  8.222e-08  4.898e-01
9.620e+02  8.943e-08  4.897e-01
9.630e+02  9.719e-08  4.897e-01
9.640e+02  1.055e-07  4.897e-01
9.650e+02  1.145e-07  4.897e-01
9.660e+02  1.240e-07  4.897e-01
9.670e+02  1.343e-07  4.897e-01
9.680e+02  1.453e-07  4.897e-01
9.690e+02  1.570e-07  4.897e-01
9.700e+02  1.696e-07  4.897e-01
9.710e+02  1.830e-07  4.897e-01
9.720e+02  1.973e-07  4.897e-01
9.730e+02  2.125e-07  4.897e-01
9.740e+02  2.287e-07  4.897e-01
9.750e+02  2.460e-07  4.897e-01
9.760e+02  2.643e-07  4.897e-01
9.770e+02  2.838e-07  4.897e-01
9.780e+02  3.046e-07  4.897e-01
9.790e+02  3.265e-07  4.897e-01
9.800e+02  3.499e-07  4.897e-01
9.810e+02  3.746e-07  4.897e-01
9.820e+02  4.007e-07  4.897e-01
9.830e+02  4.284e-07  4.897e-01
9.840e+02  4.577e-07  4.897e-01
9.850e+02  4.887e-07  4.897e-01
9.860e+02  5.215e-07  4.897e-01
9.870e+02  5.560e-07  4.897e-01
9.880e+02  5.925e-07  4.897e-01
9.890e+02  6.311e-07  4.897e-01
9.900e+02  6.717e-07  4.897e-01
9.910e+02  7.145e-07  4.897e-01
9.920e+02  7.596e-07  4.897e-01
9.930e+02  8.071e-07  4.897e-01
9.940e+02  8.571e-07  4.896e-01
9.950e+02  9.097e-07  4.896e-01
9.960e+02  9.650e-07  4.896e-01
9.970e+02  1.023e-06  4.896e-01
9.980e+02  1.084e-06  4.896e-01
9.990e+02  1.149e-06  4.896e-01
1.000e+03  1.216e-06  4.896e-01
1.001e+03  1.287e-06  4.896e-01
1.002e+03  1.361e-06  4.896e-01
1.003e+03  1.439e-06  4.896e-01
1.004e+03  1.521e-06  4.896e-01
1.005e+03  1.607e-06  4.896e-01
1.006e+03  1.697e-06  4.896e-01
1.007e+03  1.792e-06  4.896e-01
1.008e+03  1.891e-06  4.896e-01
1.009e+03  1.994e-06  4.896e-01
1.010e+03  2.103e-06  4.896e-01
1.011e+03  2.217e-06  4.896e-01
1.012e+03  2.336e-06  4.896e-01
1.013e+03  2.461e-06  4.895e-01
1.014e+03  2.592e-06  4.895e-01
1.015e+03  2.729e-06  4.895e-01
1.016e+03  2.872e-06  4.895e-01
1.017e+03  3.022e-06  4.895e-01
1.018e+03  3.179e-06  4.895e-01
1.019e+03  3.343e-06  4.895e-01
1.020e+03  3.515e-06  4.895e-01
1.021e+03  3.695e-06  4.895e-01
1.022e+03  3.883e-06  4.895e-01
1.023e+03  4.080e-06  4.895e-01
1.024e+03  4.286e-06  4.895e-01
1.025e+03  4.501e-06  4.895e-01
1.026e+03  4.727e-06  4.894e-01
1.027e+03  4.962e-06  4.894e-01
1.028e+03  5.208e-06  4.894e-01
1.029e+03  5.466e-06  4.894e-01
1.030e+03  5.735e-06  4.894e-01
1.031e+03  6.017e-06  4.894e-01
1.032e+03  6.312e-06  4.894e-01
1.033e+03  6.620e-06  4.894e-01
1.034e+03  6.942e-06  4.894e-01
1.035e+03  7.278e-06  4.894e-01
1.036e+03  7.631e-06  4.893e-01
1.037e+03  7.999e-06  4.893e-01
1.038e+03  8.383e-06  4.893e-01
1.039e+03  8.786e-06  4.893e-01
1.040e+03  9.207e-06  4.893e-01
1.041e+03  9.646e-06  4.893e-01
1.042e+03  1.011e-05  4.893e-01
1.043e+03  1.059e-05  4.893e-01
1.044e+03  1.109e-05  4.892e-01
1.045e+03  1.162e-05  4.892e-01
1.046e+03  1.216e-05  4.892e-01
1.047e+03  1.274e-05  4.892e-01
1.048e+03  1.334e-05  4.892e-01
1.049e+03  1.397e-05  4.892e-01
1.050e+03  1.463e-05  4.892e-01
1.051e+03  1.531e-05  4.891e-01
1.052e+03  1.603e-05  4.891e-01
1.053e+03  1.678e-05  4.891e-01
1.054e+03  1.757e-05  4.891e-01
1.055e+03  1.839e-05  4.891e-01
1.056e+03  1.924e-05  4.891e-01
1.057e+03  2.014e-05  4.890e-01
1.058e+03  2.108e-05  4.890e-01
1.059e+03  2.206e-05  4.890e-01
1.060e+03  2.309e-05  4.890e-01
1.061e+03  2.416e-05  4.890e-01
1.062e+03  2.528e-05  4.890e-01
1.063e+03  2.646e-05  4.889e-01
1.064e+03  2.768e-05  4.889e-01
1.065e+03  2.897e-05  4.889e-01
1.066e+03  3.031e-05  4.889e-01
1.067e+03  3.172e-05  4.888e-01
1.068e+03  3.318e-05  4.888e-01
1.069e+03  3.472e-05  4.888e-01
1.070e+03  3.633e-05  4.888e-01
1.071e+03  3.801e-05  4.888e-01
1.072e+03  3.977e-05  4.887e-01
1.073e+03  4.161e-05  4.887e-01
1.074e+03  4.353e-05  4.887e-01
1.075e+03  4.555e-05  4.886e-01
1.076e+03  4.765e-05  4.886e-01
1.077e+03  4.986e-05  4.886e-01
1.078e+03  5.216e-05  4.886e-01
1.079e+03  5.458e-05  4.885e-01
1.080e+03  5.710e-05  4.885e-01
1.081e+03  5.974e-05  4.885e-01
1.082e+03  6.251e-05  4.884e-01
1.083e+03  6.540e-05  4.884e-01
1.084e+03  6.843e-05  4.884e-01
1.085e+03  7.160e-05  4.883e-01
1.086e+03  7.492e-05  4.883e-01
1.087e+03  7.839e-05  4.883e-01
1.088e+03  8.202e-05  4.882e-01
1.089e+03  8.583e-05  4.882e-01
1.090e+03  8.981e-05  4.881e-01
1.091e+03  9.398e-05  4.881e-01
1.092e+03  9.835e-05  4.880e-01
1.093e+03  1.029e-04  4.880e-01
1.094e+03  1.077e-04  4.880e-01
1.095e+03  1.127e-04  4.879e-01
1.096e+03  1.180e-04  4.879e-01
1.097e+03  1.235e-04  4.878e-01
1.098e+03  1.292e-04  4.878e-01
1.099e+03  1.353e-04  4.877e-01
1.100e+03  1.416e-04  4.877e-01
1.101e+03  1.482e-04  4.876e-01
1.102e+03  1.551e-04  4.875e-01
1.103e+03  1.624e-04  4.875e-01
1.104e+03  1.700e-04  4.874e-01
1.105e+03  1.780e-04  4.874e-01
1.106e+03  1.864e-04  4.873e-01
1.107e+03  1.951e-04  4.872e-01
1.108e+03  2.043e-04  4.872e-01
1.109e+03  2.140e-04  4.871e-01
1.110e+03  2.241e-04  4.870e-01
1.111e+03  2.346e-04  4.870e-01
1.112e+03  2.457e-04  4.869e-01
1.113e+03  2.574e-04  4.868e-01
1.114e+03  2.696e-04  4.867e-01
1.115e+03  2.824e-04  4.866e-01
1.116e+03  2.959e-04  4.865e-01
1.117e+03  3.100e-04  4.865e-01
1.118e+03  3.247e-04  4.864e-01
1.119e+03  3.403e-04  4.863e-01
1.120e+03  3.566e-04  4.862e-01
1.121e+03  3.737e-04  4.861e-01
1.122e+03  3.916e-04  4.860e-01
1.123e+03  4.105e-04  4.859e-01
1.124e+03  4.303e-04  4.858e-01
1.125e+03  4.511e-04  4.856e-01
1.126e+03  4.729e-04  4.855e-01
1.127e+03  4.958e-04  4.854e-01
1.128e+03  5.199e-04  4.853e-01
1.129e+03  5.452e-04  4.851e-01
1.130e+03  5.719e-04  4.850e-01
1.131e+03  5.998e-04  4.849e-01
1.132e+03  6.292e-04  4.847e-01
1.133e+03  6.601e-04  4.846e-01
1.134e+03  6.926e-04  4.844e-01
1.135e+03  7.268e-04  4.843e-01
1.136e+03  7.628e-04  4.841e-01
1.137e+03  8.006e-04  4.839e-01
1.138e+03  8.405e-04  4.837e-01
1.139e+03  8.824e-04  4.836e-01
1.140e+03  9.265e-04  4.834e-01
1.141e+03  9.729e-04  4.832e-01
1.142e+03  1.022e-03  4.830e-01
1.143e+03  1.073e-03  4.828e-01
1.144e+03  1.128e-03  4.825e-01
1.145e+03  1.185e-03  4.823e-01
1.146e+03  1.245e-03  4.821e-01
1.147e+03  1.309e-03  4.818e-01
1.148e+03  1.376e-03  4.816e-01
1.149e+03  1.446e-03  4.813e-01
1.150e+03  1.521e-03  4.811e-01
1.151e+03  1.600e-03  4.808e-01
1.152e+03  1.683e-03  4.805e-01
1.153e+03  1.770e-03  4.802e-01
1.154e+03  1.863e-03  4.798e-01
1.155e+03  1.961e-03  4.795e-01
1.156e+03  2.064e-03  4.792e-01
1.157e+03  2.173e-03  4.788e-01
1.158e+03  2.288e-03  4.784e-01
1.159e+03  2.410e-03  4.781e-01
1.160e+03  2.539e-03  4.777e-01
1.161e+03  2.676e-03  4.772e-01
1.162e+03  2.820e-03  4.768e-01
1.163e+03  2.973e-03  4.763e-01
1.164e+03  3.135e-03  4.759e-01
1.165e+03  3.306e-03  4.754e-01
1.166e+03  3.488e-03  4.748e-01
1.167e+03  3.681e-03  4.743e-01
1.168e+03  3.885e-03  4.737e-01
1.169e+03  4.101e-03  4.732e-01
1.170e+03  4.331e-03  4.725e-01
1.171e+03  4.575e-03  4.719e-01
1.172e+03  4.834e-03  4.712e-01
1.173e+03  5.109e-03  4.705e-01
1.174e+03  5.401e-03  4.698e-01
1.175e+03  5.712e-03  4.690e-01
1.176e+03  6.042e-03  4.682e-01
1.177e+03  6.393e-03  4.674e-01
1.178e+03  6.767e-03  4.665e-01
1.179e+03  7.165e-03  4.656e-01
1.180e+03  7.588e-03  4.646e-01
1.181e+03  8.040e-03  4.636e-01
1.182e+03  8.521e-03  4.626e-01
1.183e+03  9.034e-03  4.615e-01
1.184e+03  9.581e-03  4.603e-01
1.185e+03  1.016e-02  4.591e-01
1.186e+03  1.079e-02  4.578e-01
1.187e+03  1.145e-02  4.565e-01
1.188e+03  1.217e-02  4.551e-01
1.189e+03  1.293e-02  4.536e-01
1.190e+03  1.374e-02  4.521e-01
1.191e+03  1.461e-02  4.504e-01
1.192e+03  1.554e-02  4.487e-01
1.193e+03  1.654e-02  4.469e-01
1.194e+03  1.761e-02  4.451e-01
1.195e+03  1.875e-02  4.431e-01
1.196e+03  1.998e-02  4.410e-01
1.197e+03  2.130e-02  4.388e-01
1.198e+03  2.271e-02  4.365e-01
1.199e+03  2.423e-02  4.341e-01
1.200e+03  2.586e-02  4.316e-01
1.201e+03  2.761e-02  4.289e-01
1.202e+03  2.949e-02  4.261e-01
1.203e+03  3.151e-02  4.231e-01
1.204e+03  3.369e-02  4.200e-01
1.205e+03  3.603e-02  4.168e-01
1.206e+03  3.855e-02  4.133e-01
1.207e+03  4.126e-02  4.097e-01
1.208e+03  4.419e-02  4.059e-01
1.209e+03  4.733e-02  4.020e-01
1.210e+03  5.072e-02  3.978e-01
1.211e+03  5.437e-02  3.934e-01
1.212e+03  5.831e-02  3.888e-01
1.213e+03  6.255e-02  3.840e-01
1.214e+03  6.712e-02  3.789e-01
1.215e+03  7.204e-02  3.736e-01
1.216e+03  7.735e-02  3.681e-01
1.217e+03  8.306e-02  3.623e-01
1.218e+03  8.922e-02  3.562e-01
1.219e+03  9.585e-02  3.499e-01
1.220e+03  1.030e-01  3.433e-01
1.221e+03  1.107e-01  3.364e-01
1.222e+03  1.189e-01  3.293e-01
1.223e+03  1.278e-01  3.218e-01
1.224e+03  1.373e-01  3.141e-01
1.225e+03  1.475e-01  3.062e-01
1.226e+03  1.584e-01  2.979e-01
1.227e+03  1.701e-01  2.894e-01
1.228e+03  1.826e-01  2.806e-01
1.229e+03  1.959e-01  2.716e-01
1.230e+03  2.101e-01  2.624e-01
1.231e+03  2.252e-01  2.530e-01
1.232e+03  2.412e-01  2.433e-01
1.233e+03  2.581e-01  2.336e-01
1.234e+03  2.760e-01  2.236e-01
1.235e+03  2.948e-01  2.136e-01
1.236e+03  3.146e-01  2.035e-01
1.237e+03  3.353e-01  1.934e-01
1.238e+03  3.569e-01  1.833e-01
1.239e+03  3.793e-01  1.732e-01
1.240e+03  4.026e-01  1.631e-01
1.241e+03  4.266e-01  1.532e-01
1.242e+03  4.512e-01  1.435e-01
1.243e+03  4.764e-01  1.339e-01
1.244e+03  5.021e-01  1.246e-01
1.245e+03  5.281e-01  1.155e-01
1.246e+03  5.543e-01  1.068e-01
1.247e+03  5.806e-01  9.837e-02
1.248e+03  6.068e-01  9.030e-02
1.249e+03  6.328e-01  8.262e-02
1.250e+03  6.584e-01  7.533e-02
1.251e+03  6.835e-01  6.844e-02
1.252e+03  7.080e-01  6.197e-02
1.253e+03  7.317e-01  5.592e-02
1.254e+03  7.545e-01  5.029e-02
1.255e+03  7.763e-01  4.508e-02
1.256e+03  7.971e-01  4.027e-02
1.257e+03  8.167e-01  3.585e-02
1.258e+03  8.351e-01  3.182e-02
1.259e+03  8.523e-01  2.814e-02
1.260e+03  8.682e-01  2.481e-02
1.261e+03  8.829e-01  2.181e-02
1.262e+03  8.964e-01  1.911e-02
1.263e+03  9.087e-01  1.669e-02
1.264e+03  9.198e-01  1.453e-02
1.265e+03  9.299e-01  1.262e-02
1.266e+03  9.389e-01  1.092e-02
1.267e+03  9.469e-01  9.431e-03
1.268e+03  9.541e-01  8.119e-03
1.269e+03  9.604e-01  6.970e-03
1.270e+03  9.660e-01  5.968e-03
1.271e+03  9.708e-01  5.096e-03
1.272e+03  9.751e-01  4.341e-03
1.273e+03  9.788e-01  3.688e-03
1.274e+03  9.820e-01  3.126e-03
1.275e+03  9.847e-01  2.644e-03
1.276e+03  9.871e-01  2.230e-03
1.277e+03  9.891e-01  1.877e-03
1.278e+03  9.908e-01  1.577e-03
1.279e+03  9.923e-01  1.322e-03
1.280e+03  9.936e-01  1.106e-03
1.281e+03  9.946e-01  9.231e-04
1.282e+03  9.955e-01  7.692e-04
1.283e+03  9.963e-01  6.397e-04
1.284e+03  9.969e-01  5.310e-04
1.285e+03  9.974e-01  4.401e-04
1.286e+03  9.979e-01  3.641e-04
1.287e+03  9.982e-01  3.007e-04
1.288e+03  9.986e-01  2.479e-04
1.289e+03  9.988e-01  2.041e-04
1.290e+03  9.990e-01  1.678e-04
1.291e+03  9.992e-01  1.377e-04
1.292e+03  9.993e-01  1.129e-04
1.293e+03  9.995e-01  9.237e-05
1.294e+03  9.996e-01  7.549e-05
1.295e+03  9.996e-01  6.161e-05
1.296e+03  9.997e-01  5.022e-05
1.297e+03  9.998e-01  4.088e-05
1.298e+03  9.998e-01  3.323e-05
1.299e+03  9.998e-01  2.699e-05
1.300e+03  9.999e-01  2.188e-05
1.301e+03  9.999e-01  1.773e-05
1.302e+03  9.999e-01  1.434e-05
1.303e+03  9.999e-01  1.159e-05
1.304e+03  9.999e-01  9.355e-06
1.305e+03  1.000e+00  7.543e-06
1.306e+03  1.000e+00  6.075e-06
1.307e+03  1.000e+00  4.887e-06
1.308e+03  1.000e+00  3.928e-06
1.309e+03  1.000e+00  3.153e-06
1.310e+03  1.000e+00  2.529e-06
1.311e+03  1.000e+00  2.026e-06
1.312e+03  1.000e+00  1.621e-06
1.313e+03  1.000e+00  1.296e-06
1.314e+03  1.000e+00  1.035e-06
1.315e+03  1.000e+00  8.259e-07
1.316e+03  1.000e+00  6.584e-07
1.317e+03  1.000e+00  5.243e-07
1.318e+03  1.000e+00  4.171e-07
1.319e+03  1.000e+00  3.315e-07
1.320e+03  1.000e+00  2.632e-07
1.321e+03  1.000e+00  2.088e-07
1.322e+03  1.000e+00  1.655e-07
1.323e+03  1.000e+00  1.310e-07
1.324e+03  1.000e+00  1.037e-07
1.325e+03  1.000e+00  8.194e-08
1.326e+03  1.000e+00  6.470e-08
1.327e+03  1.000e+00  5.105e-08
1.328e+03  1.000e+00  4.024e-08
1.329e+03  1.000e+00  3.169e-08
1.330e+03  1.000e+00  2.493e-08
1.331e+03  1.000e+00  1.960e-08
1.332e+03  1.000e+00  1.540e-08
1.333e+03  1.000e+00  1.208e-08
1.334e+03  1.000e+00  9.473e-09
1.335e+03  1.000e+00  7.422e-09
1.336e+03  1.000e+00  5.809e-09
1.337e+03  1.000e+00  4.543e-09
1.338e+03  1.000e+00  3.550e-09
1.339e+03  1.000e+00  2.772e-09
1.340e+03  1.000e+00  2.162e-09
1.341e+03  1.000e+00  1.685e-09
1.342e+03  1.000e+00  1.312e-09
1.343e+03  1.000e+00  1.021e-09
1.344e+03  1.000e+00  7.939e-10
1.345e+03  1.000e+00  6.167e-10
1.346e+03  1.000e+00  4.787e-10
1.347e+03  1.000e+00  3.712e-10
1.348e+03  1.000e+00  2.877e-10
1.349e+03  1.000e+00  2.227e-10
1.350e+03  1.000e+00  1.723e-10
1.351e+03  1.000e+00  1.332e-10
1.352e+03  1.000e+00  1.029e-10
1.353e+03  1.000e+00  7.939e-11
1.354e+03  1.000e+00  6.122e-11
1.355e+03  1.000e+00  4.717e-11
1.356e+03  1.000e+00  3.631e-11
1.357e+03  1.000e+00  2.794e-11
1.358e+03  1.000e+00  2.147e-11
1.359e+03  1.000e+00  1.649e-11
1.360e+03  1.000e+00  1.266e-11
1.361e+03  1.000e+00  9.704e-12
1.362e+03  1.000e+00  7.436e-12
1.363e+03  1.000e+00  5.693e-12
1.364e+03  1.000e+00  4.355e-12
1.365e+03  1.000e+00  3.329e-12
1.366e+03  1.000e+00  2.542e-12
1.367e+03  1.000e+00  1.940e-12
1.368e+03  1.000e+00  1.480e-12
1.369e+03  1.000e+00  1.127e-12
1.370e+03  1.000e+00  8.584e-13
1.371e+03  1.000e+00  6.531e-13
1.372e+03  1.000e+00  4.965e-13
1.373e+03  1.000e+00  3.771e-13
1.374e+03  1.000e+00  2.862e-13
1.375e+03  1.000e+00  2.171e-13
1.376e+03  1.000e+00  1.645e-13
1.377e+03  1.000e+00  1.246e-13
1.378e+03  1.000e+00  9.427e-14
1.379e+03  1.000e+00  7.128e-14
1.380e+03  1.000e+00  5.385e-14
1.381e+03  1.000e+00  4.065e-14
1.382e+03  1.000e+00  3.067e-14
1.383e+03  1.000e+00  2.312e-14
1.384e+03  1.000e+00  1.741e-14
1.385e+03  1.000e+00  1.310e-14
1.386e+03  1.000e+00  9.854e-15
1.387e+03  1.000e+00  7.405e-15
1.388e+03  1.000e+00  5.560e-15
1.389e+03  1.000e+00  4.172e-15
1.390e+03  1.000e+00  3.128e-15
1.391e+03  1.000e+00  2.343e-15
1.392e+03  1.000e+00  1.754e-15
1.393e+03  1.000e+00  1.312e-15
1.394e+03  1.000e+00  9.809e-16
1.395e+03  1.000e+00  7.327e-16
1.396e+03  1.000e+00  5.468e-16
1.397e+03  1.000e+00  4.078e-16
1.398e+03  1.000e+00  3.039e-16
1.399e+03  1.000e+00  2.263e-16
1.400e+03  1.000e+00  1.684e-16
1.401e+03  1.000e+00  1.252e-16
1.402e+03  1.000e+00  9.303e-17
1.403e+03  1.000e+00  6.907e-17
1.404e+03  1.000e+00  5.124e-17
1.405e+03  1.000e+00  3.798e-17
1.406e+03  1.000e+00  2.814e-17
1.407e+03  1.000e+00  2.083e-17
1.408e+03  1.000e+00  1.540e-17
1.409e+03  1.000e+00  1.139e-17
1.410e+03  1.000e+00  8.408e-18
1.411e+03  1.000e+00  6.205e-18
1.412e+03  1.000e+00  4.576e-18
1.413e+03  1.000e+00  3.372e-18
1.414e+03  1.000e+00  2.483e-18
1.415e+03  1.000e+00  1.827e-18
1.416e+03  1.000e+00  1.343e-18
1.417e+03  1.000e+00  9.870e-19
1.418e+03  1.000e+00  7.246e-19
1.419e+03  1.000e+00  5.316e-19
1.420e+03  1.000e+00  3.897e-19
1.421e+03  1.000e+00  2.855e-19
1.422e+03  1.000e+00  2.090e-19
1.423e+03  1.000e+00  1.528e-19
1.424e+03  1.000e+00  1.117e-19
1.425e+03  1.000e+00  8.159e-20
1.426e+03  1.000e+00  5.955e-20
1.427e+03  1.000e+00  4.343e-20
1.428e+03  1.000e+00  3.165e-20
1.429e+03  1.000e+00  2.305e-20
1.430e+03  1.000e+00  1.677e-20
1.431e+03  1.000e+00  1.219e-20
1.432e+03  1.000e+00  8.861e-21
1.433e+03  1.000e+00  6.434e-21
1.434e+03  1.000e+00  4.668e-21
1.435e+03  1.000e+00  3.384e-21
1.436e+03  1.000e+00  2.452e-21
1.437e+03  1.000e+00  1.775e-21
1.438e+03  1.000e+00  1.284e-21
1.439e+03  1.000e+00  9.283e-22
1.440e+03  1.000e+00  6.706e-22
1.441e+03  1.000e+00  4.840e-22
1.442e+03  1.000e+00  3.491e-22
1.443e+03  1.000e+00  2.517e-22
1.444e+03  1.000e+00  1.813e-22
1.445e+03  1.000e+00  1.305e-22
1.446e+03  1.000e+00  9.382e-23
1.447e+03  1.000e+00  6.743e-23
1.448e+03  1.000e+00  4.843e-23
1.449e+03  1.000e+00  3.475e-23
1.450e+03  1.000e+00  2.492e-23
1.451e+03  1.000e+00  1.786e-23
1.452e+03  1.000e+00  1.279e-23
1.453e+03  1.000e+00  9.150e-24
1.454e+03  1.000e+00  6.543e-24
1.455e+03  1.000e+00  4.675e-24
1.456e+03  1.000e+00  3.338e-24
1.457e+03  1.000e+00  2.382e-24
1.458e+03  1.000e+00  1.698e-24
1.459e+03  1.000e+00  1.210e-24
1.460e+03  1.000e+00  8.612e-25
1.461e+03  1.000e+00  6.127e-25
1.462e+03  1.000e+00  4.356e-25
1.463e+03  1.000e+00  3.094e-25
1.464e+03  1.000e+00  2.196e-25
1.465e+03  1.000e+00  1.558e-25
1.466e+03  1.000e+00  1.104e-25
1.467e+03  1.000e+00  7.823e-26
1.468e+03  1.000e+00  5.537e-26
1.469e+03  1.000e+00  3.917e-26
1.470e+03  1.000e+00  2.768e-26
1.471e+03  1.000e+00  1.955e-26
1.472e+03  1.000e+00  1.380e-26
1.473e+03  1.000e+00  9.733e-27
1.474e+03  1.000e+00  6.859e-27
1.475e+03  1.000e+00  4.831e-27
1.476e+03  1.000e+00  3.400e-27
1.477e+03  1.000e+00  2.391e-27
1.478e+03  1.000e+00  1.680e-27
1.479e+03  1.000e+00  1.180e-27
1.480e+03  1.000e+00  8.280e-28
1.481e+03  1.000e+00  5.806e-28
1.482e+03  1.000e+00  4.069e-28
1.483e+03  1.000e+00  2.849e-28
1.484e+03  1.000e+00  1.993e-28
1.485e+03  1.000e+00  1.394e-28
1.486e+03  1.000e+00  9.740e-29
1.487e+03  1.000e+00  6.800e-29
1.488e+03  1.000e+00  4.745e-29
1.489e+03  1.000e+00  3.308e-29
1.490e+03  1.000e+00  2.305e-29
1.491e+03  1.000e+00  1.605e-29
1.492e+03  1.000e+00  1.117e-29
1.493e+03  1.000e+00  7.763e-30
1.494e+03  1.000e+00  5.393e-30
1.495e+03  1.000e+00  3.744e-30
1.496e+03  1.000e+00  2.598e-30
1.497e+03  1.000e+00  1.801e-30
1.498e+03  1.000e+00  1.247e-30
1.499e+03  1.000e+00  8.636e-31
1.500e+03  1.000e+00  5.974e-31
1.501e+03  1.000e+00  4.130e-31
1.502e+03  1.000e+00  2.853e-31
1.503e+03  1.000e+00  1.969e-31
1.504e+03  1.000e+00  1.359e-31
1.505e+03  1.000e+00  9.365e-32
1.506e+03  1.000e+00  6.451e-32
1.507e+03  1.000e+00  4.440e-32
1.508e+03  1.000e+00  3.054e-32
1.509e+03  1.000e+00  2.099e-32
1.510e+03  1.000e+00  1.442e-32
1.511e+03  1.000e+00  9.898e-33
1.512e+03  1.000e+00  6.789e-33
1.513e+03  1.000e+00  4.654e-33
1.514e+03  1.000e+00  3.187e-33
1.515e+03  1.000e+00  2.182e-33
1.516e+03  1.000e+00  1.492e-33
1.517e+03  1.000e+00  1.020e-33
1.518e+03  1.000e+00  6.966e-34
1.519e+03  1.000e+00  4.754e-34
1.520e+03  1.000e+00  3.243e-34
1.521e+03  1.000e+00  2.210e-34
1.522e+03  1.000e+00  1.505e-34
1.523e+03  1.000e+00  1.024e-34
1.524e+03  1.000e+00  6.967e-35
1.525e+03  1.000e+00  4.735e-35
1.526e+03  1.000e+00  3.216e-35
1.527e+03  1.000e+00  2.183e-35
1.528e+03  1.000e+00  1.480e-35
1.529e+03  1.000e+00  1.003e-35
1.530e+03  1.000e+00  6.794e-36
1.531e+03  1.000e+00  4.598e-36
1.532e+03  1.000e+00  3.109e-36
1.533e+03  1.000e+00  2.101e-36
1.534e+03  1.000e+00  1.419e-36
1.535e+03  1.000e+00  9.577e-37
1.536e+03  1.000e+00  6.459e-37
1.537e+03  1.000e+00  4.353e-37
1.538e+03  1.000e+00  2.931e-37
1.539e+03  1.000e+00  1.973e-37
1.540e+03  1.000e+00  1.327e-37
1.541e+03  1.000e+00  8.915e-38
1.542e+03  1.000e+00  5.987e-38
1.543e+03  1.000e+00  4.018e-38
1.544e+03  1.000e+00  2.694e-38
1.545e+03  1.000e+00  1.806e-38
1.546e+03  1.000e+00  1.209e-38
1.547e+03  1.000e+00  8.092e-39
1.548e+03  1.000e+00  5.411e-39
1.549e+03  1.000e+00  3.616e-39
1.550e+03  1.000e+00  2.415e-39
1.551e+03  1.000e+00  1.612e-39
1.552e+03  1.000e+00  1.075e-39
1.553e+03  1.000e+00  7.162e-40
1.554e+03  1.000e+00  4.770e-40
1.555e+03  1.000e+00  3.174e-40
1.556e+03  1.000e+00  2.111e-40
1.557e+03  1.000e+00  1.403e-40
1.558e+03  1.000e+00  9.315e-41
1.559e+03  1.000e+00  6.182e-41
1.560e+03  1.000e+00  4.099e-41
1.561e+03  1.000e+00  2.717e-41
1.562e+03  1.000e+00  1.799e-41
1.563e+03  1.000e+00  1.191e-41
1.564e+03  1.000e+00  7.873e-42
1.565e+03  1.000e+00  5.203e-42
1.566e+03  1.000e+00  3.436e-42
1.567e+03  1.000e+00  2.268e-42
1.568e+03  1.000e+00  1.495e-42
1.569e+03  1.000e+00  9.855e-43
1.570e+03  1.000e+00  6.490e-43
1.571e+03  1.000e+00  4.271e-43
1.572e+03  1.000e+00  2.809e-43
1.573e+03  1.000e+00  1.846e-43
1.574e+03  1.000e+00  1.212e-43
1.575e+03  1.000e+00  7.956e-44
1.576e+03  1.000e+00  5.218e-44
1.577e+03  1.000e+00  3.420e-44
1.578e+03  1.000e+00  2.240e-44
1.579e+03  1.000e+00  1.466e-44
1.580e+03  1.000e+00  9.586e-45
1.581e+03  1.000e+00  6.265e-45
1.582e+03  1.000e+00  4.092e-45
1.583e+03  1.000e+00  2.670e-45
1.584e+03  1.000e+00  1.742e-45
1.585e+03  1.000e+00  1.135e-45
1.586e+03  1.000e+00  7.393e-46
1.587e+03  1.000e+00  4.812e-46
1.588e+03  1.000e+00  3.130e-46
1.589e+03  1.000e+00  2.034e-46
1.590e+03  1.000e+00  1.321e-46
1.591e+03  1.000e+00  8.575e-47
1.592e+03  1.000e+00  5.562e-47
1.593e+03  1.000e+00  3.605e-47
1.594e+03  1.000e+00  2.335e-47
1.595e+03  1.000e+00  1.511e-47
1.596e+03  1.000e+00  9.776e-48
1.597e+03  1.000e+00  6.319e-48
1.598e+03  1.000e+00  4.081e-48
1.599e+03  1.000e+00  2.635e-48
1.600e+03  1.000e+00  1.699e-48
1.601e+03  1.000e+00  1.095e-48
1.602e+03  1.000e+00  7.056e-49
1.603e+03  1.000e+00  4.542e-49
1.604e+03  1.000e+00  2.922e-49
1.605e+03  1.000e+00  1.878e-49
1.606e+03  1.000e+00  1.207e-49
1.607e+03  1.000e+00  7.746e-50
1.608e+03  1.000e+00  4.969e-50
1.609e+03  1.000e+00  3.185e-50
1.610e+03  1.000e+00  2.041e-50
1.611e+03  1.000e+00  1.306e-50
1.612e+03  1.000e+00  8.358e-51
1.613e+03  1.000e+00  5.343e-51
1.614e+03  1.000e+00  3.414e-51
1.615e+03  1.000e+00  2.179e-51
1.616e+03  1.000e+00  1.390e-51
1.617e+03  1.000e+00  8.865e-52
1.618e+03  1.000e+00  5.648e-52
1.619e+03  1.000e+00  3.596e-52
1.620e+03  1.000e+00  2.288e-52
1.621e+03  1.000e+00  1.455e-52
1.622e+03  1.000e+00  9.244e-53
1.623e+03  1.000e+00  5.870e-53
1.624e+03  1.000e+00  3.724e-53
1.625e+03  1.000e+00  2.362e-53
1.626e+03  1.000e+00  1.496e-53
1.627e+03  1.000e+00  9.476e-54
1.628e+03  1.000e+00  5.996e-54
1.629e+03  1.000e+00  3.792e-54
1.630e+03  1.000e+00  2.396e-54
1.631e+03  1.000e+00  1.513e-54
1.632e+03  1.000e+00  9.550e-55
1.633e+03  1.000e+00  6.023e-55
1.634e+03  1.000e+00  3.795e-55
1.635e+03  1.000e+00  2.390e-55
1.636e+03  1.000e+00  1.504e-55
1.637e+03  1.000e+00  9.462e-56
1.638e+03  1.000e+00  5.947e-56
1.639e+03  1.000e+00  3.735e-56
1.640e+03  1.000e+00  2.344e-56
1.641e+03  1.000e+00  1.470e-56
1.642e+03  1.000e+00  9.216e-57
1.643e+03  1.000e+00  5.773e-57
1.644e+03  1.000e+00  3.614e-57
1.645e+03  1.000e+00  2.260e-57
1.646e+03  1.000e+00  1.413e-57
1.647e+03  1.000e+00  8.827e-58
1.648e+03  1.000e+00  5.510e-58
1.649e+03  1.000e+00  3.437e-58
1.650e+03  1.000e+00  2.143e-58
1.651e+03  1.000e+00  1.335e-58
1.652e+03  1.000e+00  8.311e-59
1.653e+03  1.000e+00  5.171e-59
1.654e+03  1.000e+00  3.215e-59
1.655e+03  1.000e+00  1.997e-59
1.656e+03  1.000e+00  1.240e-59
1.657e+03  1.000e+00  7.695e-60
1.658e+03  1.000e+00  4.771e-60
1.659e+03  1.000e+00  2.957e-60
1.660e+03  1.000e+00  1.831e-60
1.661e+03  1.000e+00  1.133e-60
1.662e+03  1.000e+00  7.005e-61
1.663e+03  1.000e+00  4.329e-61
1.664e+03  1.000e+00  2.673e-61
1.665e+03  1.000e+00  1.650e-61
1.666e+03  1.000e+00  1.018e-61
1.667e+03  1.000e+00  6.271e-62
1.668e+03  1.000e+00  3.862e-62
1.669e+03  1.000e+00  2.377e-62
1.670e+03  1.000e+00  1.462e-62
1.671e+03  1.000e+00  8.986e-63
1.672e+03  1.000e+00  5.520e-63
1.673e+03  1.000e+00  3.388e-63
1.674e+03  1.000e+00  2.078e-63
1.675e+03  1.000e+00  1.274e-63
1.676e+03  1.000e+00  7.805e-64
1.677e+03  1.000e+00  4.778e-64
1.678e+03  1.000e+00  2.923e-64
1.679e+03  1.000e+00  1.787e-64
1.680e+03  1.000e+00  1.092e-64
1.681e+03  1.000e+00  6.665e-65
1.682e+03  1.000e+00  4.067e-65
1.683e+03  1.000e+00  2.480e-65
1.684e+03  1.000e+00  1.511e-65
1.685e+03  1.000e+00  9.200e-66
1.686e+03  1.000e+00  5.598e-66
1.687e+03  1.000e+00  3.404e-66
1.688e+03  1.000e+00  2.069e-66
1.689e+03  1.000e+00  1.256e-66
1.690e+03  1.000e+00  7.624e-67
1.691e+03  1.000e+00  4.624e-67
1.692e+03  1.000e+00  2.802e-67
1.693e+03  1.000e+00  1.697e-67
1.694e+03  1.000e+00  1.027e-67
1.695e+03  1.000e+00  6.213e-68
1.696e+03  1.000e+00  3.756e-68
1.697e+03  1.000e+00  2.269e-68
1.698e+03  1.000e+00  1.369e-68
1.699e+03  1.000e+00  8.261e-69
1.700e+03  1.000e+00  4.980e-69
1.701e+03  1.000e+00  3.000e-69
1.702e+03  1.000e+00  1.806e-69
1.703e+03  1.000e+00  1.087e-69
1.704e+03  1.000e+00  6.534e-70
1.705e+03  1.000e+00  3.926e-70
1.706e+03  1.000e+00  2.357e-70
1.707e+03  1.000e+00  1.415e-70
1.708e+03  1.000e+00  8.482e-71
1.709e+03  1.000e+00  5.083e-71
1.710e+03  1.000e+00  3.044e-71
1.711e+03  1.000e+00  1.822e-71
1.712e+03  1.000e+00  1.089e-71
1.713e+03  1.000e+00  6.511e-72
1.714e+03  1.000e+00  3.889e-72
1.715e+03  1.000e+00  2.321e-72
1.716e+03  1.000e+00  1.385e-72
1.717e+03  1.000e+00  8.253e-73
1.718e+03  1.000e+00  4.916e-73
1.719e+03  1.000e+00  2.927e-73
1.720e+03  1.000e+00  1.741e-73
1.721e+03  1.000e+00  1.035e-73
1.722e+03  1.000e+00  6.150e-74
1.723e+03  1.000e+00  3.651e-74
1.724e+03  1.000e+00  2.166e-74
1.725e+03  1.000e+00  1.285e-74
1.726e+03  1.000e+00  7.612e-75
1.727e+03  1.000e+00  4.507e-75
1.728e+03  1.000e+00  2.667e-75
1.729e+03  1.000e+00  1.577e-75
1.730e+03  1.000e+00  9.322e-76
1.731e+03  1.000e+00  5.506e-76
1.732e+03  1.000e+00  3.249e-76
1.733e+03  1.000e+00  1.917e-76
1.734e+03  1.000e+00  1.130e-76
1.735e+03  1.000e+00  6.655e-77
1.736e+03  1.000e+00  3.917e-77
1.737e+03  1.000e+00  2.304e-77
1.738e+03  1.000e+00  1.355e-77
1.739e+03  1.000e+00  7.959e-78
1.740e+03  1.000e+00  4.673e-78
1.741e+03  1.000e+00  2.742e-78
1.742e+03  1.000e+00  1.608e-78
1.743e+03  1.000e+00  9.420e-79
1.744e+03  1.000e+00  5.516e-79
1.745e+03  1.000e+00  3.228e-79
1.746e+03  1.000e+00  1.888e-79
1.747e+03  1.000e+00  1.103e-79
1.748e+03  1.000e+00  6.444e-80
1.749e+03  1.000e+00  3.761e-80
1.750e+03  1.000e+00  2.194e-80
1.751e+03  1.000e+00  1.279e-80
1.752e+03  1.000e+00  7.449e-81
1.753e+03  1.000e+00  4.336e-81
1.754e+03  1.000e+00  2.523e-81
1.755e+03  1.000e+00  1.467e-81
1.756e+03  1.000e+00  8.521e-82
1.757e+03  1.000e+00  4.947e-82
1.758e+03  1.000e+00  2.871e-82
1.759e+03  1.000e+00  1.665e-82
1.760e+03  1.000e+00  9.646e-83
1.761e+03  1.000e+00  5.586e-83
1.762e+03  1.000e+00  3.233e-83
1.763e+03  1.000e+00  1.870e-83
1.764e+03  1.000e+00  1.081e-83
1.765e+03  1.000e+00  6.242e-84
1.766e+03  1.000e+00  3.603e-84
1.767e+03  1.000e+00  2.078e-84
1.768e+03  1.000e+00  1.198e-84
1.769e+03  1.000e+00  6.903e-85
1.770e+03  1.000e+00  3.974e-85
1.771e+03  1.000e+00  2.286e-85
1.772e+03  1.000e+00  1.315e-85
1.773e+03  1.000e+00  7.554e-86
1.774e+03  1.000e+00  4.338e-86
1.775e+03  1.000e+00  2.489e-86
1.776e+03  1.000e+00  1.428e-86
1.777e+03  1.000e+00  8.182e-87
1.778e+03  1.000e+00  4.686e-87
1.779e+03  1.000e+00  2.682e-87
1.780e+03  1.000e+00  1.534e-87
1.781e+03  1.000e+00  8.770e-88
1.782e+03  1.000e+00  5.010e-88
1.783e+03  1.000e+00  2.860e-88
1.784e+03  1.000e+00  1.632e-88
1.785e+03  1.000e+00  9.304e-89
1.786e+03  1.000e+00  5.301e-89
1.787e+03  1.000e+00  3.019e-89
1.788e+03  1.000e+00  1.718e-89
1.789e+03  1.000e+00  9.769e-90
1.790e+03  1.000e+00  5.552e-90
1.791e+03  1.000e+00  3.153e-90
1.792e+03  1.000e+00  1.790e-90
1.793e+03  1.000e+00  1.015e-90
1.794e+03  1.000e+00  5.755e-91
1.795e+03  1.000e+00  3.260e-91
1.796e+03  1.000e+00  1.846e-91
1.797e+03  1.000e+00  1.044e-91
1.798e+03  1.000e+00  5.904e-92
1.799e+03  1.000e+00  3.336e-92
1.800e+03  1.000e+00  1.884e-92
1.801e+03  1.000e+00  1.063e-92
1.802e+03  1.000e+00  5.995e-93
1.803e+03  1.000e+00  3.378e-93
1.804e+03  1.000e+00  1.903e-93
1.805e+03  1.000e+00  1.071e-93
1.806e+03  1.000e+00  6.025e-94
1.807e+03  1.000e+00  3.387e-94
1.808e+03  1.000e+00  1.903e-94
1.809e+03  1.000e+00  1.068e-94
1.810e+03  1.000e+00  5.993e-95
1.811e+03  1.000e+00  3.360e-95
1.812e+03  1.000e+00  1.883e-95
1.813e+03  1.000e+00  1.054e-95
1.814e+03  1.000e+00  5.901e-96
1.815e+03  1.000e+00  3.300e-96
1.816e+03  1.000e+00  1.844e-96
1.817e+03  1.000e+00  1.030e-96
1.818e+03  1.000e+00  5.751e-97
1.819e+03  1.000e+00  3.208e-97
1.820e+03  1.000e+00  1.788e-97
1.821e+03  1.000e+00  9.963e-98
1.822e+03  1.000e+00  5.547e-98
1.823e+03  1.000e+00  3.087e-98
1.824e+03  1.000e+00  1.716e-98
1.825e+03  1.000e+00  9.538e-99
1.826e+03  1.000e+00  5.297e-99
1.827e+03  1.000e+00  2.940e-99
1.828e+03  1.000e+00  1.631e-99
1.829e+03  1.000e+00  9.038e-100
1.830e+03  1.000e+00  5.007e-100
1.831e+03  1.000e+00  2.772e-100
1.832e+03  1.000e+00  1.533e-100
1.833e+03  1.000e+00  8.478e-101
1.834e+03  1.000e+00  4.685e-101
1.835e+03  1.000e+00  2.587e-101
1.836e+03  1.000e+00  1.427e-101
1.837e+03  1.000e+00  7.872e-102
1.838e+03  1.000e+00  4.339e-102
1.839e+03  1.000e+00  2.390e-102
1.840e+03  1.000e+00  1.315e-102
1.841e+03  1.000e+00  7.236e-103
1.842e+03  1.000e+00  3.978e-103
1.843e+03  1.000e+00  2.185e-103
1.844e+03  1.000e+00  1.200e-103
1.845e+03  1.000e+00  6.584e-104
1.846e+03  1.000e+00  3.610e-104
1.847e+03  1.000e+00  1.978e-104
1.848e+03  1.000e+00  1.084e-104
1.849e+03  1.000e+00  5.930e-105
1.850e+03  1.000e+00  3.244e-105
1.851e+03  1.000e+00  1.773e-105
1.852e+03  1.000e+00  9.686e-106
1.853e+03  1.000e+00  5.288e-106
1.854e+03  1.000e+00  2.885e-106
1.855e+03  1.000e+00  1.573e-106
1.856e+03  1.000e+00  8.572e-107
1.857e+03  1.000e+00  4.668e-107
1.858e+03  1.000e+00  2.540e-107
1.859e+03  1.000e+00  1.382e-107
1.860e+03  1.000e+00  7.509e-108
1.861e+03  1.000e+00  4.079e-108
1.862e+03  1.000e+00  2.214e-108
1.863e+03  1.000e+00  1.201e-108
1.864e+03  1.000e+00  6.513e-109
1.865e+03  1.000e+00  3.529e-109
1.866e+03  1.000e+00  1.911e-109
1.867e+03  1.000e+00  1.034e-109
1.868e+03  1.000e+00  5.592e-110
1.869e+03  1.000e+00  3.022e-110
1.870e+03  1.000e+00  1.633e-110
1.871e+03  1.000e+00  8.812e-111
1.872e+03  1.000e+00  4.754e-111
1.873e+03  1.000e+00  2.563e-111
1.874e+03  1.000e+00  1.381e-111
1.875e+03  1.000e+00  7.435e-112
1.876e+03  1.000e+00  4.001e-112
1.877e+03  1.000e+00  2.151e-112
1.878e+03  1.000e+00  1.156e-112
1.879e+03  1.000e+00  6.210e-113
1.880e+03  1.000e+00  3.333e-113
1.881e+03  1.000e+00  1.788e-113
1.882e+03  1.000e+00  9.586e-114
1.883e+03  1.000e+00  5.136e-114
1.884e+03  1.000e+00  2.750e-114
1.885e+03  1.000e+00  1.471e-114
1.886e+03  1.000e+00  7.869e-115
1.887e+03  1.000e+00  4.205e-115
1.888e+03  1.000e+00  2.246e-115
1.889e+03  1.000e+00  1.199e-115
1.890e+03  1.000e+00  6.395e-116
1.891e+03  1.000e+00  3.409e-116
1.892e+03  1.000e+00  1.816e-116
1.893e+03  1.000e+00  9.670e-117
1.894e+03  1.000e+00  5.145e-117
1.895e+03  1.000e+00  2.736e-117
1.896e+03  1.000e+00  1.454e-117
1.897e+03  1.000e+00  7.723e-118
1.898e+03  1.000e+00  4.099e-118
1.899e+03  1.000e+00  2.174e-118
1.900e+03  1.000e+00  1.153e-118
1.901e+03  1.000e+00  6.107e-119
1.902e+03  1.000e+00  3.234e-119
1.903e+03  1.000e+00  1.711e-119
1.904e+03  1.000e+00  9.048e-120
1.905e+03  1.000e+00  4.782e-120
1.906e+03  1.000e+00  2.526e-120
1.907e+03  1.000e+00  1.333e-120
1.908e+03  1.000e+00  7.032e-121
1.909e+03  1.000e+00  3.707e-121
1.910e+03  1.000e+00  1.953e-121
1.911e+03  1.000e+00  1.028e-121
1.912e+03  1.000e+00  5.411e-122
1.913e+03  1.000e+00  2.846e-122
1.914e+03  1.000e+00  1.496e-122
1.915e+03  1.000e+00  7.855e-123
1.916e+03  1.000e+00  4.123e-123
1.917e+03  1.000e+00  2.163e-123
1.918e+03  1.000e+00  1.134e-123
1.919e+03  1.000e+00  5.941e-124
1.920e+03  1.000e+00  3.111e-124
1.921e+03  1.000e+00  1.628e-124
1.922e+03  1.000e+00  8.514e-125
1.923e+03  1.000e+00  4.450e-125
1.924e+03  1.000e+00  2.324e-125
1.925e+03  1.000e+00  1.213e-125
1.926e+03  1.000e+00  6.330e-126
1.927e+03  1.000e+00  3.300e-126
1.928e+03  1.000e+00  1.720e-126
1.929e+03  1.000e+00  8.954e-127
1.930e+03  1.000e+00  4.660e-127
1.931e+03  1.000e+00  2.424e-127
1.932e+03  1.000e+00  1.260e-127
1.933e+03  1.000e+00  6.544e-128
1.934e+03  1.000e+00  3.397e-128
1.935e+03  1.000e+00  1.763e-128
1.936e+03  1.000e+00  9.139e-129
1.937e+03  1.000e+00  4.736e-129
1.938e+03  1.000e+00  2.452e-129
1.939e+03  1.000e+00  1.269e-129
1.940e+03  1.000e+00  6.565e-130
1.941e+03  1.000e+00  3.394e-130
1.942e+03  1.000e+00  1.753e-130
1.943e+03  1.000e+00  9.052e-131
1.944e+03  1.000e+00  4.670e-131
1.945e+03  1.000e+00  2.408e-131
1.946e+03  1.000e+00  1.241e-131
1.947e+03  1.000e+00  6.392e-132
1.948e+03  1.000e+00  3.290e-132
1.949e+03  1.000e+00  1.693e-132
1.950e+03  1.000e+00  8.701e-133
1.951e+03  1.000e+00  4.471e-133
1.952e+03  1.000e+00  2.296e-133
1.953e+03  1.000e+00  1.178e-133
1.954e+03  1.000e+00  6.041e-134
1.955e+03  1.000e+00  3.096e-134
1.956e+03  1.000e+00  1.586e-134
1.957e+03  1.000e+00  8.119e-135
1.958e+03  1.000e+00  4.154e-135
1.959e+03  1.000e+00  2.124e-135
1.960e+03  1.000e+00  1.085e-135
1.961e+03  1.000e+00  5.542e-136
1.962e+03  1.000e+00  2.829e-136
1.963e+03  1.000e+00  1.443e-136
1.964e+03  1.000e+00  7.354e-137
1.965e+03  1.000e+00  3.747e-137
1.966e+03  1.000e+00  1.907e-137
1.967e+03  1.000e+00  9.706e-138
1.968e+03  1.000e+00  4.936e-138
1.969e+03  1.000e+00  2.508e-138
1.970e+03  1.000e+00  1.274e-138
1.971e+03  1.000e+00  6.467e-139
1.972e+03  1.000e+00  3.281e-139
1.973e+03  1.000e+00  1.663e-139
1.974e+03  1.000e+00  8.427e-140
1.975e+03  1.000e+00  4.267e-140
1.976e+03  1.000e+00  2.160e-140
1.977e+03  1.000e+00  1.092e-140
1.978e+03  1.000e+00  5.521e-141
1.979e+03  1.000e+00  2.789e-141
1.980e+03  1.000e+00  1.408e-141
1.981e+03  1.000e+00  7.104e-142
1.982e+03  1.000e+00  3.582e-142
1.983e+03  1.000e+00  1.805e-142
1.984e+03  1.000e+00  9.092e-143
1.985e+03  1.000e+00  4.576e-143
1.986e+03  1.000e+00  2.302e-143
1.987e+03  1.000e+00  1.157e-143
1.988e+03  1.000e+00  5.815e-144
1.989e+03  1.000e+00  2.920e-144
1.990e+03  1.000e+00  1.465e-144
1.991e+03  1.000e+00  7.349e-145
1.992e+03  1.000e+00  3.683e-145
1.993e+03  1.000e+00  1.845e-145
1.994e+03  1.000e+00  9.238e-146
1.995e+03  1.000e+00  4.624e-146
1.996e+03  1.000e+00  2.315e-146
1.997e+03  1.000e+00  1.164e-146
1.998e+03  1.000e+00  5.946e-147
1.999e+03  1.000e+00  3.236e-147
2.000e+03  1.000e+00  2.152e-147
