1.752921535893155358e+00
1.722871452420701388e+00
1.702838063439064964e+00
1.672787979966610994e+00
1.642737896494157024e+00
1.602671118530884842e+00
1.572621035058430872e+00
1.542570951585976902e+00
1.502504173622704498e+00
1.472454090150250527e+00
1.442404006677796557e+00
1.402337228714524375e+00
1.362270450751252193e+00
1.332220367278798001e+00
1.292153589315526041e+00
1.252086811352253859e+00
1.202003338898163687e+00
1.161936560934891505e+00
1.111853088480801555e+00
1.071786310517529373e+00
1.011686143572620988e+00
9.716193656093489173e-01
9.015025041736227651e-01
8.514190317195324820e-01
7.813021702838064408e-01
7.111853088480801777e-01
6.310517529215359245e-01
5.409015025041736813e-01
4.507512520868113826e-01
3.706176961602671294e-01
3.005008347245409217e-01
2.404006677796327318e-01
1.803005008347245697e-01
1.302170283806343976e-01
8.013355592654425319e-02
4.006677796327212659e-02
-1.001669449081803165e-02
-5.008347245409015130e-02
-9.015025041736228484e-02
-1.302170283806343976e-01
-1.702838063439065242e-01
-2.103505843071786230e-01
-2.404006677796327318e-01
-2.804674457429048862e-01
-3.105175292153589672e-01
-3.505843071786310938e-01
-3.806343906510851194e-01
-4.207011686143572460e-01
-4.507512520868113826e-01
-4.908180300500835092e-01
