0.000000000000000000e+00
0.000000000000000000e+00
0.000000000000000000e+00
0.000000000000000000e+00
0.000000000000000000e+00
0.000000000000000000e+00
0.000000000000000000e+00
0.000000000000000000e+00
0.000000000000000000e+00
0.000000000000000000e+00
0.000000000000000000e+00
0.000000000000000000e+00
0.000000000000000000e+00
0.000000000000000000e+00
0.000000000000000000e+00
0.000000000000000000e+00
8.571428571428570953e-01
8.571428571428570953e-01
8.571428571428570953e-01
8.571428571428570953e-01
7.500000000000000000e-01
7.500000000000000000e-01
7.500000000000000000e-01
7.500000000000000000e-01
0.000000000000000000e+00
0.000000000000000000e+00
0.000000000000000000e+00
0.000000000000000000e+00
0.000000000000000000e+00
0.000000000000000000e+00
0.000000000000000000e+00
0.000000000000000000e+00
0.000000000000000000e+00
0.000000000000000000e+00
0.000000000000000000e+00
0.000000000000000000e+00
0.000000000000000000e+00
0.000000000000000000e+00
0.000000000000000000e+00
0.000000000000000000e+00
0.000000000000000000e+00
0.000000000000000000e+00
5.000000000000000000e-01
5.000000000000000000e-01
5.000000000000000000e-01
4.615384615384615641e-01
4.615384615384615641e-01
4.615384615384615641e-01
4.615384615384615641e-01
4.615384615384615641e-01
4.285714285714285476e-01
4.285714285714285476e-01
4.285714285714285476e-01
4.285714285714285476e-01
4.285714285714285476e-01
4.000000000000000222e-01
4.000000000000000222e-01
0.000000000000000000e+00
0.000000000000000000e+00
0.000000000000000000e+00
0.000000000000000000e+00
0.000000000000000000e+00
0.000000000000000000e+00
0.000000000000000000e+00
0.000000000000000000e+00
0.000000000000000000e+00
3.529411764705882582e-01
3.529411764705882582e-01
3.529411764705882582e-01
3.529411764705882582e-01
3.333333333333333148e-01
3.333333333333333148e-01
3.333333333333333148e-01
3.333333333333333148e-01
3.333333333333333148e-01
3.157894736842105088e-01
3.157894736842105088e-01
3.157894736842105088e-01
3.157894736842105088e-01
3.157894736842105088e-01
3.000000000000000444e-01
3.000000000000000444e-01
3.000000000000000444e-01
3.000000000000000444e-01
3.000000000000000444e-01
2.857142857142856984e-01
2.857142857142856984e-01
0.000000000000000000e+00
0.000000000000000000e+00
0.000000000000000000e+00
2.727272727272727626e-01
2.727272727272727626e-01
2.727272727272727626e-01
2.727272727272727626e-01
2.727272727272727626e-01
2.608695652173912971e-01
2.608695652173912971e-01
2.608695652173912971e-01
2.608695652173912971e-01
2.608695652173912971e-01
2.500000000000000000e-01
2.500000000000000000e-01
2.500000000000000000e-01
2.500000000000000000e-01
2.500000000000000000e-01
2.400000000000000189e-01
2.400000000000000189e-01
2.400000000000000189e-01
2.400000000000000189e-01
2.400000000000000189e-01
2.307692307692307820e-01
2.307692307692307820e-01
2.307692307692307820e-01
4.615384615384615641e-01
4.615384615384615641e-01
4.444444444444444198e-01
4.444444444444444198e-01
2.222222222222222099e-01
2.222222222222222099e-01
2.222222222222222099e-01
2.142857142857142738e-01
2.142857142857142738e-01
2.142857142857142738e-01
2.142857142857142738e-01
2.142857142857142738e-01
2.068965517241379282e-01
2.068965517241379282e-01
2.068965517241379282e-01
2.068965517241379282e-01
2.068965517241379282e-01
2.000000000000000111e-01
2.000000000000000111e-01
2.000000000000000111e-01
2.000000000000000111e-01
2.000000000000000111e-01
1.935483870967741882e-01
1.935483870967741882e-01
3.870967741935483764e-01
3.870967741935483764e-01
3.870967741935483764e-01
3.750000000000000000e-01
3.750000000000000000e-01
3.750000000000000000e-01
3.750000000000000000e-01
3.750000000000000000e-01
3.636363636363636465e-01
1.818181818181818232e-01
1.818181818181818232e-01
1.818181818181818232e-01
1.818181818181818232e-01
1.764705882352941291e-01
1.764705882352941291e-01
1.764705882352941291e-01
1.764705882352941291e-01
1.764705882352941291e-01
1.714285714285714302e-01
1.714285714285714302e-01
1.714285714285714302e-01
1.714285714285714302e-01
1.714285714285714302e-01
1.666666666666666574e-01
3.333333333333333148e-01
3.333333333333333148e-01
3.333333333333333148e-01
3.333333333333333148e-01
3.243243243243243423e-01
3.243243243243243423e-01
3.243243243243243423e-01
3.243243243243243423e-01
3.243243243243243423e-01
3.157894736842105088e-01
3.157894736842105088e-01
3.157894736842105088e-01
3.157894736842105088e-01
3.157894736842105088e-01
3.076923076923077094e-01
1.538461538461538547e-01
1.538461538461538547e-01
1.538461538461538547e-01
1.538461538461538547e-01
1.500000000000000222e-01
1.500000000000000222e-01
1.500000000000000222e-01
1.500000000000000222e-01
3.000000000000000444e-01
2.926829268292683306e-01
2.926829268292683306e-01
2.926829268292683306e-01
2.926829268292683306e-01
2.926829268292683306e-01
2.857142857142856984e-01
2.857142857142856984e-01
2.857142857142856984e-01
2.857142857142856984e-01
2.857142857142856984e-01
2.790697674418604612e-01
2.790697674418604612e-01
2.790697674418604612e-01
2.790697674418604612e-01
2.790697674418604612e-01
2.727272727272727626e-01
2.727272727272727626e-01
2.727272727272727626e-01
2.727272727272727626e-01
2.727272727272727626e-01
2.666666666666667185e-01
1.333333333333333592e-01
1.333333333333333592e-01
2.666666666666667185e-01
2.666666666666667185e-01
2.608695652173912971e-01
2.608695652173912971e-01
2.608695652173912971e-01
2.608695652173912971e-01
2.608695652173912971e-01
2.553191489361702482e-01
2.553191489361702482e-01
2.553191489361702482e-01
2.553191489361702482e-01
2.553191489361702482e-01
2.500000000000000000e-01
2.500000000000000000e-01
2.500000000000000000e-01
2.500000000000000000e-01
2.500000000000000000e-01
2.448979591836734637e-01
2.448979591836734637e-01
2.448979591836734637e-01
2.448979591836734637e-01
2.448979591836734637e-01
2.400000000000000189e-01
3.599999999999999867e-01
3.599999999999999867e-01
3.599999999999999867e-01
2.400000000000000189e-01
2.352941176470588203e-01
2.352941176470588203e-01
2.352941176470588203e-01
2.352941176470588203e-01
2.352941176470588203e-01
2.307692307692307820e-01
2.307692307692307820e-01
2.307692307692307820e-01
2.307692307692307820e-01
2.307692307692307820e-01
2.264150943396226467e-01
2.264150943396226467e-01
2.264150943396226467e-01
2.264150943396226467e-01
2.264150943396226467e-01
2.222222222222222099e-01
2.222222222222222099e-01
2.222222222222222099e-01
2.222222222222222099e-01
2.222222222222222099e-01
3.272727272727272707e-01
3.272727272727272707e-01
3.272727272727272707e-01
3.272727272727272707e-01
3.272727272727272707e-01
3.214285714285714524e-01
3.214285714285714524e-01
3.214285714285714524e-01
3.214285714285714524e-01
2.142857142857142738e-01
2.105263157894736725e-01
2.105263157894736725e-01
2.105263157894736725e-01
2.105263157894736725e-01
2.105263157894736725e-01
2.068965517241379282e-01
2.068965517241379282e-01
2.068965517241379282e-01
2.068965517241379282e-01
2.068965517241379282e-01
2.033898305084745894e-01
2.033898305084745894e-01
2.033898305084745894e-01
3.050847457627118842e-01
3.050847457627118842e-01
3.000000000000000444e-01
3.000000000000000444e-01
3.000000000000000444e-01
3.000000000000000444e-01
3.000000000000000444e-01
2.950819672131147486e-01
2.950819672131147486e-01
2.950819672131147486e-01
2.950819672131147486e-01
2.950819672131147486e-01
2.903225806451613100e-01
2.903225806451613100e-01
2.903225806451613100e-01
1.935483870967741882e-01
1.935483870967741882e-01
1.904761904761904656e-01
1.904761904761904656e-01
1.904761904761904656e-01
1.904761904761904656e-01
1.904761904761904656e-01
1.875000000000000000e-01
1.875000000000000000e-01
2.812500000000000000e-01
2.812500000000000000e-01
2.812500000000000000e-01
2.769230769230769384e-01
2.769230769230769384e-01
2.769230769230769384e-01
2.769230769230769384e-01
2.769230769230769384e-01
2.727272727272727626e-01
2.727272727272727626e-01
2.727272727272727626e-01
2.727272727272727626e-01
2.727272727272727626e-01
2.686567164179104461e-01
2.686567164179104461e-01
2.686567164179104461e-01
2.686567164179104461e-01
2.686567164179104461e-01
2.647058823529412352e-01
2.647058823529412352e-01
2.647058823529412352e-01
1.764705882352941291e-01
1.764705882352941291e-01
2.608695652173912971e-01
2.608695652173912971e-01
2.608695652173912971e-01
2.608695652173912971e-01
2.608695652173912971e-01
2.571428571428571730e-01
2.571428571428571730e-01
2.571428571428571730e-01
2.571428571428571730e-01
2.571428571428571730e-01
2.535211267605633756e-01
2.535211267605633756e-01
2.535211267605633756e-01
2.535211267605633756e-01
2.535211267605633756e-01
2.500000000000000000e-01
2.500000000000000000e-01
2.500000000000000000e-01
2.500000000000000000e-01
2.500000000000000000e-01
2.465753424657534110e-01
2.465753424657534110e-01
2.465753424657534110e-01
2.465753424657534110e-01
3.287671232876712146e-01
3.243243243243243423e-01
3.243243243243243423e-01
2.432432432432432567e-01
2.432432432432432567e-01
2.432432432432432567e-01
2.400000000000000189e-01
2.400000000000000189e-01
2.400000000000000189e-01
2.400000000000000189e-01
2.400000000000000189e-01
2.368421052631578816e-01
2.368421052631578816e-01
2.368421052631578816e-01
2.368421052631578816e-01
2.368421052631578816e-01
2.337662337662337608e-01
2.337662337662337608e-01
2.337662337662337608e-01
2.337662337662337608e-01
2.337662337662337608e-01
2.307692307692307820e-01
2.307692307692307820e-01
2.307692307692307820e-01
3.076923076923077094e-01
3.076923076923077094e-01
3.037974683544303889e-01
3.037974683544303889e-01
3.037974683544303889e-01
3.037974683544303889e-01
3.037974683544303889e-01
3.000000000000000444e-01
3.000000000000000444e-01
2.250000000000000056e-01
2.250000000000000056e-01
2.250000000000000056e-01
2.222222222222222099e-01
2.222222222222222099e-01
2.222222222222222099e-01
2.222222222222222099e-01
2.222222222222222099e-01
2.195121951219512202e-01
2.195121951219512202e-01
2.195121951219512202e-01
2.195121951219512202e-01
2.195121951219512202e-01
2.168674698795180766e-01
2.891566265060241392e-01
2.891566265060241392e-01
2.891566265060241392e-01
2.891566265060241392e-01
2.857142857142856984e-01
2.857142857142856984e-01
2.857142857142856984e-01
2.857142857142856984e-01
2.857142857142856984e-01
2.823529411764705843e-01
2.823529411764705843e-01
2.823529411764705843e-01
2.823529411764705843e-01
2.823529411764705843e-01
2.790697674418604612e-01
2.093023255813953598e-01
2.093023255813953598e-01
2.093023255813953598e-01
2.093023255813953598e-01
2.068965517241379282e-01
2.068965517241379282e-01
2.068965517241379282e-01
2.068965517241379282e-01
2.068965517241379282e-01
2.727272727272727626e-01
2.727272727272727626e-01
2.727272727272727626e-01
2.727272727272727626e-01
2.727272727272727626e-01
2.696629213483145993e-01
2.696629213483145993e-01
2.696629213483145993e-01
2.696629213483145993e-01
2.696629213483145993e-01
2.666666666666667185e-01
2.666666666666667185e-01
2.666666666666667185e-01
2.666666666666667185e-01
2.666666666666667185e-01
2.637362637362637985e-01
2.637362637362637985e-01
2.637362637362637985e-01
2.637362637362637985e-01
2.637362637362637985e-01
2.608695652173912971e-01
1.956521739130434867e-01
1.956521739130434867e-01
2.608695652173912971e-01
2.608695652173912971e-01
2.580645161290323064e-01
2.580645161290323064e-01
2.580645161290323064e-01
2.580645161290323064e-01
2.580645161290323064e-01
2.553191489361702482e-01
2.553191489361702482e-01
2.553191489361702482e-01
2.553191489361702482e-01
2.553191489361702482e-01
2.526315789473684292e-01
2.526315789473684292e-01
2.526315789473684292e-01
2.526315789473684292e-01
2.526315789473684292e-01
2.500000000000000000e-01
2.500000000000000000e-01
2.500000000000000000e-01
2.500000000000000000e-01
2.500000000000000000e-01
2.474226804123711432e-01
2.474226804123711432e-01
3.092783505154639290e-01
3.092783505154639290e-01
3.092783505154639290e-01
3.061224489795918435e-01
2.448979591836734637e-01
2.448979591836734637e-01
2.448979591836734637e-01
2.448979591836734637e-01
2.424242424242424587e-01
2.424242424242424587e-01
2.424242424242424587e-01
2.424242424242424587e-01
2.424242424242424587e-01
2.400000000000000189e-01
2.400000000000000189e-01
2.400000000000000189e-01
2.400000000000000189e-01
2.400000000000000189e-01
2.376237623762376405e-01
2.376237623762376405e-01
2.376237623762376405e-01
2.376237623762376405e-01
2.376237623762376405e-01
2.941176470588235392e-01
2.941176470588235392e-01
2.941176470588235392e-01
2.941176470588235392e-01
2.941176470588235392e-01
2.912621359223301343e-01
2.912621359223301343e-01
2.912621359223301343e-01
2.912621359223301343e-01
2.330097087378640575e-01
2.307692307692307820e-01
2.307692307692307820e-01
2.307692307692307820e-01
2.307692307692307820e-01
2.307692307692307820e-01
2.285714285714285920e-01
2.285714285714285920e-01
2.285714285714285920e-01
2.285714285714285920e-01
2.285714285714285920e-01
2.264150943396226467e-01
2.264150943396226467e-01
2.264150943396226467e-01
2.264150943396226467e-01
2.830188679245283501e-01
2.803738317757009657e-01
2.803738317757009657e-01
2.803738317757009657e-01
2.803738317757009657e-01
2.803738317757009657e-01
2.777777777777777901e-01
2.777777777777777901e-01
2.777777777777777901e-01
2.777777777777777901e-01
2.777777777777777901e-01
2.752293577981651529e-01
2.752293577981651529e-01
2.752293577981651529e-01
2.752293577981651529e-01
2.201834862385321223e-01
2.181818181818181712e-01
2.181818181818181712e-01
2.181818181818181712e-01
2.181818181818181712e-01
2.181818181818181712e-01
2.162162162162162282e-01
2.162162162162162282e-01
2.702702702702702853e-01
2.702702702702702853e-01
2.702702702702702853e-01
2.678571428571429047e-01
2.678571428571429047e-01
2.678571428571429047e-01
2.678571428571429047e-01
2.678571428571429047e-01
2.654867256637168382e-01
2.654867256637168382e-01
2.654867256637168382e-01
2.654867256637168382e-01
2.654867256637168382e-01
2.631578947368420907e-01
2.631578947368420907e-01
2.631578947368420907e-01
2.631578947368420907e-01
2.631578947368420907e-01
2.608695652173912971e-01
2.608695652173912971e-01
2.608695652173912971e-01
2.086956521739130599e-01
2.086956521739130599e-01
2.068965517241379282e-01
2.586206896551724310e-01
2.586206896551724310e-01
2.586206896551724310e-01
2.586206896551724310e-01
2.564102564102564430e-01
2.564102564102564430e-01
2.564102564102564430e-01
2.564102564102564430e-01
2.564102564102564430e-01
2.542372881355932090e-01
2.542372881355932090e-01
2.542372881355932090e-01
2.542372881355932090e-01
2.542372881355932090e-01
2.521008403361345018e-01
2.521008403361345018e-01
2.521008403361345018e-01
2.521008403361345018e-01
2.521008403361345018e-01
2.500000000000000000e-01
2.500000000000000000e-01
2.500000000000000000e-01
2.500000000000000000e-01
2.500000000000000000e-01
2.975206611570248016e-01
2.975206611570248016e-01
2.975206611570248016e-01
2.479338842975206680e-01
2.479338842975206680e-01
2.459016393442622905e-01
2.459016393442622905e-01
2.459016393442622905e-01
2.459016393442622905e-01
2.459016393442622905e-01
2.439024390243902385e-01
2.439024390243902385e-01
2.439024390243902385e-01
2.439024390243902385e-01
2.439024390243902385e-01
2.419354838709677491e-01
2.419354838709677491e-01
2.419354838709677491e-01
2.419354838709677491e-01
2.419354838709677491e-01
2.400000000000000189e-01
2.400000000000000189e-01
2.400000000000000189e-01
2.880000000000000338e-01
2.880000000000000338e-01
2.857142857142856984e-01
2.857142857142856984e-01
2.857142857142856984e-01
2.857142857142856984e-01
2.857142857142856984e-01
2.834645669291338543e-01
2.834645669291338543e-01
2.362204724409448786e-01
2.362204724409448786e-01
2.362204724409448786e-01
2.343750000000000000e-01
2.343750000000000000e-01
2.343750000000000000e-01
2.343750000000000000e-01
2.343750000000000000e-01
2.325581395348837177e-01
2.325581395348837177e-01
2.325581395348837177e-01
2.325581395348837177e-01
2.325581395348837177e-01
2.307692307692307820e-01
2.307692307692307820e-01
2.769230769230769384e-01
2.769230769230769384e-01
2.769230769230769384e-01
2.748091603053435250e-01
2.748091603053435250e-01
2.748091603053435250e-01
2.748091603053435250e-01
2.748091603053435250e-01
2.727272727272727626e-01
2.727272727272727626e-01
2.727272727272727626e-01
2.727272727272727626e-01
2.727272727272727626e-01
2.706766917293232932e-01
2.706766917293232932e-01
2.255639097744360777e-01
2.255639097744360777e-01
2.255639097744360777e-01
2.238805970149253532e-01
2.238805970149253532e-01
2.238805970149253532e-01
2.238805970149253532e-01
2.238805970149253532e-01
2.666666666666667185e-01
2.666666666666667185e-01
2.666666666666667185e-01
2.666666666666667185e-01
2.666666666666667185e-01
2.647058823529412352e-01
2.647058823529412352e-01
2.647058823529412352e-01
2.647058823529412352e-01
2.647058823529412352e-01
2.627737226277372384e-01
2.627737226277372384e-01
2.627737226277372384e-01
2.627737226277372384e-01
2.627737226277372384e-01
2.608695652173912971e-01
2.608695652173912971e-01
2.608695652173912971e-01
2.608695652173912971e-01
2.608695652173912971e-01
2.589928057553957386e-01
2.158273381294963933e-01
2.158273381294963933e-01
2.158273381294963933e-01
2.589928057553957386e-01
2.571428571428571730e-01
2.571428571428571730e-01
2.571428571428571730e-01
2.571428571428571730e-01
2.571428571428571730e-01
2.553191489361702482e-01
2.553191489361702482e-01
2.553191489361702482e-01
2.553191489361702482e-01
2.553191489361702482e-01
2.535211267605633756e-01
2.535211267605633756e-01
2.535211267605633756e-01
2.535211267605633756e-01
2.535211267605633756e-01
2.517482517482517723e-01
2.517482517482517723e-01
2.517482517482517723e-01
2.517482517482517723e-01
2.517482517482517723e-01
2.500000000000000000e-01
2.500000000000000000e-01
2.916666666666666852e-01
2.916666666666666852e-01
2.916666666666666852e-01
2.896551724137931272e-01
2.482758620689655138e-01
2.482758620689655138e-01
2.482758620689655138e-01
2.482758620689655138e-01
2.465753424657534110e-01
2.465753424657534110e-01
2.465753424657534110e-01
2.465753424657534110e-01
2.465753424657534110e-01
2.448979591836734637e-01
2.448979591836734637e-01
2.448979591836734637e-01
2.448979591836734637e-01
2.448979591836734637e-01
2.432432432432432567e-01
2.432432432432432567e-01
2.432432432432432567e-01
2.432432432432432567e-01
2.432432432432432567e-01
2.416107382550335414e-01
2.818791946308725205e-01
2.818791946308725205e-01
2.818791946308725205e-01
2.818791946308725205e-01
2.800000000000000266e-01
2.800000000000000266e-01
2.800000000000000266e-01
2.800000000000000266e-01
2.800000000000000266e-01
2.781456953642384433e-01
2.384105960264900903e-01
2.384105960264900903e-01
2.384105960264900903e-01
2.384105960264900903e-01
2.368421052631578816e-01
2.368421052631578816e-01
2.368421052631578816e-01
2.368421052631578816e-01
2.368421052631578816e-01
2.352941176470588203e-01
2.352941176470588203e-01
2.352941176470588203e-01
2.352941176470588203e-01
2.745098039215686514e-01
2.727272727272727626e-01
2.727272727272727626e-01
2.727272727272727626e-01
2.727272727272727626e-01
2.727272727272727626e-01
2.709677419354838968e-01
2.709677419354838968e-01
2.709677419354838968e-01
2.709677419354838968e-01
2.709677419354838968e-01
2.692307692307692735e-01
2.692307692307692735e-01
2.692307692307692735e-01
2.692307692307692735e-01
2.307692307692307820e-01
2.292993630573248454e-01
2.292993630573248454e-01
2.292993630573248454e-01
2.292993630573248454e-01
2.292993630573248454e-01
2.278481012658228055e-01
2.278481012658228055e-01
2.278481012658228055e-01
2.658227848101266111e-01
2.658227848101266111e-01
2.641509433962264120e-01
2.641509433962264120e-01
2.641509433962264120e-01
2.641509433962264120e-01
2.641509433962264120e-01
2.625000000000000111e-01
2.625000000000000111e-01
2.625000000000000111e-01
2.625000000000000111e-01
2.625000000000000111e-01
2.608695652173912971e-01
2.608695652173912971e-01
2.608695652173912971e-01
2.608695652173912971e-01
2.608695652173912971e-01
2.592592592592592449e-01
2.592592592592592449e-01
2.592592592592592449e-01
2.592592592592592449e-01
2.222222222222222099e-01
2.208588957055215019e-01
2.576687116564417290e-01
2.576687116564417290e-01
2.576687116564417290e-01
2.576687116564417290e-01
2.560975609756098170e-01
2.560975609756098170e-01
2.560975609756098170e-01
2.560975609756098170e-01
2.560975609756098170e-01
2.545454545454545747e-01
2.545454545454545747e-01
2.545454545454545747e-01
2.545454545454545747e-01
2.545454545454545747e-01
2.530120481927710663e-01
2.530120481927710663e-01
2.530120481927710663e-01
2.530120481927710663e-01
2.530120481927710663e-01
2.514970059880239361e-01
2.514970059880239361e-01
2.514970059880239361e-01
2.514970059880239361e-01
2.514970059880239361e-01
2.857142857142856984e-01
2.857142857142856984e-01
2.857142857142856984e-01
2.500000000000000000e-01
2.500000000000000000e-01
2.485207100591716178e-01
2.485207100591716178e-01
2.485207100591716178e-01
2.485207100591716178e-01
2.485207100591716178e-01
2.470588235294117752e-01
2.470588235294117752e-01
2.470588235294117752e-01
2.470588235294117752e-01
2.470588235294117752e-01
2.456140350877192846e-01
2.456140350877192846e-01
2.456140350877192846e-01
2.456140350877192846e-01
2.456140350877192846e-01
2.441860465116279244e-01
2.441860465116279244e-01
2.441860465116279244e-01
2.441860465116279244e-01
2.790697674418604612e-01
2.774566473988439586e-01
2.774566473988439586e-01
2.774566473988439586e-01
2.774566473988439586e-01
2.774566473988439586e-01
2.758620689655172376e-01
2.758620689655172376e-01
2.758620689655172376e-01
2.413793103448275967e-01
2.413793103448275967e-01
2.400000000000000189e-01
2.400000000000000189e-01
2.400000000000000189e-01
2.400000000000000189e-01
2.400000000000000189e-01
2.386363636363636465e-01
2.386363636363636465e-01
2.386363636363636465e-01
2.386363636363636465e-01
2.386363636363636465e-01
2.372881355932203729e-01
2.372881355932203729e-01
2.711864406779661008e-01
2.711864406779661008e-01
2.711864406779661008e-01
2.696629213483145993e-01
2.696629213483145993e-01
2.696629213483145993e-01
2.696629213483145993e-01
2.696629213483145993e-01
2.681564245810056368e-01
2.681564245810056368e-01
2.681564245810056368e-01
2.681564245810056368e-01
2.681564245810056368e-01
2.666666666666667185e-01
2.666666666666667185e-01
2.333333333333333370e-01
2.333333333333333370e-01
2.333333333333333370e-01
2.320441988950276146e-01
2.320441988950276146e-01
2.320441988950276146e-01
2.320441988950276146e-01
2.320441988950276146e-01
2.307692307692307820e-01
2.637362637362637985e-01
2.637362637362637985e-01
2.637362637362637985e-01
2.637362637362637985e-01
2.622950819672131284e-01
2.622950819672131284e-01
2.622950819672131284e-01
2.622950819672131284e-01
2.622950819672131284e-01
2.608695652173912971e-01
2.608695652173912971e-01
2.608695652173912971e-01
2.608695652173912971e-01
2.608695652173912971e-01
2.594594594594594739e-01
2.594594594594594739e-01
2.594594594594594739e-01
2.594594594594594739e-01
2.594594594594594739e-01
2.580645161290323064e-01
2.580645161290323064e-01
2.258064516129032473e-01
2.258064516129032473e-01
2.580645161290323064e-01
2.566844919786096524e-01
2.566844919786096524e-01
2.566844919786096524e-01
2.566844919786096524e-01
2.566844919786096524e-01
2.553191489361702482e-01
2.553191489361702482e-01
2.553191489361702482e-01
2.553191489361702482e-01
2.553191489361702482e-01
2.539682539682539542e-01
2.539682539682539542e-01
2.539682539682539542e-01
2.539682539682539542e-01
2.539682539682539542e-01
2.526315789473684292e-01
2.526315789473684292e-01
2.526315789473684292e-01
2.526315789473684292e-01
2.526315789473684292e-01
2.513089005235602524e-01
2.513089005235602524e-01
2.513089005235602524e-01
2.827225130890052562e-01
2.827225130890052562e-01
2.812500000000000000e-01
2.500000000000000000e-01
2.500000000000000000e-01
2.500000000000000000e-01
2.500000000000000000e-01
2.487046632124352563e-01
2.487046632124352563e-01
2.487046632124352563e-01
2.487046632124352563e-01
2.487046632124352563e-01
2.474226804123711432e-01
2.474226804123711432e-01
2.474226804123711432e-01
2.474226804123711432e-01
2.474226804123711432e-01
2.461538461538461675e-01
2.461538461538461675e-01
2.461538461538461675e-01
2.461538461538461675e-01
2.461538461538461675e-01
2.448979591836734637e-01
2.755102040816326814e-01
2.755102040816326814e-01
2.755102040816326814e-01
2.755102040816326814e-01
2.741116751269035423e-01
2.741116751269035423e-01
2.741116751269035423e-01
2.741116751269035423e-01
2.741116751269035423e-01
2.727272727272727626e-01
2.424242424242424587e-01
2.424242424242424587e-01
2.424242424242424587e-01
2.424242424242424587e-01
2.412060301507537863e-01
2.412060301507537863e-01
2.412060301507537863e-01
2.412060301507537863e-01
2.412060301507537863e-01
2.400000000000000189e-01
2.400000000000000189e-01
2.400000000000000189e-01
2.400000000000000189e-01
2.400000000000000189e-01
2.686567164179104461e-01
2.686567164179104461e-01
2.686567164179104461e-01
2.686567164179104461e-01
2.686567164179104461e-01
2.673267326732673421e-01
2.673267326732673421e-01
2.673267326732673421e-01
2.673267326732673421e-01
2.673267326732673421e-01
2.660098522167487767e-01
2.660098522167487767e-01
2.660098522167487767e-01
2.660098522167487767e-01
2.364532019704433663e-01
2.352941176470588203e-01
2.352941176470588203e-01
2.352941176470588203e-01
2.352941176470588203e-01
2.352941176470588203e-01
2.341463414634146478e-01
2.341463414634146478e-01
2.341463414634146478e-01
2.634146341463414753e-01
2.634146341463414753e-01
2.621359223300971375e-01
2.621359223300971375e-01
2.621359223300971375e-01
2.621359223300971375e-01
2.621359223300971375e-01
2.608695652173912971e-01
2.608695652173912971e-01
2.608695652173912971e-01
2.608695652173912971e-01
2.608695652173912971e-01
2.596153846153846367e-01
2.596153846153846367e-01
2.596153846153846367e-01
2.596153846153846367e-01
2.596153846153846367e-01
2.583732057416268102e-01
2.583732057416268102e-01
2.583732057416268102e-01
2.583732057416268102e-01
2.296650717703349331e-01
2.285714285714285920e-01
2.285714285714285920e-01
2.571428571428571730e-01
2.571428571428571730e-01
2.571428571428571730e-01
2.559241706161137775e-01
2.559241706161137775e-01
2.559241706161137775e-01
2.559241706161137775e-01
2.559241706161137775e-01
2.547169811320754707e-01
2.547169811320754707e-01
2.547169811320754707e-01
2.547169811320754707e-01
2.547169811320754707e-01
2.535211267605633756e-01
2.535211267605633756e-01
2.535211267605633756e-01
2.535211267605633756e-01
2.535211267605633756e-01
2.523364485981308691e-01
2.523364485981308691e-01
2.523364485981308691e-01
2.523364485981308691e-01
2.523364485981308691e-01
2.511627906976744429e-01
2.790697674418604612e-01
2.790697674418604612e-01
2.790697674418604612e-01
2.511627906976744429e-01
2.500000000000000000e-01
2.500000000000000000e-01
2.500000000000000000e-01
2.500000000000000000e-01
2.500000000000000000e-01
2.488479262672811110e-01
2.488479262672811110e-01
2.488479262672811110e-01
2.488479262672811110e-01
2.488479262672811110e-01
2.477064220183486376e-01
2.477064220183486376e-01
2.477064220183486376e-01
2.477064220183486376e-01
2.477064220183486376e-01
2.465753424657534110e-01
2.465753424657534110e-01
2.465753424657534110e-01
2.465753424657534110e-01
2.739726027397260122e-01
2.727272727272727626e-01
2.727272727272727626e-01
2.727272727272727626e-01
2.727272727272727626e-01
2.727272727272727626e-01
2.714932126696832926e-01
2.714932126696832926e-01
2.714932126696832926e-01
2.443438914027149522e-01
2.443438914027149522e-01
2.432432432432432567e-01
2.432432432432432567e-01
2.432432432432432567e-01
2.432432432432432567e-01
2.432432432432432567e-01
2.421524663677130096e-01
2.421524663677130096e-01
2.421524663677130096e-01
2.421524663677130096e-01
2.421524663677130096e-01
2.410714285714286031e-01
2.410714285714286031e-01
2.410714285714286031e-01
2.678571428571429047e-01
2.678571428571429047e-01
2.666666666666667185e-01
2.666666666666667185e-01
2.666666666666667185e-01
2.666666666666667185e-01
2.666666666666667185e-01
2.654867256637168382e-01
2.654867256637168382e-01
2.654867256637168382e-01
2.654867256637168382e-01
2.654867256637168382e-01
2.643171806167401439e-01
2.643171806167401439e-01
2.643171806167401439e-01
2.378854625550660962e-01
2.378854625550660962e-01
2.368421052631578816e-01
2.368421052631578816e-01
2.368421052631578816e-01
2.368421052631578816e-01
2.368421052631578816e-01
2.358078602620087560e-01
2.620087336244541487e-01
2.620087336244541487e-01
2.620087336244541487e-01
2.620087336244541487e-01
2.608695652173912971e-01
2.608695652173912971e-01
2.608695652173912971e-01
2.608695652173912971e-01
2.608695652173912971e-01
2.597402597402597713e-01
2.597402597402597713e-01
2.597402597402597713e-01
2.597402597402597713e-01
2.597402597402597713e-01
2.586206896551724310e-01
2.586206896551724310e-01
2.586206896551724310e-01
2.586206896551724310e-01
2.586206896551724310e-01
2.575107296137339463e-01
2.575107296137339463e-01
2.317596566523605350e-01
2.317596566523605350e-01
2.317596566523605350e-01
2.564102564102564430e-01
2.564102564102564430e-01
2.564102564102564430e-01
2.564102564102564430e-01
2.564102564102564430e-01
2.553191489361702482e-01
2.553191489361702482e-01
2.553191489361702482e-01
2.553191489361702482e-01
2.553191489361702482e-01
2.542372881355932090e-01
2.542372881355932090e-01
2.542372881355932090e-01
2.542372881355932090e-01
2.542372881355932090e-01
2.531645569620253333e-01
2.531645569620253333e-01
2.531645569620253333e-01
2.531645569620253333e-01
2.531645569620253333e-01
2.521008403361345018e-01
2.521008403361345018e-01
2.521008403361345018e-01
2.773109243697479132e-01
2.773109243697479132e-01
2.761506276150628159e-01
2.761506276150628159e-01
2.510460251046024993e-01
2.510460251046024993e-01
2.510460251046024993e-01
