4.285714285714348759e-01
4.720812182741195295e-01
5.183246073298490852e-01
5.675675675675797560e-01
6.201117318435924730e-01
6.763005780346892371e-01
7.365269461077911251e-01
8.012422360248641073e-01
8.709677419354922012e-01
9.463087248322137324e-01
1.027972027972032798e+00
1.116788321167888842e+00
1.213740458015267754e+00
1.320000000000006501e+00
1.436974789915977935e+00
1.566371681415936079e+00
1.710280373831779777e+00
1.871287128712877834e+00
2.052631578947404112e+00
2.258426966292160554e+00
2.493975903614455092e+00
2.766233766233786806e+00
3.084507042253529452e+00
3.461538461538514078e+00
3.915254237288145145e+00
4.471698113207585479e+00
5.170212765957487022e+00
6.073170731707332237e+00
7.285714285714314009e+00
9.000000000000021316e+00
