4.285714285714337102e-01
4.720812182741274121e-01
5.183246073298586332e-01
5.675675675675750931e-01
6.201117318435822590e-01
6.763005780347008944e-01
7.365269461077939006e-01
8.012422360248505626e-01
8.709677419354844297e-01
9.463087248322210598e-01
1.027972027972039459e+00
1.116788321167894171e+00
1.213740458015268864e+00
1.320000000000001172e+00
1.436974789915974604e+00
1.566371681415932304e+00
1.710280373831776224e+00
1.871287128712872949e+00
2.052631578947388125e+00
2.258426966292146343e+00
2.493975903614478185e+00
2.766233766233758828e+00
3.084507042253550324e+00
3.461538461538469225e+00
3.915254237288137151e+00
4.471698113207542846e+00
5.170212765957488799e+00
6.073170731707335790e+00
7.285714285714332661e+00
9.000000000000021316e+00
