4.285714285714415372e-01
4.720812182741220275e-01
5.183246073298439782e-01
5.675675675675756482e-01
6.201117318435791503e-01
6.763005780346870166e-01
7.365269461077899038e-01
8.012422360248498965e-01
8.709677419354907579e-01
9.463087248322188394e-01
1.027972027972041236e+00
1.116788321167882403e+00
1.213740458015279522e+00
1.319999999999999396e+00
1.436974789915971940e+00
1.566371681415946293e+00
1.710280373831777112e+00
1.871287128712879833e+00
2.052631578947382351e+00
2.258426966292140570e+00
2.493975903614461753e+00
2.766233766233789471e+00
3.084507042253546771e+00
3.461538461538489209e+00
3.915254237288145145e+00
4.471698113207553504e+00
5.170212765957431955e+00
6.073170731707370429e+00
7.285714285714268712e+00
9.000000000000078160e+00
