4.285714285714337102e-01
4.720812182741174201e-01
5.183246073298508616e-01
5.675675675675728726e-01
6.201117318435811487e-01
6.763005780346886819e-01
7.365269461077850188e-01
8.012422360248516728e-01
8.709677419354910910e-01
9.463087248322232803e-01
1.027972027972040570e+00
1.116788321167894171e+00
1.213740458015288848e+00
1.319999999999998952e+00
1.436974789915979045e+00
1.566371681415934525e+00
1.710280373831790657e+00
1.871287128712884051e+00
2.052631578947389457e+00
2.258426966292153892e+00
2.493975903614464862e+00
2.766233766233789027e+00
3.084507042253525899e+00
3.461538461538471445e+00
3.915254237288140260e+00
4.471698113207556169e+00
5.170212765957477252e+00
6.073170731707334014e+00
7.285714285714306016e+00
9.000000000000024869e+00
