4.285714285714325444e-01
4.720812182741156438e-01
5.183246073298495293e-01
5.675675675675689869e-01
6.201117318435847015e-01
6.763005780346887930e-01
7.365269461077884605e-01
8.012422360248537823e-01
8.709677419354879824e-01
9.463087248322197276e-01
1.027972027972029245e+00
1.116788321167893727e+00
1.213740458015270862e+00
1.320000000000010720e+00
1.436974789915991257e+00
1.566371681415945849e+00
1.710280373831788880e+00
1.871287128712887382e+00
2.052631578947379243e+00
2.258426966292136129e+00
2.493975903614465306e+00
2.766233766233771263e+00
3.084507042253531228e+00
3.461538461538482547e+00
3.915254237288174455e+00
4.471698113207579262e+00
5.170212765957427514e+00
6.073170731707311809e+00
7.285714285714346872e+00
9.000000000000021316e+00
