5.537190082644627864e+00
5.440758293838861448e+00
5.345744680851064246e+00
5.249836921069797491e+00
5.143222506393861693e+00
5.041953663118346363e+00
4.926470588235294379e+00
4.811490125673249629e+00
4.695855224751896984e+00
4.573052870949402937e+00
4.450828729281767870e+00
4.315112540192926005e+00
4.176257128045619105e+00
4.028014007003501540e+00
3.882579403272377494e+00
3.724011039558417835e+00
3.552631578947368585e+00
3.376299376299376487e+00
3.174951076320939869e+00
2.963881794965340877e+00
2.737407656145063761e+00
2.472837632776934580e+00
2.179781275006668295e+00
1.809452363090772620e+00
1.366341585396348979e+00
6.621655413853463346e-01
-2.670667666916728966e-01
-7.621905476369091881e-01
-1.149287321830457564e+00
-1.518379594898724649e+00
-1.926481620405101181e+00
-2.386924219910846912e+00
-2.762886597938144284e+00
-3.024060150375940115e+00
-3.211177644710578871e+00
-3.353063776573572685e+00
-3.464254952627046080e+00
-3.554376657824933616e+00
-3.633242999096657488e+00
-3.696551724137930872e+00
-3.753501400560224077e+00
-3.805108798486282140e+00
-3.846889952153110137e+00
-3.885880077369439078e+00
-3.923865300146412771e+00
-3.952755905511811108e+00
-3.982151710461080629e+00
-4.009985022466300286e+00
-4.038171772978403240e+00
-4.058615462354724812e+00
