5.549276361130255353e+00
5.484002722940775953e+00
5.407656145063801212e+00
5.335099337748344439e+00
5.264532984977138952e+00
5.184041184041183747e+00
5.102661596958173895e+00
5.024937655860348684e+00
4.944206008583691414e+00
4.855937311633514497e+00
4.778698224852070631e+00
4.680603948896632005e+00
4.587364826408650842e+00
4.492479108635097695e+00
4.394550408719346102e+00
4.296059637912673423e+00
4.191069574247144658e+00
4.080930703085482669e+00
3.976401179941003061e+00
3.858778625954198294e+00
3.735796766743649133e+00
3.603925066904549723e+00
3.471017604121940714e+00
3.329489291598023204e+00
3.181746656176239085e+00
3.023551401869158717e+00
2.860973888496824102e+00
2.676354029062087303e+00
2.479510703363914548e+00
2.260529986052998819e+00
2.004501125281320295e+00
1.724431107776944305e+00
1.396349087271818057e+00
1.089272318079519852e+00
8.202050512628157319e-01
5.821455363840960517e-01
3.690922730682670849e-01
1.770442610652663284e-01
1.000250062515629012e-03
-1.600400100025006211e-01
-3.070767691922980935e-01
-4.441110277569392251e-01
-5.711427856964240712e-01
-6.881720430107527431e-01
-7.971992998249561868e-01
-8.982245561390347355e-01
-9.932483120780195573e-01
-1.082270567641910430e+00
-1.165291322830707577e+00
-1.243310827706926691e+00
