5.574497574497574881e+00
5.556323427781617141e+00
5.546519641626464825e+00
5.525773195876288568e+00
5.513365318711445973e+00
5.498291182501708896e+00
5.480572597137014057e+00
5.467391304347826164e+00
5.452574525745257361e+00
5.436866981769075124e+00
5.419528619528619195e+00
5.399597044996641948e+00
5.384203480589023094e+00
5.368912608405603137e+00
5.351962741184298267e+00
5.339522546419098070e+00
5.316589557171183422e+00
5.299934080421884630e+00
5.293035479632062668e+00
5.267845448592010094e+00
5.253263707571800722e+00
5.233571893298633704e+00
5.214007782101167443e+00
5.199741435035552861e+00
5.182227945911139777e+00
5.163029525032092337e+00
5.146513115802942906e+00
5.129381771829189418e+00
5.110546378653111788e+00
5.093670886075948978e+00
5.075078864353311126e+00
5.055939660590823337e+00
5.039448966812773989e+00
5.021223470661673183e+00
5.007462686567164312e+00
4.983890954151177333e+00
4.970370370370370772e+00
4.944649446494464584e+00
4.925903245560318666e+00
4.910311165344722006e+00
4.894832826747720134e+00
4.871670702179176971e+00
4.854041013268998839e+00
4.833633633633633409e+00
4.815789473684210620e+00
4.795711733174508495e+00
4.778173190984579044e+00
4.756054341405788755e+00
4.741176470588235325e+00
4.719390743995313109e+00
