5.544390915347556792e+00
5.460704607046070080e+00
5.370666666666666700e+00
5.281782437745740744e+00
5.189954925949773923e+00
5.092288242730720782e+00
4.998760842627013368e+00
4.898603521554341533e+00
4.798099762470308782e+00
4.684852002321532538e+00
4.573371104815864285e+00
4.457205963556046591e+00
4.343716433941997579e+00
4.214807090719499882e+00
4.088888888888888573e+00
3.949243533430942144e+00
3.804419370004701317e+00
3.651624548736462028e+00
3.496117342536669614e+00
3.325676784249385065e+00
3.142635658914728847e+00
2.943697784235379533e+00
2.738969349949477383e+00
2.498461538461538289e+00
2.237623762376237835e+00
1.917479369842460812e+00
1.551387846961740369e+00
1.057264316079019828e+00
4.911227806951737884e-01
6.901725431357839946e-02
-2.690672668167041759e-01
-5.571392848212053384e-01
-8.102025506376594466e-01
-1.038259564891222730e+00
-1.246311577894473555e+00
-1.434358589647411586e+00
-1.606401600400100271e+00
-1.760440110027506888e+00
-1.899474868717179188e+00
-2.027841052898000651e+00
-2.138317757009345677e+00
-2.239239798770262801e+00
-2.329747019482407477e+00
-2.409870598856454826e+00
-2.485111662531017451e+00
-2.553218610579987224e+00
-2.613577023498694363e+00
-2.670223407802601034e+00
-2.724243454607276238e+00
-2.771893388715818585e+00
