5.533379215416379004e+00
5.427027027027026662e+00
5.327152317880794463e+00
5.211413748378729061e+00
5.103360811667723596e+00
4.981412639405204068e+00
4.865256797583081827e+00
4.732195409064155811e+00
4.604118993135011273e+00
4.466148723640399609e+00
4.322061191626408672e+00
4.169948186528497303e+00
4.015936254980079667e+00
3.845419847328244156e+00
3.663483401546157481e+00
3.477586206896551513e+00
3.271990271584921395e+00
3.047187617969044915e+00
2.803608605135322840e+00
2.531122927744760887e+00
2.221857025472473435e+00
1.834458614653663444e+00
1.354338584646161525e+00
5.251312828207052030e-01
-5.736625514403292492e+00
-5.733241188666205801e+00
-5.733333333333333393e+00
-5.735376044568245568e+00
-5.733426378227493458e+00
-5.737062937062937351e+00
-5.735479356193142308e+00
-5.735108619481429137e+00
-5.733520336605890222e+00
-5.737543859649123057e+00
-5.738764044943819975e+00
-5.735955056179775191e+00
-5.734364019676739588e+00
-5.732770745428973136e+00
-5.735583684950773531e+00
-5.735583684950773531e+00
-5.736805066854327784e+00
-5.733990147783250890e+00
-5.732394366197183011e+00
-5.735211267605634156e+00
-5.735211267605634156e+00
-5.732394366197183011e+00
-5.733615221987314214e+00
-5.733615221987314214e+00
-5.736434108527131315e+00
-5.736434108527131315e+00
