1.762938230383973348e+00
1.732888146911519378e+00
1.702838063439064964e+00
1.662771285475793004e+00
1.622704507512520822e+00
1.582637729549248862e+00
1.552587646076794892e+00
1.512520868113522488e+00
1.472454090150250527e+00
1.422370617696160355e+00
1.382303839732888173e+00
1.342237061769615991e+00
1.282136894824708051e+00
1.242070116861435869e+00
1.181969949916527485e+00
1.141903171953255525e+00
1.081803005008347363e+00
1.011686143572620988e+00
9.515859766277129372e-01
8.814691151919866741e-01
8.213689482470785119e-01
7.512520868113522488e-01
6.811352253756260966e-01
6.010016694490818434e-01
5.029940119760478723e-01
4.421052631578947234e-01
3.711340206185567148e-01
2.459016393442622905e-01
1.184210526315789408e-01
-8.414023372287144920e-01
-8.414023372287144920e-01
-8.514190317195324820e-01
-8.414023372287144920e-01
-8.414023372287144920e-01
-8.414023372287144920e-01
-8.514190317195324820e-01
-8.414023372287144920e-01
-8.414023372287144920e-01
-8.514190317195324820e-01
-8.514190317195324820e-01
-8.414023372287144920e-01
-8.414023372287144920e-01
-8.414023372287144920e-01
-8.414023372287144920e-01
-8.514190317195324820e-01
-8.514190317195324820e-01
-8.514190317195324820e-01
-8.514190317195324820e-01
-8.514190317195324820e-01
-8.514190317195324820e-01
