1.762938230383973348e+00
1.732888146911519378e+00
1.702838063439064964e+00
1.662771285475793004e+00
1.622704507512520822e+00
1.582637729549248862e+00
1.552587646076794892e+00
1.512520868113522488e+00
1.472454090150250527e+00
1.432387312186978345e+00
1.382303839732888173e+00
1.332220367278798001e+00
1.292153589315526041e+00
1.242070116861435869e+00
1.191986644407345697e+00
1.131886477462437535e+00
1.081803005008347363e+00
1.021702838063439200e+00
9.515859766277129372e-01
8.914858096828046641e-01
8.113522537562604109e-01
7.512520868113522488e-01
6.811352253756260966e-01
6.210350584307179345e-01
5.509181969949916713e-01
4.808013355592654636e-01
3.947368421052631637e-01
3.495145631067961278e-01
2.343750000000000000e-01
7.643312101910829104e-02
-9.415692821368949472e-01
-9.415692821368949472e-01
-9.415692821368949472e-01
-9.415692821368949472e-01
-9.515859766277129372e-01
-9.415692821368949472e-01
-9.415692821368949472e-01
-9.415692821368949472e-01
-9.415692821368949472e-01
-9.415692821368949472e-01
-9.415692821368949472e-01
-9.415692821368949472e-01
-9.415692821368949472e-01
-9.515859766277129372e-01
-9.415692821368949472e-01
-9.415692821368949472e-01
-9.415692821368949472e-01
-9.415692821368949472e-01
-9.415692821368949472e-01
-9.415692821368949472e-01
