1.762938230383973348e+00
1.732888146911519378e+00
1.702838063439064964e+00
1.662771285475793004e+00
1.622704507512520822e+00
1.582637729549248862e+00
1.552587646076794892e+00
1.512520868113522488e+00
1.472454090150250527e+00
1.432387312186978345e+00
1.382303839732888173e+00
1.332220367278798001e+00
1.292153589315526041e+00
1.242070116861435869e+00
1.191986644407345697e+00
1.131886477462437535e+00
1.071786310517529373e+00
1.021702838063439200e+00
9.515859766277129372e-01
8.914858096828046641e-01
8.213689482470785119e-01
7.612687813021702388e-01
6.911519198664440866e-01
6.310517529215359245e-01
5.609348914858097723e-01
5.008347245409014992e-01
4.407345575959933370e-01
3.706176961602671294e-01
3.005008347245409217e-01
2.068965517241379282e-01
1.176470588235294101e-01
-9.015025041736228484e-02
-1.051752921535893170e+00
-1.041736227045075180e+00
-1.051752921535893170e+00
-1.041736227045075180e+00
-1.041736227045075180e+00
-1.051752921535893170e+00
-1.041736227045075180e+00
-1.051752921535893170e+00
-1.041736227045075180e+00
-1.041736227045075180e+00
-1.051752921535893170e+00
-1.051752921535893170e+00
-1.051752921535893170e+00
-1.051752921535893170e+00
-1.051752921535893170e+00
-1.041736227045075180e+00
-1.041736227045075180e+00
-1.041736227045075180e+00
