2.301583030264842122e-03
2.570696941538663793e-03
2.818092390110105150e-03
3.014688188114955647e-03
3.329840764203062520e-03
3.812053817978666714e-03
4.049817212952055989e-03
4.626309380457271914e-03
4.888304631931017497e-03
5.235797201995073813e-03
6.143391507463569212e-03
6.519947897990263641e-03
7.366690155147903596e-03
8.531171424133843217e-03
9.497991266725014370e-03
1.088105535357697384e-02
1.081381204339559865e-02
1.361799974968236349e-02
1.478815284958212573e-02
1.664595684351022342e-02
2.033701963853129513e-02
2.275990338298150562e-02
2.624168262077475333e-02
3.515994454067561392e-02
4.334470377683530273e-02
5.112511983714096431e-02
9.284002713845596055e-02
1.457374378468161424e-01
2.291743605200196043e-01
3.213306390317427486e-01
