2.273155734373588643e-03
2.539363537163386031e-03
2.784475713502987393e-03
2.981704272597252015e-03
3.280514296517544892e-03
3.763268200399294550e-03
4.023373392294748996e-03
4.578604295361277110e-03
4.881303388596602844e-03
5.199162031145676544e-03
5.989519153346778424e-03
6.592323048848269806e-03
7.072306589547272537e-03
8.258303949832734858e-03
9.537071477284886356e-03
1.061859424806277374e-02
1.088293566348674801e-02
1.379766257536130247e-02
1.562152784024428698e-02
1.798849847995698248e-02
1.749505613960566919e-02
2.469265825379318713e-02
2.547038043173444066e-02
2.957513177295134632e-02
4.263508215861966377e-02
6.709381450270113234e-02
7.707481584571285183e-02
1.366740439911828808e-01
2.127365792699245084e-01
4.502303145292874120e-01
