1.935806586077532421e+00
1.930804501875781787e+00
1.928303459774906470e+00
1.920800333472280075e+00
1.918299291371404758e+00
1.913297207169654124e+00
1.910796165068778807e+00
1.905794080867027951e+00
1.903293038766152634e+00
1.895789912463526683e+00
1.893288870362651366e+00
1.888286786160900288e+00
1.885785744060024971e+00
1.880783659858274337e+00
1.875781575656523703e+00
1.873280533555648164e+00
1.868278449353897530e+00
1.863276365152146896e+00
1.858274280950396262e+00
1.855773238849520501e+00
1.850771154647769867e+00
1.845769070446019233e+00
1.843268028345143916e+00
1.838265944143393060e+00
1.833263859941642426e+00
1.828261775739891792e+00
1.823259691538141158e+00
1.818257607336390080e+00
1.818257607336390080e+00
1.810754481033764129e+00
1.805752396832013495e+00
1.800750312630262640e+00
1.798249270529387323e+00
1.793247186327636689e+00
1.788245102125886055e+00
1.785744060025010294e+00
1.780741975823259660e+00
1.775739891621509026e+00
1.770737807419758392e+00
1.768236765318882853e+00
1.763234681117132219e+00
1.758232596915381585e+00
1.753230512713630951e+00
1.748068006182380119e+00
1.742835011618899976e+00
1.737577639751552772e+00
1.732739420935412111e+00
1.727966689798750899e+00
1.723910171730515195e+00
1.718650541056651715e+00
