1.905794080867027951e+00
1.900791996665277317e+00
1.895789912463526683e+00
1.893288870362651366e+00
1.890787828261775605e+00
1.883284701959149654e+00
1.880783659858274337e+00
1.878282617757399020e+00
1.873280533555648164e+00
1.868278449353897530e+00
1.863276365152146896e+00
1.860775323051271579e+00
1.855773238849520501e+00
1.853272196748645184e+00
1.848270112546894550e+00
1.843268028345143916e+00
1.838265944143393060e+00
1.833263859941642426e+00
1.830762817840767109e+00
1.825760733639016475e+00
1.823259691538141158e+00
1.818257607336390080e+00
1.813255523134639446e+00
1.808253438932888812e+00
1.805752396832013495e+00
1.800750312630262640e+00
1.795748228428512006e+00
1.793247186327636689e+00
1.788245102125886055e+00
1.783243017924134977e+00
1.778240933722384343e+00
1.775739891621509026e+00
1.770737807419758392e+00
1.768236765318882853e+00
1.763234681117132219e+00
1.758232596915381585e+00
1.753230512713630951e+00
1.748228428511879873e+00
1.743226344310129239e+00
1.740725302209253922e+00
1.735723218007503288e+00
1.730721133805752432e+00
1.728220091704877115e+00
1.725705329153604861e+00
1.720345640219952843e+00
1.710236220472440838e+00
1.706546275395033785e+00
1.705263157894736814e+00
1.702269692923898736e+00
1.695568400770713025e+00
