1.918299291371404758e+00
1.915798249270529441e+00
1.910796165068778807e+00
1.908295122967903268e+00
1.900791996665277317e+00
1.898290954564402000e+00
1.895789912463526683e+00
1.890787828261775605e+00
1.888286786160900288e+00
1.880783659858274337e+00
1.878282617757399020e+00
1.873280533555648164e+00
1.870779491454772847e+00
1.865777407253022213e+00
1.860775323051271579e+00
1.858274280950396262e+00
1.853272196748645184e+00
1.848270112546894550e+00
1.845769070446019233e+00
1.840766986244268599e+00
1.835764902042517743e+00
1.830762817840767109e+00
1.828261775739891792e+00
1.823259691538141158e+00
1.818257607336390080e+00
1.813255523134639446e+00
1.808253438932888812e+00
1.805752396832013495e+00
1.803251354731137956e+00
1.798249270529387323e+00
1.793247186327636689e+00
1.788245102125886055e+00
1.785744060025010294e+00
1.780741975823259660e+00
1.773238849520633709e+00
1.770737807419758392e+00
1.765735723218007536e+00
1.760733639016256902e+00
1.758232596915381585e+00
1.753230512713630951e+00
1.745727386411004556e+00
1.743226344310129239e+00
1.738224260108378605e+00
1.736964980544747350e+00
1.731669266770670790e+00
1.726348709929632630e+00
1.723261032161555795e+00
1.717877094972066976e+00
1.713147410358565992e+00
1.707161125319692996e+00
