2.179372197309417114e+00
2.174496644295301984e+00
2.170611880303706887e+00
2.163101604278075296e+00
2.163628279235215945e+00
2.156166814551907951e+00
2.151394422310757282e+00
2.146643109540636196e+00
2.141912736888497371e+00
2.137203166226913087e+00
2.132514260640632209e+00
2.130472854640980795e+00
2.125819134993446990e+00
2.122875816993464060e+00
2.115652173913043388e+00
2.111062906724511912e+00
2.109090909090909349e+00
2.101036269430051728e+00
2.096510124946143971e+00
2.092003439380911711e+00
2.084048027444254103e+00
2.082156611039795102e+00
2.076824583866837326e+00
2.069846678023850028e+00
2.067119796091758666e+00
2.066949152542373103e+00
2.060042283298097132e+00
2.054829185997469665e+00
2.049642406394615257e+00
2.044481745698699449e+00
2.036835496023440939e+00
2.034237995824634826e+00
2.023343059608170069e+00
2.013338891204668801e+00
2.005835764902042850e+00
2.000833680700292216e+00
1.995831596498540916e+00
1.990829512296790282e+00
1.988328470195914965e+00
1.980825343893289014e+00
1.975823259691538158e+00
1.973322217590662842e+00
1.965819091288036891e+00
1.960396039603960583e+00
1.956059532246633870e+00
1.950319375443577030e+00
1.944293478260869623e+00
1.940836012861736570e+00
1.937037037037037113e+00
1.931777378815080937e+00
