1.853272196748645184e+00
1.848270112546894550e+00
1.845769070446019233e+00
1.840766986244268599e+00
1.838265944143393060e+00
1.830762817840767109e+00
1.828261775739891792e+00
1.823259691538141158e+00
1.820758649437265397e+00
1.818257607336390080e+00
1.810754481033764129e+00
1.808253438932888812e+00
1.805752396832013495e+00
1.798249270529387323e+00
1.795748228428512006e+00
1.793247186327636689e+00
1.785744060025010294e+00
1.783243017924134977e+00
1.780741975823259660e+00
1.775739891621509026e+00
1.773238849520633709e+00
1.765735723218007536e+00
1.763234681117132219e+00
1.758232596915381585e+00
1.755731554814506268e+00
1.750729470612755190e+00
1.748228428511879873e+00
1.743226344310129239e+00
1.738224260108378605e+00
1.735723218007503288e+00
1.730721133805752432e+00
1.725719049604001798e+00
1.723218007503126481e+00
1.718215923301375847e+00
1.713213839099624769e+00
1.708211754897874135e+00
1.703209670696123501e+00
1.698207586494372645e+00
1.695706544393497328e+00
1.690704460191746694e+00
1.688203418090871377e+00
1.683201333889120743e+00
1.678199249687369665e+00
1.673633440514469495e+00
1.672844480257856592e+00
1.662358642972536549e+00
1.663320463320463460e+00
1.657101865136298535e+00
1.648979591836734704e+00
1.647058823529411908e+00
