1.100222915103361898e-130
6.862153051695406840e-128
5.150310630088661361e-125
4.681953088914212057e-122
5.296839444375362920e-119
7.519540710918333334e-116
1.326929796294371688e-112
3.118799157782038052e-109
9.522715239190499925e-106
4.059551384581488408e-102
2.371833748579813905e-98
2.052809660655897168e-94
2.704529801133975436e-90
5.714351858918858611e-86
2.093691326874125454e-81
1.431391810415142543e-76
2.068609429640425423e-71
7.462680575829588294e-66
8.155159124459126111e-60
3.697609615050251941e-53
2.839409624166589673e-53
9.688271456560678914e-55
7.343235390719322521e-56
-1.000000000000000000e+00
-1.000000000000000000e+00
-1.000000000000000000e+00
-1.000000000000000000e+00
-1.000000000000000000e+00
-1.000000000000000000e+00
-1.000000000000000000e+00
-1.000000000000000000e+00
-1.000000000000000000e+00
-1.000000000000000000e+00
-1.000000000000000000e+00
-1.000000000000000000e+00
-1.000000000000000000e+00
-1.000000000000000000e+00
-1.000000000000000000e+00
-1.000000000000000000e+00
-1.000000000000000000e+00
-1.000000000000000000e+00
-1.000000000000000000e+00
-1.000000000000000000e+00
-1.000000000000000000e+00
-1.000000000000000000e+00
-1.000000000000000000e+00
-1.000000000000000000e+00
-1.000000000000000000e+00
-1.000000000000000000e+00
-1.000000000000000000e+00
