1.815453863465866791e+00
1.802450612653163198e+00
1.789447361840460049e+00
1.776444111027756900e+00
1.763440860215053752e+00
1.749437359339834908e+00
1.736434108527131759e+00
1.723430857714428610e+00
1.708427106776694293e+00
1.695423855963991144e+00
1.680420105026256827e+00
1.667416854213553679e+00
1.652413103275818917e+00
1.638409602400600074e+00
1.623405851462865757e+00
1.609402350587646913e+00
1.594398599649912374e+00
1.579394848712178057e+00
1.564391097774443518e+00
1.549387346836709201e+00
1.533383345836459188e+00
1.518379594898724649e+00
1.502375593898474637e+00
1.487371842960740098e+00
1.470367591897974391e+00
1.454363590897724379e+00
1.437359339834958671e+00
1.420355088772192964e+00
1.404351087771942952e+00
1.387346836709177245e+00
1.369342335583895842e+00
1.352338084521130357e+00
1.334333583395848732e+00
1.316329082270567552e+00
1.298324581145286372e+00
1.279319829957489274e+00
1.260315078769692176e+00
1.241310327581895523e+00
1.222305576394098425e+00
1.202300575143785855e+00
1.182295573893473284e+00
1.161290322580645240e+00
1.141285321330332669e+00
1.120280070017504404e+00
1.099274818704676138e+00
1.076269067266816704e+00
1.054263565891472965e+00
1.031257814453613308e+00
1.009252313078269570e+00
9.862465616404101354e-01
