1.810452613153288315e+00
1.787446861715428881e+00
1.765441360340084920e+00
1.742435608902225486e+00
1.718429607401850356e+00
1.694423605901475449e+00
1.670417604401100320e+00
1.646411602900725191e+00
1.621405351337834588e+00
1.595398849712428291e+00
1.569392348087021993e+00
1.544386096524130947e+00
1.517379344836208954e+00
1.489372343085771488e+00
1.461365341335333801e+00
1.433358339584896335e+00
1.404351087771942952e+00
1.374343585896474096e+00
1.344336084021005240e+00
1.313328332083020689e+00
1.281320330082520664e+00
1.248312078019504945e+00
1.214303575893973530e+00
1.179294823705926420e+00
1.145286321580395006e+00
1.107276819204801255e+00
1.069267316829207282e+00
1.030257564391097835e+00
9.882470617654415257e-01
9.452363090772692988e-01
9.012253063265815989e-01
8.542135533883471465e-01
8.062015503875968880e-01
7.561890472618154613e-01
7.081770442610653138e-01
6.621655413853463346e-01
6.191547886971743297e-01
5.781445361340334932e-01
5.381345336334083518e-01
5.011252813203300738e-01
4.661165291322830750e-01
4.321080270067516604e-01
3.990997749437359410e-01
3.660915228807201660e-01
3.360840210052513100e-01
3.050762690672668143e-01
2.760690172543135978e-01
2.470617654413603814e-01
2.190547636909227214e-01
1.900475118779695050e-01
