1.762938230383973348e+00
1.732888146911519378e+00
1.702838063439064964e+00
1.662771285475793004e+00
1.632721202003339034e+00
1.592654424040066852e+00
1.552587646076794892e+00
1.512520868113522488e+00
1.462437395659432537e+00
1.422370617696160355e+00
1.382303839732888173e+00
1.332220367278798001e+00
1.292153589315526041e+00
1.242070116861435869e+00
1.191986644407345697e+00
1.131886477462437535e+00
1.071786310517529373e+00
1.021702838063439200e+00
9.515859766277129372e-01
8.814691151919866741e-01
8.013355592654424209e-01
7.212020033388982787e-01
6.310517529215359245e-01
5.108514190317196002e-01
3.806343906510851194e-01
2.003338898163606052e-01
-5.308848080133555802e-01
-5.409015025041736813e-01
-5.308848080133555802e-01
-5.409015025041736813e-01
-5.409015025041736813e-01
-5.409015025041736813e-01
-5.308848080133555802e-01
-5.409015025041736813e-01
-5.308848080133555802e-01
-5.308848080133555802e-01
-5.409015025041736813e-01
-5.308848080133555802e-01
-5.308848080133555802e-01
-5.308848080133555802e-01
-5.308848080133555802e-01
-5.409015025041736813e-01
-5.409015025041736813e-01
-5.308848080133555802e-01
-5.308848080133555802e-01
-5.308848080133555802e-01
-5.308848080133555802e-01
-5.308848080133555802e-01
-5.308848080133555802e-01
-5.308848080133555802e-01
