1.762938230383973348e+00
1.732888146911519378e+00
1.702838063439064964e+00
1.662771285475793004e+00
1.622704507512520822e+00
1.582637729549248862e+00
1.552587646076794892e+00
1.512520868113522488e+00
1.472454090150250527e+00
1.422370617696160355e+00
1.382303839732888173e+00
1.332220367278798001e+00
1.292153589315526041e+00
1.242070116861435869e+00
1.191986644407345697e+00
1.131886477462437535e+00
1.081803005008347363e+00
1.011686143572620988e+00
9.616026711185309273e-01
8.914858096828046641e-01
8.213689482470785119e-01
7.512520868113522488e-01
6.911519198664440866e-01
6.210350584307179345e-01
5.409015025041736813e-01
4.808013355592654636e-01
4.106844741235392560e-01
3.405676126878130483e-01
2.704507512520868406e-01
1.803005008347245697e-01
8.013355592654425319e-02
-5.008347245409015130e-02
-2.604340567612687951e-01
-1.792988313856427540e+00
-1.792988313856427540e+00
-1.792988313856427540e+00
-1.792988313856427540e+00
-1.792988313856427540e+00
-1.792988313856427540e+00
-1.792988313856427540e+00
-1.792988313856427540e+00
-1.792988313856427540e+00
-1.792988313856427540e+00
-1.792988313856427540e+00
-1.792988313856427540e+00
-1.792988313856427540e+00
-1.792988313856427540e+00
-1.792988313856427540e+00
-1.782971619365609328e+00
-1.792988313856427540e+00
