1.592654424040066852e+00
1.562604340567612882e+00
1.532554257095158468e+00
1.502504173622704498e+00
1.462437395659432537e+00
1.432387312186978345e+00
1.402337228714524375e+00
1.362270450751252193e+00
1.322203672787980011e+00
1.282136894824708051e+00
1.242070116861435869e+00
1.202003338898163687e+00
1.161936560934891505e+00
1.111853088480801555e+00
1.071786310517529373e+00
1.021702838063439200e+00
9.716193656093489173e-01
9.215358931552587451e-01
8.614357262103506940e-01
7.913188647746244309e-01
7.312186978297162687e-01
6.510851419031720155e-01
5.709515859766277623e-01
4.607679465776293726e-01
3.305509181969950028e-01
6.010016694490818295e-02
-1.903171953255425597e-01
-1.803005008347245697e-01
-1.803005008347245697e-01
-1.903171953255425597e-01
-1.803005008347245697e-01
-1.903171953255425597e-01
-1.803005008347245697e-01
-1.803005008347245697e-01
-1.803005008347245697e-01
-1.803005008347245697e-01
-1.903171953255425597e-01
-1.903171953255425597e-01
-1.903171953255425597e-01
-1.803005008347245697e-01
-1.803005008347245697e-01
-1.803005008347245697e-01
-1.803005008347245697e-01
-1.803005008347245697e-01
-1.803005008347245697e-01
-1.803005008347245697e-01
-1.803005008347245697e-01
-1.803005008347245697e-01
-1.803005008347245697e-01
-1.803005008347245697e-01
