1.592654424040066852e+00
1.552587646076794892e+00
1.532554257095158468e+00
1.492487479131886507e+00
1.462437395659432537e+00
1.432387312186978345e+00
1.392320534223706163e+00
1.362270450751252193e+00
1.332220367278798001e+00
1.282136894824708051e+00
1.242070116861435869e+00
1.212020033388981677e+00
1.161936560934891505e+00
1.121869782971619545e+00
1.071786310517529373e+00
1.031719532554257190e+00
9.716193656093489173e-01
9.115191986644407551e-01
8.614357262103506940e-01
8.013355592654424209e-01
7.212020033388982787e-01
6.510851419031720155e-01
5.709515859766277623e-01
4.607679465776293726e-01
3.305509181969950028e-01
1.001669449081803026e-01
-1.305954825462012359e+00
-1.317647058823529393e+00
-1.312186978297162021e+00
-1.312186978297162021e+00
-1.312186978297162021e+00
-1.312186978297162021e+00
-1.312186978297162021e+00
-1.312186978297162021e+00
-1.312186978297162021e+00
-1.312186978297162021e+00
-1.312186978297162021e+00
-1.322203672787980011e+00
-1.312186978297162021e+00
-1.312186978297162021e+00
-1.312186978297162021e+00
-1.312186978297162021e+00
-1.312186978297162021e+00
-1.322203672787980011e+00
-1.312186978297162021e+00
-1.312186978297162021e+00
-1.312186978297162021e+00
-1.312186978297162021e+00
-1.312186978297162021e+00
-1.312186978297162021e+00
