1.592654424040066852e+00
1.562604340567612882e+00
1.522537562604340478e+00
1.492487479131886507e+00
1.472454090150250527e+00
1.422370617696160355e+00
1.392320534223706163e+00
1.362270450751252193e+00
1.322203672787980011e+00
1.282136894824708051e+00
1.242070116861435869e+00
1.202003338898163687e+00
1.161936560934891505e+00
1.111853088480801555e+00
1.071786310517529373e+00
1.021702838063439200e+00
9.716193656093489173e-01
9.115191986644407551e-01
8.614357262103506940e-01
7.913188647746244309e-01
7.212020033388982787e-01
6.510851419031720155e-01
5.609348914858097723e-01
4.607679465776293726e-01
3.305509181969950028e-01
1.202003338898163659e-01
-2.100000000000000089e+00
-2.098901098901098994e+00
-2.109289617486338919e+00
-2.101633393829401175e+00
-2.097826086956521952e+00
-2.108695652173913082e+00
-2.108695652173913082e+00
-2.097826086956521952e+00
-2.106712564543889776e+00
-2.106712564543889776e+00
-2.106712564543889776e+00
-2.100000000000000089e+00
-2.100000000000000089e+00
-2.100000000000000089e+00
-2.100000000000000089e+00
-2.100000000000000089e+00
-2.100000000000000089e+00
-2.103626943005181715e+00
-2.103626943005181715e+00
-2.103626943005181715e+00
-2.103626943005181715e+00
-2.103626943005181715e+00
-2.103626943005181715e+00
-2.103626943005181715e+00
