1.592654424040066852e+00
1.562604340567612882e+00
1.532554257095158468e+00
1.502504173622704498e+00
1.462437395659432537e+00
1.432387312186978345e+00
1.402337228714524375e+00
1.352253756260433981e+00
1.322203672787980011e+00
1.292153589315526041e+00
1.252086811352253859e+00
1.202003338898163687e+00
1.161936560934891505e+00
1.121869782971619545e+00
1.071786310517529373e+00
1.031719532554257190e+00
9.716193656093489173e-01
9.215358931552587451e-01
8.614357262103506940e-01
8.013355592654424209e-01
7.212020033388982787e-01
6.510851419031720155e-01
5.709515859766277623e-01
4.607679465776293726e-01
3.305509181969950028e-01
1.302170283806343976e-01
-7.011686143572622154e-02
-2.404006677796327318e-01
-4.006677796327212104e-01
-3.664556962025316889e+00
-3.679245283018867774e+00
-3.667711598746081325e+00
-3.675000000000000266e+00
-3.663551401869158841e+00
-3.663551401869158841e+00
-3.663551401869158841e+00
-3.663551401869158841e+00
-3.656250000000000000e+00
-3.663716814159291957e+00
-3.674556213017751816e+00
-3.674556213017751816e+00
-3.674556213017751816e+00
-3.656804733727810675e+00
-3.674556213017751816e+00
-3.667655786350148439e+00
-3.667655786350148439e+00
-3.667655786350148439e+00
-3.667655786350148439e+00
-3.667655786350148439e+00
-3.667655786350148439e+00
