1.592654424040066852e+00
1.562604340567612882e+00
1.522537562604340478e+00
1.492487479131886507e+00
1.462437395659432537e+00
1.422370617696160355e+00
1.392320534223706163e+00
1.362270450751252193e+00
1.322203672787980011e+00
1.282136894824708051e+00
1.242070116861435869e+00
1.202003338898163687e+00
1.161936560934891505e+00
1.111853088480801555e+00
1.071786310517529373e+00
1.021702838063439200e+00
9.716193656093489173e-01
9.115191986644407551e-01
8.514190317195324820e-01
7.913188647746244309e-01
7.312186978297162687e-01
6.510851419031720155e-01
5.609348914858097723e-01
4.607679465776293726e-01
3.305509181969950028e-01
1.202003338898163659e-01
-2.250000000000000000e+00
-2.250000000000000000e+00
-2.244186046511627897e+00
-2.239845261121856890e+00
-2.247104247104247055e+00
-2.242774566473988873e+00
-2.242774566473988873e+00
-2.242774566473988873e+00
-2.242774566473988873e+00
-2.245871559633027648e+00
-2.245871559633027648e+00
-2.238970588235294379e+00
-2.238970588235294379e+00
-2.238970588235294379e+00
-2.238970588235294379e+00
-2.250000000000000000e+00
-2.238970588235294379e+00
-2.243093922651933969e+00
-2.243093922651933969e+00
-2.243093922651933969e+00
-2.243093922651933969e+00
-2.243093922651933969e+00
-2.243093922651933969e+00
-2.243093922651933969e+00
