1.806451612903225978e+00
1.774443610902725732e+00
1.743435858964741403e+00
1.710427606901725461e+00
1.677419354838709742e+00
1.643410852713178549e+00
1.608402100525131440e+00
1.573393348337084330e+00
1.536384096024006052e+00
1.499374843710927774e+00
1.460365091272817883e+00
1.420355088772192964e+00
1.379344836209052350e+00
1.337334333583395818e+00
1.294323580895223813e+00
1.249312328082020418e+00
1.202300575143785855e+00
1.153288322080520123e+00
1.103275818954738696e+00
1.048262065516379016e+00
9.922480620155038622e-01
9.322330582645661501e-01
8.682170542635658794e-01
7.981995498874718820e-01
7.221805451362840467e-01
6.371592898224556212e-01
5.411352838209552152e-01
4.361090272568142190e-01
3.350837709427356703e-01
2.400600150037509317e-01
1.450362590647661931e-01
4.301075268817204644e-02
-1.340335083770942681e+00
-1.340335083770942681e+00
-1.340335083770942681e+00
-1.340335083770942681e+00
-1.340335083770942681e+00
-1.339334833708427208e+00
-1.340335083770942681e+00
-1.339334833708427208e+00
-1.340335083770942681e+00
-1.340335083770942681e+00
-1.340335083770942681e+00
-1.340335083770942681e+00
-1.340335083770942681e+00
-1.340335083770942681e+00
-1.340335083770942681e+00
-1.340335083770942681e+00
-1.340335083770942681e+00
-1.340335083770942681e+00
