-1.000000000000000000e+00
-1.000000000000000000e+00
-1.000000000000000000e+00
-1.000000000000000000e+00
-1.000000000000000000e+00
-1.000000000000000000e+00
-1.000000000000000000e+00
-1.000000000000000000e+00
-1.000000000000000000e+00
-1.000000000000000000e+00
-1.000000000000000000e+00
-1.000000000000000000e+00
-1.000000000000000000e+00
-1.000000000000000000e+00
-1.000000000000000000e+00
-1.000000000000000000e+00
-1.000000000000000000e+00
-1.000000000000000000e+00
-1.000000000000000000e+00
-1.000000000000000000e+00
-1.000000000000000000e+00
-1.000000000000000000e+00
-1.000000000000000000e+00
-1.000000000000000000e+00
-1.000000000000000000e+00
-1.000000000000000000e+00
-1.000000000000000000e+00
-1.000000000000000000e+00
-1.000000000000000000e+00
1.482196937523739633e-323
1.482196937523739633e-323
1.482196937523739633e-323
1.482196937523739633e-323
1.482196937523739633e-323
1.482196937523739633e-323
1.482196937523739633e-323
1.482196937523739633e-323
1.482196937523739633e-323
1.482196937523739633e-323
1.482196937523739633e-323
1.482196937523739633e-323
1.482196937523739633e-323
1.482196937523739633e-323
1.482196937523739633e-323
4.446564221743882418e-192
1.288112063887390035e-181
3.394476066173330313e-171
4.591647021693766941e-161
5.806924926977492066e-145
8.546406041041487113e-128
