-1.000000000000000000e+00
-1.000000000000000000e+00
-1.000000000000000000e+00
-1.000000000000000000e+00
-1.000000000000000000e+00
-1.000000000000000000e+00
-1.000000000000000000e+00
-1.000000000000000000e+00
-1.000000000000000000e+00
-1.000000000000000000e+00
-1.000000000000000000e+00
-1.000000000000000000e+00
-1.000000000000000000e+00
-1.000000000000000000e+00
-1.000000000000000000e+00
-1.000000000000000000e+00
-1.000000000000000000e+00
-1.000000000000000000e+00
-1.000000000000000000e+00
-1.000000000000000000e+00
-1.000000000000000000e+00
-1.000000000000000000e+00
-1.000000000000000000e+00
-1.000000000000000000e+00
-1.000000000000000000e+00
-1.000000000000000000e+00
-1.000000000000000000e+00
-1.000000000000000000e+00
-1.000000000000000000e+00
2.964393875047479265e-323
2.964393875047479265e-323
2.964393875047479265e-323
2.964393875047479265e-323
2.964393875047479265e-323
2.964393875047479265e-323
2.964393875047479265e-323
2.964393875047479265e-323
2.964393875047479265e-323
2.964393875047479265e-323
2.964393875047479265e-323
2.964393875047479265e-323
2.964393875047479265e-323
2.964393875047479265e-323
2.964393875047479265e-323
5.274555213182262674e-190
1.246272178728422337e-185
1.706718939007324296e-165
1.881365467310444426e-141
2.478867396515790871e-122
1.236555775983887994e-107
