2.832369942196532264e+00
2.724137931034483096e+00
2.568181818181818343e+00
2.597701149425287515e+00
2.589595375722543391e+00
2.272388059701492935e+00
2.216417910447761486e+00
2.021978021978022344e+00
1.894736842105263053e+00
1.780575539568345356e+00
1.654804270462633564e+00
1.703435804701627587e+00
1.708029197080291883e+00
1.628415300546448119e+00
1.417406749555950363e+00
1.299295774647887258e+00
1.263716814159292268e+00
9.215358931552587451e-01
8.614357262103506940e-01
7.913188647746244309e-01
7.312186978297162687e-01
6.510851419031720155e-01
5.609348914858097723e-01
4.707846410684474736e-01
3.305509181969950028e-01
9.015025041736228484e-02
-1.134065934065934034e+00
-1.151919866444073515e+00
-1.141903171953255525e+00
-1.141903171953255525e+00
-1.141903171953255525e+00
-1.141903171953255525e+00
-1.151919866444073515e+00
-1.141903171953255525e+00
-1.141903171953255525e+00
-1.141903171953255525e+00
-1.141903171953255525e+00
-1.141903171953255525e+00
-1.141903171953255525e+00
-1.151919866444073515e+00
-1.141903171953255525e+00
-1.141903171953255525e+00
-1.141903171953255525e+00
-1.141903171953255525e+00
-1.141903171953255525e+00
-1.141903171953255525e+00
-1.141903171953255525e+00
-1.141903171953255525e+00
-1.151919866444073515e+00
-1.151919866444073515e+00
