1.592654424040066852e+00
1.552587646076794892e+00
1.532554257095158468e+00
1.492487479131886507e+00
1.462437395659432537e+00
1.432387312186978345e+00
1.392320534223706163e+00
1.362270450751252193e+00
1.322203672787980011e+00
1.282136894824708051e+00
1.242070116861435869e+00
1.202003338898163687e+00
1.161936560934891505e+00
1.121869782971619545e+00
1.071786310517529373e+00
1.021702838063439200e+00
9.716193656093489173e-01
9.115191986644407551e-01
8.614357262103506940e-01
7.913188647746244309e-01
7.212020033388982787e-01
6.510851419031720155e-01
5.709515859766277623e-01
4.707846410684474736e-01
3.305509181969950028e-01
1.402337228714524431e-01
-3.005008347245409148e-02
-1.502504173622704609e-01
-2.604340567612687951e-01
-3.606010016694491394e-01
-4.607679465776293726e-01
-5.709515859766277623e-01
-6.811352253756260966e-01
-8.213689482470785119e-01
-4.563706563706563912e+00
-4.539682539682540430e+00
-4.554973821989529270e+00
-4.546391752577319423e+00
-4.530612244897959329e+00
-4.552763819095477338e+00
-4.544554455445545038e+00
-4.529411764705882248e+00
-4.550724637681160090e+00
-4.528846153846154188e+00
-4.542857142857142705e+00
-4.549763033175355353e+00
-4.542056074766355422e+00
-4.555555555555556246e+00
-4.562211981566821173e+00
-4.562211981566821173e+00
