2.486988847583643469e+00
2.473880597014925353e+00
2.460674157303370801e+00
2.495274102079394929e+00
2.617760617760617858e+00
2.195933456561922625e+00
2.247191011235955216e+00
2.085027726432532535e+00
1.996323529411764719e+00
1.851179673321234231e+00
1.665480427046263312e+00
1.558303886925795245e+00
1.591397849462365732e+00
1.537634408602150504e+00
1.446428571428571619e+00
1.366548042704626376e+00
1.195804195804195835e+00
9.215358931552587451e-01
8.614357262103506940e-01
7.913188647746244309e-01
7.312186978297162687e-01
6.510851419031720155e-01
5.709515859766277623e-01
4.607679465776293726e-01
3.305509181969950028e-01
6.010016694490818295e-02
-1.903171953255425597e-01
-1.803005008347245697e-01
-1.803005008347245697e-01
-1.903171953255425597e-01
-1.803005008347245697e-01
-1.903171953255425597e-01
-1.803005008347245697e-01
-1.803005008347245697e-01
-1.803005008347245697e-01
-1.803005008347245697e-01
-1.903171953255425597e-01
-1.903171953255425597e-01
-1.903171953255425597e-01
-1.803005008347245697e-01
-1.803005008347245697e-01
-1.803005008347245697e-01
-1.803005008347245697e-01
-1.803005008347245697e-01
-1.803005008347245697e-01
-1.803005008347245697e-01
-1.803005008347245697e-01
-1.803005008347245697e-01
-1.803005008347245697e-01
-1.803005008347245697e-01
