2.550561797752809223e+00
2.516853932584270037e+00
2.508474576271186418e+00
2.420262664165103494e+00
2.262476894639556591e+00
2.287850467289719969e+00
2.121546961325966763e+00
1.920433996383363429e+00
1.764705882352941346e+00
1.822784810126582444e+00
1.740540540540540526e+00
1.655913978494623739e+00
1.680000000000000160e+00
1.586956521739130599e+00
1.375661375661375585e+00
1.297012302284709984e+00
1.208406304728546488e+00
9.115191986644407551e-01
8.514190317195324820e-01
7.913188647746244309e-01
7.312186978297162687e-01
6.510851419031720155e-01
5.609348914858097723e-01
4.607679465776293726e-01
3.305509181969950028e-01
1.101836393989983343e-01
-1.717601547388781569e+00
-1.720588235294117530e+00
-1.717391304347826164e+00
-1.718918918918919125e+00
-1.729729729729729826e+00
-1.722871452420701388e+00
-1.722871452420701388e+00
-1.722871452420701388e+00
-1.722871452420701388e+00
-1.722871452420701388e+00
-1.722871452420701388e+00
-1.722871452420701388e+00
-1.722871452420701388e+00
-1.712854757929883398e+00
-1.722871452420701388e+00
-1.722871452420701388e+00
-1.722871452420701388e+00
-1.722871452420701388e+00
-1.722871452420701388e+00
-1.712854757929883398e+00
-1.722871452420701388e+00
-1.722871452420701388e+00
-1.722871452420701388e+00
-1.722871452420701388e+00
