1.916666666666666519e+00
1.878260869565217650e+00
1.860627177700348467e+00
1.791666666666666741e+00
1.777003484320557547e+00
1.721739130434782661e+00
1.640138408304498530e+00
1.582758620689655338e+00
1.507745266781411519e+00
1.500000000000000000e+00
1.445783132530120474e+00
1.394148020654044862e+00
1.319587628865979356e+00
1.263698630136986356e+00
1.200000000000000178e+00
1.148717948717948856e+00
1.025380710659898442e+00
9.115191986644407551e-01
8.614357262103506940e-01
8.013355592654424209e-01
7.212020033388982787e-01
6.510851419031720155e-01
5.709515859766277623e-01
4.707846410684474736e-01
3.305509181969950028e-01
1.101836393989983343e-01
-2.389610389610389962e+00
-2.390041493775933557e+00
-2.387628865979381398e+00
-2.395061728395062151e+00
-2.390143737166324556e+00
-2.385245901639344357e+00
-2.392638036809815905e+00
-2.392638036809815905e+00
-2.392638036809815905e+00
-2.397540983606557763e+00
-2.390625000000000000e+00
-2.395303326810175992e+00
-2.395303326810175992e+00
-2.395303326810175992e+00
-2.395303326810175992e+00
-2.395303326810175992e+00
-2.395303326810175992e+00
-2.400000000000000355e+00
-2.388235294117647012e+00
-2.400000000000000355e+00
-2.388235294117647012e+00
-2.388235294117647012e+00
-2.388235294117647012e+00
-2.388235294117647012e+00
