1.618887015177065791e+00
1.608768971332209308e+00
1.608768971332209308e+00
1.540540540540540571e+00
1.510135135135135309e+00
1.469594594594594739e+00
1.426644182124789273e+00
1.393939393939394034e+00
1.361344537815126099e+00
1.331092436974789850e+00
1.290756302521008481e+00
1.250420168067227111e+00
1.210084033613445520e+00
1.147651006711409405e+00
1.097315436241610875e+00
1.046979865771812124e+00
9.849246231155779352e-01
9.115191986644407551e-01
8.614357262103506940e-01
7.913188647746244309e-01
7.212020033388982787e-01
6.510851419031720155e-01
5.709515859766277623e-01
4.707846410684474736e-01
3.305509181969950028e-01
1.302170283806343976e-01
-1.702838063439065242e-01
-2.548672566371681381e+00
-2.545054945054945339e+00
-2.547045951859956414e+00
-2.541484716157205170e+00
-2.549019607843137525e+00
-2.549019607843137525e+00
-2.549019607843137525e+00
-2.543478260869565410e+00
-2.549019607843137525e+00
-2.549019607843137525e+00
-2.544698544698544840e+00
-2.550000000000000266e+00
-2.550000000000000266e+00
-2.550000000000000266e+00
-2.550000000000000266e+00
-2.550000000000000266e+00
-2.550000000000000266e+00
-2.555323590814196244e+00
-2.542797494780793421e+00
-2.555323590814196244e+00
-2.542797494780793421e+00
-2.555323590814196244e+00
-2.542797494780793421e+00
