-9.000000000000000000e+00
-7.500000000000000000e+00
-9.000000000000000000e+00
-9.000000000000000000e+00
-9.000000000000000000e+00
-8.400000000000000355e+00
-9.600000000000001421e+00
-9.600000000000001421e+00
-9.600000000000001421e+00
-9.600000000000001421e+00
-1.000000000000000178e+01
-1.000000000000000178e+01
-1.000000000000000178e+01
-1.000000000000000178e+01
-1.100000000000000000e+01
-1.114285714285714413e+01
-1.114285714285714413e+01
-1.114285714285714413e+01
-1.200000000000000000e+01
-1.200000000000000000e+01
-1.200000000000000000e+01
-1.200000000000000000e+01
-1.200000000000000000e+01
-1.200000000000000000e+01
-1.275000000000000000e+01
-1.266666666666666785e+01
-1.266666666666666785e+01
-1.266666666666666785e+01
-1.266666666666666785e+01
-1.333333333333333393e+01
-1.320000000000000107e+01
-1.320000000000000107e+01
-1.379999999999999893e+01
-1.379999999999999893e+01
-1.320000000000000107e+01
-1.363636363636363846e+01
-1.363636363636363846e+01
-1.363636363636363846e+01
-1.418181818181818343e+01
-1.418181818181818343e+01
-1.450000000000000000e+01
-1.400000000000000178e+01
-1.400000000000000178e+01
-1.450000000000000000e+01
-1.400000000000000178e+01
-1.430769230769230838e+01
-1.430769230769230838e+01
-1.430769230769230838e+01
-1.430769230769230838e+01
-1.430769230769230838e+01
-1.457142857142857117e+01
-1.457142857142857117e+01
-1.457142857142857117e+01
-1.457142857142857117e+01
-1.457142857142857117e+01
-1.440000000000000036e+01
-1.480000000000000071e+01
-1.480000000000000071e+01
-1.480000000000000071e+01
-1.480000000000000071e+01
-1.462500000000000000e+01
-1.462500000000000000e+01
-1.462500000000000000e+01
-1.500000000000000000e+01
-1.462500000000000000e+01
-1.482352941176470651e+01
-1.517647058823529349e+01
-1.482352941176470651e+01
-1.517647058823529349e+01
-1.482352941176470651e+01
-1.500000000000000000e+01
-1.500000000000000000e+01
-1.500000000000000000e+01
-1.500000000000000000e+01
-1.500000000000000000e+01
-1.484210526315789558e+01
-1.515789473684210442e+01
-1.484210526315789558e+01
-1.515789473684210442e+01
-1.515789473684210442e+01
-1.529999999999999893e+01
-1.529999999999999893e+01
-1.529999999999999893e+01
-1.529999999999999893e+01
-1.529999999999999893e+01
-1.542857142857143060e+01
-1.514285714285714235e+01
-1.514285714285714235e+01
-1.514285714285714235e+01
-1.514285714285714235e+01
-1.527272727272727337e+01
-1.527272727272727337e+01
-1.527272727272727337e+01
-1.527272727272727337e+01
-1.527272727272727337e+01
-1.513043478260869712e+01
-1.539130434782608603e+01
-1.539130434782608603e+01
-1.539130434782608603e+01
-1.539130434782608603e+01
-1.525000000000000000e+01
-1.550000000000000178e+01
-1.525000000000000000e+01
-1.550000000000000178e+01
-1.550000000000000178e+01
-1.536000000000000121e+01
-1.536000000000000121e+01
-1.536000000000000121e+01
-1.536000000000000121e+01
-1.560000000000000142e+01
-1.546153846153846345e+01
-1.546153846153846345e+01
-1.546153846153846345e+01
-1.546153846153846345e+01
-1.569230769230769340e+01
-1.555555555555555536e+01
-1.555555555555555536e+01
-1.533333333333333215e+01
-1.555555555555555536e+01
-1.533333333333333215e+01
-1.542857142857143060e+01
-1.564285714285714413e+01
-1.542857142857143060e+01
-1.564285714285714413e+01
-1.542857142857143060e+01
-1.551724137931034520e+01
-1.551724137931034520e+01
-1.551724137931034520e+01
-1.551724137931034520e+01
-1.572413793103448221e+01
-1.560000000000000142e+01
-1.560000000000000142e+01
-1.560000000000000142e+01
-1.560000000000000142e+01
-1.560000000000000142e+01
-1.548387096774193594e+01
-1.567741935483870996e+01
-1.548387096774193594e+01
-1.567741935483870996e+01
-1.567741935483870996e+01
-1.556250000000000000e+01
-1.556250000000000000e+01
-1.556250000000000000e+01
-1.556250000000000000e+01
-1.575000000000000000e+01
-1.563636363636363669e+01
-1.563636363636363669e+01
-1.563636363636363669e+01
-1.563636363636363669e+01
-1.563636363636363669e+01
-1.552941176470588402e+01
-1.570588235294117752e+01
-1.570588235294117752e+01
-1.570588235294117752e+01
-1.570588235294117752e+01
-1.560000000000000142e+01
-1.560000000000000142e+01
-1.577142857142857224e+01
-1.560000000000000142e+01
-1.577142857142857224e+01
-1.583333333333333393e+01
-1.566666666666666785e+01
-1.566666666666666785e+01
-1.566666666666666785e+01
-1.566666666666666785e+01
-1.572972972972972983e+01
-1.556756756756756843e+01
-1.572972972972972983e+01
-1.572972972972972983e+01
-1.572972972972972983e+01
-1.578947368421052744e+01
-1.563157894736842124e+01
-1.563157894736842124e+01
-1.578947368421052744e+01
-1.563157894736842124e+01
-1.569230769230769340e+01
-1.584615384615384670e+01
-1.569230769230769340e+01
-1.569230769230769340e+01
-1.569230769230769340e+01
-1.575000000000000000e+01
-1.575000000000000000e+01
-1.575000000000000000e+01
-1.575000000000000000e+01
-1.575000000000000000e+01
-1.565853658536585513e+01
-1.580487804878048941e+01
-1.580487804878048941e+01
-1.565853658536585513e+01
-1.580487804878048941e+01
-1.571428571428571530e+01
-1.571428571428571530e+01
-1.585714285714285765e+01
-1.571428571428571530e+01
-1.571428571428571530e+01
-1.576744186046511587e+01
-1.576744186046511587e+01
-1.576744186046511587e+01
-1.590697674418604635e+01
-1.576744186046511587e+01
-1.581818181818181834e+01
-1.568181818181818343e+01
-1.581818181818181834e+01
-1.581818181818181834e+01
-1.568181818181818343e+01
-1.573333333333333428e+01
-1.586666666666666714e+01
-1.573333333333333428e+01
-1.586666666666666714e+01
-1.573333333333333428e+01
-1.578260869565217561e+01
-1.578260869565217561e+01
-1.578260869565217561e+01
-1.578260869565217561e+01
-1.578260869565217561e+01
-1.570212765957446877e+01
-1.582978723404255206e+01
-1.582978723404255206e+01
-1.582978723404255206e+01
-1.582978723404255206e+01
-1.587500000000000178e+01
-1.575000000000000000e+01
-1.587500000000000178e+01
-1.575000000000000000e+01
-1.575000000000000000e+01
-1.579591836734693899e+01
-1.579591836734693899e+01
-1.579591836734693899e+01
-1.591836734693877453e+01
-1.579591836734693899e+01
-1.584000000000000163e+01
-1.584000000000000163e+01
-1.584000000000000163e+01
-1.584000000000000163e+01
-1.572000000000000064e+01
-1.576470588235294201e+01
-1.588235294117647101e+01
-1.576470588235294201e+01
-1.576470588235294201e+01
-1.588235294117647101e+01
-1.580769230769230838e+01
-1.580769230769230838e+01
-1.592307692307692335e+01
-1.580769230769230838e+01
-1.580769230769230838e+01
-1.584905660377358494e+01
-1.584905660377358494e+01
-1.584905660377358494e+01
-1.573584905660377409e+01
-1.584905660377358494e+01
-1.588888888888889106e+01
-1.577777777777777857e+01
-1.577777777777777857e+01
-1.588888888888889106e+01
-1.577777777777777857e+01
-1.581818181818181834e+01
-1.592727272727272947e+01
-1.581818181818181834e+01
-1.581818181818181834e+01
-1.592727272727272947e+01
-1.585714285714285765e+01
-1.585714285714285765e+01
-1.575000000000000000e+01
-1.585714285714285765e+01
-1.585714285714285765e+01
-1.578947368421052744e+01
-1.589473684210526194e+01
-1.589473684210526194e+01
-1.578947368421052744e+01
-1.589473684210526194e+01
-1.593103448275862277e+01
-1.582758620689655160e+01
-1.582758620689655160e+01
-1.593103448275862277e+01
-1.582758620689655160e+01
-1.586440677966101731e+01
-1.586440677966101731e+01
-1.586440677966101731e+01
-1.586440677966101731e+01
-1.576271186440678029e+01
-1.580000000000000071e+01
-1.590000000000000036e+01
-1.580000000000000071e+01
-1.590000000000000036e+01
-1.590000000000000036e+01
-1.583606557377049207e+01
-1.583606557377049207e+01
-1.593442622950819576e+01
-1.583606557377049207e+01
-1.583606557377049207e+01
-1.587096774193548399e+01
-1.587096774193548399e+01
-1.587096774193548399e+01
-1.577419354838709609e+01
-1.587096774193548399e+01
-1.590476190476190510e+01
-1.580952380952381020e+01
-1.590476190476190510e+01
-1.590476190476190510e+01
-1.580952380952381020e+01
-1.584375000000000000e+01
-1.593750000000000000e+01
-1.584375000000000000e+01
-1.584375000000000000e+01
-1.593750000000000000e+01
-1.587692307692307736e+01
-1.587692307692307736e+01
-1.587692307692307736e+01
-1.587692307692307736e+01
-1.587692307692307736e+01
-1.590909090909090828e+01
-1.581818181818181834e+01
-1.590909090909090828e+01
-1.581818181818181834e+01
-1.590909090909090828e+01
-1.594029850746268728e+01
-1.585074626865671554e+01
-1.585074626865671554e+01
-1.594029850746268728e+01
-1.585074626865671554e+01
-1.588235294117647101e+01
-1.588235294117647101e+01
-1.588235294117647101e+01
-1.588235294117647101e+01
-1.588235294117647101e+01
-1.582608695652174013e+01
-1.591304347826086918e+01
-1.591304347826086918e+01
-1.582608695652174013e+01
-1.591304347826086918e+01
-1.594285714285714306e+01
-1.585714285714285765e+01
-1.594285714285714306e+01
-1.585714285714285765e+01
-1.585714285714285765e+01
-1.588732394366197198e+01
-1.588732394366197198e+01
-1.588732394366197198e+01
-1.588732394366197198e+01
-1.588732394366197198e+01
-1.591666666666666607e+01
-1.591666666666666607e+01
-1.583333333333333393e+01
-1.591666666666666607e+01
-1.591666666666666607e+01
-1.586301369863013733e+01
-1.586301369863013733e+01
-1.594520547945205458e+01
-1.586301369863013733e+01
-1.586301369863013733e+01
-1.589189189189189300e+01
-1.589189189189189300e+01
-1.589189189189189300e+01
-1.589189189189189300e+01
-1.589189189189189300e+01
-1.591999999999999993e+01
-1.584000000000000163e+01
-1.591999999999999993e+01
-1.591999999999999993e+01
-1.584000000000000163e+01
-1.586842105263158054e+01
-1.594736842105263186e+01
-1.586842105263158054e+01
-1.586842105263158054e+01
-1.594736842105263186e+01
-1.589610389610389696e+01
-1.589610389610389696e+01
-1.589610389610389696e+01
-1.589610389610389696e+01
-1.589610389610389696e+01
-1.592307692307692335e+01
-1.592307692307692335e+01
-1.592307692307692335e+01
-1.592307692307692335e+01
-1.592307692307692335e+01
-1.594936708860759467e+01
-1.587341772151898667e+01
-1.587341772151898667e+01
-1.594936708860759467e+01
-1.587341772151898667e+01
-1.590000000000000036e+01
-1.590000000000000036e+01
-1.590000000000000036e+01
-1.590000000000000036e+01
-1.590000000000000036e+01
-1.585185185185185297e+01
-1.592592592592592560e+01
-1.592592592592592560e+01
-1.585185185185185297e+01
-1.592592592592592560e+01
-1.595121951219512368e+01
-1.587804878048780566e+01
-1.587804878048780566e+01
-1.595121951219512368e+01
-1.587804878048780566e+01
-1.590361445783132588e+01
-1.597590361445783103e+01
-1.590361445783132588e+01
-1.590361445783132588e+01
-1.597590361445783103e+01
-1.592857142857142883e+01
-1.592857142857142883e+01
-1.585714285714285765e+01
-1.592857142857142883e+01
-1.592857142857142883e+01
-1.588235294117647101e+01
-1.588235294117647101e+01
-1.595294117647058840e+01
-1.588235294117647101e+01
-1.588235294117647101e+01
-1.590697674418604635e+01
-1.590697674418604635e+01
-1.590697674418604635e+01
-1.590697674418604635e+01
-1.590697674418604635e+01
-1.593103448275862277e+01
-1.593103448275862277e+01
-1.586206896551724199e+01
-1.593103448275862277e+01
-1.593103448275862277e+01
-1.588636363636363846e+01
-1.595454545454545503e+01
-1.595454545454545503e+01
-1.588636363636363846e+01
-1.595454545454545503e+01
-1.597752808988764173e+01
-1.591011235955056158e+01
-1.591011235955056158e+01
-1.591011235955056158e+01
-1.591011235955056158e+01
-1.593333333333333357e+01
-1.586666666666666714e+01
-1.593333333333333357e+01
-1.593333333333333357e+01
-1.586666666666666714e+01
-1.589010989010989050e+01
-1.595604395604395620e+01
-1.589010989010989050e+01
-1.589010989010989050e+01
-1.595604395604395620e+01
-1.591304347826086918e+01
-1.591304347826086918e+01
-1.591304347826086918e+01
-1.591304347826086918e+01
-1.591304347826086918e+01
-1.593548387096774199e+01
-1.593548387096774199e+01
-1.593548387096774199e+01
-1.593548387096774199e+01
-1.593548387096774199e+01
-1.595744680851063890e+01
-1.595744680851063890e+01
-1.589361702127659726e+01
-1.595744680851063890e+01
-1.595744680851063890e+01
-1.591578947368421026e+01
-1.591578947368421026e+01
-1.591578947368421026e+01
-1.591578947368421026e+01
-1.591578947368421026e+01
-1.587500000000000178e+01
-1.593750000000000000e+01
-1.593750000000000000e+01
-1.587500000000000178e+01
-1.593750000000000000e+01
-1.595876288659793829e+01
-1.589690721649484573e+01
-1.589690721649484573e+01
-1.595876288659793829e+01
-1.589690721649484573e+01
-1.591836734693877453e+01
-1.591836734693877453e+01
-1.591836734693877453e+01
-1.591836734693877453e+01
-1.597959183673469497e+01
-1.593939393939393945e+01
-1.593939393939393945e+01
-1.593939393939393945e+01
-1.593939393939393945e+01
-1.593939393939393945e+01
-1.596000000000000085e+01
-1.590000000000000036e+01
-1.596000000000000085e+01
-1.596000000000000085e+01
-1.590000000000000036e+01
-1.592079207920792250e+01
-1.592079207920792250e+01
-1.592079207920792250e+01
-1.592079207920792250e+01
-1.592079207920792250e+01
-1.594117647058823550e+01
-1.594117647058823550e+01
-1.588235294117647101e+01
-1.594117647058823550e+01
-1.594117647058823550e+01
-1.590291262135922423e+01
-1.590291262135922423e+01
-1.596116504854369111e+01
-1.590291262135922423e+01
-1.590291262135922423e+01
-1.592307692307692335e+01
-1.592307692307692335e+01
-1.592307692307692335e+01
-1.592307692307692335e+01
-1.592307692307692335e+01
-1.594285714285714306e+01
-1.594285714285714306e+01
-1.594285714285714306e+01
-1.594285714285714306e+01
-1.594285714285714306e+01
-1.590566037735849036e+01
-1.596226415094339757e+01
-1.596226415094339757e+01
-1.590566037735849036e+01
-1.596226415094339757e+01
-1.598130841121495394e+01
-1.592523364485981219e+01
-1.592523364485981219e+01
-1.598130841121495394e+01
-1.592523364485981219e+01
-1.594444444444444464e+01
-1.588888888888889106e+01
-1.594444444444444464e+01
-1.594444444444444464e+01
-1.588888888888889106e+01
-1.590825688073394417e+01
-1.596330275229357909e+01
-1.590825688073394417e+01
-1.590825688073394417e+01
-1.596330275229357909e+01
-1.592727272727272947e+01
-1.592727272727272947e+01
-1.592727272727272947e+01
-1.592727272727272947e+01
-1.592727272727272947e+01
-1.594594594594594561e+01
-1.589189189189189300e+01
-1.594594594594594561e+01
-1.594594594594594561e+01
-1.594594594594594561e+01
-1.596428571428571352e+01
-1.596428571428571352e+01
-1.591071428571428648e+01
-1.596428571428571352e+01
-1.596428571428571352e+01
-1.592920353982301052e+01
-1.592920353982301052e+01
-1.598230088495575174e+01
-1.592920353982301052e+01
-1.592920353982301052e+01
-1.594736842105263186e+01
-1.594736842105263186e+01
-1.594736842105263186e+01
-1.594736842105263186e+01
-1.594736842105263186e+01
-1.596521739130434980e+01
-1.591304347826086918e+01
-1.591304347826086918e+01
-1.596521739130434980e+01
-1.591304347826086918e+01
-1.593103448275862277e+01
-1.593103448275862277e+01
-1.593103448275862277e+01
-1.593103448275862277e+01
-1.593103448275862277e+01
-1.589743589743589780e+01
-1.594871794871794890e+01
-1.594871794871794890e+01
-1.589743589743589780e+01
-1.594871794871794890e+01
-1.596610169491525433e+01
-1.591525423728813671e+01
-1.591525423728813671e+01
-1.596610169491525433e+01
-1.591525423728813671e+01
-1.593277310924369772e+01
-1.598319327731092443e+01
-1.593277310924369772e+01
-1.593277310924369772e+01
-1.598319327731092443e+01
-1.594999999999999929e+01
-1.594999999999999929e+01
-1.594999999999999929e+01
-1.594999999999999929e+01
-1.594999999999999929e+01
-1.596694214876033158e+01
-1.591735537190082539e+01
-1.596694214876033158e+01
-1.596694214876033158e+01
-1.591735537190082539e+01
-1.593442622950819576e+01
-1.593442622950819576e+01
-1.593442622950819576e+01
-1.593442622950819576e+01
-1.593442622950819576e+01
-1.595121951219512368e+01
-1.595121951219512368e+01
-1.590243902439024382e+01
-1.595121951219512368e+01
-1.595121951219512368e+01
-1.591935483870967794e+01
-1.591935483870967794e+01
-1.596774193548387011e+01
-1.591935483870967794e+01
-1.591935483870967794e+01
-1.593600000000000172e+01
-1.593600000000000172e+01
-1.593600000000000172e+01
-1.593600000000000172e+01
-1.593600000000000172e+01
-1.595238095238095255e+01
-1.595238095238095255e+01
-1.595238095238095255e+01
-1.595238095238095255e+01
-1.595238095238095255e+01
-1.592125984251968696e+01
-1.596850393700787585e+01
-1.596850393700787585e+01
-1.592125984251968696e+01
-1.596850393700787585e+01
-1.598437500000000000e+01
-1.593750000000000000e+01
-1.593750000000000000e+01
-1.598437500000000000e+01
-1.593750000000000000e+01
-1.595348837209302317e+01
-1.595348837209302317e+01
-1.595348837209302317e+01
-1.595348837209302317e+01
-1.595348837209302317e+01
-1.592307692307692335e+01
-1.596923076923076934e+01
-1.592307692307692335e+01
-1.592307692307692335e+01
-1.596923076923076934e+01
-1.593893129770992445e+01
-1.593893129770992445e+01
-1.593893129770992445e+01
-1.593893129770992445e+01
-1.593893129770992445e+01
-1.595454545454545503e+01
-1.590909090909090828e+01
-1.595454545454545503e+01
-1.595454545454545503e+01
-1.590909090909090828e+01
-1.592481203007518964e+01
-1.596992481203007586e+01
-1.592481203007518964e+01
-1.592481203007518964e+01
-1.596992481203007586e+01
-1.594029850746268728e+01
-1.594029850746268728e+01
-1.594029850746268728e+01
-1.594029850746268728e+01
-1.594029850746268728e+01
-1.595555555555555749e+01
-1.595555555555555749e+01
-1.595555555555555749e+01
-1.595555555555555749e+01
-1.595555555555555749e+01
-1.597058823529411775e+01
-1.597058823529411775e+01
-1.592647058823529349e+01
-1.597058823529411775e+01
-1.597058823529411775e+01
-1.594160583941605758e+01
-1.594160583941605758e+01
-1.598540145985401573e+01
-1.594160583941605758e+01
-1.594160583941605758e+01
-1.595652173913043370e+01
-1.595652173913043370e+01
-1.595652173913043370e+01
-1.591304347826086918e+01
-1.595652173913043370e+01
-1.597122302158273399e+01
-1.592805755395683498e+01
-1.592805755395683498e+01
-1.597122302158273399e+01
-1.592805755395683498e+01
-1.594285714285714306e+01
-1.594285714285714306e+01
-1.594285714285714306e+01
-1.594285714285714306e+01
-1.594285714285714306e+01
-1.591489361702127781e+01
-1.595744680851063890e+01
-1.595744680851063890e+01
-1.591489361702127781e+01
-1.595744680851063890e+01
-1.597183098591549388e+01
-1.592957746478873204e+01
-1.592957746478873204e+01
-1.597183098591549388e+01
-1.592957746478873204e+01
-1.594405594405594506e+01
-1.594405594405594506e+01
-1.594405594405594506e+01
-1.594405594405594506e+01
-1.598601398601398493e+01
-1.595833333333333393e+01
-1.595833333333333393e+01
-1.595833333333333393e+01
-1.595833333333333393e+01
-1.595833333333333393e+01
-1.597241379310344911e+01
-1.593103448275862277e+01
-1.597241379310344911e+01
-1.597241379310344911e+01
-1.593103448275862277e+01
-1.594520547945205458e+01
-1.598630136986301586e+01
-1.594520547945205458e+01
-1.594520547945205458e+01
-1.598630136986301586e+01
-1.595918367346938815e+01
-1.595918367346938815e+01
-1.595918367346938815e+01
-1.595918367346938815e+01
-1.595918367346938815e+01
-1.593243243243243157e+01
-1.593243243243243157e+01
-1.597297297297297369e+01
-1.593243243243243157e+01
-1.593243243243243157e+01
-1.594630872483221573e+01
-1.594630872483221573e+01
-1.594630872483221573e+01
-1.594630872483221573e+01
-1.594630872483221573e+01
-1.596000000000000085e+01
-1.596000000000000085e+01
-1.591999999999999993e+01
-1.596000000000000085e+01
-1.596000000000000085e+01
-1.593377483443708620e+01
-1.593377483443708620e+01
-1.597350993377483341e+01
-1.593377483443708620e+01
-1.593377483443708620e+01
-1.594736842105263186e+01
-1.594736842105263186e+01
-1.594736842105263186e+01
-1.598684210526315752e+01
-1.594736842105263186e+01
-1.596078431372549034e+01
-1.596078431372549034e+01
-1.596078431372549034e+01
-1.596078431372549034e+01
-1.596078431372549034e+01
-1.593506493506493626e+01
-1.597402597402597557e+01
-1.597402597402597557e+01
-1.593506493506493626e+01
-1.597402597402597557e+01
-1.598709677419354946e+01
-1.594838709677419430e+01
-1.594838709677419430e+01
-1.598709677419354946e+01
-1.594838709677419430e+01
-1.596153846153846168e+01
-1.596153846153846168e+01
-1.596153846153846168e+01
-1.596153846153846168e+01
-1.596153846153846168e+01
-1.593630573248407778e+01
-1.597452229299362969e+01
-1.593630573248407778e+01
-1.593630573248407778e+01
-1.597452229299362969e+01
-1.594936708860759467e+01
-1.594936708860759467e+01
-1.594936708860759467e+01
-1.594936708860759467e+01
-1.594936708860759467e+01
-1.596226415094339757e+01
-1.592452830188679158e+01
-1.596226415094339757e+01
-1.596226415094339757e+01
-1.592452830188679158e+01
-1.593750000000000000e+01
-1.597500000000000142e+01
-1.593750000000000000e+01
-1.593750000000000000e+01
-1.597500000000000142e+01
-1.595031055900621197e+01
-1.595031055900621197e+01
-1.595031055900621197e+01
-1.595031055900621197e+01
-1.595031055900621197e+01
-1.596296296296296191e+01
-1.592592592592592560e+01
-1.596296296296296191e+01
-1.596296296296296191e+01
-1.596296296296296191e+01
-1.597546012269938842e+01
-1.597546012269938842e+01
-1.593865030674846750e+01
-1.597546012269938842e+01
-1.597546012269938842e+01
-1.595121951219512368e+01
-1.595121951219512368e+01
-1.598780487804878092e+01
-1.595121951219512368e+01
-1.595121951219512368e+01
-1.596363636363636473e+01
-1.596363636363636473e+01
-1.596363636363636473e+01
-1.596363636363636473e+01
-1.596363636363636473e+01
-1.597590361445783103e+01
-1.597590361445783103e+01
-1.593975903614457934e+01
-1.597590361445783103e+01
-1.597590361445783103e+01
-1.595209580838323404e+01
-1.595209580838323404e+01
-1.595209580838323404e+01
-1.595209580838323404e+01
-1.595209580838323404e+01
-1.592857142857142883e+01
-1.596428571428571352e+01
-1.596428571428571352e+01
-1.592857142857142883e+01
-1.596428571428571352e+01
-1.597633136094674455e+01
-1.594082840236686494e+01
-1.594082840236686494e+01
-1.597633136094674455e+01
-1.594082840236686494e+01
-1.595294117647058840e+01
-1.595294117647058840e+01
-1.595294117647058840e+01
-1.595294117647058840e+01
-1.595294117647058840e+01
-1.592982456140350855e+01
-1.596491228070175517e+01
-1.596491228070175517e+01
-1.592982456140350855e+01
-1.596491228070175517e+01
-1.597674418604651159e+01
-1.594186046511627808e+01
-1.594186046511627808e+01
-1.597674418604651159e+01
-1.594186046511627808e+01
-1.595375722543352559e+01
-1.598843930635838184e+01
-1.595375722543352559e+01
-1.595375722543352559e+01
-1.598843930635838184e+01
-1.596551724137931139e+01
-1.596551724137931139e+01
-1.596551724137931139e+01
-1.596551724137931139e+01
-1.596551724137931139e+01
-1.597714285714285687e+01
-1.594285714285714306e+01
-1.597714285714285687e+01
-1.597714285714285687e+01
-1.594285714285714306e+01
-1.595454545454545503e+01
-1.598863636363636331e+01
-1.595454545454545503e+01
-1.595454545454545503e+01
-1.598863636363636331e+01
-1.596610169491525433e+01
-1.596610169491525433e+01
-1.596610169491525433e+01
-1.596610169491525433e+01
-1.596610169491525433e+01
-1.594382022471910076e+01
-1.594382022471910076e+01
-1.597752808988764173e+01
-1.594382022471910076e+01
-1.594382022471910076e+01
-1.595530726256983378e+01
-1.595530726256983378e+01
-1.595530726256983378e+01
-1.595530726256983378e+01
-1.595530726256983378e+01
-1.596666666666666679e+01
-1.596666666666666679e+01
-1.593333333333333357e+01
-1.596666666666666679e+01
-1.596666666666666679e+01
-1.594475138121547175e+01
-1.594475138121547175e+01
-1.597790055248618835e+01
-1.594475138121547175e+01
-1.594475138121547175e+01
-1.595604395604395620e+01
-1.595604395604395620e+01
-1.595604395604395620e+01
-1.595604395604395620e+01
-1.595604395604395620e+01
-1.596721311475409877e+01
-1.596721311475409877e+01
-1.593442622950819576e+01
-1.596721311475409877e+01
-1.596721311475409877e+01
-1.594565217391304301e+01
-1.594565217391304301e+01
-1.597826086956521863e+01
-1.594565217391304301e+01
-1.597826086956521863e+01
-1.598918918918918841e+01
-1.595675675675675720e+01
-1.595675675675675720e+01
-1.598918918918918841e+01
-1.595675675675675720e+01
-1.596774193548387011e+01
-1.596774193548387011e+01
-1.596774193548387011e+01
-1.596774193548387011e+01
-1.596774193548387011e+01
-1.594652406417112367e+01
-1.597860962566844911e+01
-1.597860962566844911e+01
-1.594652406417112367e+01
-1.597860962566844911e+01
-1.598936170212765973e+01
-1.595744680851063890e+01
-1.595744680851063890e+01
-1.595744680851063890e+01
-1.595744680851063890e+01
-1.596825396825396837e+01
-1.593650793650793851e+01
-1.596825396825396837e+01
-1.596825396825396837e+01
-1.593650793650793851e+01
-1.594736842105263186e+01
-1.597894736842105168e+01
-1.594736842105263186e+01
-1.594736842105263186e+01
-1.597894736842105168e+01
-1.595811518324607370e+01
-1.595811518324607370e+01
-1.595811518324607370e+01
-1.595811518324607370e+01
-1.595811518324607370e+01
-1.596875000000000178e+01
-1.593750000000000000e+01
-1.596875000000000178e+01
-1.596875000000000178e+01
-1.593750000000000000e+01
-1.594818652849741092e+01
-1.597927461139896543e+01
-1.594818652849741092e+01
-1.594818652849741092e+01
-1.597927461139896543e+01
-1.595876288659793829e+01
-1.595876288659793829e+01
-1.595876288659793829e+01
-1.595876288659793829e+01
-1.595876288659793829e+01
-1.596923076923076934e+01
-1.593846153846153868e+01
-1.596923076923076934e+01
-1.596923076923076934e+01
-1.593846153846153868e+01
-1.594897959183673564e+01
-1.597959183673469497e+01
-1.594897959183673564e+01
-1.597959183673469497e+01
-1.597959183673469497e+01
-1.595939086294416320e+01
-1.595939086294416320e+01
-1.598984771573604213e+01
-1.595939086294416320e+01
-1.595939086294416320e+01
-1.596969696969697061e+01
-1.596969696969697061e+01
-1.596969696969697061e+01
-1.596969696969697061e+01
-1.596969696969697061e+01
-1.597989949748743932e+01
-1.597989949748743932e+01
-1.594974874371859208e+01
-1.597989949748743932e+01
-1.597989949748743932e+01
-1.596000000000000085e+01
-1.596000000000000085e+01
-1.596000000000000085e+01
-1.596000000000000085e+01
-1.596000000000000085e+01
-1.594029850746268728e+01
-1.597014925373134453e+01
-1.597014925373134453e+01
-1.594029850746268728e+01
-1.597014925373134453e+01
-1.598019801980198196e+01
-1.595049504950495134e+01
-1.595049504950495134e+01
-1.598019801980198196e+01
-1.595049504950495134e+01
-1.596059113300492527e+01
-1.596059113300492527e+01
-1.596059113300492527e+01
-1.596059113300492527e+01
-1.596059113300492527e+01
-1.594117647058823550e+01
-1.597058823529411775e+01
-1.597058823529411775e+01
-1.594117647058823550e+01
-1.597058823529411775e+01
-1.598048780487805054e+01
-1.595121951219512368e+01
-1.595121951219512368e+01
-1.598048780487805054e+01
-1.595121951219512368e+01
-1.596116504854369111e+01
-1.596116504854369111e+01
-1.596116504854369111e+01
-1.596116504854369111e+01
-1.596116504854369111e+01
-1.594202898550724612e+01
-1.597101449275362306e+01
-1.597101449275362306e+01
-1.594202898550724612e+01
-1.597101449275362306e+01
-1.598076923076922995e+01
-1.595192307692307843e+01
-1.595192307692307843e+01
-1.598076923076922995e+01
-1.595192307692307843e+01
-1.596172248803827820e+01
-1.599043062200956911e+01
-1.596172248803827820e+01
-1.596172248803827820e+01
-1.599043062200956911e+01
-1.597142857142857153e+01
-1.597142857142857153e+01
-1.597142857142857153e+01
-1.597142857142857153e+01
-1.597142857142857153e+01
-1.598104265402843716e+01
-1.595260663507109022e+01
-1.598104265402843716e+01
-1.598104265402843716e+01
-1.595260663507109022e+01
-1.596226415094339757e+01
-1.596226415094339757e+01
-1.596226415094339757e+01
-1.596226415094339757e+01
-1.596226415094339757e+01
-1.597183098591549388e+01
-1.597183098591549388e+01
-1.594366197183098777e+01
-1.597183098591549388e+01
-1.597183098591549388e+01
-1.595327102803738484e+01
-1.595327102803738484e+01
-1.598130841121495394e+01
-1.595327102803738484e+01
-1.595327102803738484e+01
-1.596279069767441960e+01
-1.596279069767441960e+01
-1.596279069767441960e+01
-1.596279069767441960e+01
-1.596279069767441960e+01
-1.597222222222222321e+01
-1.597222222222222321e+01
-1.594444444444444464e+01
-1.597222222222222321e+01
-1.597222222222222321e+01
-1.595391705069124377e+01
-1.595391705069124377e+01
-1.598156682027649644e+01
-1.595391705069124377e+01
-1.595391705069124377e+01
-1.596330275229357909e+01
-1.596330275229357909e+01
-1.596330275229357909e+01
-1.596330275229357909e+01
-1.596330275229357909e+01
-1.597260273972602818e+01
-1.597260273972602818e+01
-1.594520547945205458e+01
-1.597260273972602818e+01
-1.597260273972602818e+01
-1.595454545454545503e+01
-1.595454545454545503e+01
-1.598181818181818237e+01
-1.595454545454545503e+01
-1.595454545454545503e+01
-1.596380090497737569e+01
-1.596380090497737569e+01
-1.596380090497737569e+01
-1.596380090497737569e+01
-1.596380090497737569e+01
-1.597297297297297369e+01
-1.597297297297297369e+01
-1.597297297297297369e+01
-1.597297297297297369e+01
-1.597297297297297369e+01
-1.595515695067264517e+01
-1.598206278026905913e+01
-1.598206278026905913e+01
-1.595515695067264517e+01
-1.598206278026905913e+01
-1.599107142857143060e+01
-1.596428571428571352e+01
-1.596428571428571352e+01
-1.596428571428571352e+01
-1.596428571428571352e+01
-1.597333333333333449e+01
-1.594666666666666544e+01
-1.597333333333333449e+01
-1.597333333333333449e+01
-1.594666666666666544e+01
-1.595575221238937935e+01
-1.598230088495575174e+01
-1.595575221238937935e+01
-1.595575221238937935e+01
-1.598230088495575174e+01
-1.596475770925110105e+01
-1.596475770925110105e+01
-1.596475770925110105e+01
-1.596475770925110105e+01
-1.596475770925110105e+01
-1.597368421052631682e+01
-1.594736842105263186e+01
-1.597368421052631682e+01
-1.597368421052631682e+01
-1.594736842105263186e+01
-1.595633187772925687e+01
-1.598253275109170524e+01
-1.595633187772925687e+01
-1.595633187772925687e+01
-1.598253275109170524e+01
-1.596521739130434980e+01
-1.596521739130434980e+01
-1.596521739130434980e+01
-1.596521739130434980e+01
-1.596521739130434980e+01
-1.597402597402597557e+01
-1.594805194805194759e+01
-1.597402597402597557e+01
-1.597402597402597557e+01
-1.594805194805194759e+01
-1.595689655172413701e+01
-1.598275862068965480e+01
-1.595689655172413701e+01
-1.595689655172413701e+01
-1.598275862068965480e+01
-1.596566523605150323e+01
-1.596566523605150323e+01
-1.596566523605150323e+01
-1.596566523605150323e+01
-1.596566523605150323e+01
-1.597435897435897445e+01
-1.594871794871794890e+01
-1.597435897435897445e+01
-1.597435897435897445e+01
-1.594871794871794890e+01
-1.595744680851063890e+01
-1.598297872340425663e+01
-1.595744680851063890e+01
-1.598297872340425663e+01
-1.598297872340425663e+01
-1.596610169491525433e+01
-1.596610169491525433e+01
-1.599152542372881314e+01
-1.596610169491525433e+01
-1.596610169491525433e+01
-1.597468354430379911e+01
-1.597468354430379911e+01
-1.597468354430379911e+01
-1.594936708860759467e+01
-1.597468354430379911e+01
-1.598319327731092443e+01
-1.595798319327731107e+01
-1.595798319327731107e+01
-1.598319327731092443e+01
-1.595798319327731107e+01
-1.596652719665272002e+01
-1.596652719665272002e+01
-1.596652719665272002e+01
-1.596652719665272002e+01
-1.596652719665272002e+01
-1.594999999999999929e+01
-1.597500000000000142e+01
-1.597500000000000142e+01
-1.594999999999999929e+01
-1.597500000000000142e+01
-1.598340248962655608e+01
-1.595850622406639019e+01
-1.595850622406639019e+01
-1.598340248962655608e+01
-1.595850622406639019e+01
-1.596694214876033158e+01
-1.596694214876033158e+01
-1.596694214876033158e+01
-1.596694214876033158e+01
-1.596694214876033158e+01
-1.595061728395061884e+01
-1.597530864197530853e+01
-1.597530864197530853e+01
-1.595061728395061884e+01
-1.597530864197530853e+01
-1.598360655737705116e+01
-1.595901639344262257e+01
-1.595901639344262257e+01
-1.598360655737705116e+01
-1.595901639344262257e+01
-1.596734693877550981e+01
-1.596734693877550981e+01
-1.596734693877550981e+01
-1.596734693877550981e+01
-1.596734693877550981e+01
-1.595121951219512368e+01
-1.597560975609756184e+01
-1.597560975609756184e+01
-1.595121951219512368e+01
-1.597560975609756184e+01
-1.598380566801619551e+01
-1.595951417004048523e+01
-1.595951417004048523e+01
-1.598380566801619551e+01
-1.595951417004048523e+01
-1.596774193548387011e+01
-1.596774193548387011e+01
-1.596774193548387011e+01
-1.596774193548387011e+01
-1.596774193548387011e+01
-1.595180722891566383e+01
-1.597590361445783103e+01
-1.597590361445783103e+01
-1.595180722891566383e+01
-1.597590361445783103e+01
-1.598400000000000176e+01
-1.596000000000000085e+01
-1.598400000000000176e+01
-1.596000000000000085e+01
-1.596000000000000085e+01
-1.596812749003984067e+01
-1.596812749003984067e+01
-1.596812749003984067e+01
-1.596812749003984067e+01
-1.596812749003984067e+01
-1.597619047619047628e+01
-1.597619047619047628e+01
-1.595238095238095255e+01
-1.597619047619047628e+01
-1.597619047619047628e+01
-1.596047430830039637e+01
-1.596047430830039637e+01
-1.598418972332015997e+01
-1.596047430830039637e+01
-1.596047430830039637e+01
-1.596850393700787585e+01
-1.596850393700787585e+01
-1.596850393700787585e+01
-1.596850393700787585e+01
-1.596850393700787585e+01
-1.597647058823529420e+01
-1.597647058823529420e+01
-1.595294117647058840e+01
-1.597647058823529420e+01
-1.597647058823529420e+01
-1.596093750000000000e+01
-1.596093750000000000e+01
-1.598437500000000000e+01
-1.596093750000000000e+01
-1.596093750000000000e+01
-1.596887159533073941e+01
-1.596887159533073941e+01
-1.596887159533073941e+01
-1.596887159533073941e+01
-1.596887159533073941e+01
-1.597674418604651159e+01
-1.597674418604651159e+01
-1.595348837209302317e+01
-1.597674418604651159e+01
-1.597674418604651159e+01
-1.596138996138996013e+01
-1.596138996138996013e+01
-1.598455598455598548e+01
-1.596138996138996013e+01
-1.596138996138996013e+01
-1.596923076923076934e+01
-1.596923076923076934e+01
-1.596923076923076934e+01
-1.596923076923076934e+01
-1.596923076923076934e+01
-1.597701149425287248e+01
-1.597701149425287248e+01
-1.595402298850574674e+01
-1.597701149425287248e+01
-1.597701149425287248e+01
-1.596183206106870323e+01
-1.596183206106870323e+01
-1.598473282442748022e+01
-1.596183206106870323e+01
-1.596183206106870323e+01
-1.596958174904943029e+01
-1.596958174904943029e+01
-1.596958174904943029e+01
-1.596958174904943029e+01
-1.596958174904943029e+01
-1.597727272727272840e+01
-1.597727272727272840e+01
-1.595454545454545503e+01
-1.597727272727272840e+01
-1.595454545454545503e+01
-1.596226415094339757e+01
-1.598490566037735761e+01
-1.596226415094339757e+01
-1.596226415094339757e+01
-1.598490566037735761e+01
-1.596992481203007586e+01
-1.596992481203007586e+01
-1.596992481203007586e+01
-1.596992481203007586e+01
-1.596992481203007586e+01
-1.597752808988764173e+01
-1.595505617977527990e+01
-1.597752808988764173e+01
-1.597752808988764173e+01
-1.595505617977527990e+01
-1.596268656716418022e+01
-1.598507462686567138e+01
-1.596268656716418022e+01
-1.596268656716418022e+01
-1.598507462686567138e+01
-1.597026022304832793e+01
-1.597026022304832793e+01
-1.597026022304832793e+01
-1.597026022304832793e+01
-1.597026022304832793e+01
-1.597777777777777786e+01
-1.595555555555555749e+01
-1.597777777777777786e+01
-1.597777777777777786e+01
-1.595555555555555749e+01
-1.596309963099631091e+01
-1.598523985239852330e+01
-1.596309963099631091e+01
-1.596309963099631091e+01
-1.598523985239852330e+01
-1.597058823529411775e+01
-1.597058823529411775e+01
-1.597058823529411775e+01
-1.597058823529411775e+01
-1.597058823529411775e+01
-1.597802197802197810e+01
-1.595604395604395620e+01
-1.597802197802197810e+01
-1.597802197802197810e+01
-1.595604395604395620e+01
-1.596350364963503665e+01
-1.598540145985401573e+01
-1.596350364963503665e+01
-1.596350364963503665e+01
-1.598540145985401573e+01
-1.597090909090909072e+01
-1.597090909090909072e+01
-1.597090909090909072e+01
-1.597090909090909072e+01
-1.597090909090909072e+01
-1.597826086956521863e+01
-1.595652173913043370e+01
-1.597826086956521863e+01
-1.597826086956521863e+01
-1.595652173913043370e+01
-1.596389891696751029e+01
-1.598555956678700518e+01
-1.596389891696751029e+01
-1.596389891696751029e+01
-1.598555956678700518e+01
-1.597122302158273399e+01
-1.597122302158273399e+01
-1.597122302158273399e+01
-1.597122302158273399e+01
-1.597122302158273399e+01
-1.595698924731182800e+01
-1.595698924731182800e+01
-1.597849462365591577e+01
-1.595698924731182800e+01
-1.595698924731182800e+01
-1.596428571428571352e+01
-1.596428571428571352e+01
-1.596428571428571352e+01
-1.598571428571428577e+01
-1.596428571428571352e+01
-1.597153024911031949e+01
-1.597153024911031949e+01
-1.597153024911031949e+01
-1.597153024911031949e+01
-1.597153024911031949e+01
-1.595744680851063890e+01
-1.597872340425531945e+01
-1.597872340425531945e+01
-1.595744680851063890e+01
-1.597872340425531945e+01
-1.598586572438162534e+01
-1.596466431095406335e+01
-1.596466431095406335e+01
-1.598586572438162534e+01
-1.596466431095406335e+01
-1.597183098591549388e+01
-1.597183098591549388e+01
-1.597183098591549388e+01
-1.597183098591549388e+01
-1.597183098591549388e+01
-1.595789473684210513e+01
-1.597894736842105168e+01
-1.597894736842105168e+01
-1.595789473684210513e+01
-1.597894736842105168e+01
-1.598601398601398493e+01
-1.596503496503496500e+01
-1.596503496503496500e+01
-1.598601398601398493e+01
-1.596503496503496500e+01
-1.597212543554006992e+01
-1.597212543554006992e+01
-1.597212543554006992e+01
-1.597212543554006992e+01
-1.597212543554006992e+01
-1.595833333333333393e+01
-1.597916666666666785e+01
-1.597916666666666785e+01
-1.595833333333333393e+01
-1.597916666666666785e+01
-1.598615916955017369e+01
-1.596539792387543422e+01
-1.596539792387543422e+01
-1.598615916955017369e+01
-1.596539792387543422e+01
-1.597241379310344911e+01
-1.597241379310344911e+01
-1.597241379310344911e+01
-1.597241379310344911e+01
-1.597241379310344911e+01
-1.595876288659793829e+01
-1.597938144329896915e+01
-1.597938144329896915e+01
-1.595876288659793829e+01
-1.597938144329896915e+01
-1.598630136986301586e+01
-1.596575342465753344e+01
-1.596575342465753344e+01
-1.598630136986301586e+01
-1.596575342465753344e+01
-1.597269624573378977e+01
-1.595221843003412943e+01
-1.597269624573378977e+01
-1.597269624573378977e+01
-1.595221843003412943e+01
-1.595918367346938815e+01
-1.597959183673469497e+01
-1.595918367346938815e+01
-1.595918367346938815e+01
-1.597959183673469497e+01
-1.596610169491525433e+01
-1.596610169491525433e+01
-1.596610169491525433e+01
-1.596610169491525433e+01
-1.596610169491525433e+01
-1.597297297297297369e+01
-1.595270270270270352e+01
-1.597297297297297369e+01
-1.597297297297297369e+01
-1.597297297297297369e+01
-1.597979797979798100e+01
-1.597979797979798100e+01
-1.595959595959596022e+01
-1.597979797979798100e+01
-1.597979797979798100e+01
-1.596644295302013639e+01
-1.596644295302013639e+01
-1.598657718120805349e+01
-1.596644295302013639e+01
-1.596644295302013639e+01
-1.597324414715719065e+01
-1.597324414715719065e+01
-1.597324414715719065e+01
-1.597324414715719065e+01
-1.597324414715719065e+01
-1.598000000000000220e+01
-1.598000000000000220e+01
-1.596000000000000085e+01
-1.598000000000000220e+01
-1.598000000000000220e+01
-1.596677740863787243e+01
-1.596677740863787243e+01
-1.598671096345514897e+01
-1.596677740863787243e+01
-1.596677740863787243e+01
-1.597350993377483341e+01
-1.597350993377483341e+01
-1.597350993377483341e+01
-1.597350993377483341e+01
-1.597350993377483341e+01
-1.598019801980198196e+01
-1.598019801980198196e+01
-1.596039603960396036e+01
-1.598019801980198196e+01
-1.598019801980198196e+01
-1.596710526315789558e+01
-1.596710526315789558e+01
-1.598684210526315752e+01
-1.596710526315789558e+01
-1.596710526315789558e+01
-1.597377049180328079e+01
-1.597377049180328079e+01
-1.597377049180328079e+01
-1.597377049180328079e+01
-1.597377049180328079e+01
-1.598039215686274517e+01
-1.598039215686274517e+01
-1.596078431372549034e+01
-1.598039215686274517e+01
-1.598039215686274517e+01
-1.596742671009771897e+01
-1.596742671009771897e+01
-1.598697068403908794e+01
-1.596742671009771897e+01
-1.596742671009771897e+01
-1.595454545454545503e+01
-1.597402597402597557e+01
-1.597402597402597557e+01
-1.595454545454545503e+01
-1.597402597402597557e+01
-1.598058252427184556e+01
-1.596116504854369111e+01
-1.596116504854369111e+01
-1.598058252427184556e+01
-1.596116504854369111e+01
-1.596774193548387011e+01
-1.596774193548387011e+01
-1.596774193548387011e+01
-1.596774193548387011e+01
-1.596774193548387011e+01
-1.595498392282958200e+01
-1.597427652733118997e+01
-1.597427652733118997e+01
-1.595498392282958200e+01
-1.597427652733118997e+01
-1.598076923076922995e+01
-1.596153846153846168e+01
-1.596153846153846168e+01
-1.598076923076922995e+01
-1.596153846153846168e+01
-1.596805111821086243e+01
-1.598722044728434710e+01
-1.596805111821086243e+01
-1.596805111821086243e+01
-1.598722044728434710e+01
-1.597452229299362969e+01
-1.597452229299362969e+01
-1.597452229299362969e+01
-1.597452229299362969e+01
-1.597452229299362969e+01
-1.598095238095238102e+01
-1.596190476190476204e+01
-1.598095238095238102e+01
-1.598095238095238102e+01
-1.596190476190476204e+01
-1.596835443037974755e+01
-1.598734177215189867e+01
-1.596835443037974755e+01
-1.596835443037974755e+01
-1.598734177215189867e+01
-1.597476340694006325e+01
-1.597476340694006325e+01
-1.597476340694006325e+01
-1.597476340694006325e+01
-1.597476340694006325e+01
-1.598113207547169878e+01
-1.596226415094339757e+01
-1.598113207547169878e+01
-1.598113207547169878e+01
-1.596226415094339757e+01
-1.596865203761755581e+01
-1.598746081504702232e+01
-1.596865203761755581e+01
-1.596865203761755581e+01
-1.598746081504702232e+01
-1.597500000000000142e+01
-1.597500000000000142e+01
-1.597500000000000142e+01
-1.597500000000000142e+01
-1.597500000000000142e+01
-1.598130841121495394e+01
-1.596261682242990787e+01
-1.598130841121495394e+01
-1.598130841121495394e+01
-1.596261682242990787e+01
-1.596894409937888248e+01
-1.598757763975155299e+01
-1.596894409937888248e+01
-1.596894409937888248e+01
-1.598757763975155299e+01
-1.597523219814241635e+01
-1.597523219814241635e+01
-1.595665634674922728e+01
-1.597523219814241635e+01
-1.597523219814241635e+01
-1.596296296296296191e+01
-1.596296296296296191e+01
-1.598148148148148273e+01
-1.596296296296296191e+01
-1.596296296296296191e+01
-1.596923076923076934e+01
-1.596923076923076934e+01
-1.596923076923076934e+01
-1.596923076923076934e+01
-1.596923076923076934e+01
-1.597546012269938842e+01
-1.597546012269938842e+01
-1.595705521472392618e+01
-1.597546012269938842e+01
-1.597546012269938842e+01
-1.596330275229357909e+01
-1.596330275229357909e+01
-1.598165137614678954e+01
-1.596330275229357909e+01
-1.596330275229357909e+01
-1.596951219512195230e+01
-1.596951219512195230e+01
-1.596951219512195230e+01
-1.596951219512195230e+01
-1.596951219512195230e+01
-1.597568389057750871e+01
-1.597568389057750871e+01
-1.595744680851063890e+01
-1.597568389057750871e+01
-1.597568389057750871e+01
-1.596363636363636473e+01
-1.596363636363636473e+01
-1.598181818181818237e+01
-1.596363636363636473e+01
-1.598181818181818237e+01
-1.598791540785498455e+01
-1.596978851963746315e+01
-1.596978851963746315e+01
-1.598791540785498455e+01
-1.596978851963746315e+01
-1.597590361445783103e+01
-1.597590361445783103e+01
-1.597590361445783103e+01
-1.597590361445783103e+01
-1.597590361445783103e+01
-1.596396396396396611e+01
-1.598198198198198305e+01
-1.598198198198198305e+01
-1.596396396396396611e+01
-1.598198198198198305e+01
-1.598802395209580851e+01
-1.597005988023952128e+01
-1.597005988023952128e+01
-1.598802395209580851e+01
-1.597005988023952128e+01
-1.597611940298507527e+01
-1.597611940298507527e+01
-1.597611940298507527e+01
-1.597611940298507527e+01
-1.597611940298507527e+01
-1.596428571428571352e+01
-1.598214285714285765e+01
-1.598214285714285765e+01
-1.596428571428571352e+01
-1.598214285714285765e+01
-1.598813056379821873e+01
-1.597032640949555038e+01
-1.597032640949555038e+01
-1.598813056379821873e+01
-1.597032640949555038e+01
-1.597633136094674455e+01
-1.597633136094674455e+01
-1.597633136094674455e+01
-1.597633136094674455e+01
-1.597633136094674455e+01
-1.596460176991150526e+01
-1.598230088495575174e+01
-1.596460176991150526e+01
-1.596460176991150526e+01
-1.598230088495575174e+01
-1.597058823529411775e+01
-1.597058823529411775e+01
-1.597058823529411775e+01
-1.597058823529411775e+01
-1.597058823529411775e+01
-1.597653958944281527e+01
-1.595894428152492672e+01
-1.597653958944281527e+01
-1.597653958944281527e+01
-1.595894428152492672e+01
-1.596491228070175517e+01
-1.598245614035087847e+01
-1.596491228070175517e+01
-1.596491228070175517e+01
-1.598245614035087847e+01
-1.597084548104956347e+01
-1.597084548104956347e+01
-1.597084548104956347e+01
-1.597084548104956347e+01
-1.597084548104956347e+01
-1.597674418604651159e+01
-1.595930232558139572e+01
-1.597674418604651159e+01
-1.597674418604651159e+01
-1.595930232558139572e+01
-1.596521739130434980e+01
-1.598260869565217490e+01
-1.596521739130434980e+01
-1.596521739130434980e+01
-1.598260869565217490e+01
-1.597109826589595549e+01
-1.597109826589595549e+01
-1.597109826589595549e+01
-1.597109826589595549e+01
-1.597109826589595549e+01
-1.597694524495677371e+01
-1.595965417867435043e+01
-1.597694524495677371e+01
-1.597694524495677371e+01
-1.595965417867435043e+01
-1.596551724137931139e+01
-1.598275862068965480e+01
-1.596551724137931139e+01
-1.598275862068965480e+01
-1.598275862068965480e+01
-1.597134670487105979e+01
-1.597134670487105979e+01
-1.598853868194842498e+01
-1.597134670487105979e+01
-1.597134670487105979e+01
-1.597714285714285687e+01
-1.597714285714285687e+01
-1.597714285714285687e+01
-1.597714285714285687e+01
-1.597714285714285687e+01
-1.598290598290598297e+01
-1.598290598290598297e+01
-1.596581196581196771e+01
-1.598290598290598297e+01
-1.598290598290598297e+01
-1.597159090909091006e+01
-1.597159090909091006e+01
-1.598863636363636331e+01
-1.597159090909091006e+01
-1.597159090909091006e+01
-1.597733711048158689e+01
-1.597733711048158689e+01
-1.597733711048158689e+01
-1.597733711048158689e+01
-1.597733711048158689e+01
-1.598305084745762805e+01
-1.598305084745762805e+01
-1.596610169491525433e+01
-1.598305084745762805e+01
-1.598305084745762805e+01
-1.597183098591549388e+01
-1.597183098591549388e+01
-1.597183098591549388e+01
-1.597183098591549388e+01
-1.597183098591549388e+01
-1.596067415730336947e+01
-1.597752808988764173e+01
-1.597752808988764173e+01
-1.596067415730336947e+01
-1.597752808988764173e+01
-1.598319327731092443e+01
-1.596638655462184886e+01
-1.596638655462184886e+01
-1.598319327731092443e+01
-1.596638655462184886e+01
-1.597206703910614678e+01
-1.597206703910614678e+01
-1.597206703910614678e+01
-1.597206703910614678e+01
-1.597206703910614678e+01
-1.596100278551531915e+01
-1.597771587743732802e+01
-1.597771587743732802e+01
-1.596100278551531915e+01
-1.597771587743732802e+01
-1.598333333333333250e+01
-1.596666666666666679e+01
-1.596666666666666679e+01
-1.598333333333333250e+01
-1.596666666666666679e+01
-1.597229916897506996e+01
-1.597229916897506996e+01
-1.597229916897506996e+01
-1.597229916897506996e+01
-1.597229916897506996e+01
-1.596132596685082916e+01
-1.597790055248618835e+01
-1.597790055248618835e+01
-1.596132596685082916e+01
-1.597790055248618835e+01
-1.598347107438016579e+01
-1.596694214876033158e+01
-1.596694214876033158e+01
-1.598347107438016579e+01
-1.596694214876033158e+01
-1.597252747252747263e+01
-1.597252747252747263e+01
-1.597252747252747263e+01
-1.597252747252747263e+01
-1.597252747252747263e+01
-1.596164383561643874e+01
-1.597808219178082290e+01
-1.597808219178082290e+01
-1.596164383561643874e+01
-1.597808219178082290e+01
-1.598360655737705116e+01
-1.596721311475409877e+01
-1.598360655737705116e+01
-1.598360655737705116e+01
-1.596721311475409877e+01
-1.597275204359672962e+01
-1.598910081743869327e+01
-1.597275204359672962e+01
-1.597275204359672962e+01
-1.598910081743869327e+01
-1.597826086956521863e+01
-1.597826086956521863e+01
-1.597826086956521863e+01
-1.597826086956521863e+01
-1.597826086956521863e+01
-1.598373983739837456e+01
-1.596747967479674912e+01
-1.598373983739837456e+01
-1.598373983739837456e+01
-1.596747967479674912e+01
-1.597297297297297369e+01
-1.598918918918918841e+01
-1.597297297297297369e+01
-1.597297297297297369e+01
-1.598918918918918841e+01
-1.597843665768193944e+01
-1.597843665768193944e+01
-1.596226415094339757e+01
-1.597843665768193944e+01
-1.597843665768193944e+01
-1.596774193548387011e+01
-1.596774193548387011e+01
-1.598387096774193594e+01
-1.596774193548387011e+01
-1.596774193548387011e+01
-1.597319034852547048e+01
-1.597319034852547048e+01
-1.597319034852547048e+01
-1.597319034852547048e+01
-1.597319034852547048e+01
-1.597860962566844911e+01
-1.597860962566844911e+01
-1.596256684491978817e+01
-1.597860962566844911e+01
-1.597860962566844911e+01
-1.596799999999999997e+01
-1.596799999999999997e+01
-1.598400000000000176e+01
-1.596799999999999997e+01
-1.596799999999999997e+01
-1.597340425531914931e+01
-1.597340425531914931e+01
-1.597340425531914931e+01
-1.597340425531914931e+01
-1.597340425531914931e+01
-1.597877984084880509e+01
-1.597877984084880509e+01
-1.596286472148541158e+01
-1.597877984084880509e+01
-1.597877984084880509e+01
-1.596825396825396837e+01
-1.596825396825396837e+01
-1.598412698412698596e+01
-1.596825396825396837e+01
-1.596825396825396837e+01
-1.597361477572559529e+01
-1.597361477572559529e+01
-1.597361477572559529e+01
-1.597361477572559529e+01
-1.597361477572559529e+01
-1.597894736842105168e+01
-1.597894736842105168e+01
-1.596315789473684177e+01
-1.597894736842105168e+01
-1.597894736842105168e+01
-1.596850393700787585e+01
-1.596850393700787585e+01
-1.598425196850393704e+01
-1.596850393700787585e+01
-1.596850393700787585e+01
-1.597382198952879584e+01
-1.597382198952879584e+01
-1.597382198952879584e+01
-1.597382198952879584e+01
-1.597382198952879584e+01
-1.597911227154047076e+01
-1.597911227154047076e+01
-1.596344647519582161e+01
-1.597911227154047076e+01
-1.597911227154047076e+01
-1.596875000000000178e+01
-1.596875000000000178e+01
-1.598437500000000000e+01
-1.596875000000000178e+01
-1.598437500000000000e+01
-1.598961038961039094e+01
-1.597402597402597557e+01
-1.597402597402597557e+01
-1.598961038961039094e+01
-1.597402597402597557e+01
-1.597927461139896543e+01
-1.597927461139896543e+01
-1.597927461139896543e+01
-1.597927461139896543e+01
-1.597927461139896543e+01
-1.596899224806201723e+01
-1.598449612403100772e+01
-1.598449612403100772e+01
-1.596899224806201723e+01
-1.598449612403100772e+01
-1.597422680412371143e+01
-1.597422680412371143e+01
-1.597422680412371143e+01
-1.597422680412371143e+01
-1.597422680412371143e+01
-1.597943444730077189e+01
-1.596401028277635170e+01
-1.597943444730077189e+01
-1.597943444730077189e+01
-1.596401028277635170e+01
-1.596923076923076934e+01
-1.598461538461538467e+01
-1.596923076923076934e+01
-1.596923076923076934e+01
-1.598461538461538467e+01
-1.597442455242966730e+01
-1.597442455242966730e+01
-1.597442455242966730e+01
-1.597442455242966730e+01
-1.597442455242966730e+01
-1.597959183673469497e+01
-1.596428571428571352e+01
-1.597959183673469497e+01
-1.597959183673469497e+01
-1.596428571428571352e+01
-1.596946564885496223e+01
-1.598473282442748022e+01
-1.596946564885496223e+01
-1.596946564885496223e+01
-1.598473282442748022e+01
-1.597461928934010267e+01
-1.597461928934010267e+01
-1.597461928934010267e+01
-1.597461928934010267e+01
-1.597461928934010267e+01
-1.597974683544303787e+01
-1.596455696202531627e+01
-1.597974683544303787e+01
-1.597974683544303787e+01
-1.596455696202531627e+01
-1.596969696969697061e+01
-1.598484848484848442e+01
-1.596969696969697061e+01
-1.596969696969697061e+01
-1.598484848484848442e+01
-1.597481108312342712e+01
-1.597481108312342712e+01
-1.597481108312342712e+01
-1.597481108312342712e+01
-1.597481108312342712e+01
-1.597989949748743932e+01
-1.596482412060301392e+01
-1.597989949748743932e+01
-1.597989949748743932e+01
-1.596482412060301392e+01
-1.596992481203007586e+01
-1.598496240601503793e+01
-1.596992481203007586e+01
-1.596992481203007586e+01
-1.598496240601503793e+01
-1.597500000000000142e+01
-1.597500000000000142e+01
-1.597500000000000142e+01
-1.597500000000000142e+01
-1.597500000000000142e+01
-1.598004987531172283e+01
-1.596508728179551007e+01
-1.598004987531172283e+01
-1.598004987531172283e+01
-1.596508728179551007e+01
-1.597014925373134453e+01
-1.598507462686567138e+01
-1.597014925373134453e+01
-1.597014925373134453e+01
-1.598507462686567138e+01
-1.597518610421836271e+01
-1.597518610421836271e+01
-1.597518610421836271e+01
-1.597518610421836271e+01
-1.597518610421836271e+01
-1.598019801980198196e+01
-1.598019801980198196e+01
-1.598019801980198196e+01
-1.598019801980198196e+01
-1.598019801980198196e+01
-1.598518518518518583e+01
-1.597037037037036988e+01
-1.597037037037036988e+01
-1.598518518518518583e+01
-1.597037037037036988e+01
-1.597536945812807829e+01
-1.597536945812807829e+01
-1.597536945812807829e+01
-1.597536945812807829e+01
-1.597536945812807829e+01
-1.596560196560196765e+01
-1.598034398034398151e+01
-1.598034398034398151e+01
-1.596560196560196765e+01
-1.598034398034398151e+01
-1.598529411764705799e+01
-1.597058823529411775e+01
-1.597058823529411775e+01
-1.598529411764705799e+01
-1.597058823529411775e+01
-1.597555012224938942e+01
-1.597555012224938942e+01
-1.597555012224938942e+01
-1.597555012224938942e+01
-1.597555012224938942e+01
-1.596585365853658622e+01
-1.598048780487805054e+01
-1.598048780487805054e+01
-1.596585365853658622e+01
-1.598048780487805054e+01
-1.598540145985401573e+01
-1.597080291970802968e+01
-1.597080291970802968e+01
-1.597080291970802968e+01
-1.597080291970802968e+01
-1.597572815533980695e+01
-1.596116504854369111e+01
-1.597572815533980695e+01
-1.597572815533980695e+01
-1.596116504854369111e+01
-1.596610169491525433e+01
-1.596610169491525433e+01
-1.596610169491525433e+01
-1.596610169491525433e+01
-1.596610169491525433e+01
-1.597101449275362306e+01
-1.595652173913043370e+01
-1.595652173913043370e+01
-1.597101449275362306e+01
-1.595652173913043370e+01
-1.596144578313253071e+01
-1.596144578313253071e+01
-1.596144578313253071e+01
-1.596144578313253071e+01
-1.594698795180723039e+01
-1.595192307692307843e+01
-1.596634615384615508e+01
-1.595192307692307843e+01
-1.595192307692307843e+01
-1.595192307692307843e+01
-1.595683453237410099e+01
-1.595683453237410099e+01
-1.594244604316546798e+01
-1.595683453237410099e+01
-1.595683453237410099e+01
-1.594736842105263186e+01
-1.594736842105263186e+01
-1.594736842105263186e+01
-1.594736842105263186e+01
-1.594736842105263186e+01
-1.593794749403341271e+01
-1.595226730310262475e+01
-1.593794749403341271e+01
-1.593794749403341271e+01
-1.595226730310262475e+01
-1.594285714285714306e+01
-1.594285714285714306e+01
-1.592857142857142883e+01
-1.594285714285714306e+01
-1.594285714285714306e+01
-1.593349168646080827e+01
-1.593349168646080827e+01
-1.593349168646080827e+01
-1.593349168646080827e+01
-1.593349168646080827e+01
-1.592417061611374329e+01
-1.593838862559241676e+01
-1.592417061611374329e+01
-1.592417061611374329e+01
-1.593838862559241676e+01
-1.592907801418439817e+01
-1.592907801418439817e+01
-1.591489361702127781e+01
-1.592907801418439817e+01
-1.592907801418439817e+01
-1.591981132075471628e+01
-1.593396226415094219e+01
-1.593396226415094219e+01
-1.591981132075471628e+01
-1.593396226415094219e+01
-1.592470588235294215e+01
-1.592470588235294215e+01
-1.591058823529411903e+01
-1.592470588235294215e+01
-1.592470588235294215e+01
-1.591549295774647810e+01
-1.591549295774647810e+01
-1.592957746478873204e+01
-1.591549295774647810e+01
-1.591549295774647810e+01
-1.590632318501170950e+01
-1.592037470725995441e+01
-1.592037470725995441e+01
-1.590632318501170950e+01
-1.592037470725995441e+01
-1.591121495327102764e+01
-1.591121495327102764e+01
-1.591121495327102764e+01
-1.591121495327102764e+01
-1.591121495327102764e+01
-1.590209790209790341e+01
-1.590209790209790341e+01
-1.591608391608391671e+01
-1.590209790209790341e+01
-1.590209790209790341e+01
-1.589302325581395436e+01
-1.590697674418604635e+01
-1.590697674418604635e+01
-1.589302325581395436e+01
-1.590697674418604635e+01
-1.589791183294663490e+01
-1.589791183294663490e+01
-1.589791183294663490e+01
-1.589791183294663490e+01
-1.589791183294663490e+01
-1.588888888888889106e+01
-1.588888888888889106e+01
-1.590277777777777679e+01
-1.588888888888889106e+01
-1.588888888888889106e+01
-1.587990762124711530e+01
-1.589376443418013984e+01
-1.589376443418013984e+01
-1.587990762124711530e+01
-1.589376443418013984e+01
-1.588479262672811032e+01
-1.588479262672811032e+01
-1.588479262672811032e+01
-1.588479262672811032e+01
-1.588479262672811032e+01
-1.587586206896551744e+01
-1.587586206896551744e+01
-1.588965517241379288e+01
-1.587586206896551744e+01
-1.587586206896551744e+01
-1.586697247706422154e+01
-1.588073394495412849e+01
-1.588073394495412849e+01
-1.586697247706422154e+01
-1.588073394495412849e+01
-1.587185354691075467e+01
-1.587185354691075467e+01
-1.587185354691075467e+01
-1.587185354691075467e+01
-1.587185354691075467e+01
-1.586301369863013733e+01
-1.586301369863013733e+01
-1.587671232876712324e+01
-1.586301369863013733e+01
-1.586301369863013733e+01
-1.585421412300683386e+01
-1.586788154897494252e+01
-1.586788154897494252e+01
-1.585421412300683386e+01
-1.586788154897494252e+01
-1.585909090909090935e+01
-1.585909090909090935e+01
-1.584545454545454746e+01
-1.585909090909090935e+01
-1.585909090909090935e+01
-1.585034013605442382e+01
-1.585034013605442382e+01
-1.585034013605442382e+01
-1.585034013605442382e+01
-1.585034013605442382e+01
-1.584162895927601866e+01
-1.585520361990950278e+01
-1.584162895927601866e+01
-1.584162895927601866e+01
-1.585520361990950278e+01
-1.584650112866817118e+01
-1.584650112866817118e+01
-1.583295711060948108e+01
-1.584650112866817118e+01
-1.584650112866817118e+01
-1.583783783783783861e+01
-1.585135135135135265e+01
-1.583783783783783861e+01
-1.583783783783783861e+01
-1.585135135135135265e+01
-1.584269662921348321e+01
-1.584269662921348321e+01
-1.582921348314606824e+01
-1.584269662921348321e+01
-1.584269662921348321e+01
-1.583408071748879031e+01
-1.583408071748879031e+01
-1.583408071748879031e+01
-1.583408071748879031e+01
-1.583408071748879031e+01
-1.582550335570469713e+01
-1.583892617449664364e+01
-1.582550335570469713e+01
-1.582550335570469713e+01
-1.583892617449664364e+01
-1.583035714285714413e+01
-1.583035714285714413e+01
-1.581696428571428648e+01
-1.583035714285714413e+01
-1.583035714285714413e+01
-1.582182628062360763e+01
-1.582182628062360763e+01
-1.582182628062360763e+01
-1.582182628062360763e+01
-1.582182628062360763e+01
-1.581333333333333258e+01
-1.582666666666666799e+01
-1.581333333333333258e+01
-1.581333333333333258e+01
-1.582666666666666799e+01
-1.581818181818181834e+01
-1.581818181818181834e+01
-1.580487804878048941e+01
-1.581818181818181834e+01
-1.581818181818181834e+01
-1.580973451327433743e+01
-1.580973451327433743e+01
-1.580973451327433743e+01
-1.580973451327433743e+01
-1.580973451327433743e+01
-1.580132450331125860e+01
-1.581456953642384278e+01
-1.580132450331125860e+01
-1.580132450331125860e+01
-1.581456953642384278e+01
-1.580616740088105843e+01
-1.580616740088105843e+01
-1.579295154185022199e+01
-1.580616740088105843e+01
-1.580616740088105843e+01
-1.579780219780219852e+01
-1.579780219780219852e+01
-1.579780219780219852e+01
-1.579780219780219852e+01
-1.578461538461538538e+01
-1.578947368421052744e+01
-1.580263157894736814e+01
-1.578947368421052744e+01
-1.578947368421052744e+01
-1.580263157894736814e+01
-1.579431072210065778e+01
-1.579431072210065778e+01
-1.578118161925601726e+01
-1.579431072210065778e+01
-1.578118161925601726e+01
-1.578602620087336383e+01
-1.578602620087336383e+01
-1.578602620087336383e+01
-1.578602620087336383e+01
-1.577292576419214143e+01
-1.577777777777777857e+01
-1.579084967320261335e+01
-1.577777777777777857e+01
-1.577777777777777857e+01
-1.577777777777777857e+01
-1.578260869565217561e+01
-1.578260869565217561e+01
-1.576956521739130324e+01
-1.578260869565217561e+01
-1.576956521739130324e+01
-1.577440347071583560e+01
-1.577440347071583560e+01
-1.577440347071583560e+01
-1.577440347071583560e+01
-1.576138828633405709e+01
-1.576623376623376593e+01
-1.577922077922077904e+01
-1.576623376623376593e+01
-1.576623376623376593e+01
-1.576623376623376593e+01
-1.577105831533477343e+01
-1.577105831533477343e+01
-1.575809935205183621e+01
-1.577105831533477343e+01
-1.575809935205183621e+01
-1.576293103448275978e+01
-1.577586206896551779e+01
-1.576293103448275978e+01
-1.576293103448275978e+01
-1.576293103448275978e+01
-1.576774193548387082e+01
-1.576774193548387082e+01
-1.575483870967742028e+01
-1.576774193548387082e+01
-1.575483870967742028e+01
-1.575965665236051372e+01
-1.574678111587982876e+01
-1.575965665236051372e+01
-1.575965665236051372e+01
-1.574678111587982876e+01
-1.575160599571734465e+01
-1.575160599571734465e+01
-1.575160599571734465e+01
-1.575160599571734465e+01
-1.575160599571734465e+01
-1.575641025641025728e+01
-1.574358974358974450e+01
-1.574358974358974450e+01
-1.575641025641025728e+01
-1.574358974358974450e+01
-1.574840085287846492e+01
-1.573560767590618426e+01
-1.574840085287846492e+01
-1.574840085287846492e+01
-1.573560767590618426e+01
-1.574042553191489269e+01
-1.574042553191489269e+01
-1.574042553191489269e+01
-1.574042553191489269e+01
-1.574042553191489269e+01
-1.574522292993630579e+01
-1.573248407643312241e+01
-1.573248407643312241e+01
-1.574522292993630579e+01
-1.573248407643312241e+01
-1.573728813559321971e+01
-1.572457627118643941e+01
-1.573728813559321971e+01
-1.573728813559321971e+01
-1.572457627118643941e+01
-1.572938689217759034e+01
-1.572938689217759034e+01
-1.572938689217759034e+01
-1.572938689217759034e+01
-1.572938689217759034e+01
-1.573417721518987378e+01
-1.572151898734177422e+01
-1.572151898734177422e+01
-1.573417721518987378e+01
-1.572151898734177422e+01
-1.572631578947368602e+01
-1.571368421052631703e+01
-1.572631578947368602e+01
-1.572631578947368602e+01
-1.571368421052631703e+01
-1.571848739495798419e+01
-1.571848739495798419e+01
-1.571848739495798419e+01
-1.570588235294117752e+01
-1.571848739495798419e+01
-1.572327044025157328e+01
-1.571069182389937069e+01
-1.571069182389937069e+01
-1.571069182389937069e+01
-1.571069182389937069e+01
-1.571548117154811841e+01
-1.570292887029288842e+01
-1.571548117154811841e+01
-1.570292887029288842e+01
-1.570292887029288842e+01
-1.570772442588726570e+01
-1.570772442588726570e+01
-1.570772442588726570e+01
-1.569519832985386287e+01
-1.570772442588726570e+01
-1.571250000000000036e+01
-1.570000000000000107e+01
-1.570000000000000107e+01
-1.570000000000000107e+01
-1.570000000000000107e+01
-1.570478170478170554e+01
-1.569230769230769340e+01
-1.570478170478170554e+01
-1.569230769230769340e+01
-1.569230769230769340e+01
-1.569709543568464838e+01
-1.569709543568464838e+01
-1.569709543568464838e+01
-1.568464730290456544e+01
-1.569709543568464838e+01
-1.570186335403726829e+01
-1.568944099378881951e+01
-1.568944099378881951e+01
-1.568944099378881951e+01
-1.568944099378881951e+01
-1.568181818181818343e+01
-1.568181818181818343e+01
-1.569421487603305820e+01
-1.568181818181818343e+01
-1.569421487603305820e+01
-1.568659793814433101e+01
-1.568659793814433101e+01
-1.568659793814433101e+01
-1.568659793814433101e+01
-1.568659793814433101e+01
-1.567901234567901447e+01
-1.567901234567901447e+01
-1.569135802469135754e+01
-1.567901234567901447e+01
-1.567901234567901447e+01
-1.567145790554414830e+01
-1.568377823408624216e+01
-1.568377823408624216e+01
-1.567145790554414830e+01
-1.568377823408624216e+01
-1.567622950819672312e+01
-1.567622950819672312e+01
-1.567622950819672312e+01
-1.567622950819672312e+01
-1.567622950819672312e+01
-1.566871165644171882e+01
-1.566871165644171882e+01
-1.568098159509202461e+01
-1.566871165644171882e+01
-1.566871165644171882e+01
-1.566122448979591830e+01
-1.567346938775510168e+01
-1.567346938775510168e+01
-1.566122448979591830e+01
-1.567346938775510168e+01
-1.566598778004073367e+01
-1.566598778004073367e+01
-1.565376782077393081e+01
-1.566598778004073367e+01
-1.566598778004073367e+01
-1.565853658536585513e+01
-1.565853658536585513e+01
-1.565853658536585513e+01
-1.565853658536585513e+01
-1.565853658536585513e+01
-1.565111561866125811e+01
-1.566328600405679516e+01
-1.565111561866125811e+01
-1.565111561866125811e+01
-1.566328600405679516e+01
-1.565587044534412975e+01
-1.565587044534412975e+01
-1.564372469635627638e+01
-1.565587044534412975e+01
-1.565587044534412975e+01
-1.564848484848485022e+01
-1.564848484848485022e+01
-1.564848484848485022e+01
-1.564848484848485022e+01
-1.564848484848485022e+01
-1.564112903225806583e+01
-1.565322580645161388e+01
-1.564112903225806583e+01
-1.564112903225806583e+01
-1.565322580645161388e+01
-1.564587525150905556e+01
-1.564587525150905556e+01
-1.563380281690140983e+01
-1.564587525150905556e+01
-1.564587525150905556e+01
-1.563855421686747071e+01
-1.563855421686747071e+01
-1.563855421686747071e+01
-1.563855421686747071e+01
-1.562650602409638623e+01
-1.563126252505010072e+01
-1.564328657314629289e+01
-1.563126252505010072e+01
-1.563126252505010072e+01
-1.563126252505010072e+01
-1.563599999999999923e+01
-1.563599999999999923e+01
-1.562400000000000055e+01
-1.563599999999999923e+01
-1.562400000000000055e+01
-1.562874251497006206e+01
-1.562874251497006206e+01
-1.562874251497006206e+01
-1.562874251497006206e+01
-1.561676646706586880e+01
-1.562151394422310702e+01
-1.563346613545816766e+01
-1.562151394422310702e+01
-1.562151394422310702e+01
-1.562151394422310702e+01
-1.562624254473161223e+01
-1.562624254473161223e+01
-1.561431411530815083e+01
-1.562624254473161223e+01
-1.561431411530815083e+01
-1.561904761904762040e+01
-1.560714285714285765e+01
-1.561904761904762040e+01
-1.561904761904762040e+01
-1.560714285714285765e+01
-1.561188118811881331e+01
-1.561188118811881331e+01
-1.561188118811881331e+01
-1.561188118811881331e+01
-1.561188118811881331e+01
-1.561660079051383399e+01
-1.560474308300395307e+01
-1.561660079051383399e+01
-1.561660079051383399e+01
-1.560474308300395307e+01
-1.560946745562130289e+01
-1.560946745562130289e+01
-1.560946745562130289e+01
-1.560946745562130289e+01
-1.560946745562130289e+01
-1.561417322834645560e+01
-1.560236220472440927e+01
-1.560236220472440927e+01
-1.561417322834645560e+01
-1.560236220472440927e+01
-1.560707269155206411e+01
-1.559528487229862570e+01
-1.560707269155206411e+01
-1.560707269155206411e+01
-1.559528487229862570e+01
-1.560000000000000142e+01
-1.560000000000000142e+01
-1.560000000000000142e+01
-1.560000000000000142e+01
-1.560000000000000142e+01
-1.560469667318982268e+01
-1.559295499021526332e+01
-1.559295499021526332e+01
-1.559295499021526332e+01
-1.559295499021526332e+01
-1.559765625000000000e+01
-1.558593750000000000e+01
-1.559765625000000000e+01
-1.558593750000000000e+01
-1.558593750000000000e+01
-1.559064327485380197e+01
-1.559064327485380197e+01
-1.559064327485380197e+01
-1.557894736842105310e+01
-1.559064327485380197e+01
-1.559533073929961233e+01
-1.558365758754863961e+01
-1.559533073929961233e+01
-1.558365758754863961e+01
-1.558365758754863961e+01
-1.558834951456310769e+01
-1.558834951456310769e+01
-1.558834951456310769e+01
-1.557669902912621396e+01
-1.558834951456310769e+01
-1.559302325581395543e+01
-1.558139534883721034e+01
-1.559302325581395543e+01
-1.558139534883721034e+01
-1.558139534883721034e+01
-1.558607350096711741e+01
-1.558607350096711741e+01
-1.558607350096711741e+01
-1.558607350096711741e+01
-1.558607350096711741e+01
-1.557915057915058021e+01
-1.557915057915058021e+01
-1.559073359073359022e+01
-1.557915057915058021e+01
-1.557915057915058021e+01
-1.557225433526011571e+01
-1.558381502890173564e+01
-1.558381502890173564e+01
-1.558381502890173564e+01
-1.558381502890173564e+01
-1.557692307692307843e+01
-1.557692307692307843e+01
-1.558846153846153904e+01
-1.557692307692307843e+01
-1.558846153846153904e+01
-1.558157389635316648e+01
-1.558157389635316648e+01
-1.558157389635316648e+01
-1.558157389635316648e+01
-1.558157389635316648e+01
-1.557471264367816133e+01
-1.557471264367816133e+01
-1.558620689655172598e+01
-1.557471264367816133e+01
-1.558620689655172598e+01
-1.557934990439770573e+01
-1.557934990439770573e+01
-1.556787762906309780e+01
-1.557934990439770573e+01
-1.557934990439770573e+01
-1.557251908396946583e+01
-1.558396946564885610e+01
-1.557251908396946583e+01
-1.557251908396946583e+01
-1.558396946564885610e+01
-1.557714285714285829e+01
-1.557714285714285829e+01
-1.557714285714285829e+01
-1.557714285714285829e+01
-1.557714285714285829e+01
-1.557034220532319502e+01
-1.558174904942965711e+01
-1.557034220532319502e+01
-1.558174904942965711e+01
-1.558174904942965711e+01
-1.557495256166982855e+01
-1.557495256166982855e+01
-1.557495256166982855e+01
-1.557495256166982855e+01
-1.558633776091081558e+01
-1.557954545454545503e+01
-1.557954545454545503e+01
-1.556818181818181834e+01
-1.557954545454545503e+01
-1.557954545454545503e+01
-1.557277882797731650e+01
-1.558412098298676796e+01
-1.557277882797731650e+01
-1.557277882797731650e+01
-1.557277882797731650e+01
-1.557735849056603783e+01
-1.557735849056603783e+01
-1.556603773584905781e+01
-1.557735849056603783e+01
-1.556603773584905781e+01
-1.557062146892655363e+01
-1.558192090395480101e+01
-1.557062146892655363e+01
-1.558192090395480101e+01
-1.557062146892655363e+01
-1.557518796992481214e+01
-1.557518796992481214e+01
-1.557518796992481214e+01
-1.557518796992481214e+01
-1.556390977443609103e+01
-1.556848030018761797e+01
-1.557973733583489739e+01
-1.556848030018761797e+01
-1.557973733583489739e+01
-1.556848030018761797e+01
-1.557303370786516794e+01
-1.557303370786516794e+01
-1.557303370786516794e+01
-1.557303370786516794e+01
-1.557303370786516794e+01
-1.557757009345794508e+01
-1.557757009345794508e+01
-1.556635514018691602e+01
-1.557757009345794508e+01
-1.556635514018691602e+01
-1.557089552238806007e+01
-1.557089552238806007e+01
-1.557089552238806007e+01
-1.557089552238806007e+01
-1.557089552238806007e+01
-1.557541899441340760e+01
-1.556424581005586738e+01
-1.557541899441340760e+01
-1.557541899441340760e+01
-1.556424581005586738e+01
-1.556877323420074433e+01
-1.556877323420074433e+01
-1.556877323420074433e+01
-1.557992565055762135e+01
-1.556877323420074433e+01
-1.557328385899814371e+01
-1.556215213358070670e+01
-1.557328385899814371e+01
-1.557328385899814371e+01
-1.557328385899814371e+01
-1.557777777777777750e+01
-1.556666666666666821e+01
-1.556666666666666821e+01
-1.557777777777777750e+01
-1.556666666666666821e+01
-1.557116451016635850e+01
-1.557116451016635850e+01
-1.557116451016635850e+01
-1.556007393715342069e+01
-1.557116451016635850e+01
-1.557564575645756477e+01
-1.556457564575645947e+01
-1.557564575645756477e+01
-1.556457564575645947e+01
-1.556457564575645947e+01
-1.556906077348066475e+01
-1.556906077348066475e+01
-1.556906077348066475e+01
-1.556906077348066475e+01
-1.556906077348066475e+01
-1.557352941176470651e+01
-1.556250000000000000e+01
-1.557352941176470651e+01
-1.556250000000000000e+01
-1.557352941176470651e+01
-1.557798165137614887e+01
-1.556697247706421905e+01
-1.556697247706421905e+01
-1.556697247706421905e+01
-1.556697247706421905e+01
-1.557142857142857295e+01
-1.557142857142857295e+01
-1.557142857142857295e+01
-1.556043956043956200e+01
-1.557142857142857295e+01
-1.557586837294332760e+01
-1.556489945155393073e+01
-1.557586837294332760e+01
-1.556489945155393073e+01
-1.556489945155393073e+01
-1.555839416058394242e+01
-1.556934306569343285e+01
-1.556934306569343285e+01
-1.556934306569343285e+01
-1.556934306569343285e+01
-1.556284153005464610e+01
-1.556284153005464610e+01
-1.557377049180327866e+01
-1.556284153005464610e+01
-1.557377049180327866e+01
-1.556727272727272826e+01
-1.556727272727272826e+01
-1.557818181818181813e+01
-1.556727272727272826e+01
-1.556727272727272826e+01
-1.556079854809437535e+01
-1.557168784029038200e+01
-1.557168784029038200e+01
-1.557168784029038200e+01
-1.557168784029038200e+01
-1.556521739130434767e+01
-1.556521739130434767e+01
-1.556521739130434767e+01
-1.556521739130434767e+01
-1.557608695652173836e+01
-1.556962025316455822e+01
-1.556962025316455822e+01
-1.555877034358046984e+01
-1.556962025316455822e+01
-1.556962025316455822e+01
-1.556317689530686010e+01
-1.557400722021660755e+01
-1.556317689530686010e+01
-1.556317689530686010e+01
-1.557400722021660755e+01
-1.556756756756756843e+01
-1.556756756756756843e+01
-1.556756756756756843e+01
-1.556756756756756843e+01
-1.556756756756756843e+01
-1.556115107913669071e+01
-1.557194244604316680e+01
-1.556115107913669071e+01
-1.557194244604316680e+01
-1.557194244604316680e+01
-1.556552962298025200e+01
-1.556552962298025200e+01
-1.556552962298025200e+01
-1.556552962298025200e+01
-1.557630161579892381e+01
-1.556989247311827995e+01
-1.556989247311827995e+01
-1.555913978494623784e+01
-1.556989247311827995e+01
-1.555913978494623784e+01
-1.556350626118067915e+01
-1.557423971377459715e+01
-1.556350626118067915e+01
-1.556350626118067915e+01
-1.556350626118067915e+01
-1.556785714285714306e+01
-1.556785714285714306e+01
-1.556785714285714306e+01
-1.556785714285714306e+01
-1.555714285714285872e+01
-1.556149732620320947e+01
-1.557219251336898402e+01
-1.556149732620320947e+01
-1.557219251336898402e+01
-1.556149732620320947e+01
-1.556583629893238552e+01
-1.556583629893238552e+01
-1.556583629893238552e+01
-1.556583629893238552e+01
-1.556583629893238552e+01
-1.557015985790408585e+01
-1.557015985790408585e+01
-1.555950266429840312e+01
-1.557015985790408585e+01
-1.555950266429840312e+01
-1.556382978723404342e+01
-1.556382978723404342e+01
-1.556382978723404342e+01
-1.556382978723404342e+01
-1.556382978723404342e+01
-1.556814159292035527e+01
-1.555752212389380418e+01
-1.556814159292035527e+01
-1.556814159292035527e+01
-1.555752212389380418e+01
-1.556183745583039091e+01
-1.556183745583039091e+01
-1.556183745583039091e+01
-1.557243816254416835e+01
-1.556183745583039091e+01
-1.556613756613756649e+01
-1.555555555555555536e+01
-1.556613756613756649e+01
-1.556613756613756649e+01
-1.556613756613756649e+01
-1.557042253521126973e+01
-1.555985915492957794e+01
-1.555985915492957794e+01
-1.557042253521126973e+01
-1.555985915492957794e+01
-1.556414762741652069e+01
-1.556414762741652069e+01
-1.556414762741652069e+01
-1.556414762741652069e+01
-1.556414762741652069e+01
-1.556842105263157805e+01
-1.555789473684210655e+01
-1.556842105263157805e+01
-1.555789473684210655e+01
-1.555789473684210655e+01
-1.556217162872154169e+01
-1.556217162872154169e+01
-1.556217162872154169e+01
-1.556217162872154169e+01
-1.556217162872154169e+01
-1.556643356643356846e+01
-1.556643356643356846e+01
-1.556643356643356846e+01
-1.555594405594405494e+01
-1.556643356643356846e+01
-1.557068062827225141e+01
-1.556020942408377117e+01
-1.557068062827225141e+01
-1.556020942408377117e+01
-1.556020942408377117e+01
-1.556445993031358910e+01
-1.556445993031358910e+01
-1.556445993031358910e+01
-1.556445993031358910e+01
-1.556445993031358910e+01
-1.555826086956521870e+01
-1.555826086956521870e+01
-1.556869565217391305e+01
-1.555826086956521870e+01
-1.556869565217391305e+01
-1.556250000000000000e+01
-1.556250000000000000e+01
-1.556250000000000000e+01
-1.556250000000000000e+01
-1.556250000000000000e+01
-1.555632582322357038e+01
-1.556672443674176698e+01
-1.556672443674176698e+01
-1.555632582322357038e+01
-1.556672443674176698e+01
-1.556055363321799234e+01
-1.556055363321799234e+01
-1.557093425605536297e+01
-1.556055363321799234e+01
-1.556055363321799234e+01
-1.555440414507772218e+01
-1.556476683937823857e+01
-1.555440414507772218e+01
-1.556476683937823857e+01
-1.556476683937823857e+01
-1.555862068965517153e+01
-1.555862068965517153e+01
-1.555862068965517153e+01
-1.555862068965517153e+01
-1.556896551724137900e+01
-1.556282271944922613e+01
-1.556282271944922613e+01
-1.555249569707400958e+01
-1.556282271944922613e+01
-1.556282271944922613e+01
-1.555670103092783663e+01
-1.556701030927835205e+01
-1.555670103092783663e+01
-1.556701030927835205e+01
-1.556701030927835205e+01
-1.556089193825042827e+01
-1.556089193825042827e+01
-1.556089193825042827e+01
-1.556089193825042827e+01
-1.557118353344768558e+01
-1.556506849315068486e+01
-1.556506849315068486e+01
-1.555479452054794542e+01
-1.556506849315068486e+01
-1.555479452054794542e+01
-1.555897435897436054e+01
-1.556923076923077076e+01
-1.555897435897436054e+01
-1.555897435897436054e+01
-1.555897435897436054e+01
-1.556313993174061494e+01
-1.556313993174061494e+01
-1.556313993174061494e+01
-1.556313993174061494e+01
-1.555290102389078477e+01
-1.555706984667802395e+01
-1.556729131175468517e+01
-1.555706984667802395e+01
-1.556729131175468517e+01
-1.555706984667802395e+01
-1.556122448979591866e+01
-1.556122448979591866e+01
-1.556122448979591866e+01
-1.556122448979591866e+01
-1.556122448979591866e+01
-1.556536502546689427e+01
-1.556536502546689427e+01
-1.555517826825127514e+01
-1.556536502546689427e+01
-1.555517826825127514e+01
-1.555932203389830626e+01
-1.555932203389830626e+01
-1.555932203389830626e+01
-1.555932203389830626e+01
-1.555932203389830626e+01
-1.556345177664974777e+01
-1.555329949238578635e+01
-1.556345177664974777e+01
-1.556345177664974777e+01
-1.555329949238578635e+01
-1.555743243243243157e+01
-1.555743243243243157e+01
-1.555743243243243157e+01
-1.556756756756756843e+01
-1.555743243243243157e+01
-1.556155143338954439e+01
-1.555143338954468923e+01
-1.556155143338954439e+01
-1.556155143338954439e+01
-1.556155143338954439e+01
-1.556565656565656575e+01
-1.555555555555555536e+01
-1.555555555555555536e+01
-1.555555555555555536e+01
-1.555555555555555536e+01
-1.555966386554622005e+01
-1.555966386554622005e+01
-1.555966386554622005e+01
-1.555966386554622005e+01
-1.555966386554622005e+01
-1.556375838926174637e+01
-1.555369127516778427e+01
-1.556375838926174637e+01
-1.555369127516778427e+01
-1.556375838926174637e+01
-1.556783919597990007e+01
-1.555778894472361884e+01
-1.555778894472361884e+01
-1.555778894472361884e+01
-1.555778894472361884e+01
-1.556187290969899628e+01
-1.556187290969899628e+01
-1.556187290969899628e+01
-1.555183946488294211e+01
-1.556187290969899628e+01
-1.556594323873121866e+01
-1.555592654424039978e+01
-1.556594323873121866e+01
-1.555592654424039978e+01
-1.555592654424039978e+01
