5.210001953506544936e+00
5.216933281310963899e+00
5.222482435597189721e+00
5.225881894367570446e+00
5.228438228438228919e+00
5.231813773035888460e+00
5.236490412550842244e+00
5.239992264552310708e+00
5.246813441483198837e+00
5.249132279213267083e+00
5.252459016393443036e+00
5.255912324552971526e+00
5.259358802073335504e+00
5.263824884792627223e+00
5.265071770334928125e+00
5.268488438754061143e+00
5.273039496279335658e+00
5.279358411304182042e+00
5.278676050979646206e+00
5.283327003418154533e+00
5.288753799392097221e+00
6.069902912621360613e+00
6.058252427184466882e+00
6.058139534883721034e+00
6.069632495164411168e+00
6.057803468208093456e+00
6.069097888675624830e+00
6.080305927342257277e+00
6.068571428571428505e+00
6.091254752851710919e+00
6.068052930056712313e+00
6.067796610169491345e+00
6.078504672897196315e+00
6.067164179104477917e+00
6.077777777777779278e+00
6.088397790055248393e+00
6.099082568807339122e+00
6.076642335766423209e+00
6.087114337568059419e+00
6.075949367088608000e+00
6.096947935368043581e+00
6.075000000000000178e+00
6.074600355239787142e+00
6.063380281690141871e+00
6.114441416893733106e+00
6.128342245989306214e+00
6.126649076517151293e+00
6.109375000000000888e+00
6.138461538461538858e+00
6.091370558375634126e+00
