5.729807005003574538e+00
5.718906064209274831e+00
5.709539629805411742e+00
5.697299857887257346e+00
5.686524822695036008e+00
5.675866949752299995e+00
5.665958952583157071e+00
5.652460560395573985e+00
5.641181988742964393e+00
5.629924953095684970e+00
5.619471097589515907e+00
5.608391608391609218e+00
5.595254710397767006e+00
5.585484996510817091e+00
5.576094510076442745e+00
5.563106796116505492e+00
5.548788927335641219e+00
5.538674033149171727e+00
5.525953146531925597e+00
5.515929406371762767e+00
5.504574565416286092e+00
5.493382017343678925e+00
5.479389660669552242e+00
5.466939331970007920e+00
5.454421768707483409e+00
5.443438914027150410e+00
5.431151241534989182e+00
5.420270270270270530e+00
5.407974769092137812e+00
5.395955056179775333e+00
5.384925975773890094e+00
5.373294564974279375e+00
5.360107095046854120e+00
5.349655018918317850e+00
5.335109926715523088e+00
5.321958785730113384e+00
5.310344827586207295e+00
5.299955888839877005e+00
5.284488448844885333e+00
5.274363476733977762e+00
5.260183968462549764e+00
5.247542058116670738e+00
5.236434953148834559e+00
5.223744292237443076e+00
5.213370957238984360e+00
5.196451752488100873e+00
5.185233160621761428e+00
5.173304628632938496e+00
5.158685849259180500e+00
5.146712358106661611e+00
