1.807451862965741451e+00
1.779444861215303764e+00
1.750437609402350603e+00
1.721430357589397442e+00
1.692423105776444059e+00
1.661415353838459508e+00
1.631407851962990652e+00
1.600400100025006322e+00
1.567391847961990825e+00
1.534383595898974884e+00
1.501375343835958942e+00
1.466366591647912054e+00
1.431357839459864945e+00
1.394348587146786667e+00
1.357339334833708389e+00
1.319329832458114415e+00
1.279319829957489274e+00
1.238309577394348659e+00
1.196299074768692128e+00
1.152288072018004428e+00
1.106276569142285560e+00
1.059264816204050996e+00
1.008252063015753874e+00
9.562390597649412793e-01
8.992248062015504306e-01
8.392098024506126075e-01
7.751937984496124479e-01
7.061765441360340345e-01
6.351587896974243419e-01
5.651412853213303444e-01
5.021255313828456579e-01
4.471117779444861440e-01
3.970992748187046617e-01
3.500875218804700983e-01
3.060765191297824539e-01
2.650662665666416729e-01
2.270567641910477552e-01
1.910477619404851168e-01
1.560390097524381181e-01
1.220305076269067451e-01
9.002250562640659592e-02
5.801450362590648141e-02
2.700675168792197878e-02
-3.000750187546886820e-03
-3.100775193798449569e-02
-5.901475368842210717e-02
-8.802200550137533053e-02
-1.160290072518129628e-01
-1.420355088772193020e-01
-1.680420105026256550e-01
