1.811452863215804010e+00
1.791447861965491661e+00
1.770442610652663173e+00
1.747436859214803739e+00
1.726431607901975473e+00
1.704426106526631957e+00
1.681420355088772300e+00
1.659414853713428339e+00
1.636409102275568905e+00
1.613403350837709471e+00
1.588397099274818647e+00
1.565391347836959213e+00
1.540385096274068610e+00
1.514378594648662091e+00
1.490372593148286962e+00
1.464366091522880664e+00
1.437359339834958671e+00
1.410352588147036457e+00
1.383345836459114686e+00
1.355338834708677220e+00
1.326331582895723837e+00
1.297324331082770454e+00
1.267316829207301820e+00
1.237309327331832964e+00
1.205301325331332940e+00
1.173293323330832694e+00
1.139284821205301279e+00
1.105276319079769864e+00
1.069267316829207282e+00
1.032258064516129004e+00
9.942485621405351415e-01
9.552388097024255842e-01
9.152288072018005538e-01
8.722180545136284380e-01
8.312078019504876014e-01
7.891972993248311807e-01
7.491872968242060393e-01
7.121780445111277613e-01
6.771692923230807626e-01
6.441610402600650431e-01
6.121530382595649078e-01
5.811452863215803566e-01
5.531382845711427798e-01
5.241310327581895079e-01
4.971242810702675707e-01
4.711177794448612177e-01
4.461115278819705043e-01
4.211052763190797910e-01
3.970992748187046617e-01
3.730932733183295880e-01
