1.806451612903225978e+00
1.775443860965241205e+00
1.743435858964741403e+00
1.710427606901725461e+00
1.676419104776194047e+00
1.642410602650662632e+00
1.608402100525131440e+00
1.572393098274568635e+00
1.535383845961490357e+00
1.498374593648412079e+00
1.460365091272817883e+00
1.420355088772192964e+00
1.380345086271567823e+00
1.337334333583395818e+00
1.294323580895223813e+00
1.248312078019504945e+00
1.202300575143785855e+00
1.153288322080520123e+00
1.102275568892223001e+00
1.049262315578894711e+00
9.922480620155038622e-01
9.322330582645661501e-01
8.682170542635658794e-01
7.981995498874718820e-01
7.221805451362840467e-01
6.371592898224556212e-01
5.431357839459864945e-01
4.471117779444861440e-01
3.660915228807201660e-01
2.960740185046261685e-01
2.360590147536884287e-01
1.810452613153288315e-01
1.310327581895473770e-01
8.502125531382843937e-02
4.101025256314078798e-02
0.000000000000000000e+00
-3.900975243810952953e-02
-7.701925481370341942e-02
-1.140285071267816974e-01
-1.490372593148286962e-01
-1.830457614403600830e-01
-2.160540135033758302e-01
-2.500625156289072448e-01
-2.820705176294073246e-01
-3.130782695673918203e-01
-3.450862715678919557e-01
-3.770942735683921465e-01
-4.071017754438609471e-01
-4.381095273818454428e-01
-4.691172793198299384e-01
