1.820455113778444600e+00
1.817454363590897959e+00
1.814453613403350873e+00
1.812453113278319483e+00
1.809452363090772620e+00
1.806451612903225978e+00
1.804451112778194810e+00
1.801450362590647725e+00
1.798449612403100861e+00
1.795448862215553998e+00
1.792448112028006912e+00
1.790447611902975744e+00
1.787446861715428881e+00
1.784446111527882017e+00
1.782445611402850849e+00
1.779444861215303764e+00
1.776444111027756900e+00
1.773443360840210037e+00
1.770442610652663173e+00
1.767441860465116532e+00
1.765441360340084920e+00
1.762440610152538056e+00
1.759439859964991193e+00
1.756439109777444552e+00
1.753438359589897466e+00
1.750437609402350603e+00
1.747436859214803739e+00
1.745436359089772571e+00
1.742435608902225486e+00
1.739434858714678622e+00
1.736434108527131759e+00
1.733433358339584895e+00
1.730432608152038254e+00
1.727431857964491169e+00
1.725431357839459778e+00
1.721430357589397442e+00
1.719429857464366274e+00
1.716429107276819188e+00
1.713428357089272325e+00
1.710427606901725461e+00
1.707426856714178598e+00
1.704426106526631957e+00
1.702425606401600344e+00
1.698424606151537786e+00
1.695423855963991144e+00
1.693423355838959976e+00
1.690422605651412891e+00
1.686421605401350332e+00
1.683420855213803469e+00
1.681420355088772300e+00
