8.514190317195324820e-01
8.313856427378965019e-01
8.113522537562604109e-01
7.913188647746244309e-01
7.612687813021702388e-01
7.312186978297162687e-01
7.111853088480801777e-01
6.911519198664440866e-01
6.611018363939900055e-01
6.410684474123540255e-01
6.010016694490818434e-01
5.709515859766277623e-01
5.509181969949916713e-01
5.108514190317196002e-01
4.707846410684474736e-01
4.307178631051753470e-01
3.806343906510851194e-01
3.305509181969950028e-01
2.704507512520868406e-01
1.903171953255425597e-01
6.010016694490818295e-02
-1.051752921535893170e+00
-1.121869782971619545e+00
-1.181969949916527485e+00
-1.242070116861435869e+00
-1.302170283806344031e+00
-1.372287145242070183e+00
-1.442404006677796557e+00
-1.502504173622704498e+00
-1.562604340567612882e+00
-1.632721202003339034e+00
-1.712854757929883398e+00
-1.782971619365609328e+00
-1.863105175292153470e+00
-1.933222036727879845e+00
-2.023372287145241977e+00
-2.104166666666666519e+00
-2.191681735985533841e+00
-2.298113207547169967e+00
-2.397637795275590733e+00
-2.493827160493827133e+00
-2.606451612903225801e+00
-2.729729729729729826e+00
-2.865248226950354749e+00
-3.007444168734491274e+00
-3.148825065274151402e+00
-3.322314049586777340e+00
-3.975000000000000089e+00
-4.098039215686275050e+00
-4.106312292358804683e+00
