8.514190317195324820e-01
8.313856427378965019e-01
8.013355592654424209e-01
7.913188647746244309e-01
7.712854757929884508e-01
7.412353923205342587e-01
7.212020033388982787e-01
6.911519198664440866e-01
6.611018363939900055e-01
6.310517529215359245e-01
6.010016694490818434e-01
5.709515859766277623e-01
5.409015025041736813e-01
5.108514190317196002e-01
4.707846410684474736e-01
4.307178631051753470e-01
3.906510851419032204e-01
3.305509181969950028e-01
2.704507512520868406e-01
1.903171953255425597e-01
6.010016694490818295e-02
-3.606010016694491394e-01
-3.606010016694491394e-01
-3.606010016694491394e-01
-3.606010016694491394e-01
-3.505843071786310938e-01
-3.606010016694491394e-01
-3.606010016694491394e-01
-3.606010016694491394e-01
-3.505843071786310938e-01
-3.606010016694491394e-01
-3.606010016694491394e-01
-3.606010016694491394e-01
-3.505843071786310938e-01
-3.606010016694491394e-01
-3.606010016694491394e-01
-3.606010016694491394e-01
-3.606010016694491394e-01
-3.606010016694491394e-01
-3.606010016694491394e-01
-3.606010016694491394e-01
-3.606010016694491394e-01
-3.505843071786310938e-01
-3.505843071786310938e-01
-3.606010016694491394e-01
-3.606010016694491394e-01
-3.606010016694491394e-01
-3.606010016694491394e-01
-3.606010016694491394e-01
-3.606010016694491394e-01
