2.529850746268656803e+00
2.453531598513011058e+00
2.471910112359550826e+00
2.511363636363636687e+00
2.573076923076923261e+00
2.180811808118081618e+00
2.247191011235955216e+00
2.081180811808118314e+00
1.981651376146789101e+00
1.822784810126582444e+00
1.682142857142857162e+00
1.612099644128114129e+00
1.632432432432432412e+00
1.567567567567567544e+00
1.446428571428571619e+00
1.382142857142857117e+00
1.233743409490333898e+00
9.215358931552587451e-01
8.614357262103506940e-01
8.013355592654424209e-01
7.312186978297162687e-01
6.510851419031720155e-01
5.609348914858097723e-01
4.707846410684474736e-01
3.305509181969950028e-01
9.015025041736228484e-02
-4.808013355592654636e-01
-4.808013355592654636e-01
-4.808013355592654636e-01
-4.808013355592654636e-01
-4.908180300500835092e-01
-4.808013355592654636e-01
-4.908180300500835092e-01
-4.808013355592654636e-01
-4.808013355592654636e-01
-4.808013355592654636e-01
-4.908180300500835092e-01
-4.908180300500835092e-01
-4.908180300500835092e-01
-4.808013355592654636e-01
-4.808013355592654636e-01
-4.808013355592654636e-01
-4.808013355592654636e-01
-4.808013355592654636e-01
-4.808013355592654636e-01
-4.808013355592654636e-01
-4.908180300500835092e-01
-4.908180300500835092e-01
-4.908180300500835092e-01
-4.908180300500835092e-01
