4.285714285714429250e-01
4.720812182741168650e-01
5.183246073298464207e-01
5.675675675675778686e-01
6.201117318435779291e-01
6.763005780346827978e-01
7.365269461077934565e-01
8.012422360248480091e-01
8.709677419354865391e-01
9.463087248322240574e-01
1.027972027972026581e+00
1.116788321167886178e+00
1.213740458015267087e+00
1.320000000000010942e+00
1.436974789915966833e+00
1.566371681415942296e+00
1.710280373831782441e+00
1.871287128712890269e+00
2.052631578947384572e+00
2.258426966292141458e+00
2.493975903614480849e+00
2.766233766233788138e+00
3.084507042253563647e+00
3.461538461538470113e+00
3.915254237288149142e+00
4.471698113207580150e+00
5.170212765957433732e+00
6.073170731707299375e+00
7.285714285714305127e+00
9.000000000000024869e+00
