4.285714285714339322e-01
4.720812182741195850e-01
5.183246073298560797e-01
5.675675675675814214e-01
6.201117318435815928e-01
6.763005780346836859e-01
7.365269461077932345e-01
8.012422360248455666e-01
8.709677419354846517e-01
9.463087248322276102e-01
1.027972027972026581e+00
1.116788321167887732e+00
1.213740458015273749e+00
1.320000000000000506e+00
1.436974789915985928e+00
1.566371681415942518e+00
1.710280373831778222e+00
1.871287128712887826e+00
2.052631578947371693e+00
2.258426966292140126e+00
2.493975903614465750e+00
2.766233766233788138e+00
3.084507042253530784e+00
3.461538461538490541e+00
3.915254237288147365e+00
4.471698113207547287e+00
5.170212765957435508e+00
6.073170731707345560e+00
7.285714285714314009e+00
9.000000000000026645e+00
