2.256314312441534575e+00
2.214876033057851412e+00
2.172972972972973427e+00
2.128861429832303642e+00
2.082901554404145372e+00
2.035443037974683733e+00
1.981651376146789101e+00
1.936613844870725742e+00
1.886572143452877492e+00
1.836530442035029465e+00
1.776480400333611431e+00
1.721434528773978290e+00
1.661384487072560701e+00
1.601334445371142667e+00
1.536280233527939965e+00
1.466221851542952592e+00
1.396163469557964998e+00
1.316096747289408064e+00
1.236030025020850687e+00
1.145954962468723970e+00
1.045871559633027692e+00
9.407839866555464114e-01
8.156797331109257865e-01
6.705587989991660391e-01
5.004170141784820558e-01
2.952460383653044418e-01
1.000834028356964098e-02
-8.106755629691410059e-01
-8.106755629691410059e-01
-8.106755629691410059e-01
-8.106755629691410059e-01
-8.056713928273561143e-01
-8.106755629691410059e-01
-8.056713928273561143e-01
-8.106755629691410059e-01
-8.106755629691410059e-01
-8.056713928273561143e-01
-8.106755629691410059e-01
-8.106755629691410059e-01
-8.106755629691410059e-01
-8.106755629691410059e-01
-8.056713928273561143e-01
-8.056713928273561143e-01
-8.106755629691410059e-01
-8.106755629691410059e-01
-8.106755629691410059e-01
-8.106755629691410059e-01
-8.106755629691410059e-01
-8.106755629691410059e-01
-8.106755629691410059e-01
