2.149732620320855769e+00
2.110236220472441193e+00
2.068610634648370805e+00
2.026890756302521357e+00
1.981651376146789101e+00
1.936613844870725742e+00
1.891576313594662384e+00
1.841534612176814134e+00
1.791492910758965662e+00
1.741451209341117634e+00
1.691409507923269384e+00
1.636363636363636243e+00
1.576313594662218653e+00
1.521267723102585512e+00
1.461217681401167701e+00
1.391159299416180106e+00
1.326105087572977403e+00
1.251042535446205362e+00
1.175979983319432876e+00
1.090909090909091050e+00
9.958298582151794420e-01
8.907422852376981615e-01
7.706422018348624281e-01
6.305254378648874614e-01
4.653878231859883696e-01
2.652210175145954807e-01
-7.055879899916597253e-01
-7.055879899916597253e-01
-7.055879899916597253e-01
-7.055879899916597253e-01
-7.055879899916597253e-01
-7.055879899916597253e-01
-7.055879899916597253e-01
-7.055879899916597253e-01
-7.005838198498749447e-01
-7.055879899916597253e-01
-7.055879899916597253e-01
-7.055879899916597253e-01
-7.055879899916597253e-01
-7.055879899916597253e-01
-7.055879899916597253e-01
-7.055879899916597253e-01
-7.055879899916597253e-01
-7.055879899916597253e-01
-7.055879899916597253e-01
-7.055879899916597253e-01
-7.055879899916597253e-01
-7.005838198498749447e-01
-7.005838198498749447e-01
-7.055879899916597253e-01
