1.592654424040066852e+00
1.562604340567612882e+00
1.532554257095158468e+00
1.502504173622704498e+00
1.462437395659432537e+00
1.432387312186978345e+00
1.402337228714524375e+00
1.352253756260433981e+00
1.322203672787980011e+00
1.282136894824708051e+00
1.242070116861435869e+00
1.202003338898163687e+00
1.161936560934891505e+00
1.121869782971619545e+00
1.071786310517529373e+00
1.021702838063439200e+00
9.716193656093489173e-01
9.115191986644407551e-01
8.514190317195324820e-01
7.913188647746244309e-01
7.312186978297162687e-01
6.510851419031720155e-01
5.709515859766277623e-01
4.607679465776293726e-01
3.305509181969950028e-01
1.402337228714524431e-01
-4.006677796327212659e-02
-1.903171953255425597e-01
-3.205342237061770128e-01
-4.507512520868113826e-01
-5.909849749582637424e-01
-4.113074204946996382e+00
-4.105263157894737169e+00
-4.111888111888112540e+00
-4.097560975609757072e+00
-4.111888111888112540e+00
-4.116504854368931987e+00
-4.110389610389610482e+00
-4.110389610389610482e+00
-4.104234527687296463e+00
-4.104234527687296463e+00
-4.104234527687296463e+00
-4.117647058823529882e+00
-4.098039215686275050e+00
-4.117647058823529882e+00
-4.111475409836065964e+00
-4.111475409836065964e+00
-4.111475409836065964e+00
-4.111475409836065964e+00
-4.111475409836065964e+00
