1.592654424040066852e+00
1.562604340567612882e+00
1.532554257095158468e+00
1.502504173622704498e+00
1.462437395659432537e+00
1.432387312186978345e+00
1.392320534223706163e+00
1.352253756260433981e+00
1.322203672787980011e+00
1.282136894824708051e+00
1.242070116861435869e+00
1.212020033388981677e+00
1.161936560934891505e+00
1.121869782971619545e+00
1.071786310517529373e+00
1.021702838063439200e+00
9.716193656093489173e-01
9.215358931552587451e-01
8.614357262103506940e-01
8.013355592654424209e-01
7.312186978297162687e-01
6.510851419031720155e-01
5.709515859766277623e-01
4.607679465776293726e-01
3.305509181969950028e-01
1.402337228714524431e-01
-3.005008347245409148e-02
-1.502504173622704609e-01
-2.604340567612687951e-01
-3.706176961602671294e-01
-4.607679465776293726e-01
-5.609348914858097723e-01
-6.811352253756260966e-01
-8.313856427378965019e-01
-4.540540540540541237e+00
-4.547368421052632392e+00
-4.554973821989529270e+00
-4.546391752577319423e+00
-4.568527918781725816e+00
-4.567164179104477917e+00
-4.544554455445545038e+00
-4.558823529411764497e+00
-4.550724637681160090e+00
-4.557692307692307487e+00
-4.542857142857142705e+00
-4.563380281690140983e+00
-4.570093457943925408e+00
-4.548837209302325491e+00
-4.534562211981566726e+00
-4.562211981566821173e+00
