1.582637729549248862e+00
1.552587646076794892e+00
1.512520868113522488e+00
1.472454090150250527e+00
1.452420701168614547e+00
1.402337228714524375e+00
1.362270450751252193e+00
1.332220367278798001e+00
1.292153589315526041e+00
1.252086811352253859e+00
1.202003338898163687e+00
1.161936560934891505e+00
1.121869782971619545e+00
1.071786310517529373e+00
1.021702838063439200e+00
9.616026711185309273e-01
9.015025041736227651e-01
8.414023372287144920e-01
7.712854757929884508e-01
7.011686143572621877e-01
6.110183639398998334e-01
5.208681135225375902e-01
3.906510851419032204e-01
2.003929273084479601e-01
-2.251450676982591936e+00
-2.244186046511627897e+00
-2.247104247104247055e+00
-2.242774566473988873e+00
-2.250000000000000000e+00
-2.238461538461538503e+00
-2.250000000000000000e+00
-2.250000000000000000e+00
-2.238461538461538503e+00
-2.250000000000000000e+00
-2.243093922651933969e+00
-2.243093922651933969e+00
-2.243093922651933969e+00
-2.243093922651933969e+00
-2.243093922651933969e+00
-2.243093922651933969e+00
-2.243093922651933969e+00
-2.247232472324723229e+00
-2.247232472324723229e+00
-2.247232472324723229e+00
-2.247232472324723229e+00
-2.247232472324723229e+00
-2.247232472324723229e+00
-2.247232472324723229e+00
-2.247232472324723229e+00
-2.247232472324723229e+00
