1.582637729549248862e+00
1.542570951585976902e+00
1.522537562604340478e+00
1.482470784641068517e+00
1.442404006677796557e+00
1.412353923205342365e+00
1.372287145242070183e+00
1.332220367278798001e+00
1.292153589315526041e+00
1.252086811352253859e+00
1.212020033388981677e+00
1.161936560934891505e+00
1.111853088480801555e+00
1.071786310517529373e+00
1.011686143572620988e+00
9.616026711185309273e-01
9.015025041736227651e-01
8.414023372287144920e-01
7.712854757929884508e-01
6.911519198664440866e-01
6.110183639398998334e-01
5.108514190317196002e-01
3.825136612021858284e-01
1.848341232227488085e-01
-3.463556851311953899e+00
-3.458823529411764408e+00
-3.458823529411764408e+00
-3.458823529411764408e+00
-3.458823529411764408e+00
-3.458823529411764408e+00
-3.466275659824047395e+00
-3.466275659824047395e+00
-3.448680351906158847e+00
-3.466275659824047395e+00
-3.466275659824047395e+00
-3.466275659824047395e+00
-3.466275659824047395e+00
-3.466275659824047395e+00
-3.466275659824047395e+00
-3.448680351906158847e+00
-3.458823529411764408e+00
-3.457627118644067910e+00
-3.457627118644067910e+00
-3.467422096317280378e+00
-3.467422096317280378e+00
-3.450424929178470546e+00
-3.467422096317280378e+00
-3.450424929178470546e+00
-3.450424929178470546e+00
-3.467422096317280378e+00
