5.565698478561548868e+00
5.531271477663229241e+00
5.490784982935153380e+00
5.453559322033898482e+00
5.421265141318976966e+00
5.385026737967913313e+00
5.345719973457200069e+00
5.301712779973649425e+00
5.270588235294117574e+00
5.222582738481505338e+00
5.189954925949773923e+00
5.146871008939973180e+00
5.097591888466412868e+00
5.057788944723617952e+00
5.019314641744548666e+00
4.983323038912908842e+00
4.928352725045927585e+00
4.893203883495145234e+00
4.841346153846154188e+00
4.795711733174508495e+00
4.750000000000000000e+00
4.707530647985989525e+00
4.663583815028901292e+00
4.606407322654462178e+00
4.563667232597623524e+00
4.508114157806379474e+00
4.458218040951853922e+00
4.411378555798687096e+00
4.356756756756756666e+00
4.307528029898558763e+00
4.248813916710595606e+00
4.191467221644121111e+00
4.137577002053387965e+00
4.078947368421052211e+00
4.021945137157107553e+00
3.962653562653562833e+00
3.903241412675374722e+00
3.839999999999999858e+00
3.777049180327869404e+00
3.712839392544868833e+00
3.645569620253164445e+00
3.577827050997782532e+00
3.507612005219660656e+00
3.435875585854282210e+00
3.364735306377657498e+00
3.287693561532192277e+00
3.212410501193317280e+00
3.131109387121799870e+00
3.052870090634441258e+00
2.962201834862384864e+00
