5.546703296703296537e+00
5.462887989203777828e+00
5.354539430086149743e+00
5.258777633289986930e+00
5.165073295092415862e+00
5.058676654182272081e+00
4.945054945054945250e+00
4.827668455575432560e+00
4.716279069767441712e+00
4.591166477916194921e+00
4.473047304730473073e+00
4.332977588046958317e+00
4.196179659266907613e+00
4.045816733067729487e+00
3.896551724137931050e+00
3.733944954128440852e+00
3.574803149606299080e+00
3.388059701492537101e+00
3.190327613104524396e+00
2.974545454545454604e+00
2.748745399799263911e+00
2.482466747279322927e+00
2.190223166843783265e+00
1.809452363090772620e+00
1.366341585396348979e+00
6.631657914478619187e-01
-2.670667666916728966e-01
-7.621905476369091881e-01
-1.149287321830457564e+00
-1.518379594898724649e+00
-1.927481870467616876e+00
-2.384523809523809490e+00
-2.759807295251204273e+00
-3.021084337349397853e+00
-3.208633093525179891e+00
-3.350584307178630983e+00
-3.461836998706338875e+00
-3.553784860557769321e+00
-3.631103074141048825e+00
-3.694431661297745695e+00
-3.753271028037383772e+00
-3.803030303030303649e+00
-3.844753234307618506e+00
-3.885769603097773306e+00
-3.919882755251587803e+00
-3.952709359605911299e+00
-3.982133995037220764e+00
-4.009995002498750516e+00
-4.034188034188034067e+00
-4.056651492159837780e+00
