5.568953568953569189e+00
5.552486187845302901e+00
5.532324621733149428e+00
5.521590130226182502e+00
5.491803278688524692e+00
5.472108843537413669e+00
5.458983050847457719e+00
5.439567859554355067e+00
5.418573351278600292e+00
5.391420911528149063e+00
5.369826435246996432e+00
5.356382978723404520e+00
5.329801324503311122e+00
5.313984168865435009e+00
5.285151116951379180e+00
5.264397905759162555e+00
5.246414602346805900e+00
5.222582738481505338e+00
5.197155785391079696e+00
5.176319176319175597e+00
5.155669442664958524e+00
5.133375877472878379e+00
5.120711562897077407e+00
5.092979127134724671e+00
5.065491183879092141e+00
5.052631578947368141e+00
5.018091079226450368e+00
5.000620732464307494e+00
4.976514215080346304e+00
4.959409594095941287e+00
4.927784577723378412e+00
4.903775883069427799e+00
4.884848484848484773e+00
4.854041013268998839e+00
4.830233953209358333e+00
4.804776119402984769e+00
4.781472684085510849e+00
4.753691671588895495e+00
4.733254994124559190e+00
4.706019871420221712e+00
4.680999418942475288e+00
4.654335260115606943e+00
4.629885057471263998e+00
4.605714285714285872e+00
4.579545454545454142e+00
4.555618294748729369e+00
4.518809657495788557e+00
4.500000000000000000e+00
4.468108707709372851e+00
4.436604189636162765e+00
