5.579458709229701441e+00
5.578363384188627094e+00
5.575589459084604904e+00
5.571725571725571591e+00
5.567867036011080017e+00
5.564013840830448920e+00
5.560165975103734226e+00
5.557399723374826905e+00
5.553559087767794722e+00
5.560773480662983381e+00
5.556935817805382705e+00
5.550344827586206620e+00
5.546519641626464825e+00
5.541006202618883769e+00
5.537190082644627864e+00
5.533379215416379004e+00
5.529573590096285685e+00
5.525773195876288568e+00
5.530219780219780112e+00
5.524725274725274637e+00
5.520933424845573256e+00
5.514403292181070171e+00
5.510623714873200463e+00
5.506849315068492068e+00
5.508555783709788045e+00
5.503080082135523909e+00
5.499316005471956537e+00
5.492822966507176830e+00
5.502732240437158140e+00
5.490784982935153380e+00
5.487039563437925871e+00
5.481582537517053488e+00
5.486025903203817222e+00
5.479564032697547660e+00
5.473110959836622769e+00
5.469387755102040671e+00
5.471108089734873836e+00
5.464673913043478493e+00
5.459239130434781373e+00
5.460964019008825332e+00
5.454545454545454142e+00
5.450847457627118864e+00
5.449864498644985567e+00
5.446174678402166514e+00
5.447902571041948860e+00
5.441514536849221706e+00
5.433400946585529745e+00
5.435135135135134909e+00
5.428764348413233520e+00
5.433198380566802044e+00
