5.572318339100346130e+00
5.539944903581266900e+00
5.516106922549691483e+00
5.486025903203817222e+00
5.458983050847457719e+00
5.424140256237357072e+00
5.403085177733064626e+00
5.371581054036023595e+00
5.343065693430657070e+00
5.313984168865435009e+00
5.277377049180327795e+00
5.249022164276400559e+00
5.223590408295526899e+00
5.188144329896907436e+00
5.160051216389243578e+00
5.122851686823679529e+00
5.090449082858950369e+00
5.060967944688875342e+00
5.028714107365792607e+00
4.992555831265508282e+00
4.956253850893407531e+00
4.925336597307221176e+00
4.891859052247873763e+00
4.858866103739445386e+00
4.823952095808382801e+00
4.791914387633769756e+00
4.755162241887905594e+00
4.721311475409835978e+00
4.678675188843695487e+00
4.645533141210374417e+00
4.603773584905660243e+00
4.571752694271128625e+00
4.528683914510685860e+00
4.493028443948689166e+00
4.453289110005528073e+00
4.416210295728368429e+00
4.375678610206297670e+00
4.339784946236559193e+00
4.291799787007454903e+00
4.253164556962024889e+00
4.213054830287206620e+00
4.167441860465116221e+00
4.118609406952964846e+00
4.078907435508345891e+00
4.030015007503751967e+00
3.986152324431256222e+00
3.937438905180841164e+00
3.891839690970545718e+00
3.849308536003814840e+00
3.794630240226095630e+00
