4.213660245183888264e+00
4.206293706293706691e+00
4.202090592334495334e+00
4.194782608695653003e+00
4.187500000000000000e+00
4.180242634315424866e+00
4.173010380622837801e+00
4.165803108808290744e+00
4.158620689655172953e+00
4.141135972461274406e+00
4.144329896907216870e+00
4.137221269296741610e+00
4.119863013698630283e+00
4.116040955631399711e+00
4.109028960817717291e+00
4.102040816326530503e+00
4.084889643463498032e+00
4.088135593220339814e+00
4.081218274111675370e+00
4.077571669477234373e+00
4.060606060606061440e+00
4.053781512605042714e+00
4.046979865771811902e+00
4.040201005025125802e+00
4.026711185308847973e+00
4.020000000000000462e+00
4.013311148086522451e+00
4.006644518272425515e+00
3.993377483443708353e+00
3.986776859504132631e+00
3.980198019801980625e+00
3.973640856672158161e+00
3.970443349753694395e+00
3.954098360655737832e+00
3.937806873977086841e+00
3.944535073409462189e+00
3.928338762214983682e+00
3.921951219512195497e+00
3.909238249594813919e+00
3.902912621359223788e+00
3.890322580645161565e+00
3.884057971014492683e+00
3.877813504823151014e+00
3.866310160427807840e+00
3.856000000000000316e+00
3.845744680851063801e+00
3.851458885941644539e+00
3.842364532019704626e+00
3.832167832167832522e+00
3.825503355704698016e+00
