1.946622185154295082e+00
1.946622185154295082e+00
1.941618015012510412e+00
1.936613844870725742e+00
1.936613844870725742e+00
1.931609674728940851e+00
1.926605504587156181e+00
1.921601334445371068e+00
1.916597164303586398e+00
1.916597164303586398e+00
1.911592994161801506e+00
1.906588824020016837e+00
1.901584653878231723e+00
1.896580483736447054e+00
1.891576313594662384e+00
1.886572143452877492e+00
1.886572143452877492e+00
1.881567973311092823e+00
1.876563803169307709e+00
1.871559633027523040e+00
1.871559633027523040e+00
1.861551292743953478e+00
1.861551292743953478e+00
1.851542952460383695e+00
1.851542952460383695e+00
1.846538782318598804e+00
1.841534612176814134e+00
1.841534612176814134e+00
1.831526271893244351e+00
1.831526271893244351e+00
1.821517931609674790e+00
1.821517931609674790e+00
1.816513761467890120e+00
1.811509591326105006e+00
1.806505421184320337e+00
1.806505421184320337e+00
1.796497080900750776e+00
1.796497080900750776e+00
1.791492910758965662e+00
1.781484570475396323e+00
1.781484570475396323e+00
1.776480400333611431e+00
1.766472060050041648e+00
1.766871165644172015e+00
1.769585253456221308e+00
1.753846153846154055e+00
1.758468335787923609e+00
1.742465753424657482e+00
1.744458930899609017e+00
1.739021329987453068e+00
