2.250000000000000000e+00
2.245841035120148099e+00
2.236162361623616590e+00
2.235510579576816870e+00
2.225895316804407997e+00
2.227314390467461269e+00
2.217749313815187584e+00
2.217153284671532720e+00
2.213114754098361114e+00
2.207084468664850085e+00
2.203082502266545895e+00
2.199095022624434570e+00
2.193140794223826795e+00
2.189189189189189477e+00
2.177897574123989433e+00
2.179372197309417114e+00
2.168157423971377451e+00
2.169642857142857206e+00
2.163846838824577290e+00
2.160000000000000142e+00
2.154255319148936199e+00
2.150442477876106206e+00
2.144748455428067135e+00
2.144366197183098954e+00
2.130052724077328818e+00
2.129710780017528560e+00
2.129370629370629597e+00
2.120418848167539672e+00
2.114882506527415273e+00
2.114583333333333481e+00
2.109090909090909349e+00
2.100259291270527129e+00
2.100000000000000089e+00
2.094582975064488650e+00
2.084048027444254103e+00
2.078699743370401976e+00
2.078498293515358419e+00
2.069846678023850028e+00
2.064570943075616061e+00
2.059322033898304927e+00
2.054099746407438865e+00
2.048903878583474114e+00
2.043734230445752864e+00
2.044692737430167551e+00
2.038997214484679521e+00
2.033333333333333659e+00
2.019151846785225857e+00
2.012804097311139628e+00
2.000000000000000000e+00
1.997630331753554644e+00
