2.066496163682864928e+00
2.066326530612245360e+00
2.057724957555178591e+00
2.057578323454699820e+00
2.049027895181741332e+00
2.048903878583474114e+00
2.045454545454545414e+00
2.040302267002518821e+00
2.031852472757753603e+00
2.031772575250836432e+00
2.031693077564637129e+00
2.016680567139283120e+00
2.006672226855713337e+00
2.006672226855713337e+00
2.001668056713928223e+00
1.996663886572143554e+00
1.991659716430358884e+00
1.986655546288573770e+00
1.981651376146789101e+00
1.976647206005004209e+00
1.971643035863219540e+00
1.966638865721434426e+00
1.966638865721434426e+00
1.961634695579649756e+00
1.956630525437864865e+00
1.951626355296080195e+00
1.946622185154295082e+00
1.941618015012510412e+00
1.936613844870725742e+00
1.931609674728940851e+00
1.931609674728940851e+00
1.926605504587156181e+00
1.916597164303586398e+00
1.911592994161801506e+00
1.911592994161801506e+00
1.906588824020016837e+00
1.901584653878231723e+00
1.896580483736447054e+00
1.886572143452877492e+00
1.886572143452877492e+00
1.881567973311092823e+00
1.876563803169307709e+00
1.871559633027523040e+00
1.865102639296187803e+00
1.867841409691629817e+00
1.855670103092783574e+00
1.854077253218884280e+00
1.848000000000000087e+00
1.844980940279542514e+00
1.838235294117647189e+00
