2.698660714285714413e+00
2.695652173913043459e+00
2.689655172413793149e+00
2.690344062153163573e+00
2.684385382059800929e+00
2.671823204419889741e+00
2.665931642778390565e+00
2.666666666666666519e+00
2.657142857142857029e+00
2.657894736842105310e+00
2.652078774617067758e+00
2.639737991266375872e+00
2.640522875816993409e+00
2.634782608695652506e+00
2.629067245119305785e+00
2.623376623376623584e+00
2.617710583153348036e+00
2.612068965517241548e+00
2.600000000000000089e+00
2.594420600858369230e+00
2.595289079229122109e+00
2.583333333333333481e+00
2.581469648562300545e+00
2.575982996811902570e+00
2.570519618239660797e+00
2.565079365079365292e+00
2.559662090813094260e+00
2.554267650158061453e+00
2.542586750788643712e+00
2.540880503144654412e+00
2.535564853556485421e+00
2.536534446764092010e+00
2.525000000000000355e+00
2.517133956386292670e+00
2.518134715025906800e+00
2.512926577042399412e+00
2.498969072164948901e+00
2.493827160493827133e+00
2.494866529774127262e+00
2.487205731832139222e+00
2.475995914198161341e+00
2.468431771894093796e+00
2.463414634146341875e+00
2.468802698145025509e+00
2.464646464646464974e+00
2.460504201680672409e+00
2.442211055276382048e+00
2.440993788819875832e+00
2.442477876106194934e+00
2.434042553191489322e+00
