2.805104408352668166e+00
2.798611111111111160e+00
2.795375722543352648e+00
2.788927335640138505e+00
2.782508630609896727e+00
2.776119402985074647e+00
2.772935779816513957e+00
2.766590389016018392e+00
2.760273972602739878e+00
2.753986332574032136e+00
2.754545454545454852e+00
2.748299319727891099e+00
2.738391845979615269e+00
2.738983050847457967e+00
2.726042841037203956e+00
2.726659167604049472e+00
2.713804713804714108e+00
2.714445688689809622e+00
2.708379888268156677e+00
2.695652173913043459e+00
2.689655172413793149e+00
2.683684794672586360e+00
2.677740863787375414e+00
2.671823204419889741e+00
2.672546857772877704e+00
2.666666666666666519e+00
2.654226125137212122e+00
2.654983570646221480e+00
2.642622950819672134e+00
2.643402399127590119e+00
2.631120783460282997e+00
2.629067245119305785e+00
2.629870129870130135e+00
2.617710583153348036e+00
2.612068965517241548e+00
2.606451612903225801e+00
2.598070739549839470e+00
2.592513368983957456e+00
2.593383137673425765e+00
2.581469648562300545e+00
2.579617834394904552e+00
2.567796610169491789e+00
2.562367864693446240e+00
2.568421052631578938e+00
2.553415061295972066e+00
2.548951048951049181e+00
2.550522648083624055e+00
2.533980582524272052e+00
2.525345622119815836e+00
2.516986706056130174e+00
