2.191681735985533841e+00
2.193140794223826795e+00
2.183783783783784127e+00
2.183288409703504129e+00
2.179372197309417114e+00
2.175470008952551382e+00
2.169642857142857206e+00
2.165775401069518935e+00
2.160000000000000142e+00
2.156166814551907951e+00
2.147032772364925179e+00
2.146643109540636196e+00
2.142857142857143238e+00
2.137203166226913087e+00
2.128182616330114296e+00
2.127845884413310351e+00
2.122270742358078888e+00
2.118570183086312397e+00
2.113043478260869801e+00
2.109375000000000000e+00
2.103896103896103931e+00
2.098445595854922630e+00
2.094827586206896797e+00
2.094582975064488650e+00
2.089193825042881869e+00
2.080479452054794898e+00
2.080273270708796307e+00
2.074957410562180637e+00
2.069668649107901715e+00
2.064406779661017044e+00
2.055837563451776706e+00
2.050632911392405333e+00
2.050505050505050608e+00
2.040302267002518821e+00
2.035175879396985188e+00
2.035087719298245723e+00
2.021684737281067790e+00
2.011676396997498006e+00
2.006672226855713337e+00
2.001668056713928223e+00
1.996663886572143554e+00
1.991659716430358884e+00
1.986655546288573770e+00
1.988764044943820197e+00
1.983122362869198296e+00
1.971791255289139677e+00
1.969529085872576024e+00
1.966321243523316165e+00
1.960396039603960583e+00
1.952153110047846862e+00
