7.212020033388982787e-01
6.711185308848079956e-01
6.210350584307179345e-01
5.709515859766277623e-01
5.008347245409014992e-01
4.407345575959933370e-01
3.806343906510851194e-01
3.105175292153589672e-01
2.404006677796327318e-01
1.903171953255425597e-01
1.302170283806343976e-01
7.011686143572622154e-02
1.001669449081803165e-02
-6.010016694490818295e-02
-1.202003338898163659e-01
-1.803005008347245697e-01
-2.504173622704507496e-01
-3.305509181969950028e-01
-4.207011686143572460e-01
-5.509181969949916713e-01
-7.813021702838064408e-01
-1.392320534223706163e+00
-1.682804674457428984e+00
-1.702838063439064964e+00
-1.712854757929883398e+00
-1.712854757929883398e+00
-1.722871452420701388e+00
-1.722871452420701388e+00
-1.722871452420701388e+00
-1.722871452420701388e+00
-1.722871452420701388e+00
-1.722871452420701388e+00
-1.722871452420701388e+00
-1.722871452420701388e+00
-1.722871452420701388e+00
-1.722871452420701388e+00
-1.722871452420701388e+00
-1.722871452420701388e+00
-1.722871452420701388e+00
-1.722871452420701388e+00
-1.722871452420701388e+00
-1.722871452420701388e+00
-1.722871452420701388e+00
-1.722871452420701388e+00
-1.712854757929883398e+00
-1.722871452420701388e+00
-1.722871452420701388e+00
-1.712854757929883398e+00
-1.722871452420701388e+00
-1.722871452420701388e+00
