7.312186978297162687e-01
6.711185308848079956e-01
6.210350584307179345e-01
5.609348914858097723e-01
5.008347245409014992e-01
4.407345575959933370e-01
3.505843071786310938e-01
2.303839732888146863e-01
-3.005008347245409148e-02
-1.702838063439065242e-01
-1.702838063439065242e-01
-1.602671118530885064e-01
-1.702838063439065242e-01
-1.702838063439065242e-01
-1.702838063439065242e-01
-1.602671118530885064e-01
-1.702838063439065242e-01
-1.702838063439065242e-01
-1.602671118530885064e-01
-1.702838063439065242e-01
-1.702838063439065242e-01
-1.702838063439065242e-01
-1.602671118530885064e-01
-1.602671118530885064e-01
-1.702838063439065242e-01
-1.702838063439065242e-01
-1.702838063439065242e-01
-1.702838063439065242e-01
-1.702838063439065242e-01
-1.702838063439065242e-01
-1.702838063439065242e-01
-1.602671118530885064e-01
-1.602671118530885064e-01
-1.602671118530885064e-01
-1.602671118530885064e-01
-1.702838063439065242e-01
-1.702838063439065242e-01
-1.702838063439065242e-01
-1.702838063439065242e-01
-1.702838063439065242e-01
-1.702838063439065242e-01
-1.702838063439065242e-01
-1.702838063439065242e-01
-1.702838063439065242e-01
-1.702838063439065242e-01
-1.702838063439065242e-01
-1.702838063439065242e-01
-1.702838063439065242e-01
-1.702838063439065242e-01
-1.702838063439065242e-01
