0.000000000000000000e+00
5.000625078134923740e-03
0.000000000000000000e+00
5.000625078134923740e-03
1.500187523440421611e-02
3.000375046880865426e-02
5.500687585948238478e-02
6.500812601575201022e-02
8.501062632829103904e-02
1.000125015626952552e-01
1.100137517189648806e-01
1.100137517189648806e-01
1.150143767970996378e-01
1.150143767970996378e-01
1.150143767970996378e-01
1.100137517189648806e-01
1.000125015626953245e-01
9.001125140642579625e-02
8.001000125015626796e-02
6.500812601575195471e-02
3.500437554694335596e-02
1.500187523440429938e-02
1.500187523440429938e-02
5.000625078134762758e-02
1.000125015626953107e-01
1.550193774221777510e-01
2.150268783597948929e-01
3.000375046880859320e-01
4.000500062507812982e-01
5.450681335166895902e-01
