5.153846153846154188e+00
5.141025641025641413e+00
5.130063965884861688e+00
5.131914893617021356e+00
5.121019108280255416e+00
5.097457627118644474e+00
5.097457627118644474e+00
5.086680761099366066e+00
5.075949367088608000e+00
5.065263157894737134e+00
5.054621848739496492e+00
5.056603773584906314e+00
5.046025104602510858e+00
5.033472803347280866e+00
5.022964509394571841e+00
5.012500000000000178e+00
5.002079002079002024e+00
4.991701244813278926e+00
4.993788819875776497e+00
4.971074380165289242e+00
4.973195876288660777e+00
4.962962962962963687e+00
4.940451745379877302e+00
4.942622950819671956e+00
4.932515337423313717e+00
4.922448979591837137e+00
4.910204081632653761e+00
4.900203665987779900e+00
4.890243902439024737e+00
4.892494929006085513e+00
4.882591093117409464e+00
4.872727272727273018e+00
4.862903225806451957e+00
4.841046277665996378e+00
4.831325301204819844e+00
4.821643286573146447e+00
4.814371257485030142e+00
4.804780876494024078e+00
4.783300198807157066e+00
4.785714285714286476e+00
4.776237623762376927e+00
4.754940711462451119e+00
4.757396449704142327e+00
4.736220472440945350e+00
4.740983606557376717e+00
4.745098039215686292e+00
4.710097719869707156e+00
4.690909090909091361e+00
4.700854700854701029e+00
4.688524590163934747e+00
