1.806505421184320337e+00
1.801501251042535445e+00
1.796497080900750776e+00
1.796497080900750776e+00
1.791492910758965662e+00
1.786488740617180992e+00
1.781484570475396323e+00
1.781484570475396323e+00
1.776480400333611431e+00
1.771476230191826762e+00
1.771476230191826762e+00
1.766472060050041648e+00
1.761467889908256979e+00
1.756463719766472087e+00
1.756463719766472087e+00
1.751459549624687417e+00
1.746455379482902304e+00
1.741451209341117634e+00
1.736447039199332742e+00
1.736447039199332742e+00
1.731442869057548073e+00
1.721434528773978290e+00
1.721434528773978290e+00
1.716430358632193620e+00
1.711426188490408729e+00
1.711426188490408729e+00
1.706422018348624059e+00
1.701417848206838945e+00
1.701417848206838945e+00
1.691409507923269384e+00
1.686405337781484715e+00
1.686405337781484715e+00
1.681401167639699601e+00
1.676396997497914931e+00
1.671392827356130262e+00
1.666388657214345370e+00
1.666388657214345370e+00
1.661384487072560701e+00
1.651376146788990917e+00
1.651376146788990917e+00
1.646371976647206026e+00
1.641367806505421356e+00
1.636363636363636243e+00
1.638157894736842035e+00
1.630971993410214260e+00
1.626446280991735494e+00
1.626339969372128769e+00
1.623931623931624157e+00
1.613513513513513464e+00
1.605194805194805063e+00
