3.484149855907781035e+00
3.470503597122302164e+00
3.465517241379310498e+00
3.464183381088825175e+00
3.450643776824034337e+00
3.445714285714285730e+00
3.435897435897435681e+00
3.431009957325747095e+00
3.429787234042553479e+00
3.416430594900849549e+00
3.411598302687411710e+00
3.401974612129760267e+00
3.397183098591549655e+00
3.396067415730337213e+00
3.391304347826086918e+00
3.373426573426573594e+00
3.377094972067039347e+00
3.359331476323119681e+00
3.363004172461752983e+00
3.345353675450762676e+00
3.349030470914127644e+00
3.339779005524862399e+00
3.326896551724138007e+00
3.325997248968362907e+00
3.321428571428571619e+00
3.312328767123287943e+00
3.303278688524590390e+00
3.298772169167803803e+00
3.289795918367346861e+00
3.285326086956521507e+00
3.276422764227642670e+00
3.267567567567567721e+00
3.263157894736842479e+00
3.254374158815612539e+00
3.245637583892617695e+00
3.241286863270777641e+00
3.232620320855615237e+00
3.224000000000000199e+00
3.223404255319149314e+00
3.211155378486055589e+00
3.202649006622516392e+00
3.202113606340819096e+00
3.193675889328063011e+00
3.190371991247264560e+00
3.183406113537117665e+00
3.176470588235294379e+00
3.169565217391304035e+00
3.157894736842105310e+00
3.137931034482758452e+00
3.138121546961325947e+00
