1.871559633027523040e+00
1.866555462885738148e+00
1.866555462885738148e+00
1.861551292743953478e+00
1.856547122602168365e+00
1.851542952460383695e+00
1.851542952460383695e+00
1.846538782318598804e+00
1.841534612176814134e+00
1.836530442035029465e+00
1.836530442035029465e+00
1.831526271893244351e+00
1.821517931609674790e+00
1.821517931609674790e+00
1.816513761467890120e+00
1.811509591326105006e+00
1.811509591326105006e+00
1.806505421184320337e+00
1.801501251042535445e+00
1.796497080900750776e+00
1.791492910758965662e+00
1.791492910758965662e+00
1.786488740617180992e+00
1.781484570475396323e+00
1.776480400333611431e+00
1.771476230191826762e+00
1.771476230191826762e+00
1.761467889908256979e+00
1.761467889908256979e+00
1.756463719766472087e+00
1.751459549624687417e+00
1.746455379482902304e+00
1.741451209341117634e+00
1.741451209341117634e+00
1.731442869057548073e+00
1.731442869057548073e+00
1.726438698915763403e+00
1.721434528773978290e+00
1.721434528773978290e+00
1.711426188490408729e+00
1.711426188490408729e+00
1.701417848206838945e+00
1.701417848206838945e+00
1.688394276629570756e+00
1.691082802547770658e+00
1.686900958466453604e+00
1.687218045112782061e+00
1.678321678321678556e+00
1.673306772908366380e+00
1.670498084291187624e+00
