2.920289855072463858e+00
2.913253012048192758e+00
2.909747292418773057e+00
2.902761104441776929e+00
2.902994011976048228e+00
2.885167464114832825e+00
2.885441527446301002e+00
2.878571428571429003e+00
2.875148632580261765e+00
2.868327402135231630e+00
2.861538461538462030e+00
2.854781582054309652e+00
2.851415094339622591e+00
2.851764705882353201e+00
2.838028169014084501e+00
2.831381733021077540e+00
2.824766355140186924e+00
2.821470245040840208e+00
2.821885913853317884e+00
2.808362369337979114e+00
2.808806488991888894e+00
2.795375722543352648e+00
2.795847750865052106e+00
2.782508630609896727e+00
2.783008036739380131e+00
2.776632302405498631e+00
2.770285714285714462e+00
2.763968072976054735e+00
2.757679180887372183e+00
2.751418842224744754e+00
2.745186862967157637e+00
2.732203389830508478e+00
2.732807215332582196e+00
2.726659167604049472e+00
2.713804713804714108e+00
2.714445688689809622e+00
2.708379888268156677e+00
2.695652173913043459e+00
2.693333333333333357e+00
2.694013303769401180e+00
2.688053097345132869e+00
2.675496688741722195e+00
2.669603524229075209e+00
2.665447897623400397e+00
2.660583941605839442e+00
2.655737704918033071e+00
2.656987295825771422e+00
2.650927487352445322e+00
2.630400000000000293e+00
2.630769230769230749e+00
