1.744680851063829863e+00
1.732165206508135213e+00
1.719649561952440564e+00
1.704630788485607118e+00
1.692115143929912469e+00
1.677096370463078800e+00
1.662077596996245354e+00
1.649561952440550705e+00
1.637046307884856056e+00
1.622027534418022610e+00
1.607008760951188941e+00
1.594493116395494292e+00
1.576971214017521827e+00
1.564455569461827178e+00
1.549436795994993732e+00
1.531914893617021267e+00
1.516896120150187821e+00
1.501877346683354153e+00
1.484355444305381688e+00
1.469336670838548242e+00
1.454317897371714574e+00
1.436795994993742109e+00
1.421777221526908663e+00
1.404255319148936199e+00
1.386733416770963734e+00
1.369211514392991269e+00
1.349186483103879786e+00
1.331664580725907321e+00
1.314142678347934856e+00
1.296620775969962391e+00
1.276595744680851130e+00
1.256570713391739647e+00
1.236545682102628385e+00
1.216520650813516902e+00
1.196495619524405418e+00
1.176470588235294157e+00
1.153942428035043877e+00
1.133917396745932393e+00
1.108886107634543094e+00
1.088861076345431833e+00
1.063829787234042534e+00
1.038798498122653235e+00
1.016270337922402955e+00
9.912390488110137676e-01
9.662077596996245799e-01
9.411764705882352811e-01
9.161451814768460933e-01
8.911138923654567945e-01
8.660826032540676067e-01
8.435544430538173266e-01
