1.739674593241552047e+00
1.719649561952440564e+00
1.702127659574468099e+00
1.682102628285356616e+00
1.662077596996245354e+00
1.642052565707133871e+00
1.622027534418022610e+00
1.602002503128911126e+00
1.581977471839799643e+00
1.559449311639549363e+00
1.536921151439299082e+00
1.514392991239048802e+00
1.494367959949937319e+00
1.471839799749687039e+00
1.449311639549436759e+00
1.424280350438047460e+00
1.401752190237797180e+00
1.374217772215269084e+00
1.351689612015018804e+00
1.326658322903629506e+00
1.299123904881101410e+00
1.271589486858573315e+00
1.244055068836044997e+00
1.214017521902377883e+00
1.186483103879849788e+00
1.156445556946182673e+00
1.123904881101376763e+00
1.091364205256570630e+00
1.058823529411764719e+00
1.023779724655819789e+00
9.887359198998748600e-01
9.511889862327910228e-01
9.136420525657071856e-01
8.710888610763454221e-01
8.310387984981226772e-01
7.884856070087609137e-01
7.484355444305381688e-01
7.108886107634543317e-01
6.733416770963704945e-01
6.382978723404255650e-01
6.057571964956195432e-01
5.732165206508135213e-01
5.431789737171464072e-01
5.131414267834794041e-01
4.856070087609511976e-01
4.580725907384230466e-01
4.305381727158948957e-01
4.055068836045056524e-01
3.804755944931164091e-01
3.554443053817271658e-01
