1.727158948685857398e+00
1.697121401752190284e+00
1.664580725907384151e+00
1.632040050062578240e+00
1.599499374217772107e+00
1.564455569461827178e+00
1.529411764705882248e+00
1.494367959949937319e+00
1.454317897371714574e+00
1.419274092615769645e+00
1.376720901126408103e+00
1.336670838548185136e+00
1.291614518147684576e+00
1.249061326658322812e+00
1.201501877346683456e+00
1.153942428035043877e+00
1.101376720901126482e+00
1.048811013767209088e+00
9.887359198998748600e-01
9.261576971214017240e-01
8.610763454317897914e-01
7.884856070087609137e-01
7.083854818523154240e-01
6.157697121401751739e-01
5.056320400500625700e-01
3.704630788485607229e-01
2.227784730913641986e-01
1.051314142678347885e-01
7.509386733416770730e-03
-7.759699624530663753e-02
-1.526908635794743396e-01
-2.227784730913641986e-01
-2.928660826032540854e-01
-3.579474342928660735e-01
-4.205256570713391540e-01
-4.831038798498122899e-01
-5.431789737171464072e-01
-6.082603254067584508e-01
-6.683354192740925681e-01
-7.334167709637046118e-01
-7.959949937421777477e-01
-8.560700876095118650e-01
-9.211514392991239086e-01
-9.837296620775970446e-01
-1.046307884856070070e+00
-1.108886107634543094e+00
-1.168961201501877323e+00
-1.231539424280350348e+00
-1.286608260325406761e+00
-1.341677096370463174e+00
