1.239440107761285064e-66
1.163722069685569958e-67
9.638633956717902760e-69
7.164921250094459732e-70
4.877592558017977113e-71
3.113892509429699047e-72
3.629789288520444952e-72
1.470356884007991514e-71
9.225551366905992471e-71
9.175998123537275424e-70
1.486346431161896837e-68
4.528959473331583150e-67
2.400099076986716778e-65
2.875720734140941259e-63
8.114770011535965761e-61
6.295326846559678372e-58
1.281138468101643317e-54
9.997861671485883143e-51
3.246051146346839536e-46
5.903968241233868030e-44
1.151854871122810749e-44
3.685471729203634849e-45
3.567381158657771482e-45
4.691707839992013341e-44
8.049568551925291928e-13
-1.000000000000000000e+00
-1.000000000000000000e+00
-1.000000000000000000e+00
-1.000000000000000000e+00
-1.000000000000000000e+00
-1.000000000000000000e+00
-1.000000000000000000e+00
-1.000000000000000000e+00
-1.000000000000000000e+00
-1.000000000000000000e+00
-1.000000000000000000e+00
-1.000000000000000000e+00
-1.000000000000000000e+00
-1.000000000000000000e+00
-1.000000000000000000e+00
-1.000000000000000000e+00
-1.000000000000000000e+00
-1.000000000000000000e+00
-1.000000000000000000e+00
-1.000000000000000000e+00
-1.000000000000000000e+00
-1.000000000000000000e+00
-1.000000000000000000e+00
-1.000000000000000000e+00
-1.000000000000000000e+00
