2.635387736103320948e-66
2.272464128295924339e-67
1.951824714013865632e-68
1.696740838034975220e-69
1.068713993980709803e-70
7.117195539960912540e-72
7.478888437119781832e-72
3.405645767756263567e-71
2.131093520733897143e-70
2.106643025016711096e-69
3.782145434337243212e-68
1.014440700009391004e-66
5.887803675041337220e-65
6.863606995668309654e-63
2.080081982841063569e-60
1.389472820543892094e-57
2.970962175563056674e-54
2.169016782384067991e-50
6.502243729338791704e-46
1.062947386845982423e-43
2.222660580852602755e-44
7.035430394731733630e-45
6.681581024439548019e-45
9.739016191802596661e-44
8.623246943845210274e-13
-1.000000000000000000e+00
-1.000000000000000000e+00
-1.000000000000000000e+00
-1.000000000000000000e+00
-1.000000000000000000e+00
-1.000000000000000000e+00
-1.000000000000000000e+00
-1.000000000000000000e+00
-1.000000000000000000e+00
-1.000000000000000000e+00
-1.000000000000000000e+00
-1.000000000000000000e+00
-1.000000000000000000e+00
-1.000000000000000000e+00
-1.000000000000000000e+00
-1.000000000000000000e+00
-1.000000000000000000e+00
-1.000000000000000000e+00
-1.000000000000000000e+00
-1.000000000000000000e+00
-1.000000000000000000e+00
-1.000000000000000000e+00
-1.000000000000000000e+00
-1.000000000000000000e+00
-1.000000000000000000e+00
