2.286240140029111012e-67
2.258389171100092908e-68
1.731798585162380679e-69
1.340724059447845123e-70
9.456624131582775575e-72
5.514290875046841032e-73
6.255817651337356507e-73
2.530514530534186518e-72
1.596777657491879276e-71
1.430449734151781492e-70
2.368524357533483991e-69
7.458747044008654440e-68
4.121613269798159256e-66
4.672240273258396283e-64
1.419424652175544236e-61
1.084941625743050696e-58
2.470547915761456294e-55
2.001170413744207875e-51
6.989486637636454665e-47
1.748158506749543822e-44
3.503598692565529309e-45
1.047639025877550373e-45
8.720149516329853644e-46
7.113015709945851591e-45
4.007327324401391869e-13
-1.000000000000000000e+00
-1.000000000000000000e+00
-1.000000000000000000e+00
-1.000000000000000000e+00
-1.000000000000000000e+00
-1.000000000000000000e+00
-1.000000000000000000e+00
-1.000000000000000000e+00
-1.000000000000000000e+00
-1.000000000000000000e+00
-1.000000000000000000e+00
-1.000000000000000000e+00
-1.000000000000000000e+00
-1.000000000000000000e+00
-1.000000000000000000e+00
-1.000000000000000000e+00
-1.000000000000000000e+00
-1.000000000000000000e+00
-1.000000000000000000e+00
-1.000000000000000000e+00
-1.000000000000000000e+00
-1.000000000000000000e+00
-1.000000000000000000e+00
-1.000000000000000000e+00
-1.000000000000000000e+00
