2.048045872630826586e-69
1.876515819113097711e-70
1.305076717299974687e-71
9.109570287993953253e-73
5.715581003127735865e-74
2.903490496418405341e-75
3.935862022923041844e-75
1.586433115700011474e-74
8.975094991461016986e-74
8.304687070161739178e-73
1.293606813017208003e-71
3.968305370448930376e-70
2.199469181723053125e-68
2.601860370365743671e-66
8.738284089964742563e-64
6.943339644712546917e-61
1.972992752328769390e-57
1.935878782042334005e-53
1.007547840598870518e-48
4.794866702976616068e-46
8.002553665816987105e-47
1.762309859264805078e-47
2.207863756651740358e-48
7.804672471837712477e-48
5.576903455709592740e-15
1.297527322853254950e-01
-1.000000000000000000e+00
-1.000000000000000000e+00
-1.000000000000000000e+00
-1.000000000000000000e+00
-1.000000000000000000e+00
-1.000000000000000000e+00
-1.000000000000000000e+00
-1.000000000000000000e+00
-1.000000000000000000e+00
-1.000000000000000000e+00
-1.000000000000000000e+00
-1.000000000000000000e+00
-1.000000000000000000e+00
-1.000000000000000000e+00
-1.000000000000000000e+00
-1.000000000000000000e+00
-1.000000000000000000e+00
-1.000000000000000000e+00
-1.000000000000000000e+00
-1.000000000000000000e+00
-1.000000000000000000e+00
-1.000000000000000000e+00
-1.000000000000000000e+00
-1.000000000000000000e+00
