4.207760226356607583e-66
4.193445867490990101e-67
3.700604574665927356e-68
2.941539226210093183e-69
2.148628936754599744e-70
1.314677955748482331e-71
1.567017027244139774e-71
6.355509753711310201e-71
3.969388385470342878e-70
4.372873119225617071e-69
6.955801226180366640e-68
2.062569538511653581e-66
1.177501194700632162e-64
1.344244363234600094e-62
3.964008273028155749e-60
2.563986990425670880e-57
5.267329002666340591e-54
3.664959729881537129e-50
1.137990554517765847e-45
1.537795268230756443e-43
3.404805460042081184e-44
1.142114319812935300e-44
1.058939508797504432e-44
1.694668767671665224e-43
8.230397745514437092e-13
-1.000000000000000000e+00
-1.000000000000000000e+00
-1.000000000000000000e+00
-1.000000000000000000e+00
-1.000000000000000000e+00
-1.000000000000000000e+00
-1.000000000000000000e+00
-1.000000000000000000e+00
-1.000000000000000000e+00
-1.000000000000000000e+00
-1.000000000000000000e+00
-1.000000000000000000e+00
-1.000000000000000000e+00
-1.000000000000000000e+00
-1.000000000000000000e+00
-1.000000000000000000e+00
-1.000000000000000000e+00
-1.000000000000000000e+00
-1.000000000000000000e+00
-1.000000000000000000e+00
-1.000000000000000000e+00
-1.000000000000000000e+00
-1.000000000000000000e+00
-1.000000000000000000e+00
-1.000000000000000000e+00
