1.143241677239633093e-65
1.191528618281270528e-66
9.820317838127026321e-68
8.212105146314607860e-69
6.326991663444842483e-70
4.099996703782564702e-71
4.434444211332812925e-71
2.016719105385265388e-70
1.254891605250064396e-69
1.368728430452572359e-68
2.148642565232715216e-67
6.963521460624774023e-66
3.863705033936197402e-64
4.728420907981492067e-62
1.196574525497626585e-59
8.100481355039325719e-57
1.548476750966703342e-53
1.086820918808243798e-49
3.026661414248559620e-45
3.365756470344583593e-43
7.540410313010030557e-44
2.594507111528198214e-44
2.465417659721257555e-44
4.167915300991292174e-43
6.841525378536684002e-13
-1.000000000000000000e+00
-1.000000000000000000e+00
-1.000000000000000000e+00
-1.000000000000000000e+00
-1.000000000000000000e+00
-1.000000000000000000e+00
-1.000000000000000000e+00
-1.000000000000000000e+00
-1.000000000000000000e+00
-1.000000000000000000e+00
-1.000000000000000000e+00
-1.000000000000000000e+00
-1.000000000000000000e+00
-1.000000000000000000e+00
-1.000000000000000000e+00
-1.000000000000000000e+00
-1.000000000000000000e+00
-1.000000000000000000e+00
-1.000000000000000000e+00
-1.000000000000000000e+00
-1.000000000000000000e+00
-1.000000000000000000e+00
-1.000000000000000000e+00
-1.000000000000000000e+00
-1.000000000000000000e+00
