2.194264208487276266e-68
1.948770174255861775e-69
1.508062297317154381e-70
1.034889376573718260e-71
6.428838004800783752e-73
3.703965304461479546e-74
4.569305109930015206e-74
1.844517523127501442e-73
1.038488395762464339e-72
9.461825878667229907e-72
1.619070223794198125e-70
4.755278927847017435e-69
2.491547857259523697e-67
3.074370310655152345e-65
9.328281981047326648e-63
7.336705914215930118e-60
1.986361077303090260e-56
1.787123757335738799e-52
7.303035463047739760e-48
2.624885809927992844e-45
5.152114347766467925e-46
1.414962342559956305e-46
7.739873314358902457e-47
6.982879224376901559e-47
5.196788064700574252e-14
-1.000000000000000000e+00
-1.000000000000000000e+00
-1.000000000000000000e+00
-1.000000000000000000e+00
-1.000000000000000000e+00
-1.000000000000000000e+00
-1.000000000000000000e+00
-1.000000000000000000e+00
-1.000000000000000000e+00
-1.000000000000000000e+00
-1.000000000000000000e+00
-1.000000000000000000e+00
-1.000000000000000000e+00
-1.000000000000000000e+00
-1.000000000000000000e+00
-1.000000000000000000e+00
-1.000000000000000000e+00
-1.000000000000000000e+00
-1.000000000000000000e+00
-1.000000000000000000e+00
-1.000000000000000000e+00
-1.000000000000000000e+00
-1.000000000000000000e+00
-1.000000000000000000e+00
-1.000000000000000000e+00
