1.642297734213227725e-71
1.225196799807342437e-72
8.957020495718926699e-74
5.681514102462208347e-75
3.194052698220433302e-76
1.422445954234006230e-77
3.124428805102104042e-77
1.094980001447877926e-76
6.257751385997030732e-76
5.233257925400321962e-75
8.633812421092273273e-74
2.231045870482398301e-72
1.395250857941020628e-70
1.701736217300889515e-68
5.521000450332315122e-66
5.712623217288151630e-63
1.788070419982800984e-59
2.363403141482568629e-55
1.669932343178379157e-50
1.128520594872246450e-47
1.105242807358357764e-48
3.518904440827798977e-50
1.372040931820720476e-50
1.783047101065341807e-49
-1.000000000000000000e+00
1.364157625620698866e-01
-1.000000000000000000e+00
-1.000000000000000000e+00
-1.000000000000000000e+00
-1.000000000000000000e+00
-1.000000000000000000e+00
-1.000000000000000000e+00
-1.000000000000000000e+00
-1.000000000000000000e+00
-1.000000000000000000e+00
-1.000000000000000000e+00
-1.000000000000000000e+00
-1.000000000000000000e+00
-1.000000000000000000e+00
-1.000000000000000000e+00
-1.000000000000000000e+00
-1.000000000000000000e+00
-1.000000000000000000e+00
-1.000000000000000000e+00
-1.000000000000000000e+00
-1.000000000000000000e+00
-1.000000000000000000e+00
-1.000000000000000000e+00
-1.000000000000000000e+00
-1.000000000000000000e+00
