1.111425574931707093e-65
1.025476378115195990e-66
9.440302966160385700e-68
6.989534681799456554e-69
5.353483576892421936e-70
3.447285492242370219e-71
4.170920649901606512e-71
1.693201999201530085e-70
1.179772388486640046e-69
1.151737505878510234e-68
2.022750060805628028e-67
5.888109052727055417e-66
3.278909303064770742e-64
4.031842894078756830e-62
1.026167815659090905e-59
6.996671466007928670e-57
1.488989730024730213e-53
9.568498575835492091e-50
2.698275691492864634e-45
3.007331185661212305e-43
6.673438504669645075e-44
2.274558441265402440e-44
2.296895815083780990e-44
3.645076704646555956e-43
6.965529319284962822e-13
-1.000000000000000000e+00
-1.000000000000000000e+00
-1.000000000000000000e+00
-1.000000000000000000e+00
-1.000000000000000000e+00
-1.000000000000000000e+00
-1.000000000000000000e+00
-1.000000000000000000e+00
-1.000000000000000000e+00
-1.000000000000000000e+00
-1.000000000000000000e+00
-1.000000000000000000e+00
-1.000000000000000000e+00
-1.000000000000000000e+00
-1.000000000000000000e+00
-1.000000000000000000e+00
-1.000000000000000000e+00
-1.000000000000000000e+00
-1.000000000000000000e+00
-1.000000000000000000e+00
-1.000000000000000000e+00
-1.000000000000000000e+00
-1.000000000000000000e+00
-1.000000000000000000e+00
-1.000000000000000000e+00
