5.623453935519855821e-66
5.661425727093936721e-67
4.491535171519510356e-68
3.612593186304052732e-69
2.671744973877053511e-70
1.656753745896011273e-71
1.982649437614369871e-71
8.044089093888305153e-71
5.624013907182046860e-70
5.519823004351820074e-69
8.756059636442258526e-68
2.585332045498528283e-66
1.467344801919321240e-64
1.850192997413826449e-62
4.854587234952692934e-60
3.438498003772174272e-57
6.942114173524007387e-54
4.730422514428790955e-50
1.432118292337555914e-45
1.925262102483731002e-43
3.998700930529154952e-44
1.374810654773602342e-44
1.301318356738547663e-44
2.068367885982655963e-43
7.766690296907483972e-13
-1.000000000000000000e+00
-1.000000000000000000e+00
-1.000000000000000000e+00
-1.000000000000000000e+00
-1.000000000000000000e+00
-1.000000000000000000e+00
-1.000000000000000000e+00
-1.000000000000000000e+00
-1.000000000000000000e+00
-1.000000000000000000e+00
-1.000000000000000000e+00
-1.000000000000000000e+00
-1.000000000000000000e+00
-1.000000000000000000e+00
-1.000000000000000000e+00
-1.000000000000000000e+00
-1.000000000000000000e+00
-1.000000000000000000e+00
-1.000000000000000000e+00
-1.000000000000000000e+00
-1.000000000000000000e+00
-1.000000000000000000e+00
-1.000000000000000000e+00
-1.000000000000000000e+00
-1.000000000000000000e+00
