8.267181365427968590e-66
7.528887782151224541e-67
6.838834307453984127e-68
5.604651291698027186e-69
3.765735439940812898e-70
2.677568952413854658e-71
2.874693090723308917e-71
1.307625751292063004e-70
8.147033626817967634e-70
8.919311234478759627e-69
1.407151341735882347e-67
4.121365923212244461e-66
2.313990598241237310e-64
2.876364339374268119e-62
7.417590455089522031e-60
5.141290823401482467e-57
1.011179333487313855e-53
7.348252299598692763e-50
1.945786370545284851e-45
2.602540300740145281e-43
5.597678474794714182e-44
1.846461354355299379e-44
1.810905856928341285e-44
2.865657283560464781e-43
7.392503277529213903e-13
-1.000000000000000000e+00
-1.000000000000000000e+00
-1.000000000000000000e+00
-1.000000000000000000e+00
-1.000000000000000000e+00
-1.000000000000000000e+00
-1.000000000000000000e+00
-1.000000000000000000e+00
-1.000000000000000000e+00
-1.000000000000000000e+00
-1.000000000000000000e+00
-1.000000000000000000e+00
-1.000000000000000000e+00
-1.000000000000000000e+00
-1.000000000000000000e+00
-1.000000000000000000e+00
-1.000000000000000000e+00
-1.000000000000000000e+00
-1.000000000000000000e+00
-1.000000000000000000e+00
-1.000000000000000000e+00
-1.000000000000000000e+00
-1.000000000000000000e+00
-1.000000000000000000e+00
-1.000000000000000000e+00
