1.877613208088931548e-72
1.477390315094869888e-73
9.843500740887595380e-75
5.656296923554065095e-76
3.300256583111183875e-77
1.738476181653817776e-78
4.332653474695956448e-78
1.509885894222761541e-77
7.541003751441005070e-77
6.375755605728521979e-76
1.078369923033662251e-74
2.877804073446195679e-73
1.658084097660618225e-71
2.159353274106400161e-69
6.717652697566785940e-67
6.878767959302850041e-64
2.487279406157688392e-60
3.944995163042876237e-56
3.151048020775586751e-51
2.000595160350211505e-48
8.069935551742209185e-50
4.063335371793000736e-51
2.896298136667241584e-51
2.858778165834732549e-50
-1.000000000000000000e+00
1.383476872220112952e-01
-1.000000000000000000e+00
-1.000000000000000000e+00
-1.000000000000000000e+00
-1.000000000000000000e+00
-1.000000000000000000e+00
-1.000000000000000000e+00
-1.000000000000000000e+00
-1.000000000000000000e+00
-1.000000000000000000e+00
-1.000000000000000000e+00
-1.000000000000000000e+00
-1.000000000000000000e+00
-1.000000000000000000e+00
-1.000000000000000000e+00
-1.000000000000000000e+00
-1.000000000000000000e+00
-1.000000000000000000e+00
-1.000000000000000000e+00
-1.000000000000000000e+00
-1.000000000000000000e+00
-1.000000000000000000e+00
-1.000000000000000000e+00
-1.000000000000000000e+00
-1.000000000000000000e+00
