1.057843340550010454e-74
6.723193759286333406e-76
4.147342083924208957e-77
2.526892421572706632e-78
1.147691700621051729e-79
1.544385674830134379e-80
3.748013315066940165e-80
1.111136791708568571e-79
5.560766818603243671e-79
4.826675923354520506e-78
6.488838026194998686e-77
1.878578744234464393e-75
1.058536514100443842e-73
1.409840153292265109e-71
5.405138642323043425e-69
6.378690197694354447e-66
2.536958342277161942e-62
5.032232971806225166e-58
6.959477757752132044e-53
7.838776875772215275e-51
3.999893767645471315e-52
8.735346843840594647e-53
5.569284686990995192e-53
-1.000000000000000000e+00
-1.000000000000000000e+00
1.408216438937086867e-01
-1.000000000000000000e+00
-1.000000000000000000e+00
-1.000000000000000000e+00
-1.000000000000000000e+00
-1.000000000000000000e+00
-1.000000000000000000e+00
-1.000000000000000000e+00
-1.000000000000000000e+00
-1.000000000000000000e+00
-1.000000000000000000e+00
-1.000000000000000000e+00
-1.000000000000000000e+00
-1.000000000000000000e+00
-1.000000000000000000e+00
-1.000000000000000000e+00
-1.000000000000000000e+00
-1.000000000000000000e+00
-1.000000000000000000e+00
-1.000000000000000000e+00
-1.000000000000000000e+00
-1.000000000000000000e+00
-1.000000000000000000e+00
-1.000000000000000000e+00
-1.000000000000000000e+00
