5.181761149369372756e-70
4.474757466803891229e-71
3.328695653603950018e-72
2.171400460648355814e-73
1.268433091119317364e-74
6.801149409047233809e-76
1.030891203265110737e-75
3.642815455856576838e-75
2.066985306878671530e-74
1.930773853103745935e-73
3.056907216894260509e-72
8.489341575907780873e-71
4.873407883402565014e-69
6.035796695684132476e-67
1.913448574366456383e-64
1.641605115212819415e-61
4.586916478209687362e-58
5.077171087924996946e-54
3.071971166758328324e-49
1.552922436440633358e-46
2.647739876102692284e-47
3.948912880054981411e-48
2.940462952178073508e-49
2.709982499567173333e-48
1.371845620036607678e-15
1.313564967625470981e-01
-1.000000000000000000e+00
-1.000000000000000000e+00
-1.000000000000000000e+00
-1.000000000000000000e+00
-1.000000000000000000e+00
-1.000000000000000000e+00
-1.000000000000000000e+00
-1.000000000000000000e+00
-1.000000000000000000e+00
-1.000000000000000000e+00
-1.000000000000000000e+00
-1.000000000000000000e+00
-1.000000000000000000e+00
-1.000000000000000000e+00
-1.000000000000000000e+00
-1.000000000000000000e+00
-1.000000000000000000e+00
-1.000000000000000000e+00
-1.000000000000000000e+00
-1.000000000000000000e+00
-1.000000000000000000e+00
-1.000000000000000000e+00
-1.000000000000000000e+00
-1.000000000000000000e+00
