1.871720116618075691e+00
1.863905325443786953e+00
1.807228915662650870e+00
1.761467889908256979e+00
1.738317757009345765e+00
1.700636942675159302e+00
1.653846153846153966e+00
1.596153846153846256e+00
1.576923076923077094e+00
1.519230769230769162e+00
1.480769230769230838e+00
1.414012738853503315e+00
1.371428571428571441e+00
1.320754716981132226e+00
1.271028037383177711e+00
1.218461538461538485e+00
1.163636363636363802e+00
1.089285714285714413e+00
1.014577259475218707e+00
9.380530973451328691e-01
8.626198083067093680e-01
7.797833935018050333e-01
7.636363636363635576e-01
9.473684210526315264e-01
9.910714285714286031e-01
7.412353923205342587e-01
7.412353923205342587e-01
7.412353923205342587e-01
7.512520868113522488e-01
7.512520868113522488e-01
7.412353923205342587e-01
7.412353923205342587e-01
7.412353923205342587e-01
7.412353923205342587e-01
7.412353923205342587e-01
7.412353923205342587e-01
7.412353923205342587e-01
7.412353923205342587e-01
7.412353923205342587e-01
7.412353923205342587e-01
7.412353923205342587e-01
7.412353923205342587e-01
7.412353923205342587e-01
7.412353923205342587e-01
7.412353923205342587e-01
7.512520868113522488e-01
7.512520868113522488e-01
7.512520868113522488e-01
7.512520868113522488e-01
7.512520868113522488e-01
