1.865102639296187803e+00
1.821428571428571397e+00
1.800000000000000044e+00
1.753846153846154055e+00
1.716981132075471761e+00
1.673076923076923128e+00
1.645161290322580516e+00
1.592233009708738045e+00
1.553398058252427161e+00
1.514563106796116498e+00
1.470967741935483852e+00
1.427652733118971229e+00
1.361022364217252534e+00
1.314285714285714279e+00
1.260188087774294807e+00
1.207430340557275494e+00
1.152439024390244038e+00
1.077844311377245567e+00
1.017543859649122862e+00
9.436201780415429674e-01
8.488745980707396166e-01
7.636363636363635576e-01
6.575342465753424293e-01
6.486486486486486847e-01
6.756756756756757687e-01
6.310517529215359245e-01
6.310517529215359245e-01
6.210350584307179345e-01
6.310517529215359245e-01
6.310517529215359245e-01
6.310517529215359245e-01
6.310517529215359245e-01
6.310517529215359245e-01
6.310517529215359245e-01
6.310517529215359245e-01
6.310517529215359245e-01
6.210350584307179345e-01
6.210350584307179345e-01
6.310517529215359245e-01
6.310517529215359245e-01
6.310517529215359245e-01
6.310517529215359245e-01
6.310517529215359245e-01
6.310517529215359245e-01
6.310517529215359245e-01
6.310517529215359245e-01
6.310517529215359245e-01
6.310517529215359245e-01
6.310517529215359245e-01
6.310517529215359245e-01
