1.779816513761467878e+00
1.751552795031055876e+00
1.708860759493671111e+00
1.664516129032258096e+00
1.643564356435643470e+00
1.601351351351351315e+00
1.571428571428571619e+00
1.530612244897959329e+00
1.469387755102040893e+00
1.444067796610169596e+00
1.383050847457627297e+00
1.333333333333333259e+00
1.304347826086956541e+00
1.251655629139073023e+00
1.180327868852458995e+00
1.141935483870967660e+00
1.085714285714285854e+00
1.024844720496894457e+00
9.636363636363637353e-01
8.730650154798761386e-01
8.108108108108108558e-01
7.153846153846155076e-01
6.146341463414634054e-01
4.909090909090909061e-01
3.412322274881516848e-01
9.015025041736228484e-02
8.013355592654425319e-02
8.013355592654425319e-02
8.013355592654425319e-02
8.013355592654425319e-02
8.013355592654425319e-02
9.015025041736228484e-02
8.013355592654425319e-02
8.013355592654425319e-02
8.013355592654425319e-02
8.013355592654425319e-02
8.013355592654425319e-02
8.013355592654425319e-02
8.013355592654425319e-02
8.013355592654425319e-02
9.015025041736228484e-02
9.015025041736228484e-02
8.013355592654425319e-02
8.013355592654425319e-02
8.013355592654425319e-02
8.013355592654425319e-02
8.013355592654425319e-02
8.013355592654425319e-02
8.013355592654425319e-02
8.013355592654425319e-02
