1.779816513761467878e+00
1.732919254658385144e+00
1.708860759493671111e+00
1.664516129032258096e+00
1.618421052631578982e+00
1.595959595959596022e+00
1.551020408163265474e+00
1.510204081632653184e+00
1.469387755102040893e+00
1.423728813559322237e+00
1.398648648648648685e+00
1.353535353535353591e+00
1.304347826086956541e+00
1.251655629139073023e+00
1.200000000000000178e+00
1.141935483870967660e+00
1.066666666666666874e+00
1.024844720496894457e+00
9.636363636363637353e-01
8.888888888888888395e-01
8.080808080808080662e-01
7.384615384615385025e-01
6.146341463414634054e-01
5.454545454545455252e-01
3.696682464454976169e-01
1.001669449081803026e-01
1.001669449081803026e-01
9.015025041736228484e-02
1.001669449081803026e-01
1.001669449081803026e-01
1.001669449081803026e-01
9.015025041736228484e-02
1.001669449081803026e-01
1.001669449081803026e-01
1.001669449081803026e-01
1.001669449081803026e-01
1.001669449081803026e-01
1.001669449081803026e-01
1.001669449081803026e-01
1.001669449081803026e-01
1.001669449081803026e-01
9.015025041736228484e-02
9.015025041736228484e-02
9.015025041736228484e-02
9.015025041736228484e-02
1.001669449081803026e-01
1.001669449081803026e-01
1.001669449081803026e-01
1.001669449081803026e-01
1.001669449081803026e-01
