1.781818181818181968e+00
1.753846153846154055e+00
1.711598746081504752e+00
1.686900958466453604e+00
1.661237785016286717e+00
1.620000000000000107e+00
1.570469798657718297e+00
1.535353535353535470e+00
1.489932885906040338e+00
1.449664429530201470e+00
1.404682274247491813e+00
1.360000000000000098e+00
1.311258278145695400e+00
1.259016393442623061e+00
1.207792207792207861e+00
1.150159744408945750e+00
1.094339622641509413e+00
1.033846153846153859e+00
9.729729729729730270e-01
8.990825688073394995e-01
8.199999999999999512e-01
7.300380228136882366e-01
6.315789473684210176e-01
4.736842105263157632e-01
3.644859813084112554e-01
3.105175292153589672e-01
3.005008347245409217e-01
3.005008347245409217e-01
3.105175292153589672e-01
3.005008347245409217e-01
3.005008347245409217e-01
3.105175292153589672e-01
3.105175292153589672e-01
3.105175292153589672e-01
3.105175292153589672e-01
3.005008347245409217e-01
3.005008347245409217e-01
3.005008347245409217e-01
3.005008347245409217e-01
3.005008347245409217e-01
3.005008347245409217e-01
3.005008347245409217e-01
3.005008347245409217e-01
3.105175292153589672e-01
3.105175292153589672e-01
3.105175292153589672e-01
3.105175292153589672e-01
3.105175292153589672e-01
3.105175292153589672e-01
3.105175292153589672e-01
