2.444444444444444642e+00
2.430379746835443111e+00
2.415584415584415723e+00
2.400000000000000355e+00
2.333333333333333481e+00
2.314285714285714501e+00
2.166666666666666963e+00
2.160000000000000142e+00
2.076923076923077094e+00
2.000000000000000000e+00
1.976470588235294201e+00
1.933333333333333570e+00
1.812500000000000000e+00
1.764705882352941346e+00
1.651376146788990917e+00
1.576271186440678207e+00
1.546875000000000000e+00
1.424460431654676285e+00
1.714285714285714191e+00
1.739130434782608869e+00
1.729729729729729826e+00
1.923076923076923350e+00
2.250000000000000000e+00
1.582245430809399389e+00
1.566579634464752235e+00
4.825737265415550037e-02
1.566579634464752235e+00
1.582245430809399389e+00
1.582245430809399389e+00
1.582245430809399389e+00
1.582245430809399389e+00
1.582245430809399389e+00
1.582245430809399389e+00
1.582245430809399389e+00
1.582245430809399389e+00
1.582245430809399389e+00
1.582245430809399389e+00
1.582245430809399389e+00
1.582245430809399389e+00
1.582245430809399389e+00
1.582245430809399389e+00
1.582245430809399389e+00
1.582245430809399389e+00
1.582245430809399389e+00
1.582245430809399389e+00
1.582245430809399389e+00
1.582245430809399389e+00
1.582245430809399389e+00
1.582245430809399389e+00
1.582245430809399389e+00
