1.779816513761467878e+00
1.751552795031055876e+00
1.708860759493671111e+00
1.683870967741935454e+00
1.638157894736842035e+00
1.595959595959596022e+00
1.566101694915254194e+00
1.530612244897959329e+00
1.469387755102040893e+00
1.444067796610169596e+00
1.378378378378378510e+00
1.333333333333333259e+00
1.304347826086956541e+00
1.251655629139073023e+00
1.196078431372549211e+00
1.141935483870967660e+00
1.085714285714285854e+00
1.024844720496894457e+00
9.454545454545454364e-01
8.888888888888888395e-01
8.080808080808080662e-01
7.384615384615385025e-01
6.439024390243902607e-01
4.864864864864865135e-01
3.412322274881516848e-01
1.202003338898163659e-01
1.202003338898163659e-01
1.202003338898163659e-01
1.101836393989983343e-01
1.202003338898163659e-01
1.202003338898163659e-01
1.101836393989983343e-01
1.202003338898163659e-01
1.202003338898163659e-01
1.202003338898163659e-01
1.202003338898163659e-01
1.202003338898163659e-01
1.202003338898163659e-01
1.202003338898163659e-01
1.202003338898163659e-01
1.101836393989983343e-01
1.101836393989983343e-01
1.101836393989983343e-01
1.101836393989983343e-01
1.202003338898163659e-01
1.202003338898163659e-01
1.202003338898163659e-01
1.202003338898163659e-01
1.202003338898163659e-01
1.202003338898163659e-01
