1.826865671641791034e+00
1.787234042553191404e+00
1.759259259259259522e+00
1.716981132075471761e+00
1.692307692307692291e+00
1.632786885245901765e+00
1.603960396039604053e+00
1.569536423841059625e+00
1.529801324503311521e+00
1.485148514851485135e+00
1.425742574257425677e+00
1.377049180327869049e+00
1.328990228013029240e+00
1.281553398058252524e+00
1.246006389776358025e+00
1.173501577287066278e+00
1.118012422360248559e+00
1.060975609756097615e+00
9.821428571428572063e-01
9.063444108761329332e-01
8.262295081967213628e-01
7.583643122676579917e-01
6.448598130841122211e-01
5.128205128205128860e-01
4.423963133640553269e-01
4.607679465776293726e-01
4.607679465776293726e-01
4.607679465776293726e-01
4.607679465776293726e-01
4.607679465776293726e-01
4.607679465776293726e-01
4.607679465776293726e-01
4.607679465776293726e-01
4.607679465776293726e-01
4.607679465776293726e-01
4.607679465776293726e-01
4.607679465776293726e-01
4.607679465776293726e-01
4.607679465776293726e-01
4.607679465776293726e-01
4.607679465776293726e-01
4.707846410684474736e-01
4.707846410684474736e-01
4.707846410684474736e-01
4.707846410684474736e-01
4.707846410684474736e-01
4.607679465776293726e-01
4.607679465776293726e-01
4.607679465776293726e-01
4.607679465776293726e-01
