1.781818181818181968e+00
1.759259259259259522e+00
1.730407523510971934e+00
1.686900958466453604e+00
1.647058823529411908e+00
1.605351170568561914e+00
1.555555555555555580e+00
1.535353535353535470e+00
1.474747474747474696e+00
1.454545454545454586e+00
1.389261744966443057e+00
1.360000000000000098e+00
1.311258278145695400e+00
1.263157894736842035e+00
1.207792207792207861e+00
1.153846153846153966e+00
1.097791798107255579e+00
1.037037037037036979e+00
9.759036144578313587e-01
9.018404907975460238e-01
8.227424749163879669e-01
7.300380228136882366e-01
6.346153846153846922e-01
5.309734513274336765e-01
3.661971830985915610e-01
2.804674457429048862e-01
2.804674457429048862e-01
2.804674457429048862e-01
2.804674457429048862e-01
2.804674457429048862e-01
2.804674457429048862e-01
2.704507512520868406e-01
2.804674457429048862e-01
2.804674457429048862e-01
2.804674457429048862e-01
2.804674457429048862e-01
2.804674457429048862e-01
2.804674457429048862e-01
2.804674457429048862e-01
2.804674457429048862e-01
2.704507512520868406e-01
2.704507512520868406e-01
2.704507512520868406e-01
2.704507512520868406e-01
2.704507512520868406e-01
2.704507512520868406e-01
2.704507512520868406e-01
2.804674457429048862e-01
2.804674457429048862e-01
2.804674457429048862e-01
