1.787234042553191404e+00
1.740740740740740922e+00
1.716981132075471761e+00
1.692307692307692291e+00
1.647058823529411908e+00
1.605351170568561914e+00
1.575757575757575912e+00
1.540540540540540571e+00
1.500000000000000000e+00
1.434343434343434476e+00
1.409395973154362380e+00
1.364548494983277571e+00
1.315614617940199293e+00
1.263157894736842035e+00
1.192182410423452854e+00
1.153846153846153966e+00
1.097791798107255579e+00
1.037037037037036979e+00
9.759036144578313587e-01
8.834355828220860074e-01
8.227424749163879669e-01
7.099236641221374766e-01
6.376811594202899114e-01
5.309734513274336765e-01
3.661971830985915610e-01
2.404006677796327318e-01
2.504173622704507496e-01
2.504173622704507496e-01
2.504173622704507496e-01
2.504173622704507496e-01
2.504173622704507496e-01
2.504173622704507496e-01
2.504173622704507496e-01
2.504173622704507496e-01
2.504173622704507496e-01
2.504173622704507496e-01
2.504173622704507496e-01
2.504173622704507496e-01
2.504173622704507496e-01
2.504173622704507496e-01
2.504173622704507496e-01
2.504173622704507496e-01
2.504173622704507496e-01
2.504173622704507496e-01
2.504173622704507496e-01
2.504173622704507496e-01
2.504173622704507496e-01
2.504173622704507496e-01
2.504173622704507496e-01
2.404006677796327318e-01
