1.787234042553191404e+00
1.746130030959752277e+00
1.698113207547169878e+00
1.692307692307692291e+00
1.632786885245901765e+00
1.610738255033557165e+00
1.581081081081080919e+00
1.520270270270270396e+00
1.500000000000000000e+00
1.439189189189189255e+00
1.393939393939394034e+00
1.364548494983277571e+00
1.315614617940199293e+00
1.267326732673267342e+00
1.192182410423452854e+00
1.157556270096463003e+00
1.097791798107255579e+00
1.040247678018575872e+00
9.607250755287009003e-01
8.861538461538462919e-01
8.053691275167785824e-01
7.328244274809160297e-01
6.086956521739130821e-01
4.821428571428572063e-01
3.661971830985915610e-01
2.103505843071786230e-01
2.203672787979966685e-01
2.203672787979966685e-01
2.203672787979966685e-01
2.203672787979966685e-01
2.203672787979966685e-01
2.203672787979966685e-01
2.203672787979966685e-01
2.303839732888146863e-01
2.303839732888146863e-01
2.203672787979966685e-01
2.203672787979966685e-01
2.203672787979966685e-01
2.203672787979966685e-01
2.203672787979966685e-01
2.203672787979966685e-01
2.203672787979966685e-01
2.203672787979966685e-01
2.203672787979966685e-01
2.203672787979966685e-01
2.203672787979966685e-01
2.203672787979966685e-01
2.203672787979966685e-01
2.203672787979966685e-01
2.203672787979966685e-01
