1.931034482758620774e+00
1.871720116618075691e+00
1.846153846153846256e+00
1.807228915662650870e+00
1.766871165644172015e+00
1.724999999999999867e+00
1.679245283018867996e+00
1.627760252365930471e+00
1.589905362776025344e+00
1.552050473186119994e+00
1.490566037735849170e+00
1.467084639498432708e+00
1.401869158878504829e+00
1.356037151702786492e+00
1.288343558282208701e+00
1.236363636363636331e+00
1.167664670658682846e+00
1.111764705882352988e+00
1.034482758620689724e+00
1.063953488372093137e+00
1.490566037735849170e+00
1.516014234875445066e+00
1.506849315068493178e+00
1.511811023622047223e+00
1.506607929515418665e+00
1.694915254237288130e-02
1.502504173622704498e+00
1.502504173622704498e+00
1.502504173622704498e+00
1.502504173622704498e+00
1.492487479131886507e+00
1.492487479131886507e+00
1.492487479131886507e+00
1.492487479131886507e+00
1.492487479131886507e+00
1.492487479131886507e+00
1.502504173622704498e+00
1.502504173622704498e+00
1.502504173622704498e+00
1.502504173622704498e+00
1.502504173622704498e+00
1.502504173622704498e+00
1.502504173622704498e+00
1.502504173622704498e+00
1.502504173622704498e+00
1.502504173622704498e+00
1.502504173622704498e+00
1.502504173622704498e+00
1.502504173622704498e+00
1.502504173622704498e+00
