1.794561933534743359e+00
1.766871165644172015e+00
1.743750000000000133e+00
1.681528662420382236e+00
1.655844155844155896e+00
1.614617940199335466e+00
1.570469798657718297e+00
1.550335570469798752e+00
1.510067114093959884e+00
1.444816053511705833e+00
1.420000000000000151e+00
1.375415282392026706e+00
1.306930693069306981e+00
1.259016393442623061e+00
1.223300970873786531e+00
1.169329073482428205e+00
1.090909090909091050e+00
1.033846153846153859e+00
9.729729729729730270e-01
8.990825688073394995e-01
8.172757475083056722e-01
7.272727272727272929e-01
6.285714285714286698e-01
5.263157894736841813e-01
3.644859813084112554e-01
3.405676126878130483e-01
3.405676126878130483e-01
3.405676126878130483e-01
3.305509181969950028e-01
3.305509181969950028e-01
3.405676126878130483e-01
3.305509181969950028e-01
3.305509181969950028e-01
3.305509181969950028e-01
3.305509181969950028e-01
3.305509181969950028e-01
3.305509181969950028e-01
3.405676126878130483e-01
3.405676126878130483e-01
3.405676126878130483e-01
3.405676126878130483e-01
3.405676126878130483e-01
3.405676126878130483e-01
3.405676126878130483e-01
3.405676126878130483e-01
3.405676126878130483e-01
3.405676126878130483e-01
3.305509181969950028e-01
3.305509181969950028e-01
3.305509181969950028e-01
