1.792682926829268331e+00
1.746130030959752277e+00
1.703470031545741392e+00
1.678456591639871265e+00
1.652459016393442726e+00
1.610738255033557165e+00
1.560810810810810967e+00
1.525423728813559254e+00
1.484745762711864536e+00
1.439189189189189255e+00
1.393939393939394034e+00
1.348993288590604189e+00
1.300000000000000044e+00
1.267326732673267342e+00
1.196078431372549211e+00
1.157556270096463003e+00
1.101265822784810222e+00
1.021671826625387025e+00
9.607250755287009003e-01
9.046153846153845990e-01
8.255033557046980164e-01
7.126436781609195581e-01
6.407766990291262621e-01
5.357142857142858094e-01
3.396226415094339979e-01
1.803005008347245697e-01
1.903171953255425597e-01
1.903171953255425597e-01
1.903171953255425597e-01
2.003338898163606052e-01
2.003338898163606052e-01
1.903171953255425597e-01
1.903171953255425597e-01
1.903171953255425597e-01
2.003338898163606052e-01
2.003338898163606052e-01
2.003338898163606052e-01
2.003338898163606052e-01
2.003338898163606052e-01
1.903171953255425597e-01
1.903171953255425597e-01
1.903171953255425597e-01
1.903171953255425597e-01
1.903171953255425597e-01
1.903171953255425597e-01
1.903171953255425597e-01
1.903171953255425597e-01
1.903171953255425597e-01
1.903171953255425597e-01
1.903171953255425597e-01
