1.895652173913043637e+00
1.870588235294117663e+00
1.826865671641791034e+00
1.787234042553191404e+00
1.746130030959752277e+00
1.703470031545741392e+00
1.657142857142857251e+00
1.624203821656051039e+00
1.585987261146496907e+00
1.528662420382165710e+00
1.504761904761904745e+00
1.443037974683544444e+00
1.396226415094339757e+00
1.331250000000000044e+00
1.281733746130031104e+00
1.229357798165137794e+00
1.156626506024096557e+00
1.100591715976331431e+00
1.023121387283236983e+00
9.649122807017543879e-01
9.683544303797468888e-01
1.483870967741935498e+00
1.506849315068493178e+00
1.512605042016806678e+00
1.493333333333333401e+00
0.000000000000000000e+00
1.472454090150250527e+00
1.462437395659432537e+00
1.462437395659432537e+00
1.462437395659432537e+00
1.472454090150250527e+00
1.472454090150250527e+00
1.472454090150250527e+00
1.472454090150250527e+00
1.472454090150250527e+00
1.472454090150250527e+00
1.472454090150250527e+00
1.472454090150250527e+00
1.472454090150250527e+00
1.472454090150250527e+00
1.472454090150250527e+00
1.472454090150250527e+00
1.472454090150250527e+00
1.472454090150250527e+00
1.472454090150250527e+00
1.472454090150250527e+00
1.472454090150250527e+00
1.472454090150250527e+00
1.472454090150250527e+00
1.472454090150250527e+00
