1.807228915662650870e+00
1.766871165644172015e+00
1.738317757009345765e+00
1.695238095238095211e+00
1.650485436893204039e+00
1.629139072847682224e+00
1.585284280936454904e+00
1.545150501672240884e+00
1.505016722408026864e+00
1.444816053511705833e+00
1.420000000000000151e+00
1.370860927152317998e+00
1.322368421052631637e+00
1.274509803921568762e+00
1.200000000000000178e+00
1.146496815286624393e+00
1.109717868338558011e+00
1.049079754601226933e+00
9.880239520958083999e-01
9.146341463414634498e-01
8.145695364238411118e-01
7.245283018867925140e-01
6.255924170616113944e-01
5.217391304347825942e-01
3.627906976744186274e-01
3.706176961602671294e-01
3.606010016694491394e-01
3.606010016694491394e-01
3.706176961602671294e-01
3.606010016694491394e-01
3.606010016694491394e-01
3.606010016694491394e-01
3.706176961602671294e-01
3.706176961602671294e-01
3.706176961602671294e-01
3.706176961602671294e-01
3.606010016694491394e-01
3.606010016694491394e-01
3.606010016694491394e-01
3.606010016694491394e-01
3.606010016694491394e-01
3.606010016694491394e-01
3.606010016694491394e-01
3.606010016694491394e-01
3.606010016694491394e-01
3.606010016694491394e-01
3.606010016694491394e-01
3.606010016694491394e-01
3.606010016694491394e-01
3.606010016694491394e-01
