2.383874527037833045e-137
1.630507472220547081e-139
8.463221944441828019e-142
3.874861174089115357e-144
1.276412371686874651e-146
3.160123469798134884e-149
6.190912764721697811e-152
8.070827963087350173e-155
8.500541912299316085e-158
5.602312724407784484e-161
4.693121859920921606e-158
1.039545973090354025e-154
7.328290624011196560e-151
1.606619500057706618e-146
1.523916192567887826e-141
7.092455971453449962e-136
2.088840648733784014e-129
4.637272342612961567e-122
1.074479355607498095e-113
-1.000000000000000000e+00
-1.000000000000000000e+00
-1.000000000000000000e+00
-1.000000000000000000e+00
-1.000000000000000000e+00
-1.000000000000000000e+00
-1.000000000000000000e+00
-1.000000000000000000e+00
-1.000000000000000000e+00
-1.000000000000000000e+00
-1.000000000000000000e+00
-1.000000000000000000e+00
-1.000000000000000000e+00
-1.000000000000000000e+00
-1.000000000000000000e+00
-1.000000000000000000e+00
-1.000000000000000000e+00
-1.000000000000000000e+00
-1.000000000000000000e+00
-1.000000000000000000e+00
-1.000000000000000000e+00
-1.000000000000000000e+00
-1.000000000000000000e+00
-1.000000000000000000e+00
-1.000000000000000000e+00
-1.000000000000000000e+00
-1.000000000000000000e+00
-1.000000000000000000e+00
-1.000000000000000000e+00
-1.000000000000000000e+00
-1.000000000000000000e+00
