4.171494248767398385e-174
3.749267798318427846e-177
2.727654018014001815e-180
1.620752351633812974e-183
7.006104333519044426e-187
2.371071339886659876e-190
6.754919062341119187e-194
1.331902178936854592e-193
5.487175122027603929e-190
7.422889744503417365e-186
1.955351953798149581e-181
1.842365225935477149e-176
4.530528519358031895e-171
4.536542589541128316e-165
7.274196004582411357e-159
2.834623928201423350e-152
7.664013935742752788e-145
1.723634530251074289e-136
4.666367590438756873e-127
2.206992922368305785e-120
-1.000000000000000000e+00
-1.000000000000000000e+00
-1.000000000000000000e+00
-1.000000000000000000e+00
5.212945528199170529e-130
9.207493146163845399e-01
-1.000000000000000000e+00
-1.000000000000000000e+00
-1.000000000000000000e+00
-1.000000000000000000e+00
-1.000000000000000000e+00
-1.000000000000000000e+00
-1.000000000000000000e+00
-1.000000000000000000e+00
-1.000000000000000000e+00
-1.000000000000000000e+00
-1.000000000000000000e+00
-1.000000000000000000e+00
-1.000000000000000000e+00
-1.000000000000000000e+00
-1.000000000000000000e+00
-1.000000000000000000e+00
-1.000000000000000000e+00
-1.000000000000000000e+00
-1.000000000000000000e+00
-1.000000000000000000e+00
-1.000000000000000000e+00
-1.000000000000000000e+00
-1.000000000000000000e+00
-1.000000000000000000e+00
