3.314112598538090978e-135
2.278620024396975576e-137
1.347868670730445165e-139
6.283625876497516085e-142
2.129083583752893661e-144
6.144110807751539067e-147
1.259776686345077146e-149
1.741648283199371652e-152
1.963031836328023906e-155
1.574780754353076414e-158
1.544117164231056968e-156
2.995314223624926983e-153
1.630035183404054961e-149
3.037907053250619160e-145
2.403537733373830019e-140
1.016413862299445335e-134
2.398079882120543945e-128
5.100790734168055088e-121
9.075146919399915582e-113
-1.000000000000000000e+00
-1.000000000000000000e+00
-1.000000000000000000e+00
-1.000000000000000000e+00
-1.000000000000000000e+00
-1.000000000000000000e+00
-1.000000000000000000e+00
-1.000000000000000000e+00
-1.000000000000000000e+00
-1.000000000000000000e+00
-1.000000000000000000e+00
-1.000000000000000000e+00
-1.000000000000000000e+00
-1.000000000000000000e+00
-1.000000000000000000e+00
-1.000000000000000000e+00
-1.000000000000000000e+00
-1.000000000000000000e+00
-1.000000000000000000e+00
-1.000000000000000000e+00
-1.000000000000000000e+00
-1.000000000000000000e+00
-1.000000000000000000e+00
-1.000000000000000000e+00
-1.000000000000000000e+00
-1.000000000000000000e+00
-1.000000000000000000e+00
-1.000000000000000000e+00
-1.000000000000000000e+00
-1.000000000000000000e+00
-1.000000000000000000e+00
