3.702127659574468321e+00
3.574468085106382809e+00
3.574468085106382809e+00
3.574468085106382809e+00
3.446808510638298184e+00
3.319148936170213116e+00
3.191489361702127603e+00
3.191489361702127603e+00
3.063829787234042534e+00
3.063829787234042534e+00
2.936170212765957466e+00
2.936170212765957466e+00
2.808510638297872397e+00
2.680851063829787329e+00
2.553191489361702260e+00
2.425531914893617191e+00
2.425531914893617191e+00
2.297872340425532123e+00
2.042553191489361986e+00
1.914893617021276695e+00
1.787234042553191404e+00
1.531914893617021267e+00
1.276595744680851130e+00
1.105263157894736947e+00
7.659574468085106336e-01
-5.106382978723404964e-01
-7.659574468085106336e-01
-7.659574468085106336e-01
-7.659574468085106336e-01
-7.659574468085106336e-01
-8.936170212765957022e-01
-8.936170212765957022e-01
-8.936170212765957022e-01
-8.936170212765957022e-01
-8.936170212765957022e-01
-8.936170212765957022e-01
-8.936170212765957022e-01
-8.936170212765957022e-01
-7.659574468085106336e-01
-7.659574468085106336e-01
-7.659574468085106336e-01
-7.659574468085106336e-01
-7.659574468085106336e-01
-7.659574468085106336e-01
-7.659574468085106336e-01
-7.659574468085106336e-01
-7.659574468085106336e-01
-7.659574468085106336e-01
-7.659574468085106336e-01
-7.659574468085106336e-01
