2.747663551401869242e+00
2.699088145896656687e+00
2.648888888888889070e+00
2.588744588744589237e+00
2.541374474053295973e+00
2.485013623978201913e+00
2.433289299867900102e+00
2.370843989769821469e+00
2.309405940594059459e+00
2.241050119331742252e+00
2.179310344827586565e+00
2.112582781456953995e+00
2.042283298097252064e+00
1.958027282266526781e+00
1.883351007423117673e+00
1.798066595059076400e+00
1.714285714285714191e+00
1.618201997780244206e+00
1.525539160045402909e+00
1.415887850467289821e+00
1.288834951456310662e+00
1.152000000000000135e+00
1.010842368640533895e+00
8.248772504091652635e-01
5.822102425876011234e-01
9.507923269391159449e-02
-5.204336947456214002e-01
-5.154295246038366196e-01
-5.204336947456214002e-01
-5.204336947456214002e-01
-5.154295246038366196e-01
-5.204336947456214002e-01
-5.204336947456214002e-01
-5.204336947456214002e-01
-5.204336947456214002e-01
-5.204336947456214002e-01
-5.204336947456214002e-01
-5.204336947456214002e-01
-5.204336947456214002e-01
-5.204336947456214002e-01
-5.154295246038366196e-01
-5.154295246038366196e-01
-5.154295246038366196e-01
-5.154295246038366196e-01
-5.154295246038366196e-01
-5.154295246038366196e-01
-5.154295246038366196e-01
-5.154295246038366196e-01
-5.154295246038366196e-01
-5.154295246038366196e-01
