1.752921535893155358e+00
1.732888146911519378e+00
1.712854757929883398e+00
1.682804674457428984e+00
1.652754590984975014e+00
1.632721202003339034e+00
1.602671118530884842e+00
1.562604340567612882e+00
1.542570951585976902e+00
1.512520868113522488e+00
1.482470784641068517e+00
1.452420701168614547e+00
1.422370617696160355e+00
1.382303839732888173e+00
1.352253756260433981e+00
1.312186978297162021e+00
1.272120200333890061e+00
1.242070116861435869e+00
1.212020033388981677e+00
1.161936560934891505e+00
1.121869782971619545e+00
1.081803005008347363e+00
1.041736227045075180e+00
9.816360601001670183e-01
9.415692821368949472e-01
8.814691151919866741e-01
8.313856427378965019e-01
7.712854757929884508e-01
7.111853088480801777e-01
6.310517529215359245e-01
5.709515859766277623e-01
5.108514190317196002e-01
4.607679465776293726e-01
4.006677796327212104e-01
3.606010016694491394e-01
3.105175292153589672e-01
2.704507512520868406e-01
2.404006677796327318e-01
2.003338898163606052e-01
1.602671118530885064e-01
1.202003338898163659e-01
8.013355592654425319e-02
5.008347245409015130e-02
2.003338898163606330e-02
-1.001669449081803165e-02
-4.006677796327212659e-02
-7.011686143572622154e-02
-1.001669449081803026e-01
-1.202003338898163659e-01
-1.502504173622704609e-01
