1.772954924874791338e+00
1.752921535893155358e+00
1.732888146911519378e+00
1.722871452420701388e+00
1.712854757929883398e+00
1.692821368948246974e+00
1.682804674457428984e+00
1.662771285475793004e+00
1.642737896494157024e+00
1.632721202003339034e+00
1.622704507512520822e+00
1.602671118530884842e+00
1.592654424040066852e+00
1.562604340567612882e+00
1.552587646076794892e+00
1.532554257095158468e+00
1.512520868113522488e+00
1.502504173622704498e+00
1.482470784641068517e+00
1.462437395659432537e+00
1.442404006677796557e+00
1.422370617696160355e+00
1.412353923205342365e+00
1.392320534223706163e+00
1.382303839732888173e+00
1.352253756260433981e+00
1.332220367278798001e+00
1.312186978297162021e+00
1.292153589315526041e+00
1.272120200333890061e+00
1.262103505843071849e+00
1.232053422370617879e+00
1.212020033388981677e+00
1.181969949916527485e+00
1.161936560934891505e+00
1.141903171953255525e+00
1.121869782971619545e+00
1.091819699499165353e+00
1.071786310517529373e+00
1.041736227045075180e+00
1.011686143572620988e+00
9.816360601001670183e-01
9.716193656093489173e-01
9.415692821368949472e-01
9.115191986644407551e-01
8.814691151919866741e-01
8.514190317195324820e-01
8.313856427378965019e-01
8.113522537562604109e-01
7.813021702838064408e-01
