1.752921535893155358e+00
1.712854757929883398e+00
1.672787979966610994e+00
1.642737896494157024e+00
1.592654424040066852e+00
1.562604340567612882e+00
1.522537562604340478e+00
1.482470784641068517e+00
1.442404006677796557e+00
1.392320534223706163e+00
1.342237061769615991e+00
1.302170283806344031e+00
1.242070116861435869e+00
1.202003338898163687e+00
1.141903171953255525e+00
1.081803005008347363e+00
1.021702838063439200e+00
9.515859766277129372e-01
8.914858096828046641e-01
8.113522537562604109e-01
7.212020033388982787e-01
6.110183639398998334e-01
4.956063268892794693e-01
3.268482490272373586e-01
-5.028340080971660520e+00
-5.084745762711864181e+00
-5.102564102564103088e+00
-5.098712446351931327e+00
-5.098712446351931327e+00
-5.098712446351931327e+00
-5.094827586206896797e+00
-5.105263157894737169e+00
-5.105263157894737169e+00
-5.113043478260869357e+00
-5.113043478260869357e+00
-5.116883116883117033e+00
-5.116883116883117033e+00
-5.116883116883117033e+00
-5.098712446351931327e+00
-5.098712446351931327e+00
-5.098712446351931327e+00
-5.102564102564103088e+00
-5.102564102564103088e+00
-5.102564102564103088e+00
-5.102564102564103088e+00
-5.106382978723404520e+00
-5.084745762711864181e+00
-5.106382978723404520e+00
-5.110169491525423879e+00
-5.088607594936709333e+00
