1.818454613653413432e+00
1.809452363090772620e+00
1.801450362590647725e+00
1.793448362090522830e+00
1.784446111527882017e+00
1.775443860965241205e+00
1.767441860465116532e+00
1.759439859964991193e+00
1.751437859464866298e+00
1.742435608902225486e+00
1.733433358339584895e+00
1.725431357839459778e+00
1.716429107276819188e+00
1.708427106776694293e+00
1.699424856214053481e+00
1.690422605651412891e+00
1.680420105026256827e+00
1.672418104526131488e+00
1.663415853963490898e+00
1.654413603400850530e+00
1.644411102775694022e+00
1.636409102275568905e+00
1.626406601650412620e+00
1.616404101025256335e+00
1.607401850462615744e+00
1.598399599899974932e+00
1.588397099274818647e+00
1.579394848712178057e+00
1.569392348087021993e+00
1.559389847461865486e+00
1.550387596899224896e+00
1.541385346336584083e+00
1.531382845711427798e+00
1.521380345086271735e+00
1.511377844461115227e+00
1.500375093773443469e+00
1.490372593148286962e+00
1.481370342585646371e+00
1.470367591897974391e+00
1.460365091272817883e+00
1.449362340585146347e+00
1.439359839959990062e+00
1.428357089272318081e+00
1.418354588647161796e+00
1.407351837959489815e+00
1.397349337334333308e+00
1.386346586646661772e+00
1.374343585896474096e+00
1.363340835208802115e+00
1.352338084521130357e+00
