1.812453113278319483e+00
1.791447861965491661e+00
1.771442860715178869e+00
1.751437859464866298e+00
1.729432358089522337e+00
1.708427106776694293e+00
1.687421855463866027e+00
1.665416354088522066e+00
1.643410852713178549e+00
1.621405351337834588e+00
1.598399599899974932e+00
1.575393848462115498e+00
1.551387846961740369e+00
1.527381845461365240e+00
1.503375843960990332e+00
1.479369842460615203e+00
1.453363340835208906e+00
1.428357089272318081e+00
1.402350587646911784e+00
1.375343835958989791e+00
1.348337084271067798e+00
1.321330332583145584e+00
1.292323080770192645e+00
1.264316079019754957e+00
1.235308827206801796e+00
1.204301075268817245e+00
1.173293323330832694e+00
1.140285071267816974e+00
1.108277069267316728e+00
1.074268567141785535e+00
1.039259814953738426e+00
1.002250562640660148e+00
9.642410602650663964e-01
9.252313078269567281e-01
8.852213053263315867e-01
8.442110527631907502e-01
8.032008002000501357e-01
7.631907976994248832e-01
7.241810452613153259e-01
6.871717929482370479e-01
6.521630407601900492e-01
6.191547886971743297e-01
5.871467866966741944e-01
5.561390347586896432e-01
5.271317829457364823e-01
4.981245311327832104e-01
4.701175293823456336e-01
4.431107776944235854e-01
4.161040260065016483e-01
3.900975243810952953e-01
