1.813453363340835178e+00
1.794448612153038303e+00
1.775443860965241205e+00
1.757439359839960025e+00
1.737434358589647454e+00
1.718429607401850356e+00
1.697424356089022313e+00
1.678419604901225215e+00
1.658414603650912866e+00
1.637409352338084600e+00
1.617404351087772252e+00
1.596399099774943764e+00
1.575393848462115498e+00
1.553388347086771759e+00
1.531382845711427798e+00
1.509377344336084059e+00
1.486371592898224625e+00
1.464366091522880664e+00
1.440360090022505535e+00
1.416354088522130628e+00
1.391347836959239803e+00
1.367341835458864674e+00
1.342335583895974072e+00
1.317329332333083247e+00
1.290322580645161255e+00
1.264316079019754957e+00
1.237309327331832964e+00
1.209302325581395277e+00
1.180295073768442116e+00
1.150287571892973260e+00
1.120280070017504404e+00
1.090272568142035547e+00
1.058264566141535301e+00
1.025256314078519582e+00
9.912478119529882781e-01
9.562390597649412793e-01
9.202300575143785855e-01
8.852213053263315867e-01
8.472118029507377246e-01
8.122030507626907259e-01
7.771942985746436161e-01
7.441860465116278966e-01
7.121780445111277613e-01
6.821705426356589053e-01
6.511627906976744651e-01
6.231557889472367773e-01
5.961490372593147846e-01
5.691422855713929030e-01
5.431357839459864945e-01
5.181295323830957811e-01
