1.805451362840710283e+00
1.770442610652663173e+00
1.735433858464616064e+00
1.698424606151537786e+00
1.661415353838459508e+00
1.624406101525381452e+00
1.584396099024756310e+00
1.545386346586646864e+00
1.503375843960990332e+00
1.461365341335333801e+00
1.418354588647161796e+00
1.372343085771442928e+00
1.325331332833208364e+00
1.277319329832458106e+00
1.227306826706676679e+00
1.175293823455863862e+00
1.119279819954988708e+00
1.061265316329082165e+00
1.000250062515628979e+00
9.332333083270817342e-01
8.622155538884721526e-01
7.851962990747687332e-01
6.991747936984246126e-01
6.001500375093773432e-01
4.821205301325331982e-01
3.300825206301575276e-01
1.520380095023755873e-01
-1.340335083770942681e+00
-1.339334833708427208e+00
-1.340335083770942681e+00
-1.340335083770942681e+00
-1.340335083770942681e+00
-1.339334833708427208e+00
-1.339334833708427208e+00
-1.340335083770942681e+00
-1.340335083770942681e+00
-1.339334833708427208e+00
-1.339334833708427208e+00
-1.340335083770942681e+00
-1.340335083770942681e+00
-1.340335083770942681e+00
-1.339334833708427208e+00
-1.340335083770942681e+00
-1.340335083770942681e+00
-1.339334833708427208e+00
-1.339334833708427208e+00
-1.339334833708427208e+00
-1.339334833708427208e+00
-1.340335083770942681e+00
-1.340335083770942681e+00
