1.818454613653413432e+00
1.811452863215804010e+00
1.805451362840710283e+00
1.798449612403100861e+00
1.792448112028006912e+00
1.785446361590397490e+00
1.778444611152788513e+00
1.771442860715178869e+00
1.764441110277569447e+00
1.758439609902475720e+00
1.750437609402350603e+00
1.744436109027256876e+00
1.737434358589647454e+00
1.729432358089522337e+00
1.722430607651912915e+00
1.716429107276819188e+00
1.709427356839209766e+00
1.701425356339084871e+00
1.694423605901475449e+00
1.687421855463866027e+00
1.680420105026256827e+00
1.673418354588647183e+00
1.665416354088522066e+00
1.658414603650912866e+00
1.650412603150787749e+00
1.644411102775694022e+00
1.636409102275568905e+00
1.628407101775443788e+00
1.620405101275318893e+00
1.613403350837709471e+00
1.606401600400100271e+00
1.598399599899974932e+00
1.590397599399850037e+00
1.583395848962240615e+00
1.575393848462115498e+00
1.567391847961990825e+00
1.559389847461865486e+00
1.551387846961740369e+00
1.544386096524130947e+00
1.536384096024006052e+00
1.528382095523880935e+00
1.519379844961240567e+00
1.511377844461115227e+00
1.504376094023505805e+00
1.495373843460864993e+00
1.487371842960740098e+00
1.479369842460615203e+00
1.471367841960489864e+00
1.462365591397849496e+00
1.454363590897724379e+00
