3.393442622950819665e+00
3.345679012345678771e+00
3.426778242677824604e+00
3.386892177589851727e+00
3.295597484276729716e+00
3.074380165289256173e+00
2.944558521560574960e+00
3.012552301255229992e+00
3.128755364806866890e+00
3.170305676855895261e+00
3.019693654266958127e+00
2.763326226012793541e+00
2.894273127753304031e+00
2.859060402684563851e+00
2.131221719457013997e+00
2.506666666666666821e+00
2.389261744966443057e+00
2.171945701357466341e+00
8.181818181818181213e-01
1.386727688787185553e+00
6.068965517241379226e-01
5.146726862302483108e-01
3.826879271070615651e-01
2.334096109839816913e-01
-3.305509181969950028e-01
-3.305509181969950028e-01
-3.305509181969950028e-01
-3.305509181969950028e-01
-3.305509181969950028e-01
-3.305509181969950028e-01
-3.305509181969950028e-01
-3.305509181969950028e-01
-3.305509181969950028e-01
-3.305509181969950028e-01
-3.305509181969950028e-01
-3.305509181969950028e-01
-3.305509181969950028e-01
-3.405676126878130483e-01
-3.305509181969950028e-01
-3.305509181969950028e-01
-3.305509181969950028e-01
-3.305509181969950028e-01
-3.305509181969950028e-01
-3.305509181969950028e-01
-3.305509181969950028e-01
-3.305509181969950028e-01
-3.305509181969950028e-01
-3.305509181969950028e-01
-3.305509181969950028e-01
-3.305509181969950028e-01
