3.630252100840336116e+00
3.326488706365503312e+00
3.367983367983368392e+00
3.371069182389937247e+00
3.395744680851064068e+00
3.399141630901287847e+00
3.301927194860814208e+00
3.179487179487179738e+00
3.187904967602591899e+00
3.191208791208791418e+00
2.694690265486725522e+00
2.993406593406593430e+00
2.855263157894736725e+00
2.742857142857142883e+00
2.120805369127516826e+00
2.450892857142857206e+00
2.338530066815144970e+00
2.203539823008849652e+00
1.891891891891891886e+00
6.979865771812080455e-01
6.108597285067873806e-01
5.135135135135135975e-01
3.901345291479820232e-01
1.760722347629797013e-01
-1.001669449081802998e+00
-1.001669449081802998e+00
-9.916527545909850083e-01
-1.001669449081802998e+00
-1.001669449081802998e+00
-9.916527545909850083e-01
-9.916527545909850083e-01
-9.916527545909850083e-01
-1.001669449081802998e+00
-9.916527545909850083e-01
-9.916527545909850083e-01
-9.916527545909850083e-01
-9.916527545909850083e-01
-1.001669449081802998e+00
-1.001669449081802998e+00
-9.916527545909850083e-01
-9.916527545909850083e-01
-9.916527545909850083e-01
-9.916527545909850083e-01
-9.916527545909850083e-01
-9.916527545909850083e-01
-9.916527545909850083e-01
-9.916527545909850083e-01
-1.001669449081802998e+00
-1.001669449081802998e+00
-1.001669449081802998e+00
