1.629473684210526185e+00
1.615866388308977220e+00
1.601694915254237461e+00
1.468085106382978733e+00
1.445628997867803855e+00
1.403726708074534146e+00
1.490683229813664745e+00
2.918918918918919303e+00
1.496855345911949797e+00
1.326315789473684337e+00
1.343096234309623549e+00
1.338947368421052664e+00
1.247401247401247470e+00
1.214876033057851190e+00
1.267080745341615078e+00
1.027484143763213620e+00
1.468879668049792642e+00
1.515274949083503131e+00
8.008474576271187306e-01
7.261146496815287232e-01
6.610169491525423879e-01
5.720338983050847759e-01
4.340425531914893220e-01
2.395644283121597107e-01
-2.105454545454545467e+00
-2.105454545454545467e+00
-2.108695652173913082e+00
-2.104882459312839238e+00
-2.101083032490974833e+00
-2.101083032490974833e+00
-2.101083032490974833e+00
-2.104882459312839238e+00
-2.106712564543889776e+00
-2.100000000000000089e+00
-2.100000000000000089e+00
-2.100000000000000089e+00
-2.100000000000000089e+00
-2.100000000000000089e+00
-2.100000000000000089e+00
-2.103626943005181715e+00
-2.103626943005181715e+00
-2.103626943005181715e+00
-2.103626943005181715e+00
-2.103626943005181715e+00
-2.103626943005181715e+00
-2.103626943005181715e+00
-2.103626943005181715e+00
-2.103626943005181715e+00
-2.103626943005181715e+00
-2.103626943005181715e+00
