1.762938230383973348e+00
1.732888146911519378e+00
1.692821368948246974e+00
1.662771285475793004e+00
1.622704507512520822e+00
1.582637729549248862e+00
1.552587646076794892e+00
1.502504173622704498e+00
1.472454090150250527e+00
1.432387312186978345e+00
1.382303839732888173e+00
1.332220367278798001e+00
1.292153589315526041e+00
1.232053422370617879e+00
1.191986644407345697e+00
1.131886477462437535e+00
1.081803005008347363e+00
1.021702838063439200e+00
9.515859766277129372e-01
8.914858096828046641e-01
8.313856427378965019e-01
7.612687813021702388e-01
7.011686143572621877e-01
6.310517529215359245e-01
5.709515859766277623e-01
5.108514190317196002e-01
4.607679465776293726e-01
4.006677796327212104e-01
3.405676126878130483e-01
2.804674457429048862e-01
2.103505843071786230e-01
1.502504173622704609e-01
9.015025041736228484e-02
2.003338898163606330e-02
-5.008347245409015130e-02
-1.202003338898163659e-01
-2.003338898163606052e-01
-2.804674457429048862e-01
-3.706176961602671294e-01
-4.707846410684474736e-01
-5.809682804674457524e-01
-7.312186978297162687e-01
-9.015025041736227651e-01
-1.171953255425709495e+00
-1.702838063439064964e+00
-4.134453781512605453e+00
-5.084745762711864181e+00
-5.106382978723404520e+00
-5.106382978723404520e+00
-5.131914893617021356e+00
