1.762938230383973348e+00
1.732888146911519378e+00
1.692821368948246974e+00
1.662771285475793004e+00
1.622704507512520822e+00
1.582637729549248862e+00
1.552587646076794892e+00
1.512520868113522488e+00
1.472454090150250527e+00
1.422370617696160355e+00
1.382303839732888173e+00
1.342237061769615991e+00
1.282136894824708051e+00
1.242070116861435869e+00
1.191986644407345697e+00
1.131886477462437535e+00
1.081803005008347363e+00
1.021702838063439200e+00
9.515859766277129372e-01
8.914858096828046641e-01
8.113522537562604109e-01
7.312186978297162687e-01
6.510851419031720155e-01
5.709515859766277623e-01
4.908180300500835092e-01
4.006677796327212104e-01
3.105175292153589672e-01
2.103505843071786230e-01
1.101836393989983343e-01
-1.001669449081803165e-02
-1.702838063439065242e-01
-3.906510851419032204e-01
-2.246100519930676054e+00
-2.251327433628318886e+00
-2.243291592128801692e+00
-2.248648648648648773e+00
-2.245931283905967746e+00
-2.243194192377495622e+00
-2.251366120218579514e+00
-2.244525547445255675e+00
-2.248628884826325613e+00
-2.252747252747252737e+00
-2.252747252747252737e+00
-2.245871559633027648e+00
-2.245871559633027648e+00
-2.250000000000000000e+00
-2.250000000000000000e+00
-2.243093922651933969e+00
-2.243093922651933969e+00
-2.254143646408839796e+00
