1.762938230383973348e+00
1.732888146911519378e+00
1.692821368948246974e+00
1.662771285475793004e+00
1.622704507512520822e+00
1.582637729549248862e+00
1.552587646076794892e+00
1.512520868113522488e+00
1.472454090150250527e+00
1.432387312186978345e+00
1.382303839732888173e+00
1.332220367278798001e+00
1.282136894824708051e+00
1.242070116861435869e+00
1.181969949916527485e+00
1.141903171953255525e+00
1.071786310517529373e+00
1.021702838063439200e+00
9.515859766277129372e-01
8.814691151919866741e-01
8.113522537562604109e-01
7.412353923205342587e-01
6.611018363939900055e-01
5.909849749582637424e-01
5.108514190317196002e-01
4.407345575959933370e-01
3.606010016694491394e-01
2.804674457429048862e-01
2.003338898163606052e-01
1.101836393989983343e-01
2.003338898163606330e-02
-9.015025041736228484e-02
-2.303839732888146863e-01
-4.307178631051753470e-01
-2.612021857923497503e+00
-2.699386503067484622e+00
-2.714587737843551896e+00
-2.709677419354838968e+00
-2.720173535791757136e+00
-2.711790393013100431e+00
-2.723684210526315930e+00
-2.709251101321586308e+00
-2.715231788079470299e+00
-2.721238938053097467e+00
-2.713968957871397247e+00
-2.713968957871397247e+00
-2.720000000000000195e+00
-2.720000000000000195e+00
-2.712694877505568147e+00
-2.712694877505568147e+00
