4.285714285714350424e-01
4.720812182741129792e-01
5.183246073298524159e-01
5.675675675675756482e-01
6.201117318435842574e-01
6.763005780346947882e-01
7.365269461077889046e-01
8.012422360248508957e-01
8.709677419354897587e-01
9.463087248322223921e-01
1.027972027972029245e+00
1.116788321167881737e+00
1.213740458015267532e+00
1.320000000000007168e+00
1.436974789915982154e+00
1.566371681415936301e+00
1.710280373831778666e+00
1.871287128712876724e+00
2.052631578947384572e+00
2.258426966292137461e+00
2.493975903614464862e+00
2.766233766233787250e+00
3.084507042253549436e+00
3.461538461538470113e+00
3.915254237288147365e+00
4.471698113207557945e+00
5.170212765957487910e+00
6.073170731707365100e+00
7.285714285714345984e+00
9.000000000000023093e+00
