4.285714285714379290e-01
4.720812182741204177e-01
5.183246073298519718e-01
5.675675675675733167e-01
6.201117318435862558e-01
6.763005780346919016e-01
7.365269461077865731e-01
8.012422360248558917e-01
8.709677419354890926e-01
9.463087248322262779e-01
1.027972027972027913e+00
1.116788321167878406e+00
1.213740458015272861e+00
1.320000000000001172e+00
1.436974789915970607e+00
1.566371681415934969e+00
1.710280373831791545e+00
1.871287128712872949e+00
2.052631578947372581e+00
2.258426966292140126e+00
2.493975903614479517e+00
2.766233766233768598e+00
3.084507042253530784e+00
3.461538461538472777e+00
3.915254237288193995e+00
4.471698113207533964e+00
5.170212765957489687e+00
6.073170731707302927e+00
7.285714285714337990e+00
9.000000000000026645e+00
