9.015025041736227651e-01
8.914858096828046641e-01
8.814691151919866741e-01
8.614357262103506940e-01
8.414023372287144920e-01
8.313856427378965019e-01
8.213689482470785119e-01
8.013355592654424209e-01
7.813021702838064408e-01
7.712854757929884508e-01
7.612687813021702388e-01
7.412353923205342587e-01
7.312186978297162687e-01
7.212020033388982787e-01
6.911519198664440866e-01
6.711185308848079956e-01
6.611018363939900055e-01
6.410684474123540255e-01
6.210350584307179345e-01
6.110183639398998334e-01
5.809682804674457524e-01
5.609348914858097723e-01
5.409015025041736813e-01
5.208681135225375902e-01
5.008347245409014992e-01
4.707846410684474736e-01
4.407345575959933370e-01
4.207011686143572460e-01
3.906510851419032204e-01
3.505843071786310938e-01
3.205342237061770128e-01
2.704507512520868406e-01
2.303839732888146863e-01
1.684210526315789713e-01
8.617594254937163689e-02
-1.725417439703154088e+00
-1.723756906077348106e+00
-1.725274725274725141e+00
-1.715846994535519254e+00
-1.731397459165154418e+00
-1.725135623869801238e+00
-1.729729729729729826e+00
-1.715827338129496393e+00
-1.723518850987432849e+00
-1.728085867620751337e+00
-1.717352415026833556e+00
-1.724999999999999867e+00
-1.721925133689839571e+00
-1.718861209964412939e+00
-1.718861209964412939e+00
