1.762938230383973348e+00
1.732888146911519378e+00
1.702838063439064964e+00
1.662771285475793004e+00
1.632721202003339034e+00
1.592654424040066852e+00
1.552587646076794892e+00
1.512520868113522488e+00
1.462437395659432537e+00
1.422370617696160355e+00
1.382303839732888173e+00
1.342237061769615991e+00
1.292153589315526041e+00
1.242070116861435869e+00
1.191986644407345697e+00
1.131886477462437535e+00
1.081803005008347363e+00
1.021702838063439200e+00
9.515859766277129372e-01
8.814691151919866741e-01
8.013355592654424209e-01
7.312186978297162687e-01
6.410684474123540255e-01
5.509181969949916713e-01
4.407345575959933370e-01
3.205342237061770128e-01
1.602671118530885064e-01
-5.609348914858097723e-01
-5.509181969949916713e-01
-5.509181969949916713e-01
-5.509181969949916713e-01
-5.509181969949916713e-01
-5.509181969949916713e-01
-5.509181969949916713e-01
-5.509181969949916713e-01
-5.509181969949916713e-01
-5.609348914858097723e-01
-5.509181969949916713e-01
-5.509181969949916713e-01
-5.509181969949916713e-01
-5.509181969949916713e-01
-5.509181969949916713e-01
-5.609348914858097723e-01
-5.609348914858097723e-01
-5.609348914858097723e-01
-5.509181969949916713e-01
-5.509181969949916713e-01
-5.509181969949916713e-01
-5.509181969949916713e-01
-5.509181969949916713e-01
