8.914858096828046641e-01
8.914858096828046641e-01
8.814691151919866741e-01
8.614357262103506940e-01
8.414023372287144920e-01
8.313856427378965019e-01
8.213689482470785119e-01
8.113522537562604109e-01
7.913188647746244309e-01
7.712854757929884508e-01
7.612687813021702388e-01
7.512520868113522488e-01
7.312186978297162687e-01
7.111853088480801777e-01
6.911519198664440866e-01
6.811352253756260966e-01
6.611018363939900055e-01
6.410684474123540255e-01
6.210350584307179345e-01
6.110183639398998334e-01
5.909849749582637424e-01
5.709515859766277623e-01
5.409015025041736813e-01
5.208681135225375902e-01
4.908180300500835092e-01
4.707846410684474736e-01
4.407345575959933370e-01
4.106844741235392560e-01
3.906510851419032204e-01
3.606010016694491394e-01
3.205342237061770128e-01
2.804674457429048862e-01
2.303839732888146863e-01
1.702838063439065242e-01
8.013355592654425319e-02
-1.147609147609147673e+00
-1.148148148148148140e+00
-1.151919866444073515e+00
-1.141903171953255525e+00
-1.141903171953255525e+00
-1.141903171953255525e+00
-1.141903171953255525e+00
-1.151919866444073515e+00
-1.141903171953255525e+00
-1.141903171953255525e+00
-1.141903171953255525e+00
-1.141903171953255525e+00
-1.141903171953255525e+00
-1.141903171953255525e+00
-1.141903171953255525e+00
