1.572621035058430872e+00
1.552587646076794892e+00
1.512520868113522488e+00
1.482470784641068517e+00
1.442404006677796557e+00
1.402337228714524375e+00
1.372287145242070183e+00
1.332220367278798001e+00
1.292153589315526041e+00
1.252086811352253859e+00
1.212020033388981677e+00
1.161936560934891505e+00
1.121869782971619545e+00
1.071786310517529373e+00
1.011686143572620988e+00
9.515859766277129372e-01
9.015025041736227651e-01
8.414023372287144920e-01
7.712854757929884508e-01
6.903553299492385387e-01
6.124567474048443483e-01
5.133689839572193048e-01
3.870967741935483764e-01
2.009569377990430838e-01
-4.353790613718412139e+00
-4.351648351648352175e+00
-4.351648351648352175e+00
-4.345588235294117752e+00
-4.345588235294117752e+00
-4.345588235294117752e+00
-4.351648351648352175e+00
-4.351648351648352175e+00
-4.351648351648352175e+00
-4.351648351648352175e+00
-4.351648351648352175e+00
-4.351648351648352175e+00
-4.351648351648352175e+00
-4.345588235294117752e+00
-4.357894736842105488e+00
-4.336842105263158054e+00
-4.352112676056338891e+00
-4.352112676056338891e+00
-4.352112676056338891e+00
-4.352112676056338891e+00
-4.352112676056338891e+00
-4.352112676056338891e+00
-4.352112676056338891e+00
-4.352112676056338891e+00
-4.367491166077738463e+00
-4.346289752650177363e+00
