1.572621035058430872e+00
1.542570951585976902e+00
1.512520868113522488e+00
1.482470784641068517e+00
1.442404006677796557e+00
1.412353923205342365e+00
1.372287145242070183e+00
1.332220367278798001e+00
1.292153589315526041e+00
1.252086811352253859e+00
1.202003338898163687e+00
1.161936560934891505e+00
1.121869782971619545e+00
1.071786310517529373e+00
1.011686143572620988e+00
9.616026711185309273e-01
9.015025041736227651e-01
8.414023372287144920e-01
7.712854757929884508e-01
7.040816326530613400e-01
6.135181975736568871e-01
5.133689839572193048e-01
3.849056603773585161e-01
1.935483870967741882e-01
-5.096234309623431713e+00
-5.106382978723404520e+00
-5.102564102564103088e+00
-5.102564102564103088e+00
-5.098712446351931327e+00
-5.098712446351931327e+00
-5.124463519313305682e+00
-5.124463519313305682e+00
-5.098712446351931327e+00
-5.120689655172413701e+00
-5.116883116883117033e+00
-5.116883116883117033e+00
-5.116883116883117033e+00
-5.116883116883117033e+00
-5.120689655172413701e+00
-5.094827586206896797e+00
-5.094827586206896797e+00
-5.094827586206896797e+00
-5.098712446351931327e+00
-5.124463519313305682e+00
-5.124463519313305682e+00
-5.102564102564103088e+00
-5.102564102564103088e+00
-5.102564102564103088e+00
-5.102564102564103088e+00
-5.106382978723404520e+00
