3.368852459016393741e+00
3.345679012345678771e+00
3.394572025052192465e+00
3.361522198731501376e+00
3.270440251572326762e+00
3.086776859504132275e+00
2.944558521560574960e+00
2.987500000000000266e+00
3.128755364806866890e+00
3.217582417582417698e+00
2.980306345733041873e+00
2.757446808510638281e+00
2.795604395604395886e+00
2.878923766816143814e+00
2.199095022624434570e+00
2.452747252747252915e+00
2.416107382550335636e+00
2.104072398190045323e+00
1.066059225512528519e+00
1.400457665903890314e+00
6.136363636363637575e-01
5.080091533180778329e-01
3.963553530751708909e-01
2.608695652173912971e-01
-2.904841402337228762e-01
-2.804674457429048862e-01
-2.804674457429048862e-01
-2.804674457429048862e-01
-2.804674457429048862e-01
-2.804674457429048862e-01
-2.804674457429048862e-01
-2.804674457429048862e-01
-2.904841402337228762e-01
-2.804674457429048862e-01
-2.804674457429048862e-01
-2.804674457429048862e-01
-2.804674457429048862e-01
-2.804674457429048862e-01
-2.804674457429048862e-01
-2.804674457429048862e-01
-2.804674457429048862e-01
-2.804674457429048862e-01
-2.904841402337228762e-01
-2.904841402337228762e-01
-2.904841402337228762e-01
-2.904841402337228762e-01
-2.804674457429048862e-01
-2.804674457429048862e-01
-2.804674457429048862e-01
-2.804674457429048862e-01
