3.678646934460887863e+00
3.491596638655462659e+00
3.293139293139293322e+00
3.281837160751565730e+00
3.448717948717948456e+00
3.379014989293362081e+00
3.282051282051282382e+00
3.199143468950749636e+00
3.168103448275862544e+00
3.177242888402625809e+00
2.365638766519824188e+00
2.947598253275109048e+00
2.881057268722467146e+00
2.698689956331878026e+00
1.143497757847533602e+00
1.986577181208053711e+00
2.084632516703786465e+00
2.138084632516703998e+00
7.937219730941703633e-01
6.979865771812080455e-01
6.094808126410835580e-01
5.246636771300449142e-01
3.783783783783783439e-01
1.752808988764045228e-01
-1.067915690866510614e+00
-1.061769616026711160e+00
-1.071786310517529373e+00
-1.071786310517529373e+00
-1.071786310517529373e+00
-1.061769616026711160e+00
-1.071786310517529373e+00
-1.061769616026711160e+00
-1.071786310517529373e+00
-1.071786310517529373e+00
-1.061769616026711160e+00
-1.061769616026711160e+00
-1.061769616026711160e+00
-1.071786310517529373e+00
-1.071786310517529373e+00
-1.071786310517529373e+00
-1.071786310517529373e+00
-1.061769616026711160e+00
-1.061769616026711160e+00
-1.061769616026711160e+00
-1.061769616026711160e+00
-1.061769616026711160e+00
-1.071786310517529373e+00
-1.071786310517529373e+00
-1.071786310517529373e+00
-1.071786310517529373e+00
