2.287281362658100115e-03
2.554934744069203845e-03
2.801184886949803499e-03
2.998113118425183021e-03
3.305034555965757903e-03
3.787614708204545266e-03
4.036794940640020535e-03
4.602825901812823695e-03
4.885714917084338360e-03
5.182845982541040009e-03
6.067995741538934062e-03
6.560562268216552084e-03
7.222786787992596658e-03
8.402594872799262760e-03
9.535503265475808732e-03
1.077395788162149870e-02
1.044495003347800655e-02
1.378127563663245070e-02
1.533005009238053162e-02
1.752901243905524709e-02
1.904540854575742514e-02
2.433297316936355870e-02
2.297870319435446618e-02
3.228333644091119226e-02
4.003908104984654770e-02
6.223061857723699575e-02
1.027904784332114296e-01
1.581785774070421091e-01
2.727464077231331885e-01
3.907363205531728667e-01
