2.140909899975895758e-03
2.393439410673658951e-03
2.627577458645002917e-03
2.826287035902208533e-03
3.059286291219653897e-03
3.526008059391627647e-03
3.871198468453629360e-03
4.305097269769020407e-03
4.750835959101640249e-03
5.205598300575098314e-03
5.511187925549942968e-03
6.481593751713532470e-03
7.122698605380284320e-03
7.748638279079234081e-03
8.103156157639901380e-03
9.735300187291073826e-03
1.089784090872347733e-02
1.242078040086647128e-02
1.421686085593365512e-02
1.699442143750595768e-02
1.706701678329647365e-02
2.104860035878530766e-02
2.614220538334732780e-02
2.985530449883810888e-02
4.192894553141379710e-02
5.703325858542318549e-02
8.949321859481385033e-02
1.514150499726327759e-01
1.963169888114473238e-01
3.334072527772824479e-01
