2.360617363051764617e-03
2.635727257850217775e-03
2.887776776671235890e-03
3.082696051721012243e-03
3.431993679402611797e-03
3.910606491877799407e-03
4.097507366343511315e-03
4.711906955662259477e-03
4.879205661268648520e-03
5.549292859407750633e-03
6.406998814882491899e-03
6.582391688365829552e-03
7.853325358065488260e-03
8.849876368380860114e-03
8.959349051784748497e-03
1.072917328570555107e-02
1.239328287236496351e-02
1.237851411923918121e-02
1.523614230938541425e-02
1.799350744212846465e-02
2.007815630311027277e-02
2.517090565371393751e-02
2.564255122169045720e-02
3.356714061939403138e-02
4.396661258798162386e-02
6.491066969155001587e-02
1.014782350108305309e-01
1.559315600145896319e-01
2.494988844563748032e-01
4.299925627457161781e-01
