2.455051129792829023e-03
2.739641732987851963e-03
2.998885903756687288e-03
3.190090738971251838e-03
3.594381239844957054e-03
4.059966707299356159e-03
4.253016680148324902e-03
4.809620029606831437e-03
5.248146798503383614e-03
5.969635359314939826e-03
6.646124691289223563e-03
7.299754159964533251e-03
8.179205928163013617e-03
8.551580123320468019e-03
1.007479716411396886e-02
1.091115206717185870e-02
1.215858834002880862e-02
1.479550307064725345e-02
1.559554664197615459e-02
1.598984706759365437e-02
2.242086837915202580e-02
2.573546112191182900e-02
2.397616676720693007e-02
3.747019985699351352e-02
4.564790892877423900e-02
6.313667268321454529e-02
1.046244671600953247e-01
1.517547048094480822e-01
2.201443348578515646e-01
4.335300412466756015e-01
