1.762938230383973348e+00
1.762938230383973348e+00
1.752921535893155358e+00
1.732888146911519378e+00
1.722871452420701388e+00
1.712854757929883398e+00
1.692821368948246974e+00
1.682804674457428984e+00
1.672787979966610994e+00
1.662771285475793004e+00
1.652754590984975014e+00
1.642737896494157024e+00
1.632721202003339034e+00
1.612687813021702832e+00
1.602671118530884842e+00
1.582637729549248862e+00
1.572621035058430872e+00
1.562604340567612882e+00
1.552587646076794892e+00
1.532554257095158468e+00
1.522537562604340478e+00
1.502504173622704498e+00
1.492487479131886507e+00
1.472454090150250527e+00
1.462437395659432537e+00
1.452420701168614547e+00
1.442404006677796557e+00
1.422370617696160355e+00
1.412353923205342365e+00
1.402337228714524375e+00
1.382303839732888173e+00
1.362270450751252193e+00
1.342237061769615991e+00
1.322203672787980011e+00
1.312186978297162021e+00
1.292153589315526041e+00
1.282136894824708051e+00
1.272120200333890061e+00
1.252086811352253859e+00
1.232053422370617879e+00
1.222036727879799667e+00
1.202003338898163687e+00
1.181969949916527485e+00
1.151919866444073515e+00
1.141903171953255525e+00
1.121869782971619545e+00
1.101836393989983343e+00
1.081803005008347363e+00
1.071786310517529373e+00
1.041736227045075180e+00
