1.762938230383973348e+00
1.752921535893155358e+00
1.732888146911519378e+00
1.722871452420701388e+00
1.712854757929883398e+00
1.692821368948246974e+00
1.672787979966610994e+00
1.662771285475793004e+00
1.642737896494157024e+00
1.622704507512520822e+00
1.602671118530884842e+00
1.592654424040066852e+00
1.572621035058430872e+00
1.552587646076794892e+00
1.542570951585976902e+00
1.522537562604340478e+00
1.502504173622704498e+00
1.492487479131886507e+00
1.462437395659432537e+00
1.452420701168614547e+00
1.422370617696160355e+00
1.412353923205342365e+00
1.392320534223706163e+00
1.372287145242070183e+00
1.342237061769615991e+00
1.332220367278798001e+00
1.302170283806344031e+00
1.292153589315526041e+00
1.272120200333890061e+00
1.242070116861435869e+00
1.222036727879799667e+00
1.191986644407345697e+00
1.171953255425709495e+00
1.151919866444073515e+00
1.121869782971619545e+00
1.101836393989983343e+00
1.071786310517529373e+00
1.051752921535893170e+00
1.021702838063439200e+00
9.816360601001670183e-01
9.616026711185309273e-01
9.315525876460767352e-01
8.914858096828046641e-01
8.714524207011686840e-01
8.213689482470785119e-01
7.913188647746244309e-01
7.512520868113522488e-01
7.111853088480801777e-01
6.711185308848079956e-01
6.310517529215359245e-01
