0.000000000000000000e+00
5.000625078134923740e-03
0.000000000000000000e+00
5.000625078134923740e-03
1.500187523440421611e-02
3.000375046880865426e-02
5.500687585948238478e-02
6.500812601575201022e-02
8.001000125015622633e-02
9.501187648456055346e-02
1.100137517189648806e-01
1.050131266408301789e-01
1.150143767970996378e-01
1.100137517189648806e-01
1.150143767970996378e-01
1.100137517189648806e-01
1.050131266408300817e-01
9.001125140642579625e-02
8.001000125015626796e-02
6.500812601575195471e-02
4.000500062507812704e-02
1.500187523440429938e-02
1.500187523440429938e-02
5.500687585948238478e-02
9.501187648456055346e-02
1.500187523440429382e-01
2.150268783597948929e-01
2.950368796099513413e-01
4.000500062507812982e-01
5.400675084385546665e-01
