4.006677796327212104e-01
3.105175292153589672e-01
1.702838063439065242e-01
-1.550000000000000266e+00
-1.890410958904109595e+00
-2.037735849056603765e+00
-2.048780487804878536e+00
-3.176470588235294379e+00
-2.482758620689655249e+00
-2.640000000000000124e+00
-2.454545454545455030e+00
-3.000000000000000000e+00
-2.666666666666666519e+00
-3.000000000000000000e+00
-3.600000000000000089e+00
-3.000000000000000000e+00
-3.230769230769230838e+00
-3.500000000000000444e+00
-3.272727272727272485e+00
-4.363636363636364202e+00
-4.800000000000000711e+00
-3.600000000000000089e+00
-3.333333333333333481e+00
-4.000000000000000000e+00
-3.750000000000000000e+00
-3.750000000000000000e+00
-5.250000000000000000e+00
-4.285714285714286476e+00
-6.000000000000000000e+00
-3.428571428571428381e+00
