4.006677796327212104e-01
3.205342237061770128e-01
3.806343906510851194e-01
-1.167785234899328950e+00
-1.161290322580645240e+00
-1.764705882352941346e+00
-1.584905660377358583e+00
-1.636363636363636243e+00
-1.783783783783783994e+00
-2.000000000000000000e+00
-2.068965517241379448e+00
-2.307692307692307931e+00
-2.608695652173913082e+00
-2.857142857142857206e+00
-2.400000000000000355e+00
-2.666666666666666519e+00
-2.470588235294117752e+00
-2.625000000000000000e+00
-2.800000000000000266e+00
-3.428571428571428381e+00
-3.230769230769230838e+00
-3.000000000000000000e+00
-3.000000000000000000e+00
-2.727272727272727515e+00
-3.818181818181818343e+00
-3.000000000000000000e+00
-3.000000000000000000e+00
-3.333333333333333481e+00
-2.666666666666666519e+00
-5.333333333333333037e+00
