4.006677796327212104e-01
3.205342237061770128e-01
1.602671118530885064e-01
-2.000000000000000000e+00
-2.465753424657534332e+00
-2.192307692307692513e+00
-2.400000000000000355e+00
-2.727272727272727515e+00
-3.111111111111111160e+00
-3.130434782608695787e+00
-3.600000000000000089e+00
-3.000000000000000000e+00
-3.000000000000000000e+00
-3.000000000000000000e+00
-3.692307692307692513e+00
-3.818181818181818343e+00
-3.600000000000000089e+00
-4.200000000000000178e+00
-4.000000000000000000e+00
-5.250000000000000000e+00
-5.250000000000000000e+00
-4.285714285714286476e+00
-5.142857142857143238e+00
-5.000000000000000888e+00
-5.000000000000000888e+00
-4.800000000000000711e+00
-4.800000000000000711e+00
-7.200000000000000178e+00
-3.600000000000000089e+00
-4.500000000000000000e+00
