4.006677796327212104e-01
3.105175292153589672e-01
1.602671118530885064e-01
-1.650000000000000133e+00
-2.054794520547945424e+00
-2.653846153846153744e+00
-2.700000000000000178e+00
-2.437500000000000000e+00
-4.222222222222222321e+00
-4.173913043478260754e+00
-3.300000000000000266e+00
-3.666666666666666963e+00
-3.750000000000000000e+00
-5.142857142857143238e+00
-6.000000000000000000e+00
-6.545454545454544970e+00
-3.600000000000000089e+00
-4.666666666666666963e+00
-4.666666666666666963e+00
-4.500000000000000000e+00
-5.142857142857143238e+00
-4.285714285714286476e+00
-7.000000000000000888e+00
-4.000000000000000000e+00
-4.800000000000000711e+00
-3.600000000000000089e+00
-4.500000000000000000e+00
-7.500000000000000000e+00
-6.000000000000000000e+00
-7.500000000000000000e+00
