4.006677796327212104e-01
3.205342237061770128e-01
1.702838063439065242e-01
-1.600000000000000089e+00
-1.890410958904109595e+00
-2.423076923076923350e+00
-2.700000000000000178e+00
-3.454545454545455030e+00
-3.333333333333333481e+00
-3.652173913043478493e+00
-3.000000000000000000e+00
-3.333333333333333481e+00
-3.375000000000000000e+00
-4.285714285714286476e+00
-4.153846153846154188e+00
-4.363636363636364202e+00
-5.400000000000000355e+00
-4.666666666666666963e+00
-4.000000000000000000e+00
-8.250000000000000000e+00
-3.428571428571428381e+00
-9.428571428571428825e+00
-5.000000000000000888e+00
-7.000000000000000888e+00
-4.800000000000000711e+00
-9.600000000000001421e+00
-6.000000000000000000e+00
-4.500000000000000000e+00
-7.500000000000000000e+00
-4.500000000000000000e+00
