4.006677796327212104e-01
3.205342237061770128e-01
1.602671118530885064e-01
-1.650000000000000133e+00
-1.972602739726027288e+00
-2.423076923076923350e+00
-2.700000000000000178e+00
-3.636363636363636687e+00
-3.555555555555555358e+00
-3.913043478260869623e+00
-3.000000000000000000e+00
-3.666666666666666963e+00
-3.750000000000000000e+00
-4.714285714285714413e+00
-4.615384615384615863e+00
-4.909090909090910060e+00
-3.600000000000000089e+00
-4.666666666666666963e+00
-4.000000000000000000e+00
-3.750000000000000000e+00
-3.428571428571428381e+00
-4.285714285714286476e+00
-5.000000000000000888e+00
-4.000000000000000000e+00
-4.800000000000000711e+00
-3.600000000000000089e+00
-8.400000000000000355e+00
-6.000000000000000000e+00
-4.500000000000000000e+00
-4.500000000000000000e+00
