4.006677796327212104e-01
3.205342237061770128e-01
1.702838063439065242e-01
-1.650000000000000133e+00
-1.972602739726027288e+00
-2.423076923076923350e+00
-2.550000000000000266e+00
-3.090909090909090828e+00
-2.888888888888888840e+00
-2.869565217391304657e+00
-3.000000000000000000e+00
-3.000000000000000000e+00
-3.750000000000000000e+00
-3.200000000000000178e+00
-5.076923076923077538e+00
-3.500000000000000444e+00
-3.272727272727272485e+00
-3.600000000000000089e+00
-3.600000000000000089e+00
-4.000000000000000000e+00
-3.333333333333333481e+00
-4.500000000000000000e+00
-5.250000000000000000e+00
-6.000000000000000000e+00
-5.142857142857143238e+00
-4.285714285714286476e+00
-7.000000000000000888e+00
-4.000000000000000000e+00
-4.000000000000000000e+00
-5.000000000000000888e+00
