4.006677796327212104e-01
3.205342237061770128e-01
1.602671118530885064e-01
-1.600000000000000089e+00
-1.890410958904109595e+00
-2.423076923076923350e+00
-2.700000000000000178e+00
-3.272727272727272485e+00
-3.333333333333333481e+00
-3.652173913043478493e+00
-3.000000000000000000e+00
-3.000000000000000000e+00
-3.375000000000000000e+00
-3.857142857142857650e+00
-4.153846153846154188e+00
-4.363636363636364202e+00
-4.800000000000000711e+00
-4.000000000000000000e+00
-4.000000000000000000e+00
-5.250000000000000000e+00
-8.571428571428572951e+00
-5.142857142857143238e+00
-4.000000000000000000e+00
-5.000000000000000888e+00
-6.000000000000000000e+00
-6.000000000000000000e+00
-4.800000000000000711e+00
-6.000000000000000000e+00
-4.500000000000000000e+00
-4.500000000000000000e+00
