1.819454863715929127e+00
1.814453613403350873e+00
1.809452363090772620e+00
1.804451112778194810e+00
1.799449862465616334e+00
1.794448612153038303e+00
1.788447111777944576e+00
1.783445861465366322e+00
1.777444361090272595e+00
1.772443110777694342e+00
1.767441860465116532e+00
1.762440610152538056e+00
1.757439359839960025e+00
1.752438109527381771e+00
1.746436609152288044e+00
1.741435358839710235e+00
1.735433858464616064e+00
1.731432858214553727e+00
1.725431357839459778e+00
1.720430107526881747e+00
1.714428607151788020e+00
1.709427356839209766e+00
1.703425856464116039e+00
1.698424606151537786e+00
1.693423355838959976e+00
1.687421855463866027e+00
1.682420605151287996e+00
1.676419104776194047e+00
1.671417854463616015e+00
1.665416354088522066e+00
1.659414853713428339e+00
1.653413353338334613e+00
1.648412103025756359e+00
1.642410602650662632e+00
1.637409352338084600e+00
1.630407601900475401e+00
1.625406351587896925e+00
1.619404851212803420e+00
1.614403600900225166e+00
1.608402100525131440e+00
1.602400600150037491e+00
1.596399099774943764e+00
1.590397599399850037e+00
1.585396349087271783e+00
1.579394848712178057e+00
1.572393098274568635e+00
1.567391847961990825e+00
1.561390347586896654e+00
1.554388597149287232e+00
1.548387096774193505e+00
