1.821455363840960295e+00
1.820455113778444600e+00
1.818454613653413432e+00
1.817454363590897959e+00
1.817454363590897959e+00
1.815453863465866791e+00
1.814453613403350873e+00
1.813453363340835178e+00
1.811452863215804010e+00
1.810452613153288315e+00
1.809452363090772620e+00
1.809452363090772620e+00
1.807451862965741451e+00
1.806451612903225978e+00
1.805451362840710283e+00
1.803450862715678893e+00
1.802450612653163198e+00
1.801450362590647725e+00
1.799449862465616334e+00
1.798449612403100861e+00
1.797449362340585166e+00
1.797449362340585166e+00
1.795448862215553998e+00
1.794448612153038303e+00
1.793448362090522830e+00
1.792448112028006912e+00
1.790447611902975744e+00
1.789447361840460049e+00
1.788447111777944576e+00
1.787446861715428881e+00
1.785446361590397490e+00
1.784446111527882017e+00
1.783445861465366322e+00
1.782445611402850849e+00
1.780445111277819681e+00
1.779444861215303764e+00
1.778444611152788513e+00
1.777444361090272595e+00
1.776444111027756900e+00
1.774443610902725732e+00
1.773443360840210037e+00
1.772443110777694342e+00
1.771442860715178869e+00
1.769442360590147700e+00
1.768442110527632005e+00
1.767441860465116532e+00
1.766441610402600615e+00
1.765441360340084920e+00
1.764441110277569447e+00
1.762440610152538056e+00
