1.812453113278319483e+00
1.795448862215553998e+00
1.777444361090272595e+00
1.758439609902475720e+00
1.741435358839710235e+00
1.722430607651912915e+00
1.704426106526631957e+00
1.685421355338834637e+00
1.665416354088522066e+00
1.646411602900725191e+00
1.626406601650412620e+00
1.606401600400100271e+00
1.586396599149787479e+00
1.565391347836959213e+00
1.545386346586646864e+00
1.523380845211302903e+00
1.502375593898474637e+00
1.480370092523130676e+00
1.458364591147786715e+00
1.436359089772443198e+00
1.413353338334583542e+00
1.390347586896724108e+00
1.367341835458864674e+00
1.342335583895974072e+00
1.318329582395598942e+00
1.293323330832708118e+00
1.268317079269817516e+00
1.241310327581895523e+00
1.214303575893973530e+00
1.187296824206051538e+00
1.159289822455613850e+00
1.131282820705176384e+00
1.102275568892223001e+00
1.071267816954238450e+00
1.041260315078769594e+00
1.008252063015753874e+00
9.762440610152539611e-01
9.432358089522380196e-01
9.092273068267067160e-01
8.752188047011753014e-01
8.422105526381595819e-01
8.092023005751437514e-01
7.781945486371594223e-01
7.481870467616904552e-01
7.201800450112527674e-01
6.931732933233308858e-01
6.661665416354087821e-01
6.411602900725180687e-01
6.161540385096273553e-01
5.921480370092523371e-01
