1.812453113278319483e+00
1.794448612153038303e+00
1.775443860965241205e+00
1.756439109777444552e+00
1.737434358589647454e+00
1.717429357339335105e+00
1.698424606151537786e+00
1.678419604901225215e+00
1.658414603650912866e+00
1.638409602400600074e+00
1.616404101025256335e+00
1.596399099774943764e+00
1.574393598399599803e+00
1.553388347086771759e+00
1.531382845711427798e+00
1.508377094273568586e+00
1.486371592898224625e+00
1.463365841460365191e+00
1.440360090022505535e+00
1.416354088522130628e+00
1.391347836959239803e+00
1.367341835458864674e+00
1.342335583895974072e+00
1.317329332333083247e+00
1.290322580645161255e+00
1.264316079019754957e+00
1.236309077269317269e+00
1.208302075518879803e+00
1.180295073768442116e+00
1.151287821955488955e+00
1.120280070017504404e+00
1.090272568142035547e+00
1.058264566141535301e+00
1.025256314078519582e+00
9.922480620155038622e-01
9.572393098274568635e-01
9.212303075768941696e-01
8.852213053263315867e-01
8.492123030757688928e-01
8.142035508877218941e-01
7.801950487621905905e-01
7.481870467616904552e-01
7.171792948237057930e-01
6.881720430107527431e-01
6.591647911977994712e-01
6.321580395098774785e-01
6.051512878219554858e-01
5.791447861965491883e-01
5.551387846961740591e-01
5.311327831957989298e-01
