1.818454613653413432e+00
1.810452613153288315e+00
1.803450862715678893e+00
1.795448862215553998e+00
1.788447111777944576e+00
1.780445111277819681e+00
1.773443360840210037e+00
1.765441360340084920e+00
1.757439359839960025e+00
1.750437609402350603e+00
1.742435608902225486e+00
1.734433608402100591e+00
1.726431607901975473e+00
1.718429607401850356e+00
1.711427856964241156e+00
1.702425606401600344e+00
1.694423605901475449e+00
1.686421605401350332e+00
1.678419604901225215e+00
1.671417854463616015e+00
1.662415603900975203e+00
1.654413603400850530e+00
1.645411352838209718e+00
1.637409352338084600e+00
1.629407351837959483e+00
1.621405351337834588e+00
1.612403100775193776e+00
1.604401100275068659e+00
1.596399099774943764e+00
1.587396849212303174e+00
1.578394598649662361e+00
1.569392348087021993e+00
1.561390347586896654e+00
1.552388097024256064e+00
1.543385846461615696e+00
1.534383595898974884e+00
1.525381345336334071e+00
1.516379094773693481e+00
1.508377094273568586e+00
1.498374593648412079e+00
1.489372343085771488e+00
1.479369842460615203e+00
1.470367591897974391e+00
1.461365341335333801e+00
1.452363090772693210e+00
1.443360840210052398e+00
1.433358339584896335e+00
1.423355838959739605e+00
1.413353338334583542e+00
1.404351087771942952e+00
