1.803200544773578384e+00
1.766109785202863991e+00
1.727552065551382743e+00
1.686944634313055635e+00
1.646253848785494300e+00
1.604929818555289600e+00
1.562178828365878847e+00
1.517477724468814237e+00
1.470180305131761456e+00
1.423752635277582668e+00
1.374688057040998279e+00
1.324147933284988810e+00
1.271249076127124900e+00
1.215419501133786939e+00
1.156383391540551031e+00
1.094551282051282159e+00
1.030000000000000027e+00
9.601401664476566511e-01
8.843091334894614963e-01
8.016486347243689803e-01
7.105263157894736725e-01
6.031746031746031411e-01
4.784313725490196845e-01
-2.656290531776912989e+00
-3.422512234910277673e+00
-3.422628951747088699e+00
-3.422352448723315010e+00
-3.423529411764705710e+00
-3.422315789473684422e+00
-3.424715309995782775e+00
-3.422297297297297369e+00
-3.423499577345731293e+00
-3.423011844331641296e+00
-3.424216765453005795e+00
-3.423972892842015892e+00
-3.423728813559322237e+00
-3.423484527342094186e+00
-3.424936386768447694e+00
-3.422995333050487865e+00
-3.422750424448217643e+00
-3.422750424448217643e+00
-3.424203821656051083e+00
-3.424203821656051083e+00
-3.423959218351741995e+00
-3.423959218351741995e+00
-3.423714407139821780e+00
-3.423714407139821780e+00
-3.423714407139821780e+00
-3.423469387755102566e+00
-3.423469387755102566e+00
