1.804451112778194810e+00
1.766441610402600615e+00
1.728432108027006642e+00
1.689422355588897195e+00
1.649412353088272054e+00
1.608402100525131440e+00
1.566391597899474908e+00
1.523380845211302903e+00
1.479369842460615203e+00
1.433358339584896335e+00
1.385346336584146076e+00
1.336334083520879901e+00
1.284321080270067306e+00
1.230307576894223542e+00
1.174293573393348389e+00
1.115278819704926150e+00
1.053263315828957269e+00
9.862465616404101354e-01
9.152288072018005538e-01
8.362090522630657441e-01
7.511877969492373186e-01
6.531632908227056333e-01
5.381345336334083518e-01
3.880970242560640160e-01
1.121399176954732541e-01
-3.026249550521395104e+00
-3.027859237536656867e+00
-3.026587887740029625e+00
-3.025583982202447064e+00
-3.026022304832713949e+00
-3.025698324022346508e+00
-3.025736665423349514e+00
-3.026138909634055185e+00
-3.028400597907324521e+00
-3.027673896783844576e+00
-3.025449101796407358e+00
-3.026217228464419318e+00
-3.027351067815661434e+00
-3.025487256371814038e+00
-3.028121484814398023e+00
-3.026256564141035277e+00
-3.025891181988742851e+00
-3.027392120075047544e+00
-3.027027027027027195e+00
-3.027027027027027195e+00
-3.025159594442358379e+00
-3.028163725122043015e+00
-3.026296018031555679e+00
-3.026296018031555679e+00
-3.025930101465614808e+00
