1.816454113528382042e+00
1.805451362840710283e+00
1.793448362090522830e+00
1.781445361340335154e+00
1.770442610652663173e+00
1.759439859964991193e+00
1.747436859214803739e+00
1.734433608402100591e+00
1.723430857714428610e+00
1.711427856964241156e+00
1.698424606151537786e+00
1.686421605401350332e+00
1.673418354588647183e+00
1.661415353838459508e+00
1.649412353088272054e+00
1.636409102275568905e+00
1.623405851462865757e+00
1.610402600650162608e+00
1.598399599899974932e+00
1.585396349087271783e+00
1.571392848212053162e+00
1.558389597399350013e+00
1.544386096524130947e+00
1.531382845711427798e+00
1.518379594898724649e+00
1.503375843960990332e+00
1.490372593148286962e+00
1.476369092273068340e+00
1.461365341335333801e+00
1.447361840460114735e+00
1.433358339584896335e+00
1.418354588647161796e+00
1.402350587646911784e+00
1.388347086771692940e+00
1.373343335833958179e+00
1.357339334833708389e+00
1.342335583895974072e+00
1.326331582895723837e+00
1.310327581895473603e+00
1.294323580895223813e+00
1.277319329832458106e+00
1.261315328832208094e+00
1.245311327831958081e+00
1.227306826706676679e+00
1.210302575643910972e+00
1.193298324581145264e+00
1.174293573393348389e+00
1.157289322330582682e+00
1.139284821205301279e+00
1.119279819954988708e+00
