1.808452113028257147e+00
1.778444611152788513e+00
1.748437109277319434e+00
1.719429857464366274e+00
1.688422105526381500e+00
1.657414353588397171e+00
1.625406351587896925e+00
1.592398099524881205e+00
1.560390097524381181e+00
1.525381345336334071e+00
1.490372593148286962e+00
1.455363840960240074e+00
1.418354588647161796e+00
1.381345336334083518e+00
1.341335333833458376e+00
1.302325581395348930e+00
1.261315328832208094e+00
1.217304326081520394e+00
1.173293323330832694e+00
1.127281820455113825e+00
1.078269567391847872e+00
1.028257064266066445e+00
9.752438109527381549e-01
9.182295573893473062e-01
8.582145536384095941e-01
7.941985496374093234e-01
7.231807951987997418e-01
6.471617904476119065e-01
5.671417854463616237e-01
4.911227806951737884e-01
4.241060265066266544e-01
3.630907726931733026e-01
3.070767691922980935e-01
2.560640160040010271e-01
2.060515128782195449e-01
1.600400100025006211e-01
1.150287571892973232e-01
7.301825456364091638e-02
3.200800200050012839e-02
-7.001750437609402002e-03
-4.601150287571893066e-02
-8.402100525131282749e-02
-1.220305076269067451e-01
-1.580395098774693696e-01
-1.940485121280320080e-01
-2.300575143785946464e-01
-2.650662665666416729e-01
-2.990747686921730319e-01
-3.340835208802199752e-01
-3.680920230057514453e-01
