1.812453113278319483e+00
1.792448112028006912e+00
1.771442860715178869e+00
1.751437859464866298e+00
1.729432358089522337e+00
1.708427106776694293e+00
1.687421855463866027e+00
1.665416354088522066e+00
1.643410852713178549e+00
1.621405351337834588e+00
1.598399599899974932e+00
1.574393598399599803e+00
1.551387846961740369e+00
1.527381845461365240e+00
1.504376094023505805e+00
1.479369842460615203e+00
1.454363590897724379e+00
1.428357089272318081e+00
1.402350587646911784e+00
1.376344086021505486e+00
1.349337334333583494e+00
1.321330332583145584e+00
1.293323330832708118e+00
1.264316079019754957e+00
1.234308577144286101e+00
1.204301075268817245e+00
1.173293323330832694e+00
1.141285321330332669e+00
1.107276819204801255e+00
1.073268317079269840e+00
1.039259814953738426e+00
1.002250562640660148e+00
9.642410602650663964e-01
9.252313078269567281e-01
8.862215553888471709e-01
8.452113028257064453e-01
8.042010502625657198e-01
7.651912978244562735e-01
7.291822955738933576e-01
6.931732933233308858e-01
6.591647911977994712e-01
6.271567891972993358e-01
5.961490372593147846e-01
5.661415353838459286e-01
5.381345336334083518e-01
5.101275318829707750e-01
4.841210302575643665e-01
4.581145286321580690e-01
4.331082770692673556e-01
4.091022755688922263e-01
