0.000e+00  0.000e+00  4.083e-01
1.000e+00  0.000e+00  4.083e-01
2.000e+00  0.000e+00  4.083e-01
3.000e+00  0.000e+00  4.083e-01
4.000e+00  0.000e+00  4.083e-01
5.000e+00  0.000e+00  4.083e-01
6.000e+00  0.000e+00  4.083e-01
7.000e+00  0.000e+00  4.083e-01
8.000e+00  0.000e+00  4.083e-01
9.000e+00  0.000e+00  4.083e-01
1.000e+01  0.000e+00  4.083e-01
1.100e+01  0.000e+00  4.083e-01
1.200e+01  0.000e+00  4.083e-01
1.300e+01  0.000e+00  4.083e-01
1.400e+01  0.000e+00  4.083e-01
1.500e+01  0.000e+00  4.083e-01
1.600e+01  0.000e+00  4.083e-01
1.700e+01  0.000e+00  4.083e-01
1.800e+01  0.000e+00  4.083e-01
1.900e+01  0.000e+00  4.083e-01
2.000e+01  0.000e+00  4.083e-01
2.100e+01  0.000e+00  4.083e-01
2.200e+01  0.000e+00  4.083e-01
2.300e+01  0.000e+00  4.083e-01
2.400e+01  0.000e+00  4.083e-01
2.500e+01  0.000e+00  4.083e-01
2.600e+01  0.000e+00  4.083e-01
2.700e+01  0.000e+00  4.083e-01
2.800e+01  0.000e+00  4.083e-01
2.900e+01  0.000e+00  4.083e-01
3.000e+01  0.000e+00  4.083e-01
3.100e+01  0.000e+00  4.083e-01
3.200e+01  0.000e+00  4.083e-01
3.300e+01  0.000e+00  4.083e-01
3.400e+01  0.000e+00  4.083e-01
3.500e+01  0.000e+00  4.083e-01
3.600e+01  0.000e+00  4.083e-01
3.700e+01  0.000e+00  4.083e-01
3.800e+01  0.000e+00  4.083e-01
3.900e+01  0.000e+00  4.083e-01
4.000e+01  0.000e+00  4.083e-01
4.100e+01  0.000e+00  4.083e-01
4.200e+01  0.000e+00  4.083e-01
4.300e+01  0.000e+00  4.083e-01
4.400e+01  0.000e+00  4.083e-01
4.500e+01  0.000e+00  4.083e-01
4.600e+01  0.000e+00  4.083e-01
4.700e+01  0.000e+00  4.083e-01
4.800e+01  0.000e+00  4.083e-01
4.900e+01  0.000e+00  4.083e-01
5.000e+01  0.000e+00  4.083e-01
5.100e+01  0.000e+00  4.083e-01
5.200e+01  0.000e+00  4.083e-01
5.300e+01  0.000e+00  4.083e-01
5.400e+01  0.000e+00  4.083e-01
5.500e+01  0.000e+00  4.083e-01
5.600e+01  0.000e+00  4.083e-01
5.700e+01  0.000e+00  4.083e-01
5.800e+01  0.000e+00  4.083e-01
5.900e+01  0.000e+00  4.083e-01
6.000e+01  0.000e+00  4.083e-01
6.100e+01  0.000e+00  4.083e-01
6.200e+01  0.000e+00  4.083e-01
6.300e+01  0.000e+00  4.083e-01
6.400e+01  0.000e+00  4.083e-01
6.500e+01  0.000e+00  4.083e-01
6.600e+01  0.000e+00  4.083e-01
6.700e+01  0.000e+00  4.083e-01
6.800e+01  0.000e+00  4.083e-01
6.900e+01  0.000e+00  4.083e-01
7.000e+01  0.000e+00  4.083e-01
7.100e+01  0.000e+00  4.083e-01
7.200e+01  0.000e+00  4.083e-01
7.300e+01  0.000e+00  4.083e-01
7.400e+01  0.000e+00  4.083e-01
7.500e+01  0.000e+00  4.083e-01
7.600e+01  0.000e+00  4.083e-01
7.700e+01  0.000e+00  4.083e-01
7.800e+01  0.000e+00  4.083e-01
7.900e+01  0.000e+00  4.083e-01
8.000e+01  0.000e+00  4.083e-01
8.100e+01  0.000e+00  4.083e-01
8.200e+01  0.000e+00  4.083e-01
8.300e+01  0.000e+00  4.083e-01
8.400e+01  0.000e+00  4.083e-01
8.500e+01  0.000e+00  4.083e-01
8.600e+01  0.000e+00  4.083e-01
8.700e+01  0.000e+00  4.083e-01
8.800e+01  0.000e+00  4.083e-01
8.900e+01  0.000e+00  4.083e-01
9.000e+01  0.000e+00  4.083e-01
9.100e+01  0.000e+00  4.083e-01
9.200e+01  0.000e+00  4.083e-01
9.300e+01  0.000e+00  4.083e-01
9.400e+01  0.000e+00  4.083e-01
9.500e+01  0.000e+00  4.083e-01
9.600e+01  0.000e+00  4.083e-01
9.700e+01  0.000e+00  4.083e-01
9.800e+01  0.000e+00  4.083e-01
9.900e+01  0.000e+00  4.083e-01
1.000e+02  0.000e+00  4.083e-01
1.010e+02  0.000e+00  4.083e-01
1.020e+02  0.000e+00  4.083e-01
1.030e+02  0.000e+00  4.083e-01
1.040e+02  0.000e+00  4.083e-01
1.050e+02  0.000e+00  4.083e-01
1.060e+02  0.000e+00  4.083e-01
1.070e+02  0.000e+00  4.083e-01
1.080e+02  0.000e+00  4.083e-01
1.090e+02  0.000e+00  4.083e-01
1.100e+02  0.000e+00  4.083e-01
1.110e+02  0.000e+00  4.083e-01
1.120e+02  0.000e+00  4.083e-01
1.130e+02  0.000e+00  4.083e-01
1.140e+02  0.000e+00  4.083e-01
1.150e+02  0.000e+00  4.083e-01
1.160e+02  0.000e+00  4.083e-01
1.170e+02  0.000e+00  4.083e-01
1.180e+02  0.000e+00  4.083e-01
1.190e+02  0.000e+00  4.083e-01
1.200e+02  0.000e+00  4.083e-01
1.210e+02  0.000e+00  4.083e-01
1.220e+02  0.000e+00  4.083e-01
1.230e+02  0.000e+00  4.083e-01
1.240e+02  0.000e+00  4.083e-01
1.250e+02  0.000e+00  4.083e-01
1.260e+02  0.000e+00  4.083e-01
1.270e+02  0.000e+00  4.083e-01
1.280e+02  0.000e+00  4.083e-01
1.290e+02  0.000e+00  4.083e-01
1.300e+02  0.000e+00  4.083e-01
1.310e+02  0.000e+00  4.083e-01
1.320e+02  0.000e+00  4.083e-01
1.330e+02  0.000e+00  4.083e-01
1.340e+02  0.000e+00  4.083e-01
1.350e+02  0.000e+00  4.083e-01
1.360e+02  0.000e+00  4.083e-01
1.370e+02  0.000e+00  4.083e-01
1.380e+02  0.000e+00  4.083e-01
1.390e+02  0.000e+00  4.083e-01
1.400e+02  0.000e+00  4.083e-01
1.410e+02  0.000e+00  4.083e-01
1.420e+02  0.000e+00  4.083e-01
1.430e+02  0.000e+00  4.083e-01
1.440e+02  0.000e+00  4.083e-01
1.450e+02  0.000e+00  4.083e-01
1.460e+02  0.000e+00  4.083e-01
1.470e+02  0.000e+00  4.083e-01
1.480e+02  0.000e+00  4.083e-01
1.490e+02  0.000e+00  4.083e-01
1.500e+02  0.000e+00  4.083e-01
1.510e+02  0.000e+00  4.083e-01
1.520e+02  0.000e+00  4.083e-01
1.530e+02  0.000e+00  4.083e-01
1.540e+02  0.000e+00  4.083e-01
1.550e+02  0.000e+00  4.083e-01
1.560e+02  0.000e+00  4.083e-01
1.570e+02  0.000e+00  4.083e-01
1.580e+02  0.000e+00  4.083e-01
1.590e+02  0.000e+00  4.083e-01
1.600e+02  0.000e+00  4.083e-01
1.610e+02  0.000e+00  4.083e-01
1.620e+02  0.000e+00  4.083e-01
1.630e+02  0.000e+00  4.083e-01
1.640e+02  0.000e+00  4.083e-01
1.650e+02  0.000e+00  4.083e-01
1.660e+02  0.000e+00  4.083e-01
1.670e+02  0.000e+00  4.083e-01
1.680e+02  0.000e+00  4.083e-01
1.690e+02  0.000e+00  4.083e-01
1.700e+02  0.000e+00  4.083e-01
1.710e+02  0.000e+00  4.083e-01
1.720e+02  0.000e+00  4.083e-01
1.730e+02  0.000e+00  4.083e-01
1.740e+02  0.000e+00  4.083e-01
1.750e+02  0.000e+00  4.083e-01
1.760e+02  0.000e+00  4.083e-01
1.770e+02  0.000e+00  4.083e-01
1.780e+02  0.000e+00  4.083e-01
1.790e+02  0.000e+00  4.083e-01
1.800e+02  0.000e+00  4.083e-01
1.810e+02  0.000e+00  4.083e-01
1.820e+02  0.000e+00  4.083e-01
1.830e+02  0.000e+00  4.083e-01
1.840e+02  0.000e+00  4.083e-01
1.850e+02  0.000e+00  4.083e-01
1.860e+02  0.000e+00  4.083e-01
1.870e+02  0.000e+00  4.083e-01
1.880e+02  0.000e+00  4.083e-01
1.890e+02  0.000e+00  4.083e-01
1.900e+02  0.000e+00  4.083e-01
1.910e+02  0.000e+00  4.083e-01
1.920e+02  0.000e+00  4.083e-01
1.930e+02  0.000e+00  4.083e-01
1.940e+02  0.000e+00  4.083e-01
1.950e+02  0.000e+00  4.083e-01
1.960e+02  0.000e+00  4.083e-01
1.970e+02  0.000e+00  4.083e-01
1.980e+02  0.000e+00  4.083e-01
1.990e+02  0.000e+00  4.083e-01
2.000e+02  0.000e+00  4.083e-01
2.010e+02  0.000e+00  4.083e-01
2.020e+02  0.000e+00  4.083e-01
2.030e+02  0.000e+00  4.083e-01
2.040e+02  0.000e+00  4.083e-01
2.050e+02  0.000e+00  4.083e-01
2.060e+02  0.000e+00  4.083e-01
2.070e+02  0.000e+00  4.083e-01
2.080e+02  0.000e+00  4.083e-01
2.090e+02  0.000e+00  4.083e-01
2.100e+02  0.000e+00  4.083e-01
2.110e+02  0.000e+00  4.083e-01
2.120e+02  0.000e+00  4.083e-01
2.130e+02  0.000e+00  4.083e-01
2.140e+02  0.000e+00  4.083e-01
2.150e+02  0.000e+00  4.083e-01
2.160e+02  0.000e+00  4.083e-01
2.170e+02  0.000e+00  4.083e-01
2.180e+02  0.000e+00  4.083e-01
2.190e+02  0.000e+00  4.083e-01
2.200e+02  2.964e-323  4.083e-01
2.210e+02  1.186e-322  4.083e-01
2.220e+02  4.397e-322  4.083e-01
2.230e+02  1.457e-321  4.083e-01
2.240e+02  4.822e-321  4.083e-01
2.250e+02  1.592e-320  4.083e-01
2.260e+02  5.249e-320  4.083e-01
2.270e+02  1.730e-319  4.083e-01
2.280e+02  5.694e-319  4.083e-01
2.290e+02  1.873e-318  4.083e-01
2.300e+02  6.159e-318  4.083e-01
2.310e+02  2.023e-317  4.083e-01
2.320e+02  6.642e-317  4.083e-01
2.330e+02  2.179e-316  4.083e-01
2.340e+02  7.142e-316  4.083e-01
2.350e+02  2.339e-315  4.083e-01
2.360e+02  7.656e-315  4.083e-01
2.370e+02  2.504e-314  4.083e-01
2.380e+02  8.183e-314  4.083e-01
2.390e+02  2.672e-313  4.083e-01
2.400e+02  8.719e-313  4.083e-01
2.410e+02  2.843e-312  4.083e-01
2.420e+02  9.263e-312  4.083e-01
2.430e+02  3.016e-311  4.083e-01
2.440e+02  9.810e-311  4.083e-01
2.450e+02  3.189e-310  4.083e-01
2.460e+02  1.036e-309  4.083e-01
2.470e+02  3.362e-309  4.083e-01
2.480e+02  1.090e-308  4.083e-01
2.490e+02  3.533e-308  4.083e-01
2.500e+02  1.144e-307  4.083e-01
2.510e+02  3.702e-307  4.083e-01
2.520e+02  1.197e-306  4.083e-01
2.530e+02  3.867e-306  4.083e-01
2.540e+02  1.248e-305  4.083e-01
2.550e+02  4.027e-305  4.083e-01
2.560e+02  1.298e-304  4.083e-01
2.570e+02  4.180e-304  4.083e-01
2.580e+02  1.345e-303  4.083e-01
2.590e+02  4.326e-303  4.083e-01
2.600e+02  1.390e-302  4.083e-01
2.610e+02  4.463e-302  4.083e-01
2.620e+02  1.432e-301  4.083e-01
2.630e+02  4.589e-301  4.083e-01
2.640e+02  1.470e-300  4.083e-01
2.650e+02  4.705e-300  4.083e-01
2.660e+02  1.505e-299  4.083e-01
2.670e+02  4.808e-299  4.083e-01
2.680e+02  1.535e-298  4.083e-01
2.690e+02  4.898e-298  4.083e-01
2.700e+02  1.561e-297  4.083e-01
2.710e+02  4.974e-297  4.083e-01
2.720e+02  1.583e-296  4.083e-01
2.730e+02  5.035e-296  4.083e-01
2.740e+02  1.600e-295  4.083e-01
2.750e+02  5.080e-295  4.083e-01
2.760e+02  1.612e-294  4.083e-01
2.770e+02  5.110e-294  4.083e-01
2.780e+02  1.619e-293  4.083e-01
2.790e+02  5.123e-293  4.083e-01
2.800e+02  1.620e-292  4.083e-01
2.810e+02  5.120e-292  4.083e-01
2.820e+02  1.617e-291  4.083e-01
2.830e+02  5.101e-291  4.083e-01
2.840e+02  1.608e-290  4.083e-01
2.850e+02  5.065e-290  4.083e-01
2.860e+02  1.594e-289  4.083e-01
2.870e+02  5.014e-289  4.083e-01
2.880e+02  1.576e-288  4.083e-01
2.890e+02  4.947e-288  4.083e-01
2.900e+02  1.552e-287  4.083e-01
2.910e+02  4.865e-287  4.083e-01
2.920e+02  1.524e-286  4.083e-01
2.930e+02  4.769e-286  4.083e-01
2.940e+02  1.491e-285  4.083e-01
2.950e+02  4.660e-285  4.083e-01
2.960e+02  1.455e-284  4.083e-01
2.970e+02  4.538e-284  4.083e-01
2.980e+02  1.415e-283  4.083e-01
2.990e+02  4.406e-283  4.083e-01
3.000e+02  1.371e-282  4.083e-01
3.010e+02  4.263e-282  4.083e-01
3.020e+02  1.324e-281  4.083e-01
3.030e+02  4.111e-281  4.083e-01
3.040e+02  1.275e-280  4.083e-01
3.050e+02  3.952e-280  4.083e-01
3.060e+02  1.224e-279  4.083e-01
3.070e+02  3.787e-279  4.083e-01
3.080e+02  1.171e-278  4.083e-01
3.090e+02  3.616e-278  4.083e-01
3.100e+02  1.116e-277  4.083e-01
3.110e+02  3.442e-277  4.083e-01
3.120e+02  1.061e-276  4.083e-01
3.130e+02  3.266e-276  4.083e-01
3.140e+02  1.005e-275  4.083e-01
3.150e+02  3.089e-275  4.083e-01
3.160e+02  9.486e-275  4.083e-01
3.170e+02  2.911e-274  4.083e-01
3.180e+02  8.926e-274  4.083e-01
3.190e+02  2.735e-273  4.083e-01
3.200e+02  8.371e-273  4.083e-01
3.210e+02  2.561e-272  4.083e-01
3.220e+02  7.825e-272  4.083e-01
3.230e+02  2.390e-271  4.083e-01
3.240e+02  7.291e-271  4.083e-01
3.250e+02  2.223e-270  4.083e-01
3.260e+02  6.770e-270  4.083e-01
3.270e+02  2.060e-269  4.083e-01
3.280e+02  6.266e-269  4.083e-01
3.290e+02  1.904e-268  4.083e-01
3.300e+02  5.780e-268  4.083e-01
3.310e+02  1.753e-267  4.083e-01
3.320e+02  5.314e-267  4.083e-01
3.330e+02  1.609e-266  4.083e-01
3.340e+02  4.869e-266  4.083e-01
3.350e+02  1.472e-265  4.083e-01
3.360e+02  4.447e-265  4.083e-01
3.370e+02  1.342e-264  4.083e-01
3.380e+02  4.047e-264  4.083e-01
3.390e+02  1.220e-263  4.083e-01
3.400e+02  3.672e-263  4.083e-01
3.410e+02  1.105e-262  4.083e-01
3.420e+02  3.320e-262  4.083e-01
3.430e+02  9.970e-262  4.083e-01
3.440e+02  2.992e-261  4.083e-01
3.450e+02  8.969e-261  4.083e-01
3.460e+02  2.687e-260  4.083e-01
3.470e+02  8.042e-260  4.083e-01
3.480e+02  2.405e-259  4.083e-01
3.490e+02  7.186e-259  4.083e-01
3.500e+02  2.145e-258  4.083e-01
3.510e+02  6.400e-258  4.083e-01
3.520e+02  1.907e-257  4.083e-01
3.530e+02  5.680e-257  4.083e-01
3.540e+02  1.690e-256  4.083e-01
3.550e+02  5.025e-256  4.083e-01
3.560e+02  1.493e-255  4.083e-01
3.570e+02  4.430e-255  4.083e-01
3.580e+02  1.314e-254  4.083e-01
3.590e+02  3.892e-254  4.083e-01
3.600e+02  1.152e-253  4.083e-01
3.610e+02  3.409e-253  4.083e-01
3.620e+02  1.007e-252  4.083e-01
3.630e+02  2.975e-252  4.083e-01
3.640e+02  8.777e-252  4.083e-01
3.650e+02  2.587e-251  4.083e-01
3.660e+02  7.621e-251  4.083e-01
3.670e+02  2.243e-250  4.083e-01
3.680e+02  6.595e-250  4.083e-01
3.690e+02  1.938e-249  4.083e-01
3.700e+02  5.688e-249  4.083e-01
3.710e+02  1.668e-248  4.083e-01
3.720e+02  4.889e-248  4.083e-01
3.730e+02  1.431e-247  4.083e-01
3.740e+02  4.188e-247  4.083e-01
3.750e+02  1.224e-246  4.083e-01
3.760e+02  3.575e-246  4.083e-01
3.770e+02  1.043e-245  4.083e-01
3.780e+02  3.042e-245  4.083e-01
3.790e+02  8.861e-245  4.083e-01
3.800e+02  2.579e-244  4.083e-01
3.810e+02  7.500e-244  4.083e-01
3.820e+02  2.179e-243  4.083e-01
3.830e+02  6.327e-243  4.083e-01
3.840e+02  1.835e-242  4.083e-01
3.850e+02  5.319e-242  4.083e-01
3.860e+02  1.540e-241  4.083e-01
3.870e+02  4.456e-241  4.083e-01
3.880e+02  1.288e-240  4.083e-01
3.890e+02  3.721e-240  4.083e-01
3.900e+02  1.074e-239  4.083e-01
3.910e+02  3.096e-239  4.083e-01
3.920e+02  8.920e-239  4.083e-01
3.930e+02  2.568e-238  4.083e-01
3.940e+02  7.384e-238  4.083e-01
3.950e+02  2.122e-237  4.083e-01
3.960e+02  6.092e-237  4.083e-01
3.970e+02  1.748e-236  4.083e-01
3.980e+02  5.009e-236  4.083e-01
3.990e+02  1.434e-235  4.083e-01
4.000e+02  4.104e-235  4.083e-01
4.010e+02  1.173e-234  4.083e-01
4.020e+02  3.351e-234  4.083e-01
4.030e+02  9.564e-234  4.083e-01
4.040e+02  2.727e-233  4.083e-01
4.050e+02  7.769e-233  4.083e-01
4.060e+02  2.212e-232  4.083e-01
4.070e+02  6.290e-232  4.083e-01
4.080e+02  1.787e-231  4.083e-01
4.090e+02  5.074e-231  4.083e-01
4.100e+02  1.439e-230  4.083e-01
4.110e+02  4.080e-230  4.083e-01
4.120e+02  1.155e-229  4.083e-01
4.130e+02  3.269e-229  4.083e-01
4.140e+02  9.241e-229  4.083e-01
4.150e+02  2.610e-228  4.083e-01
4.160e+02  7.366e-228  4.083e-01
4.170e+02  2.077e-227  4.083e-01
4.180e+02  5.851e-227  4.083e-01
4.190e+02  1.647e-226  4.083e-01
4.200e+02  4.632e-226  4.083e-01
4.210e+02  1.301e-225  4.083e-01
4.220e+02  3.654e-225  4.083e-01
4.230e+02  1.025e-224  4.083e-01
4.240e+02  2.872e-224  4.083e-01
4.250e+02  8.043e-224  4.083e-01
4.260e+02  2.250e-223  4.083e-01
4.270e+02  6.290e-223  4.083e-01
4.280e+02  1.757e-222  4.083e-01
4.290e+02  4.902e-222  4.083e-01
4.300e+02  1.367e-221  4.083e-01
4.310e+02  3.807e-221  4.083e-01
4.320e+02  1.060e-220  4.083e-01
4.330e+02  2.946e-220  4.083e-01
4.340e+02  8.186e-220  4.083e-01
4.350e+02  2.273e-219  4.083e-01
4.360e+02  6.303e-219  4.083e-01
4.370e+02  1.747e-218  4.083e-01
4.380e+02  4.836e-218  4.083e-01
4.390e+02  1.338e-217  4.083e-01
4.400e+02  3.697e-217  4.083e-01
4.410e+02  1.021e-216  4.083e-01
4.420e+02  2.817e-216  4.083e-01
4.430e+02  7.766e-216  4.083e-01
4.440e+02  2.139e-215  4.083e-01
4.450e+02  5.886e-215  4.083e-01
4.460e+02  1.618e-214  4.083e-01
4.470e+02  4.446e-214  4.083e-01
4.480e+02  1.220e-213  4.083e-01
4.490e+02  3.346e-213  4.083e-01
4.500e+02  9.169e-213  4.083e-01
4.510e+02  2.510e-212  4.083e-01
4.520e+02  6.865e-212  4.083e-01
4.530e+02  1.876e-211  4.083e-01
4.540e+02  5.122e-211  4.083e-01
4.550e+02  1.397e-210  4.083e-01
4.560e+02  3.808e-210  4.083e-01
4.570e+02  1.037e-209  4.083e-01
4.580e+02  2.822e-209  4.083e-01
4.590e+02  7.671e-209  4.083e-01
4.600e+02  2.083e-208  4.083e-01
4.610e+02  5.654e-208  4.083e-01
4.620e+02  1.533e-207  4.083e-01
4.630e+02  4.152e-207  4.083e-01
4.640e+02  1.124e-206  4.083e-01
4.650e+02  3.039e-206  4.083e-01
4.660e+02  8.211e-206  4.083e-01
4.670e+02  2.216e-205  4.083e-01
4.680e+02  5.978e-205  4.083e-01
4.690e+02  1.611e-204  4.083e-01
4.700e+02  4.337e-204  4.083e-01
4.710e+02  1.167e-203  4.083e-01
4.720e+02  3.135e-203  4.083e-01
4.730e+02  8.419e-203  4.083e-01
4.740e+02  2.259e-202  4.083e-01
4.750e+02  6.054e-202  4.083e-01
4.760e+02  1.621e-201  4.083e-01
4.770e+02  4.338e-201  4.083e-01
4.780e+02  1.160e-200  4.083e-01
4.790e+02  3.098e-200  4.083e-01
4.800e+02  8.268e-200  4.083e-01
4.810e+02  2.204e-199  4.083e-01
4.820e+02  5.873e-199  4.083e-01
4.830e+02  1.563e-198  4.083e-01
4.840e+02  4.157e-198  4.083e-01
4.850e+02  1.104e-197  4.083e-01
4.860e+02  2.932e-197  4.083e-01
4.870e+02  7.776e-197  4.083e-01
4.880e+02  2.061e-196  4.083e-01
4.890e+02  5.456e-196  4.083e-01
4.900e+02  1.443e-195  4.083e-01
4.910e+02  3.814e-195  4.083e-01
4.920e+02  1.007e-194  4.083e-01
4.930e+02  2.657e-194  4.083e-01
4.940e+02  7.004e-194  4.083e-01
4.950e+02  1.845e-193  4.083e-01
4.960e+02  4.853e-193  4.083e-01
4.970e+02  1.276e-192  4.083e-01
4.980e+02  3.351e-192  4.083e-01
4.990e+02  8.795e-192  4.083e-01
5.000e+02  2.306e-191  4.083e-01
5.010e+02  6.041e-191  4.083e-01
5.020e+02  1.581e-190  4.083e-01
5.030e+02  4.134e-190  4.083e-01
5.040e+02  1.080e-189  4.083e-01
5.050e+02  2.820e-189  4.083e-01
5.060e+02  7.354e-189  4.083e-01
5.070e+02  1.916e-188  4.083e-01
5.080e+02  4.989e-188  4.083e-01
5.090e+02  1.298e-187  4.083e-01
5.100e+02  3.372e-187  4.083e-01
5.110e+02  8.755e-187  4.083e-01
5.120e+02  2.271e-186  4.083e-01
5.130e+02  5.887e-186  4.083e-01
5.140e+02  1.524e-185  4.083e-01
5.150e+02  3.944e-185  4.083e-01
5.160e+02  1.020e-184  4.083e-01
5.170e+02  2.633e-184  4.083e-01
5.180e+02  6.794e-184  4.083e-01
5.190e+02  1.752e-183  4.083e-01
5.200e+02  4.512e-183  4.083e-01
5.210e+02  1.161e-182  4.083e-01
5.220e+02  2.985e-182  4.083e-01
5.230e+02  7.669e-182  4.083e-01
5.240e+02  1.968e-181  4.083e-01
5.250e+02  5.047e-181  4.083e-01
5.260e+02  1.293e-180  4.083e-01
5.270e+02  3.310e-180  4.083e-01
5.280e+02  8.465e-180  4.083e-01
5.290e+02  2.163e-179  4.083e-01
5.300e+02  5.522e-179  4.083e-01
5.310e+02  1.408e-178  4.083e-01
5.320e+02  3.589e-178  4.083e-01
5.330e+02  9.138e-178  4.083e-01
5.340e+02  2.324e-177  4.083e-01
5.350e+02  5.907e-177  4.083e-01
5.360e+02  1.500e-176  4.083e-01
5.370e+02  3.805e-176  4.083e-01
5.380e+02  9.646e-176  4.083e-01
5.390e+02  2.443e-175  4.083e-01
5.400e+02  6.180e-175  4.083e-01
5.410e+02  1.562e-174  4.083e-01
5.420e+02  3.946e-174  4.083e-01
5.430e+02  9.956e-174  4.083e-01
5.440e+02  2.510e-173  4.083e-01
5.450e+02  6.323e-173  4.083e-01
5.460e+02  1.591e-172  4.083e-01
5.470e+02  4.001e-172  4.083e-01
5.480e+02  1.005e-171  4.083e-01
5.490e+02  2.522e-171  4.083e-01
5.500e+02  6.325e-171  4.083e-01
5.510e+02  1.585e-170  4.083e-01
5.520e+02  3.966e-170  4.083e-01
5.530e+02  9.919e-170  4.083e-01
5.540e+02  2.478e-169  4.083e-01
5.550e+02  6.186e-169  4.083e-01
5.560e+02  1.543e-168  4.083e-01
5.570e+02  3.845e-168  4.083e-01
5.580e+02  9.572e-168  4.083e-01
5.590e+02  2.381e-167  4.083e-01
5.600e+02  5.917e-167  4.083e-01
5.610e+02  1.469e-166  4.083e-01
5.620e+02  3.644e-166  4.083e-01
5.630e+02  9.031e-166  4.083e-01
5.640e+02  2.236e-165  4.083e-01
5.650e+02  5.533e-165  4.083e-01
5.660e+02  1.367e-164  4.083e-01
5.670e+02  3.377e-164  4.083e-01
5.680e+02  8.332e-164  4.083e-01
5.690e+02  2.054e-163  4.083e-01
5.700e+02  5.058e-163  4.083e-01
5.710e+02  1.245e-162  4.083e-01
5.720e+02  3.060e-162  4.083e-01
5.730e+02  7.515e-162  4.083e-01
5.740e+02  1.844e-161  4.083e-01
5.750e+02  4.521e-161  4.083e-01
5.760e+02  1.108e-160  4.083e-01
5.770e+02  2.710e-160  4.083e-01
5.780e+02  6.627e-160  4.083e-01
5.790e+02  1.619e-159  4.083e-01
5.800e+02  3.951e-159  4.083e-01
5.810e+02  9.635e-159  4.083e-01
5.820e+02  2.347e-158  4.083e-01
5.830e+02  5.713e-158  4.083e-01
5.840e+02  1.389e-157  4.083e-01
5.850e+02  3.376e-157  4.083e-01
5.860e+02  8.194e-157  4.083e-01
5.870e+02  1.987e-156  4.083e-01
5.880e+02  4.815e-156  4.083e-01
5.890e+02  1.166e-155  4.083e-01
5.900e+02  2.820e-155  4.083e-01
5.910e+02  6.813e-155  4.083e-01
5.920e+02  1.645e-154  4.083e-01
5.930e+02  3.968e-154  4.083e-01
5.940e+02  9.562e-154  4.083e-01
5.950e+02  2.302e-153  4.083e-01
5.960e+02  5.538e-153  4.083e-01
5.970e+02  1.331e-152  4.083e-01
5.980e+02  3.196e-152  4.083e-01
5.990e+02  7.667e-152  4.083e-01
6.000e+02  1.838e-151  4.083e-01
6.010e+02  4.400e-151  4.083e-01
6.020e+02  1.053e-150  4.083e-01
6.030e+02  2.516e-150  4.083e-01
6.040e+02  6.009e-150  4.083e-01
6.050e+02  1.434e-149  4.083e-01
6.060e+02  3.418e-149  4.083e-01
6.070e+02  8.140e-149  4.083e-01
6.080e+02  1.937e-148  4.083e-01
6.090e+02  4.604e-148  4.083e-01
6.100e+02  1.094e-147  4.083e-01
6.110e+02  2.595e-147  4.083e-01
6.120e+02  6.152e-147  4.083e-01
6.130e+02  1.457e-146  4.083e-01
6.140e+02  3.448e-146  4.083e-01
6.150e+02  8.152e-146  4.083e-01
6.160e+02  1.926e-145  4.083e-01
6.170e+02  4.545e-145  4.083e-01
6.180e+02  1.072e-144  4.083e-01
6.190e+02  2.524e-144  4.083e-01
6.200e+02  5.941e-144  4.083e-01
6.210e+02  1.397e-143  4.083e-01
6.220e+02  3.282e-143  4.083e-01
6.230e+02  7.702e-143  4.083e-01
6.240e+02  1.806e-142  4.083e-01
6.250e+02  4.231e-142  4.083e-01
6.260e+02  9.904e-142  4.083e-01
6.270e+02  2.316e-141  4.083e-01
6.280e+02  5.411e-141  4.083e-01
6.290e+02  1.263e-140  4.083e-01
6.300e+02  2.946e-140  4.083e-01
6.310e+02  6.863e-140  4.083e-01
6.320e+02  1.598e-139  4.083e-01
6.330e+02  3.716e-139  4.083e-01
6.340e+02  8.634e-139  4.083e-01
6.350e+02  2.004e-138  4.083e-01
6.360e+02  4.649e-138  4.083e-01
6.370e+02  1.077e-137  4.083e-01
6.380e+02  2.494e-137  4.083e-01
6.390e+02  5.768e-137  4.083e-01
6.400e+02  1.333e-136  4.083e-01
6.410e+02  3.077e-136  4.083e-01
6.420e+02  7.098e-136  4.083e-01
6.430e+02  1.636e-135  4.083e-01
6.440e+02  3.766e-135  4.083e-01
6.450e+02  8.663e-135  4.083e-01
6.460e+02  1.991e-134  4.083e-01
6.470e+02  4.571e-134  4.083e-01
6.480e+02  1.049e-133  4.083e-01
6.490e+02  2.403e-133  4.083e-01
6.500e+02  5.502e-133  4.083e-01
6.510e+02  1.259e-132  4.083e-01
6.520e+02  2.877e-132  4.083e-01
6.530e+02  6.569e-132  4.083e-01
6.540e+02  1.499e-131  4.083e-01
6.550e+02  3.416e-131  4.083e-01
6.560e+02  7.777e-131  4.083e-01
6.570e+02  1.769e-130  4.083e-01
6.580e+02  4.022e-130  4.083e-01
6.590e+02  9.132e-130  4.083e-01
6.600e+02  2.072e-129  4.083e-01
6.610e+02  4.696e-129  4.083e-01
6.620e+02  1.063e-128  4.083e-01
6.630e+02  2.406e-128  4.083e-01
6.640e+02  5.439e-128  4.083e-01
6.650e+02  1.228e-127  4.083e-01
6.660e+02  2.771e-127  4.083e-01
6.670e+02  6.246e-127  4.083e-01
6.680e+02  1.407e-126  4.083e-01
6.690e+02  3.165e-126  4.083e-01
6.700e+02  7.115e-126  4.083e-01
6.710e+02  1.598e-125  4.083e-01
6.720e+02  3.585e-125  4.083e-01
6.730e+02  8.037e-125  4.083e-01
6.740e+02  1.800e-124  4.083e-01
6.750e+02  4.027e-124  4.083e-01
6.760e+02  9.003e-124  4.083e-01
6.770e+02  2.011e-123  4.083e-01
6.780e+02  4.487e-123  4.083e-01
6.790e+02  1.000e-122  4.083e-01
6.800e+02  2.228e-122  4.083e-01
6.810e+02  4.957e-122  4.083e-01
6.820e+02  1.102e-121  4.083e-01
6.830e+02  2.447e-121  4.083e-01
6.840e+02  5.431e-121  4.083e-01
6.850e+02  1.204e-120  4.083e-01
6.860e+02  2.667e-120  4.083e-01
6.870e+02  5.901e-120  4.083e-01
6.880e+02  1.304e-119  4.083e-01
6.890e+02  2.881e-119  4.083e-01
6.900e+02  6.358e-119  4.083e-01
6.910e+02  1.402e-118  4.083e-01
6.920e+02  3.087e-118  4.083e-01
6.930e+02  6.793e-118  4.083e-01
6.940e+02  1.494e-117  4.083e-01
6.950e+02  3.280e-117  4.083e-01
6.960e+02  7.199e-117  4.083e-01
6.970e+02  1.578e-116  4.083e-01
6.980e+02  3.457e-116  4.083e-01
6.990e+02  7.564e-116  4.083e-01
7.000e+02  1.654e-115  4.083e-01
7.010e+02  3.612e-115  4.083e-01
7.020e+02  7.883e-115  4.083e-01
7.030e+02  1.719e-114  4.083e-01
7.040e+02  3.743e-114  4.083e-01
7.050e+02  8.146e-114  4.083e-01
7.060e+02  1.771e-113  4.083e-01
7.070e+02  3.847e-113  4.083e-01
7.080e+02  8.347e-113  4.083e-01
7.090e+02  1.810e-112  4.083e-01
7.100e+02  3.920e-112  4.083e-01
7.110e+02  8.482e-112  4.083e-01
7.120e+02  1.834e-111  4.083e-01
7.130e+02  3.961e-111  4.083e-01
7.140e+02  8.548e-111  4.083e-01
7.150e+02  1.843e-110  4.083e-01
7.160e+02  3.969e-110  4.083e-01
7.170e+02  8.542e-110  4.083e-01
7.180e+02  1.836e-109  4.083e-01
7.190e+02  3.944e-109  4.083e-01
7.200e+02  8.464e-109  4.083e-01
7.210e+02  1.815e-108  4.083e-01
7.220e+02  3.887e-108  4.083e-01
7.230e+02  8.317e-108  4.083e-01
7.240e+02  1.778e-107  4.083e-01
7.250e+02  3.798e-107  4.083e-01
7.260e+02  8.104e-107  4.083e-01
7.270e+02  1.728e-106  4.083e-01
7.280e+02  3.680e-106  4.083e-01
7.290e+02  7.830e-106  4.083e-01
7.300e+02  1.665e-105  4.083e-01
7.310e+02  3.536e-105  4.083e-01
7.320e+02  7.502e-105  4.083e-01
7.330e+02  1.590e-104  4.083e-01
7.340e+02  3.369e-104  4.083e-01
7.350e+02  7.128e-104  4.083e-01
7.360e+02  1.507e-103  4.083e-01
7.370e+02  3.182e-103  4.083e-01
7.380e+02  6.715e-103  4.083e-01
7.390e+02  1.416e-102  4.083e-01
7.400e+02  2.981e-102  4.083e-01
7.410e+02  6.273e-102  4.083e-01
7.420e+02  1.319e-101  4.083e-01
7.430e+02  2.770e-101  4.083e-01
7.440e+02  5.811e-101  4.083e-01
7.450e+02  1.218e-100  4.083e-01
7.460e+02  2.551e-100  4.083e-01
7.470e+02  5.338e-100  4.083e-01
7.480e+02  1.116e-99  4.083e-01
7.490e+02  2.330e-99  4.083e-01
7.500e+02  4.861e-99  4.083e-01
7.510e+02  1.013e-98  4.083e-01
7.520e+02  2.110e-98  4.083e-01
7.530e+02  4.390e-98  4.083e-01
7.540e+02  9.126e-98  4.083e-01
7.550e+02  1.895e-97  4.083e-01
7.560e+02  3.932e-97  4.083e-01
7.570e+02  8.149e-97  4.083e-01
7.580e+02  1.687e-96  4.083e-01
7.590e+02  3.491e-96  4.083e-01
7.600e+02  7.216e-96  4.083e-01
7.610e+02  1.490e-95  4.083e-01
7.620e+02  3.074e-95  4.083e-01
7.630e+02  6.335e-95  4.083e-01
7.640e+02  1.304e-94  4.083e-01
7.650e+02  2.683e-94  4.083e-01
7.660e+02  5.515e-94  4.083e-01
7.670e+02  1.132e-93  4.083e-01
7.680e+02  2.323e-93  4.083e-01
7.690e+02  4.760e-93  4.083e-01
7.700e+02  9.746e-93  4.083e-01
7.710e+02  1.994e-92  4.083e-01
7.720e+02  4.074e-92  4.083e-01
7.730e+02  8.318e-92  4.083e-01
7.740e+02  1.697e-91  4.083e-01
7.750e+02  3.457e-91  4.083e-01
7.760e+02  7.039e-91  4.083e-01
7.770e+02  1.432e-90  4.083e-01
7.780e+02  2.909e-90  4.083e-01
7.790e+02  5.906e-90  4.083e-01
7.800e+02  1.198e-89  4.083e-01
7.810e+02  2.427e-89  4.083e-01
7.820e+02  4.913e-89  4.083e-01
7.830e+02  9.937e-89  4.083e-01
7.840e+02  2.008e-88  4.083e-01
7.850e+02  4.053e-88  4.083e-01
7.860e+02  8.174e-88  4.083e-01
7.870e+02  1.647e-87  4.083e-01
7.880e+02  3.315e-87  4.083e-01
7.890e+02  6.666e-87  4.083e-01
7.900e+02  1.339e-86  4.083e-01
7.910e+02  2.688e-86  4.083e-01
7.920e+02  5.390e-86  4.083e-01
7.930e+02  1.080e-85  4.083e-01
7.940e+02  2.161e-85  4.083e-01
7.950e+02  4.321e-85  4.083e-01
7.960e+02  8.633e-85  4.083e-01
7.970e+02  1.723e-84  4.083e-01
7.980e+02  3.435e-84  4.083e-01
7.990e+02  6.843e-84  4.083e-01
8.000e+02  1.362e-83  4.083e-01
8.010e+02  2.707e-83  4.083e-01
8.020e+02  5.378e-83  4.083e-01
8.030e+02  1.067e-82  4.083e-01
8.040e+02  2.116e-82  4.083e-01
8.050e+02  4.190e-82  4.083e-01
8.060e+02  8.291e-82  4.083e-01
8.070e+02  1.639e-81  4.083e-01
8.080e+02  3.237e-81  4.083e-01
8.090e+02  6.387e-81  4.083e-01
8.100e+02  1.259e-80  4.083e-01
8.110e+02  2.479e-80  4.083e-01
8.120e+02  4.878e-80  4.083e-01
8.130e+02  9.588e-80  4.083e-01
8.140e+02  1.883e-79  4.083e-01
8.150e+02  3.694e-79  4.083e-01
8.160e+02  7.240e-79  4.083e-01
8.170e+02  1.418e-78  4.083e-01
8.180e+02  2.773e-78  4.083e-01
8.190e+02  5.420e-78  4.083e-01
8.200e+02  1.058e-77  4.083e-01
8.210e+02  2.064e-77  4.083e-01
8.220e+02  4.022e-77  4.083e-01
8.230e+02  7.831e-77  4.083e-01
8.240e+02  1.523e-76  4.083e-01
8.250e+02  2.960e-76  4.083e-01
8.260e+02  5.746e-76  4.083e-01
8.270e+02  1.114e-75  4.083e-01
8.280e+02  2.159e-75  4.083e-01
8.290e+02  4.180e-75  4.083e-01
8.300e+02  8.084e-75  4.083e-01
8.310e+02  1.562e-74  4.083e-01
8.320e+02  3.015e-74  4.083e-01
8.330e+02  5.813e-74  4.083e-01
8.340e+02  1.120e-73  4.083e-01
8.350e+02  2.155e-73  4.083e-01
8.360e+02  4.144e-73  4.083e-01
8.370e+02  7.961e-73  4.083e-01
8.380e+02  1.528e-72  4.083e-01
8.390e+02  2.929e-72  4.083e-01
8.400e+02  5.611e-72  4.083e-01
8.410e+02  1.074e-71  4.083e-01
8.420e+02  2.053e-71  4.083e-01
8.430e+02  3.921e-71  4.083e-01
8.440e+02  7.481e-71  4.083e-01
8.450e+02  1.426e-70  4.083e-01
8.460e+02  2.716e-70  4.083e-01
8.470e+02  5.167e-70  4.083e-01
8.480e+02  9.822e-70  4.083e-01
8.490e+02  1.865e-69  4.083e-01
8.500e+02  3.538e-69  4.083e-01
8.510e+02  6.706e-69  4.083e-01
8.520e+02  1.270e-68  4.083e-01
8.530e+02  2.402e-68  4.083e-01
8.540e+02  4.539e-68  4.083e-01
8.550e+02  8.570e-68  4.083e-01
8.560e+02  1.617e-67  4.083e-01
8.570e+02  3.046e-67  4.083e-01
8.580e+02  5.734e-67  4.083e-01
8.590e+02  1.079e-66  4.083e-01
8.600e+02  2.026e-66  4.083e-01
8.610e+02  3.804e-66  4.083e-01
8.620e+02  7.133e-66  4.083e-01
8.630e+02  1.336e-65  4.083e-01
8.640e+02  2.501e-65  4.083e-01
8.650e+02  4.677e-65  4.083e-01
8.660e+02  8.737e-65  4.083e-01
8.670e+02  1.631e-64  4.083e-01
8.680e+02  3.040e-64  4.083e-01
8.690e+02  5.663e-64  4.083e-01
8.700e+02  1.054e-63  4.083e-01
8.710e+02  1.959e-63  4.083e-01
8.720e+02  3.639e-63  4.083e-01
8.730e+02  6.751e-63  4.083e-01
8.740e+02  1.251e-62  4.083e-01
8.750e+02  2.318e-62  4.083e-01
8.760e+02  4.288e-62  4.083e-01
8.770e+02  7.925e-62  4.083e-01
8.780e+02  1.463e-61  4.083e-01
8.790e+02  2.699e-61  4.083e-01
8.800e+02  4.975e-61  4.083e-01
8.810e+02  9.159e-61  4.083e-01
8.820e+02  1.685e-60  4.083e-01
8.830e+02  3.096e-60  4.083e-01
8.840e+02  5.683e-60  4.083e-01
8.850e+02  1.042e-59  4.083e-01
8.860e+02  1.910e-59  4.083e-01
8.870e+02  3.496e-59  4.083e-01
8.880e+02  6.392e-59  4.083e-01
8.890e+02  1.168e-58  4.083e-01
8.900e+02  2.131e-58  4.083e-01
8.910e+02  3.886e-58  4.083e-01
8.920e+02  7.079e-58  4.083e-01
8.930e+02  1.288e-57  4.083e-01
8.940e+02  2.342e-57  4.083e-01
8.950e+02  4.253e-57  4.083e-01
8.960e+02  7.718e-57  4.083e-01
8.970e+02  1.399e-56  4.083e-01
8.980e+02  2.533e-56  4.083e-01
8.990e+02  4.583e-56  4.083e-01
9.000e+02  8.284e-56  4.083e-01
9.010e+02  1.496e-55  4.083e-01
9.020e+02  2.698e-55  4.083e-01
9.030e+02  4.863e-55  4.083e-01
9.040e+02  8.755e-55  4.083e-01
9.050e+02  1.575e-54  4.083e-01
9.060e+02  2.829e-54  4.083e-01
9.070e+02  5.079e-54  4.083e-01
9.080e+02  9.108e-54  4.083e-01
9.090e+02  1.632e-53  4.083e-01
9.100e+02  2.921e-53  4.083e-01
9.110e+02  5.222e-53  4.083e-01
9.120e+02  9.329e-53  4.083e-01
9.130e+02  1.665e-52  4.083e-01
9.140e+02  2.968e-52  4.083e-01
9.150e+02  5.286e-52  4.083e-01
9.160e+02  9.406e-52  4.083e-01
9.170e+02  1.672e-51  4.083e-01
9.180e+02  2.969e-51  4.083e-01
9.190e+02  5.268e-51  4.083e-01
9.200e+02  9.337e-51  4.083e-01
9.210e+02  1.653e-50  4.083e-01
9.220e+02  2.924e-50  4.083e-01
9.230e+02  5.168e-50  4.083e-01
9.240e+02  9.123e-50  4.083e-01
9.250e+02  1.609e-49  4.083e-01
9.260e+02  2.835e-49  4.083e-01
9.270e+02  4.990e-49  4.083e-01
9.280e+02  8.775e-49  4.083e-01
9.290e+02  1.542e-48  4.083e-01
9.300e+02  2.705e-48  4.083e-01
9.310e+02  4.744e-48  4.083e-01
9.320e+02  8.309e-48  4.083e-01
9.330e+02  1.454e-47  4.083e-01
9.340e+02  2.542e-47  4.083e-01
9.350e+02  4.438e-47  4.083e-01
9.360e+02  7.744e-47  4.083e-01
9.370e+02  1.350e-46  4.083e-01
9.380e+02  2.350e-46  4.083e-01
9.390e+02  4.088e-46  4.083e-01
9.400e+02  7.104e-46  4.083e-01
9.410e+02  1.233e-45  4.083e-01
9.420e+02  2.139e-45  4.083e-01
9.430e+02  3.706e-45  4.083e-01
9.440e+02  6.415e-45  4.083e-01
9.450e+02  1.109e-44  4.083e-01
9.460e+02  1.916e-44  4.083e-01
9.470e+02  3.307e-44  4.083e-01
9.480e+02  5.701e-44  4.083e-01
9.490e+02  9.820e-44  4.083e-01
9.500e+02  1.690e-43  4.083e-01
9.510e+02  2.904e-43  4.083e-01
9.520e+02  4.987e-43  4.083e-01
9.530e+02  8.556e-43  4.083e-01
9.540e+02  1.466e-42  4.083e-01
9.550e+02  2.510e-42  4.083e-01
9.560e+02  4.294e-42  4.083e-01
9.570e+02  7.337e-42  4.083e-01
9.580e+02  1.252e-41  4.083e-01
9.590e+02  2.136e-41  4.083e-01
9.600e+02  3.639e-41  4.083e-01
9.610e+02  6.192e-41  4.083e-01
9.620e+02  1.053e-40  4.083e-01
9.630e+02  1.788e-40  4.083e-01
9.640e+02  3.034e-40  4.083e-01
9.650e+02  5.144e-40  4.083e-01
9.660e+02  8.710e-40  4.083e-01
9.670e+02  1.474e-39  4.083e-01
9.680e+02  2.490e-39  4.083e-01
9.690e+02  4.205e-39  4.083e-01
9.700e+02  7.092e-39  4.083e-01
9.710e+02  1.195e-38  4.083e-01
9.720e+02  2.011e-38  4.083e-01
9.730e+02  3.382e-38  4.083e-01
9.740e+02  5.682e-38  4.083e-01
9.750e+02  9.536e-38  4.083e-01
9.760e+02  1.599e-37  4.083e-01
9.770e+02  2.678e-37  4.083e-01
9.780e+02  4.480e-37  4.083e-01
9.790e+02  7.488e-37  4.083e-01
9.800e+02  1.250e-36  4.083e-01
9.810e+02  2.086e-36  4.083e-01
9.820e+02  3.476e-36  4.083e-01
9.830e+02  5.786e-36  4.083e-01
9.840e+02  9.623e-36  4.083e-01
9.850e+02  1.599e-35  4.083e-01
9.860e+02  2.653e-35  4.083e-01
9.870e+02  4.400e-35  4.083e-01
9.880e+02  7.287e-35  4.083e-01
9.890e+02  1.206e-34  4.083e-01
9.900e+02  1.993e-34  4.083e-01
9.910e+02  3.291e-34  4.083e-01
9.920e+02  5.430e-34  4.083e-01
9.930e+02  8.948e-34  4.083e-01
9.940e+02  1.473e-33  4.083e-01
9.950e+02  2.423e-33  4.083e-01
9.960e+02  3.981e-33  4.083e-01
9.970e+02  6.533e-33  4.083e-01
9.980e+02  1.071e-32  4.083e-01
9.990e+02  1.755e-32  4.083e-01
1.000e+03  2.871e-32  4.083e-01
1.001e+03  4.693e-32  4.083e-01
1.002e+03  7.664e-32  4.083e-01
1.003e+03  1.250e-31  4.083e-01
1.004e+03  2.037e-31  4.083e-01
1.005e+03  3.317e-31  4.083e-01
1.006e+03  5.394e-31  4.083e-01
1.007e+03  8.763e-31  4.083e-01
1.008e+03  1.422e-30  4.083e-01
1.009e+03  2.306e-30  4.083e-01
1.010e+03  3.735e-30  4.083e-01
1.011e+03  6.042e-30  4.083e-01
1.012e+03  9.766e-30  4.083e-01
1.013e+03  1.577e-29  4.083e-01
1.014e+03  2.543e-29  4.083e-01
1.015e+03  4.098e-29  4.083e-01
1.016e+03  6.597e-29  4.083e-01
1.017e+03  1.061e-28  4.083e-01
1.018e+03  1.704e-28  4.083e-01
1.019e+03  2.734e-28  4.083e-01
1.020e+03  4.383e-28  4.083e-01
1.021e+03  7.018e-28  4.083e-01
1.022e+03  1.123e-27  4.083e-01
1.023e+03  1.794e-27  4.083e-01
1.024e+03  2.864e-27  4.083e-01
1.025e+03  4.567e-27  4.083e-01
1.026e+03  7.276e-27  4.083e-01
1.027e+03  1.158e-26  4.083e-01
1.028e+03  1.841e-26  4.083e-01
1.029e+03  2.923e-26  4.083e-01
1.030e+03  4.637e-26  4.083e-01
1.031e+03  7.348e-26  4.083e-01
1.032e+03  1.163e-25  4.083e-01
1.033e+03  1.840e-25  4.083e-01
1.034e+03  2.906e-25  4.083e-01
1.035e+03  4.586e-25  4.083e-01
1.036e+03  7.229e-25  4.083e-01
1.037e+03  1.138e-24  4.083e-01
1.038e+03  1.791e-24  4.083e-01
1.039e+03  2.814e-24  4.083e-01
1.040e+03  4.417e-24  4.083e-01
1.041e+03  6.927e-24  4.083e-01
1.042e+03  1.085e-23  4.083e-01
1.043e+03  1.698e-23  4.083e-01
1.044e+03  2.654e-23  4.083e-01
1.045e+03  4.144e-23  4.083e-01
1.046e+03  6.463e-23  4.083e-01
1.047e+03  1.007e-22  4.083e-01
1.048e+03  1.567e-22  4.083e-01
1.049e+03  2.437e-22  4.083e-01
1.050e+03  3.784e-22  4.083e-01
1.051e+03  5.871e-22  4.083e-01
1.052e+03  9.099e-22  4.083e-01
1.053e+03  1.409e-21  4.083e-01
1.054e+03  2.178e-21  4.083e-01
1.055e+03  3.365e-21  4.083e-01
1.056e+03  5.192e-21  4.083e-01
1.057e+03  8.002e-21  4.083e-01
1.058e+03  1.232e-20  4.083e-01
1.059e+03  1.895e-20  4.083e-01
1.060e+03  2.911e-20  4.083e-01
1.061e+03  4.467e-20  4.083e-01
1.062e+03  6.848e-20  4.083e-01
1.063e+03  1.049e-19  4.083e-01
1.064e+03  1.604e-19  4.083e-01
1.065e+03  2.451e-19  4.083e-01
1.066e+03  3.740e-19  4.083e-01
1.067e+03  5.701e-19  4.083e-01
1.068e+03  8.682e-19  4.083e-01
1.069e+03  1.321e-18  4.083e-01
1.070e+03  2.006e-18  4.083e-01
1.071e+03  3.045e-18  4.083e-01
1.072e+03  4.616e-18  4.083e-01
1.073e+03  6.990e-18  4.083e-01
1.074e+03  1.057e-17  4.083e-01
1.075e+03  1.597e-17  4.083e-01
1.076e+03  2.411e-17  4.083e-01
1.077e+03  3.634e-17  4.083e-01
1.078e+03  5.471e-17  4.083e-01
1.079e+03  8.228e-17  4.083e-01
1.080e+03  1.236e-16  4.083e-01
1.081e+03  1.855e-16  4.083e-01
1.082e+03  2.779e-16  4.083e-01
1.083e+03  4.161e-16  4.083e-01
1.084e+03  6.221e-16  4.083e-01
1.085e+03  9.291e-16  4.083e-01
1.086e+03  1.386e-15  4.083e-01
1.087e+03  2.065e-15  4.083e-01
1.088e+03  3.073e-15  4.083e-01
1.089e+03  4.568e-15  4.083e-01
1.090e+03  6.781e-15  4.083e-01
1.091e+03  1.006e-14  4.083e-01
1.092e+03  1.489e-14  4.083e-01
1.093e+03  2.203e-14  4.083e-01
1.094e+03  3.255e-14  4.083e-01
1.095e+03  4.803e-14  4.083e-01
1.096e+03  7.078e-14  4.083e-01
1.097e+03  1.042e-13  4.083e-01
1.098e+03  1.532e-13  4.083e-01
1.099e+03  2.249e-13  4.083e-01
1.100e+03  3.298e-13  4.083e-01
1.101e+03  4.830e-13  4.083e-01
1.102e+03  7.065e-13  4.083e-01
1.103e+03  1.032e-12  4.083e-01
1.104e+03  1.506e-12  4.083e-01
1.105e+03  2.194e-12  4.083e-01
1.106e+03  3.193e-12  4.083e-01
1.107e+03  4.640e-12  4.083e-01
1.108e+03  6.734e-12  4.083e-01
1.109e+03  9.759e-12  4.083e-01
1.110e+03  1.413e-11  4.083e-01
1.111e+03  2.042e-11  4.083e-01
1.112e+03  2.947e-11  4.083e-01
1.113e+03  4.248e-11  4.083e-01
1.114e+03  6.114e-11  4.083e-01
1.115e+03  8.788e-11  4.083e-01
1.116e+03  1.261e-10  4.083e-01
1.117e+03  1.808e-10  4.083e-01
1.118e+03  2.587e-10  4.083e-01
1.119e+03  3.697e-10  4.083e-01
1.120e+03  5.275e-10  4.083e-01
1.121e+03  7.515e-10  4.083e-01
1.122e+03  1.069e-09  4.083e-01
1.123e+03  1.518e-09  4.083e-01
1.124e+03  2.153e-09  4.083e-01
1.125e+03  3.048e-09  4.083e-01
1.126e+03  4.308e-09  4.083e-01
1.127e+03  6.080e-09  4.083e-01
1.128e+03  8.564e-09  4.083e-01
1.129e+03  1.204e-08  4.083e-01
1.130e+03  1.691e-08  4.083e-01
1.131e+03  2.370e-08  4.083e-01
1.132e+03  3.315e-08  4.083e-01
1.133e+03  4.628e-08  4.083e-01
1.134e+03  6.450e-08  4.083e-01
1.135e+03  8.972e-08  4.084e-01
1.136e+03  1.246e-07  4.084e-01
1.137e+03  1.726e-07  4.084e-01
1.138e+03  2.386e-07  4.084e-01
1.139e+03  3.291e-07  4.084e-01
1.140e+03  4.531e-07  4.084e-01
1.141e+03  6.224e-07  4.084e-01
1.142e+03  8.529e-07  4.084e-01
1.143e+03  1.166e-06  4.084e-01
1.144e+03  1.590e-06  4.084e-01
1.145e+03  2.163e-06  4.084e-01
1.146e+03  2.935e-06  4.085e-01
1.147e+03  3.972e-06  4.085e-01
1.148e+03  5.360e-06  4.085e-01
1.149e+03  7.212e-06  4.085e-01
1.150e+03  9.675e-06  4.086e-01
1.151e+03  1.294e-05  4.086e-01
1.152e+03  1.725e-05  4.086e-01
1.153e+03  2.292e-05  4.087e-01
1.154e+03  3.034e-05  4.087e-01
1.155e+03  4.003e-05  4.088e-01
1.156e+03  5.262e-05  4.088e-01
1.157e+03  6.889e-05  4.089e-01
1.158e+03  8.983e-05  4.089e-01
1.159e+03  1.166e-04  4.090e-01
1.160e+03  1.508e-04  4.090e-01
1.161e+03  1.941e-04  4.091e-01
1.162e+03  2.486e-04  4.091e-01
1.163e+03  3.170e-04  4.091e-01
1.164e+03  4.021e-04  4.092e-01
1.165e+03  5.074e-04  4.092e-01
1.166e+03  6.370e-04  4.091e-01
1.167e+03  7.953e-04  4.091e-01
1.168e+03  9.874e-04  4.089e-01
1.169e+03  1.219e-03  4.088e-01
1.170e+03  1.496e-03  4.086e-01
1.171e+03  1.826e-03  4.083e-01
1.172e+03  2.214e-03  4.080e-01
1.173e+03  2.670e-03  4.075e-01
1.174e+03  3.199e-03  4.070e-01
1.175e+03  3.810e-03  4.064e-01
1.176e+03  4.511e-03  4.056e-01
1.177e+03  5.307e-03  4.047e-01
1.178e+03  6.207e-03  4.038e-01
1.179e+03  7.217e-03  4.026e-01
1.180e+03  8.341e-03  4.014e-01
1.181e+03  9.585e-03  4.000e-01
1.182e+03  1.095e-02  3.984e-01
1.183e+03  1.244e-02  3.968e-01
1.184e+03  1.406e-02  3.950e-01
1.185e+03  1.581e-02  3.930e-01
1.186e+03  1.768e-02  3.910e-01
1.187e+03  1.968e-02  3.888e-01
1.188e+03  2.180e-02  3.865e-01
1.189e+03  2.404e-02  3.842e-01
1.190e+03  2.639e-02  3.817e-01
1.191e+03  2.884e-02  3.791e-01
1.192e+03  3.140e-02  3.765e-01
1.193e+03  3.405e-02  3.738e-01
1.194e+03  3.678e-02  3.711e-01
1.195e+03  3.959e-02  3.683e-01
1.196e+03  4.247e-02  3.655e-01
1.197e+03  4.542e-02  3.627e-01
1.198e+03  4.841e-02  3.598e-01
1.199e+03  5.145e-02  3.570e-01
1.200e+03  5.453e-02  3.541e-01
1.201e+03  5.764e-02  3.513e-01
1.202e+03  6.077e-02  3.485e-01
1.203e+03  6.392e-02  3.457e-01
1.204e+03  6.708e-02  3.429e-01
1.205e+03  7.023e-02  3.402e-01
1.206e+03  7.339e-02  3.375e-01
1.207e+03  7.653e-02  3.349e-01
1.208e+03  7.966e-02  3.323e-01
1.209e+03  8.277e-02  3.297e-01
1.210e+03  8.585e-02  3.272e-01
1.211e+03  8.890e-02  3.247e-01
1.212e+03  9.193e-02  3.223e-01
1.213e+03  9.491e-02  3.199e-01
1.214e+03  9.786e-02  3.176e-01
1.215e+03  1.008e-01  3.154e-01
1.216e+03  1.036e-01  3.132e-01
1.217e+03  1.064e-01  3.111e-01
1.218e+03  1.092e-01  3.090e-01
1.219e+03  1.119e-01  3.070e-01
1.220e+03  1.146e-01  3.050e-01
1.221e+03  1.172e-01  3.031e-01
1.222e+03  1.198e-01  3.012e-01
1.223e+03  1.223e-01  2.994e-01
1.224e+03  1.247e-01  2.976e-01
1.225e+03  1.271e-01  2.959e-01
1.226e+03  1.295e-01  2.943e-01
1.227e+03  1.318e-01  2.927e-01
1.228e+03  1.340e-01  2.911e-01
1.229e+03  1.362e-01  2.896e-01
1.230e+03  1.383e-01  2.881e-01
1.231e+03  1.404e-01  2.867e-01
1.232e+03  1.424e-01  2.853e-01
1.233e+03  1.444e-01  2.840e-01
1.234e+03  1.463e-01  2.827e-01
1.235e+03  1.482e-01  2.814e-01
1.236e+03  1.500e-01  2.802e-01
1.237e+03  1.518e-01  2.791e-01
1.238e+03  1.535e-01  2.779e-01
1.239e+03  1.552e-01  2.768e-01
1.240e+03  1.568e-01  2.758e-01
1.241e+03  1.584e-01  2.747e-01
1.242e+03  1.599e-01  2.737e-01
1.243e+03  1.614e-01  2.728e-01
1.244e+03  1.629e-01  2.718e-01
1.245e+03  1.643e-01  2.709e-01
1.246e+03  1.657e-01  2.701e-01
1.247e+03  1.670e-01  2.692e-01
1.248e+03  1.683e-01  2.684e-01
1.249e+03  1.695e-01  2.676e-01
1.250e+03  1.707e-01  2.669e-01
1.251e+03  1.719e-01  2.661e-01
1.252e+03  1.731e-01  2.654e-01
1.253e+03  1.742e-01  2.647e-01
1.254e+03  1.752e-01  2.640e-01
1.255e+03  1.763e-01  2.634e-01
1.256e+03  1.773e-01  2.628e-01
1.257e+03  1.783e-01  2.622e-01
1.258e+03  1.792e-01  2.616e-01
1.259e+03  1.801e-01  2.610e-01
1.260e+03  1.810e-01  2.605e-01
1.261e+03  1.819e-01  2.600e-01
1.262e+03  1.827e-01  2.594e-01
1.263e+03  1.835e-01  2.589e-01
1.264e+03  1.843e-01  2.585e-01
1.265e+03  1.851e-01  2.580e-01
1.266e+03  1.858e-01  2.576e-01
1.267e+03  1.865e-01  2.571e-01
1.268e+03  1.872e-01  2.567e-01
1.269e+03  1.879e-01  2.563e-01
1.270e+03  1.885e-01  2.559e-01
1.271e+03  1.892e-01  2.556e-01
1.272e+03  1.898e-01  2.552e-01
1.273e+03  1.904e-01  2.548e-01
1.274e+03  1.909e-01  2.545e-01
1.275e+03  1.915e-01  2.542e-01
1.276e+03  1.920e-01  2.539e-01
1.277e+03  1.925e-01  2.535e-01
1.278e+03  1.930e-01  2.533e-01
1.279e+03  1.935e-01  2.530e-01
1.280e+03  1.940e-01  2.527e-01
1.281e+03  1.944e-01  2.524e-01
1.282e+03  1.949e-01  2.522e-01
1.283e+03  1.953e-01  2.519e-01
1.284e+03  1.957e-01  2.517e-01
1.285e+03  1.961e-01  2.514e-01
1.286e+03  1.965e-01  2.512e-01
1.287e+03  1.969e-01  2.510e-01
1.288e+03  1.972e-01  2.508e-01
1.289e+03  1.976e-01  2.506e-01
1.290e+03  1.979e-01  2.504e-01
1.291e+03  1.982e-01  2.502e-01
1.292e+03  1.985e-01  2.500e-01
1.293e+03  1.988e-01  2.498e-01
1.294e+03  1.991e-01  2.497e-01
1.295e+03  1.994e-01  2.495e-01
1.296e+03  1.997e-01  2.493e-01
1.297e+03  2.000e-01  2.492e-01
1.298e+03  2.002e-01  2.490e-01
1.299e+03  2.005e-01  2.489e-01
1.300e+03  2.007e-01  2.487e-01
1.301e+03  2.009e-01  2.486e-01
1.302e+03  2.012e-01  2.485e-01
1.303e+03  2.014e-01  2.483e-01
1.304e+03  2.016e-01  2.482e-01
1.305e+03  2.018e-01  2.481e-01
1.306e+03  2.020e-01  2.480e-01
1.307e+03  2.022e-01  2.479e-01
1.308e+03  2.024e-01  2.478e-01
1.309e+03  2.026e-01  2.477e-01
1.310e+03  2.027e-01  2.476e-01
1.311e+03  2.029e-01  2.475e-01
1.312e+03  2.031e-01  2.474e-01
1.313e+03  2.032e-01  2.473e-01
1.314e+03  2.034e-01  2.472e-01
1.315e+03  2.035e-01  2.471e-01
1.316e+03  2.036e-01  2.470e-01
1.317e+03  2.038e-01  2.470e-01
1.318e+03  2.039e-01  2.469e-01
1.319e+03  2.040e-01  2.468e-01
1.320e+03  2.042e-01  2.467e-01
1.321e+03  2.043e-01  2.467e-01
1.322e+03  2.044e-01  2.466e-01
1.323e+03  2.045e-01  2.465e-01
1.324e+03  2.046e-01  2.465e-01
1.325e+03  2.047e-01  2.464e-01
1.326e+03  2.048e-01  2.464e-01
1.327e+03  2.049e-01  2.463e-01
1.328e+03  2.050e-01  2.462e-01
1.329e+03  2.051e-01  2.462e-01
1.330e+03  2.052e-01  2.461e-01
1.331e+03  2.053e-01  2.461e-01
1.332e+03  2.054e-01  2.460e-01
1.333e+03  2.054e-01  2.460e-01
1.334e+03  2.055e-01  2.460e-01
1.335e+03  2.056e-01  2.459e-01
1.336e+03  2.057e-01  2.459e-01
1.337e+03  2.057e-01  2.458e-01
1.338e+03  2.058e-01  2.458e-01
1.339e+03  2.059e-01  2.458e-01
1.340e+03  2.059e-01  2.457e-01
1.341e+03  2.060e-01  2.457e-01
1.342e+03  2.060e-01  2.457e-01
1.343e+03  2.061e-01  2.456e-01
1.344e+03  2.062e-01  2.456e-01
1.345e+03  2.062e-01  2.456e-01
1.346e+03  2.063e-01  2.455e-01
1.347e+03  2.063e-01  2.455e-01
1.348e+03  2.064e-01  2.455e-01
1.349e+03  2.064e-01  2.454e-01
1.350e+03  2.064e-01  2.454e-01
1.351e+03  2.065e-01  2.454e-01
1.352e+03  2.065e-01  2.454e-01
1.353e+03  2.066e-01  2.453e-01
1.354e+03  2.066e-01  2.453e-01
1.355e+03  2.066e-01  2.453e-01
1.356e+03  2.067e-01  2.453e-01
1.357e+03  2.067e-01  2.453e-01
1.358e+03  2.068e-01  2.452e-01
1.359e+03  2.068e-01  2.452e-01
1.360e+03  2.068e-01  2.452e-01
1.361e+03  2.068e-01  2.452e-01
1.362e+03  2.069e-01  2.452e-01
1.363e+03  2.069e-01  2.452e-01
1.364e+03  2.069e-01  2.451e-01
1.365e+03  2.070e-01  2.451e-01
1.366e+03  2.070e-01  2.451e-01
1.367e+03  2.070e-01  2.451e-01
1.368e+03  2.070e-01  2.451e-01
1.369e+03  2.071e-01  2.451e-01
1.370e+03  2.071e-01  2.451e-01
1.371e+03  2.071e-01  2.450e-01
1.372e+03  2.071e-01  2.450e-01
1.373e+03  2.071e-01  2.450e-01
1.374e+03  2.072e-01  2.450e-01
1.375e+03  2.072e-01  2.450e-01
1.376e+03  2.072e-01  2.450e-01
1.377e+03  2.072e-01  2.450e-01
1.378e+03  2.072e-01  2.450e-01
1.379e+03  2.073e-01  2.450e-01
1.380e+03  2.073e-01  2.449e-01
1.381e+03  2.073e-01  2.449e-01
1.382e+03  2.073e-01  2.449e-01
1.383e+03  2.073e-01  2.449e-01
1.384e+03  2.073e-01  2.449e-01
1.385e+03  2.073e-01  2.449e-01
1.386e+03  2.074e-01  2.449e-01
1.387e+03  2.074e-01  2.449e-01
1.388e+03  2.074e-01  2.449e-01
1.389e+03  2.074e-01  2.449e-01
1.390e+03  2.074e-01  2.449e-01
1.391e+03  2.074e-01  2.449e-01
1.392e+03  2.074e-01  2.449e-01
1.393e+03  2.074e-01  2.449e-01
1.394e+03  2.074e-01  2.448e-01
1.395e+03  2.075e-01  2.448e-01
1.396e+03  2.075e-01  2.448e-01
1.397e+03  2.075e-01  2.448e-01
1.398e+03  2.075e-01  2.448e-01
1.399e+03  2.075e-01  2.448e-01
1.400e+03  2.075e-01  2.448e-01
1.401e+03  2.075e-01  2.448e-01
1.402e+03  2.075e-01  2.448e-01
1.403e+03  2.075e-01  2.448e-01
1.404e+03  2.075e-01  2.448e-01
1.405e+03  2.075e-01  2.448e-01
1.406e+03  2.075e-01  2.448e-01
1.407e+03  2.075e-01  2.448e-01
1.408e+03  2.075e-01  2.448e-01
1.409e+03  2.076e-01  2.448e-01
1.410e+03  2.076e-01  2.448e-01
1.411e+03  2.076e-01  2.448e-01
1.412e+03  2.076e-01  2.448e-01
1.413e+03  2.076e-01  2.448e-01
1.414e+03  2.076e-01  2.448e-01
1.415e+03  2.076e-01  2.448e-01
1.416e+03  2.076e-01  2.448e-01
1.417e+03  2.076e-01  2.448e-01
1.418e+03  2.076e-01  2.448e-01
1.419e+03  2.076e-01  2.448e-01
1.420e+03  2.076e-01  2.448e-01
1.421e+03  2.076e-01  2.447e-01
1.422e+03  2.076e-01  2.447e-01
1.423e+03  2.076e-01  2.447e-01
1.424e+03  2.076e-01  2.447e-01
1.425e+03  2.076e-01  2.447e-01
1.426e+03  2.076e-01  2.447e-01
1.427e+03  2.076e-01  2.447e-01
1.428e+03  2.076e-01  2.447e-01
1.429e+03  2.076e-01  2.447e-01
1.430e+03  2.076e-01  2.447e-01
1.431e+03  2.076e-01  2.447e-01
1.432e+03  2.076e-01  2.447e-01
1.433e+03  2.077e-01  2.447e-01
1.434e+03  2.077e-01  2.447e-01
1.435e+03  2.077e-01  2.447e-01
1.436e+03  2.077e-01  2.447e-01
1.437e+03  2.077e-01  2.447e-01
1.438e+03  2.077e-01  2.447e-01
1.439e+03  2.077e-01  2.447e-01
1.440e+03  2.077e-01  2.447e-01
1.441e+03  2.077e-01  2.447e-01
1.442e+03  2.077e-01  2.447e-01
1.443e+03  2.077e-01  2.447e-01
1.444e+03  2.077e-01  2.447e-01
1.445e+03  2.077e-01  2.447e-01
1.446e+03  2.077e-01  2.447e-01
1.447e+03  2.077e-01  2.447e-01
1.448e+03  2.077e-01  2.447e-01
1.449e+03  2.077e-01  2.447e-01
1.450e+03  2.077e-01  2.447e-01
1.451e+03  2.077e-01  2.447e-01
1.452e+03  2.077e-01  2.447e-01
1.453e+03  2.077e-01  2.447e-01
1.454e+03  2.077e-01  2.447e-01
1.455e+03  2.077e-01  2.447e-01
1.456e+03  2.077e-01  2.447e-01
1.457e+03  2.077e-01  2.447e-01
1.458e+03  2.077e-01  2.447e-01
1.459e+03  2.077e-01  2.447e-01
1.460e+03  2.077e-01  2.447e-01
1.461e+03  2.077e-01  2.447e-01
1.462e+03  2.077e-01  2.447e-01
1.463e+03  2.077e-01  2.447e-01
1.464e+03  2.077e-01  2.447e-01
1.465e+03  2.077e-01  2.447e-01
1.466e+03  2.077e-01  2.447e-01
1.467e+03  2.077e-01  2.447e-01
1.468e+03  2.077e-01  2.447e-01
1.469e+03  2.077e-01  2.447e-01
1.470e+03  2.077e-01  2.447e-01
1.471e+03  2.077e-01  2.447e-01
1.472e+03  2.077e-01  2.447e-01
1.473e+03  2.077e-01  2.447e-01
1.474e+03  2.077e-01  2.447e-01
1.475e+03  2.077e-01  2.447e-01
1.476e+03  2.077e-01  2.447e-01
1.477e+03  2.077e-01  2.447e-01
1.478e+03  2.077e-01  2.447e-01
1.479e+03  2.077e-01  2.447e-01
1.480e+03  2.077e-01  2.447e-01
1.481e+03  2.077e-01  2.447e-01
1.482e+03  2.077e-01  2.447e-01
1.483e+03  2.077e-01  2.447e-01
1.484e+03  2.077e-01  2.447e-01
1.485e+03  2.077e-01  2.447e-01
1.486e+03  2.077e-01  2.447e-01
1.487e+03  2.077e-01  2.447e-01
1.488e+03  2.077e-01  2.447e-01
1.489e+03  2.077e-01  2.447e-01
1.490e+03  2.077e-01  2.447e-01
1.491e+03  2.077e-01  2.447e-01
1.492e+03  2.077e-01  2.447e-01
1.493e+03  2.077e-01  2.447e-01
1.494e+03  2.077e-01  2.447e-01
1.495e+03  2.077e-01  2.447e-01
1.496e+03  2.077e-01  2.447e-01
1.497e+03  2.077e-01  2.447e-01
1.498e+03  2.077e-01  2.447e-01
1.499e+03  2.077e-01  2.447e-01
1.500e+03  2.077e-01  2.447e-01
1.501e+03  2.077e-01  2.447e-01
1.502e+03  2.077e-01  2.447e-01
1.503e+03  2.077e-01  2.447e-01
1.504e+03  2.077e-01  2.447e-01
1.505e+03  2.077e-01  2.447e-01
1.506e+03  2.077e-01  2.447e-01
1.507e+03  2.077e-01  2.447e-01
1.508e+03  2.077e-01  2.447e-01
1.509e+03  2.077e-01  2.447e-01
1.510e+03  2.077e-01  2.447e-01
1.511e+03  2.077e-01  2.447e-01
1.512e+03  2.078e-01  2.447e-01
1.513e+03  2.078e-01  2.447e-01
1.514e+03  2.078e-01  2.447e-01
1.515e+03  2.078e-01  2.447e-01
1.516e+03  2.078e-01  2.447e-01
1.517e+03  2.078e-01  2.447e-01
1.518e+03  2.078e-01  2.447e-01
1.519e+03  2.078e-01  2.447e-01
1.520e+03  2.078e-01  2.447e-01
1.521e+03  2.078e-01  2.447e-01
1.522e+03  2.078e-01  2.447e-01
1.523e+03  2.078e-01  2.447e-01
1.524e+03  2.078e-01  2.447e-01
1.525e+03  2.078e-01  2.447e-01
1.526e+03  2.078e-01  2.447e-01
1.527e+03  2.078e-01  2.447e-01
1.528e+03  2.078e-01  2.446e-01
1.529e+03  2.078e-01  2.446e-01
1.530e+03  2.078e-01  2.446e-01
1.531e+03  2.078e-01  2.446e-01
1.532e+03  2.078e-01  2.446e-01
1.533e+03  2.078e-01  2.446e-01
1.534e+03  2.078e-01  2.446e-01
1.535e+03  2.078e-01  2.446e-01
1.536e+03  2.078e-01  2.446e-01
1.537e+03  2.078e-01  2.446e-01
1.538e+03  2.078e-01  2.446e-01
1.539e+03  2.078e-01  2.446e-01
1.540e+03  2.078e-01  2.446e-01
1.541e+03  2.078e-01  2.446e-01
1.542e+03  2.078e-01  2.446e-01
1.543e+03  2.078e-01  2.446e-01
1.544e+03  2.078e-01  2.446e-01
1.545e+03  2.079e-01  2.446e-01
1.546e+03  2.079e-01  2.446e-01
1.547e+03  2.079e-01  2.446e-01
1.548e+03  2.079e-01  2.446e-01
1.549e+03  2.079e-01  2.446e-01
1.550e+03  2.079e-01  2.446e-01
1.551e+03  2.079e-01  2.446e-01
1.552e+03  2.079e-01  2.446e-01
1.553e+03  2.079e-01  2.446e-01
1.554e+03  2.079e-01  2.446e-01
1.555e+03  2.079e-01  2.446e-01
1.556e+03  2.079e-01  2.446e-01
1.557e+03  2.079e-01  2.446e-01
1.558e+03  2.080e-01  2.446e-01
1.559e+03  2.080e-01  2.445e-01
1.560e+03  2.080e-01  2.445e-01
1.561e+03  2.080e-01  2.445e-01
1.562e+03  2.080e-01  2.445e-01
1.563e+03  2.080e-01  2.445e-01
1.564e+03  2.080e-01  2.445e-01
1.565e+03  2.080e-01  2.445e-01
1.566e+03  2.080e-01  2.445e-01
1.567e+03  2.081e-01  2.445e-01
1.568e+03  2.081e-01  2.445e-01
1.569e+03  2.081e-01  2.445e-01
1.570e+03  2.081e-01  2.445e-01
1.571e+03  2.081e-01  2.445e-01
1.572e+03  2.081e-01  2.445e-01
1.573e+03  2.081e-01  2.444e-01
1.574e+03  2.082e-01  2.444e-01
1.575e+03  2.082e-01  2.444e-01
1.576e+03  2.082e-01  2.444e-01
1.577e+03  2.082e-01  2.444e-01
1.578e+03  2.082e-01  2.444e-01
1.579e+03  2.083e-01  2.444e-01
1.580e+03  2.083e-01  2.444e-01
1.581e+03  2.083e-01  2.444e-01
1.582e+03  2.083e-01  2.443e-01
1.583e+03  2.084e-01  2.443e-01
1.584e+03  2.084e-01  2.443e-01
1.585e+03  2.084e-01  2.443e-01
1.586e+03  2.084e-01  2.443e-01
1.587e+03  2.085e-01  2.443e-01
1.588e+03  2.085e-01  2.442e-01
1.589e+03  2.085e-01  2.442e-01
1.590e+03  2.086e-01  2.442e-01
1.591e+03  2.086e-01  2.442e-01
1.592e+03  2.086e-01  2.442e-01
1.593e+03  2.087e-01  2.441e-01
1.594e+03  2.087e-01  2.441e-01
1.595e+03  2.087e-01  2.441e-01
1.596e+03  2.088e-01  2.441e-01
1.597e+03  2.088e-01  2.441e-01
1.598e+03  2.089e-01  2.440e-01
1.599e+03  2.089e-01  2.440e-01
1.600e+03  2.090e-01  2.440e-01
1.601e+03  2.090e-01  2.439e-01
1.602e+03  2.091e-01  2.439e-01
1.603e+03  2.091e-01  2.439e-01
1.604e+03  2.092e-01  2.438e-01
1.605e+03  2.092e-01  2.438e-01
1.606e+03  2.093e-01  2.438e-01
1.607e+03  2.094e-01  2.437e-01
1.608e+03  2.094e-01  2.437e-01
1.609e+03  2.095e-01  2.437e-01
1.610e+03  2.096e-01  2.436e-01
1.611e+03  2.097e-01  2.436e-01
1.612e+03  2.097e-01  2.435e-01
1.613e+03  2.098e-01  2.435e-01
1.614e+03  2.099e-01  2.434e-01
1.615e+03  2.100e-01  2.434e-01
1.616e+03  2.101e-01  2.433e-01
1.617e+03  2.102e-01  2.433e-01
1.618e+03  2.103e-01  2.432e-01
1.619e+03  2.104e-01  2.432e-01
1.620e+03  2.105e-01  2.431e-01
1.621e+03  2.106e-01  2.430e-01
1.622e+03  2.107e-01  2.430e-01
1.623e+03  2.108e-01  2.429e-01
1.624e+03  2.110e-01  2.428e-01
1.625e+03  2.111e-01  2.428e-01
1.626e+03  2.112e-01  2.427e-01
1.627e+03  2.114e-01  2.426e-01
1.628e+03  2.115e-01  2.425e-01
1.629e+03  2.117e-01  2.424e-01
1.630e+03  2.118e-01  2.423e-01
1.631e+03  2.120e-01  2.423e-01
1.632e+03  2.122e-01  2.422e-01
1.633e+03  2.123e-01  2.421e-01
1.634e+03  2.125e-01  2.419e-01
1.635e+03  2.127e-01  2.418e-01
1.636e+03  2.129e-01  2.417e-01
1.637e+03  2.131e-01  2.416e-01
1.638e+03  2.134e-01  2.415e-01
1.639e+03  2.136e-01  2.414e-01
1.640e+03  2.138e-01  2.412e-01
1.641e+03  2.141e-01  2.411e-01
1.642e+03  2.143e-01  2.409e-01
1.643e+03  2.146e-01  2.408e-01
1.644e+03  2.149e-01  2.406e-01
1.645e+03  2.151e-01  2.405e-01
1.646e+03  2.154e-01  2.403e-01
1.647e+03  2.157e-01  2.401e-01
1.648e+03  2.161e-01  2.399e-01
1.649e+03  2.164e-01  2.398e-01
1.650e+03  2.168e-01  2.396e-01
1.651e+03  2.171e-01  2.394e-01
1.652e+03  2.175e-01  2.392e-01
1.653e+03  2.179e-01  2.389e-01
1.654e+03  2.183e-01  2.387e-01
1.655e+03  2.187e-01  2.385e-01
1.656e+03  2.192e-01  2.382e-01
1.657e+03  2.196e-01  2.380e-01
1.658e+03  2.201e-01  2.377e-01
1.659e+03  2.206e-01  2.374e-01
1.660e+03  2.211e-01  2.371e-01
1.661e+03  2.217e-01  2.368e-01
1.662e+03  2.222e-01  2.365e-01
1.663e+03  2.228e-01  2.362e-01
1.664e+03  2.234e-01  2.359e-01
1.665e+03  2.240e-01  2.355e-01
1.666e+03  2.247e-01  2.352e-01
1.667e+03  2.254e-01  2.348e-01
1.668e+03  2.261e-01  2.344e-01
1.669e+03  2.268e-01  2.340e-01
1.670e+03  2.276e-01  2.336e-01
1.671e+03  2.284e-01  2.331e-01
1.672e+03  2.292e-01  2.327e-01
1.673e+03  2.301e-01  2.322e-01
1.674e+03  2.310e-01  2.317e-01
1.675e+03  2.319e-01  2.312e-01
1.676e+03  2.329e-01  2.307e-01
1.677e+03  2.339e-01  2.301e-01
1.678e+03  2.350e-01  2.295e-01
1.679e+03  2.361e-01  2.289e-01
1.680e+03  2.373e-01  2.283e-01
1.681e+03  2.384e-01  2.277e-01
1.682e+03  2.397e-01  2.270e-01
1.683e+03  2.410e-01  2.263e-01
1.684e+03  2.423e-01  2.256e-01
1.685e+03  2.437e-01  2.249e-01
1.686e+03  2.452e-01  2.241e-01
1.687e+03  2.467e-01  2.233e-01
1.688e+03  2.483e-01  2.225e-01
1.689e+03  2.500e-01  2.216e-01
1.690e+03  2.517e-01  2.207e-01
1.691e+03  2.535e-01  2.198e-01
1.692e+03  2.553e-01  2.188e-01
1.693e+03  2.573e-01  2.178e-01
1.694e+03  2.593e-01  2.168e-01
1.695e+03  2.614e-01  2.157e-01
1.696e+03  2.636e-01  2.146e-01
1.697e+03  2.659e-01  2.134e-01
1.698e+03  2.683e-01  2.123e-01
1.699e+03  2.708e-01  2.110e-01
1.700e+03  2.733e-01  2.097e-01
1.701e+03  2.760e-01  2.084e-01
1.702e+03  2.788e-01  2.070e-01
1.703e+03  2.817e-01  2.056e-01
1.704e+03  2.848e-01  2.041e-01
1.705e+03  2.879e-01  2.026e-01
1.706e+03  2.912e-01  2.010e-01
1.707e+03  2.947e-01  1.994e-01
1.708e+03  2.982e-01  1.977e-01
1.709e+03  3.020e-01  1.959e-01
1.710e+03  3.058e-01  1.941e-01
1.711e+03  3.099e-01  1.923e-01
1.712e+03  3.141e-01  1.903e-01
1.713e+03  3.184e-01  1.883e-01
1.714e+03  3.230e-01  1.863e-01
1.715e+03  3.277e-01  1.842e-01
1.716e+03  3.326e-01  1.820e-01
1.717e+03  3.378e-01  1.797e-01
1.718e+03  3.431e-01  1.774e-01
1.719e+03  3.486e-01  1.750e-01
1.720e+03  3.544e-01  1.726e-01
1.721e+03  3.604e-01  1.700e-01
1.722e+03  3.666e-01  1.674e-01
1.723e+03  3.730e-01  1.648e-01
1.724e+03  3.797e-01  1.621e-01
1.725e+03  3.867e-01  1.593e-01
1.726e+03  3.939e-01  1.564e-01
1.727e+03  4.013e-01  1.534e-01
1.728e+03  4.091e-01  1.504e-01
1.729e+03  4.171e-01  1.474e-01
1.730e+03  4.254e-01  1.443e-01
1.731e+03  4.339e-01  1.411e-01
1.732e+03  4.428e-01  1.378e-01
1.733e+03  4.519e-01  1.345e-01
1.734e+03  4.614e-01  1.311e-01
1.735e+03  4.711e-01  1.277e-01
1.736e+03  4.811e-01  1.243e-01
1.737e+03  4.914e-01  1.208e-01
1.738e+03  5.020e-01  1.173e-01
1.739e+03  5.128e-01  1.137e-01
1.740e+03  5.239e-01  1.101e-01
1.741e+03  5.353e-01  1.065e-01
1.742e+03  5.470e-01  1.029e-01
1.743e+03  5.589e-01  9.922e-02
1.744e+03  5.710e-01  9.558e-02
1.745e+03  5.833e-01  9.194e-02
1.746e+03  5.958e-01  8.831e-02
1.747e+03  6.085e-01  8.470e-02
1.748e+03  6.213e-01  8.112e-02
1.749e+03  6.343e-01  7.756e-02
1.750e+03  6.474e-01  7.405e-02
1.751e+03  6.605e-01  7.058e-02
1.752e+03  6.737e-01  6.716e-02
1.753e+03  6.870e-01  6.380e-02
1.754e+03  7.002e-01  6.051e-02
1.755e+03  7.133e-01  5.729e-02
1.756e+03  7.264e-01  5.414e-02
1.757e+03  7.394e-01  5.108e-02
1.758e+03  7.523e-01  4.811e-02
1.759e+03  7.649e-01  4.523e-02
1.760e+03  7.774e-01  4.244e-02
1.761e+03  7.896e-01  3.976e-02
1.762e+03  8.016e-01  3.717e-02
1.763e+03  8.132e-01  3.469e-02
1.764e+03  8.246e-01  3.232e-02
1.765e+03  8.356e-01  3.006e-02
1.766e+03  8.462e-01  2.790e-02
1.767e+03  8.565e-01  2.585e-02
1.768e+03  8.663e-01  2.390e-02
1.769e+03  8.758e-01  2.206e-02
1.770e+03  8.848e-01  2.033e-02
1.771e+03  8.934e-01  1.870e-02
1.772e+03  9.016e-01  1.717e-02
1.773e+03  9.093e-01  1.573e-02
1.774e+03  9.166e-01  1.439e-02
1.775e+03  9.234e-01  1.314e-02
1.776e+03  9.299e-01  1.198e-02
1.777e+03  9.359e-01  1.090e-02
1.778e+03  9.416e-01  9.906e-03
1.779e+03  9.468e-01  8.984e-03
1.780e+03  9.517e-01  8.134e-03
1.781e+03  9.562e-01  7.353e-03
1.782e+03  9.603e-01  6.635e-03
1.783e+03  9.642e-01  5.978e-03
1.784e+03  9.677e-01  5.378e-03
1.785e+03  9.709e-01  4.830e-03
1.786e+03  9.739e-01  4.331e-03
1.787e+03  9.765e-01  3.878e-03
1.788e+03  9.790e-01  3.467e-03
1.789e+03  9.812e-01  3.095e-03
1.790e+03  9.832e-01  2.760e-03
1.791e+03  9.851e-01  2.457e-03
1.792e+03  9.867e-01  2.184e-03
1.793e+03  9.882e-01  1.939e-03
1.794e+03  9.895e-01  1.719e-03
1.795e+03  9.907e-01  1.522e-03
1.796e+03  9.918e-01  1.346e-03
1.797e+03  9.927e-01  1.189e-03
1.798e+03  9.936e-01  1.048e-03
1.799e+03  9.943e-01  9.237e-04
1.800e+03  9.950e-01  8.129e-04
1.801e+03  9.956e-01  7.145e-04
1.802e+03  9.962e-01  6.273e-04
1.803e+03  9.966e-01  5.501e-04
1.804e+03  9.970e-01  4.819e-04
1.805e+03  9.974e-01  4.217e-04
1.806e+03  9.977e-01  3.687e-04
1.807e+03  9.980e-01  3.220e-04
1.808e+03  9.983e-01  2.809e-04
1.809e+03  9.985e-01  2.448e-04
1.810e+03  9.987e-01  2.131e-04
1.811e+03  9.989e-01  1.854e-04
1.812e+03  9.990e-01  1.611e-04
1.813e+03  9.991e-01  1.399e-04
1.814e+03  9.993e-01  1.213e-04
1.815e+03  9.994e-01  1.052e-04
1.816e+03  9.994e-01  9.107e-05
1.817e+03  9.995e-01  7.879e-05
1.818e+03  9.996e-01  6.811e-05
1.819e+03  9.996e-01  5.883e-05
1.820e+03  9.997e-01  5.077e-05
1.821e+03  9.997e-01  4.378e-05
1.822e+03  9.998e-01  3.772e-05
1.823e+03  9.998e-01  3.247e-05
1.824e+03  9.998e-01  2.793e-05
1.825e+03  9.999e-01  2.401e-05
1.826e+03  9.999e-01  2.063e-05
1.827e+03  9.999e-01  1.770e-05
1.828e+03  9.999e-01  1.518e-05
1.829e+03  9.999e-01  1.301e-05
1.830e+03  9.999e-01  1.114e-05
1.831e+03  9.999e-01  9.537e-06
1.832e+03  9.999e-01  8.156e-06
1.833e+03  1.000e+00  6.970e-06
1.834e+03  1.000e+00  5.952e-06
1.835e+03  1.000e+00  5.079e-06
1.836e+03  1.000e+00  4.332e-06
1.837e+03  1.000e+00  3.692e-06
1.838e+03  1.000e+00  3.144e-06
1.839e+03  1.000e+00  2.676e-06
1.840e+03  1.000e+00  2.276e-06
1.841e+03  1.000e+00  1.934e-06
1.842e+03  1.000e+00  1.643e-06
1.843e+03  1.000e+00  1.395e-06
1.844e+03  1.000e+00  1.183e-06
1.845e+03  1.000e+00  1.003e-06
1.846e+03  1.000e+00  8.498e-07
1.847e+03  1.000e+00  7.195e-07
1.848e+03  1.000e+00  6.088e-07
1.849e+03  1.000e+00  5.149e-07
1.850e+03  1.000e+00  4.351e-07
1.851e+03  1.000e+00  3.675e-07
1.852e+03  1.000e+00  3.102e-07
1.853e+03  1.000e+00  2.617e-07
1.854e+03  1.000e+00  2.206e-07
1.855e+03  1.000e+00  1.859e-07
1.856e+03  1.000e+00  1.565e-07
1.857e+03  1.000e+00  1.317e-07
1.858e+03  1.000e+00  1.108e-07
1.859e+03  1.000e+00  9.310e-08
1.860e+03  1.000e+00  7.820e-08
1.861e+03  1.000e+00  6.565e-08
1.862e+03  1.000e+00  5.509e-08
1.863e+03  1.000e+00  4.619e-08
1.864e+03  1.000e+00  3.871e-08
1.865e+03  1.000e+00  3.242e-08
1.866e+03  1.000e+00  2.714e-08
1.867e+03  1.000e+00  2.271e-08
1.868e+03  1.000e+00  1.899e-08
1.869e+03  1.000e+00  1.587e-08
1.870e+03  1.000e+00  1.325e-08
1.871e+03  1.000e+00  1.106e-08
1.872e+03  1.000e+00  9.227e-09
1.873e+03  1.000e+00  7.693e-09
1.874e+03  1.000e+00  6.411e-09
1.875e+03  1.000e+00  5.339e-09
1.876e+03  1.000e+00  4.444e-09
1.877e+03  1.000e+00  3.697e-09
1.878e+03  1.000e+00  3.074e-09
1.879e+03  1.000e+00  2.554e-09
1.880e+03  1.000e+00  2.121e-09
1.881e+03  1.000e+00  1.761e-09
1.882e+03  1.000e+00  1.461e-09
1.883e+03  1.000e+00  1.211e-09
1.884e+03  1.000e+00  1.004e-09
1.885e+03  1.000e+00  8.312e-10
1.886e+03  1.000e+00  6.880e-10
1.887e+03  1.000e+00  5.692e-10
1.888e+03  1.000e+00  4.706e-10
1.889e+03  1.000e+00  3.890e-10
1.890e+03  1.000e+00  3.213e-10
1.891e+03  1.000e+00  2.652e-10
1.892e+03  1.000e+00  2.188e-10
1.893e+03  1.000e+00  1.804e-10
1.894e+03  1.000e+00  1.487e-10
1.895e+03  1.000e+00  1.225e-10
1.896e+03  1.000e+00  1.009e-10
1.897e+03  1.000e+00  8.299e-11
1.898e+03  1.000e+00  6.825e-11
1.899e+03  1.000e+00  5.610e-11
1.900e+03  1.000e+00  4.609e-11
1.901e+03  1.000e+00  3.784e-11
1.902e+03  1.000e+00  3.106e-11
1.903e+03  1.000e+00  2.547e-11
1.904e+03  1.000e+00  2.088e-11
1.905e+03  1.000e+00  1.711e-11
1.906e+03  1.000e+00  1.401e-11
1.907e+03  1.000e+00  1.147e-11
1.908e+03  1.000e+00  9.382e-12
1.909e+03  1.000e+00  7.671e-12
1.910e+03  1.000e+00  6.268e-12
1.911e+03  1.000e+00  5.120e-12
1.912e+03  1.000e+00  4.180e-12
1.913e+03  1.000e+00  3.410e-12
1.914e+03  1.000e+00  2.781e-12
1.915e+03  1.000e+00  2.267e-12
1.916e+03  1.000e+00  1.846e-12
1.917e+03  1.000e+00  1.503e-12
1.918e+03  1.000e+00  1.223e-12
1.919e+03  1.000e+00  9.950e-13
1.920e+03  1.000e+00  8.089e-13
1.921e+03  1.000e+00  6.572e-13
1.922e+03  1.000e+00  5.337e-13
1.923e+03  1.000e+00  4.332e-13
1.924e+03  1.000e+00  3.514e-13
1.925e+03  1.000e+00  2.850e-13
1.926e+03  1.000e+00  2.309e-13
1.927e+03  1.000e+00  1.870e-13
1.928e+03  1.000e+00  1.514e-13
1.929e+03  1.000e+00  1.225e-13
1.930e+03  1.000e+00  9.909e-14
1.931e+03  1.000e+00  8.010e-14
1.932e+03  1.000e+00  6.471e-14
1.933e+03  1.000e+00  5.225e-14
1.934e+03  1.000e+00  4.217e-14
1.935e+03  1.000e+00  3.402e-14
1.936e+03  1.000e+00  2.743e-14
1.937e+03  1.000e+00  2.210e-14
1.938e+03  1.000e+00  1.780e-14
1.939e+03  1.000e+00  1.433e-14
1.940e+03  1.000e+00  1.153e-14
1.941e+03  1.000e+00  9.271e-15
1.942e+03  1.000e+00  7.452e-15
1.943e+03  1.000e+00  5.987e-15
1.944e+03  1.000e+00  4.807e-15
1.945e+03  1.000e+00  3.858e-15
1.946e+03  1.000e+00  3.094e-15
1.947e+03  1.000e+00  2.481e-15
1.948e+03  1.000e+00  1.988e-15
1.949e+03  1.000e+00  1.592e-15
1.950e+03  1.000e+00  1.275e-15
1.951e+03  1.000e+00  1.020e-15
1.952e+03  1.000e+00  8.155e-16
1.953e+03  1.000e+00  6.518e-16
1.954e+03  1.000e+00  5.207e-16
1.955e+03  1.000e+00  4.158e-16
1.956e+03  1.000e+00  3.318e-16
1.957e+03  1.000e+00  2.647e-16
1.958e+03  1.000e+00  2.110e-16
1.959e+03  1.000e+00  1.681e-16
1.960e+03  1.000e+00  1.339e-16
1.961e+03  1.000e+00  1.066e-16
1.962e+03  1.000e+00  8.482e-17
1.963e+03  1.000e+00  6.745e-17
1.964e+03  1.000e+00  5.362e-17
1.965e+03  1.000e+00  4.259e-17
1.966e+03  1.000e+00  3.382e-17
1.967e+03  1.000e+00  2.684e-17
1.968e+03  1.000e+00  2.129e-17
1.969e+03  1.000e+00  1.688e-17
1.970e+03  1.000e+00  1.338e-17
1.971e+03  1.000e+00  1.060e-17
1.972e+03  1.000e+00  8.389e-18
1.973e+03  1.000e+00  6.638e-18
1.974e+03  1.000e+00  5.250e-18
1.975e+03  1.000e+00  4.150e-18
1.976e+03  1.000e+00  3.278e-18
1.977e+03  1.000e+00  2.589e-18
1.978e+03  1.000e+00  2.043e-18
1.979e+03  1.000e+00  1.612e-18
1.980e+03  1.000e+00  1.271e-18
1.981e+03  1.000e+00  1.002e-18
1.982e+03  1.000e+00  7.890e-19
1.983e+03  1.000e+00  6.212e-19
1.984e+03  1.000e+00  4.889e-19
1.985e+03  1.000e+00  3.845e-19
1.986e+03  1.000e+00  3.023e-19
1.987e+03  1.000e+00  2.375e-19
1.988e+03  1.000e+00  1.865e-19
1.989e+03  1.000e+00  1.464e-19
1.990e+03  1.000e+00  1.149e-19
1.991e+03  1.000e+00  9.008e-20
1.992e+03  1.000e+00  7.060e-20
1.993e+03  1.000e+00  5.531e-20
1.994e+03  1.000e+00  4.331e-20
1.995e+03  1.000e+00  3.389e-20
1.996e+03  1.000e+00  2.651e-20
1.997e+03  1.000e+00  2.073e-20
1.998e+03  1.000e+00  1.620e-20
1.999e+03  1.000e+00  1.265e-20
2.000e+03  1.000e+00  9.877e-21
2.001e+03  1.000e+00  7.707e-21
2.002e+03  1.000e+00  6.011e-21
2.003e+03  1.000e+00  4.685e-21
2.004e+03  1.000e+00  3.650e-21
2.005e+03  1.000e+00  2.843e-21
2.006e+03  1.000e+00  2.213e-21
2.007e+03  1.000e+00  1.721e-21
2.008e+03  1.000e+00  1.339e-21
2.009e+03  1.000e+00  1.040e-21
2.010e+03  1.000e+00  8.082e-22
2.011e+03  1.000e+00  6.275e-22
2.012e+03  1.000e+00  4.870e-22
2.013e+03  1.000e+00  3.777e-22
2.014e+03  1.000e+00  2.928e-22
2.015e+03  1.000e+00  2.269e-22
2.016e+03  1.000e+00  1.758e-22
2.017e+03  1.000e+00  1.361e-22
2.018e+03  1.000e+00  1.053e-22
2.019e+03  1.000e+00  8.142e-23
2.020e+03  1.000e+00  6.294e-23
2.021e+03  1.000e+00  4.863e-23
2.022e+03  1.000e+00  3.755e-23
2.023e+03  1.000e+00  2.898e-23
2.024e+03  1.000e+00  2.236e-23
2.025e+03  1.000e+00  1.724e-23
2.026e+03  1.000e+00  1.329e-23
2.027e+03  1.000e+00  1.024e-23
2.028e+03  1.000e+00  7.882e-24
2.029e+03  1.000e+00  6.066e-24
2.030e+03  1.000e+00  4.666e-24
2.031e+03  1.000e+00  3.587e-24
2.032e+03  1.000e+00  2.756e-24
2.033e+03  1.000e+00  2.117e-24
2.034e+03  1.000e+00  1.625e-24
2.035e+03  1.000e+00  1.247e-24
2.036e+03  1.000e+00  9.565e-25
2.037e+03  1.000e+00  7.332e-25
2.038e+03  1.000e+00  5.618e-25
2.039e+03  1.000e+00  4.302e-25
2.040e+03  1.000e+00  3.293e-25
2.041e+03  1.000e+00  2.519e-25
2.042e+03  1.000e+00  1.926e-25
2.043e+03  1.000e+00  1.472e-25
2.044e+03  1.000e+00  1.125e-25
2.045e+03  1.000e+00  8.589e-26
2.046e+03  1.000e+00  6.555e-26
2.047e+03  1.000e+00  5.000e-26
2.048e+03  1.000e+00  3.812e-26
2.049e+03  1.000e+00  2.905e-26
2.050e+03  1.000e+00  2.213e-26
2.051e+03  1.000e+00  1.685e-26
2.052e+03  1.000e+00  1.282e-26
2.053e+03  1.000e+00  9.751e-27
2.054e+03  1.000e+00  7.413e-27
2.055e+03  1.000e+00  5.633e-27
2.056e+03  1.000e+00  4.278e-27
2.057e+03  1.000e+00  3.247e-27
2.058e+03  1.000e+00  2.464e-27
2.059e+03  1.000e+00  1.868e-27
2.060e+03  1.000e+00  1.416e-27
2.061e+03  1.000e+00  1.073e-27
2.062e+03  1.000e+00  8.125e-28
2.063e+03  1.000e+00  6.150e-28
2.064e+03  1.000e+00  4.652e-28
2.065e+03  1.000e+00  3.518e-28
2.066e+03  1.000e+00  2.659e-28
2.067e+03  1.000e+00  2.008e-28
2.068e+03  1.000e+00  1.516e-28
2.069e+03  1.000e+00  1.144e-28
2.070e+03  1.000e+00  8.633e-29
2.071e+03  1.000e+00  6.509e-29
2.072e+03  1.000e+00  4.905e-29
2.073e+03  1.000e+00  3.694e-29
2.074e+03  1.000e+00  2.781e-29
2.075e+03  1.000e+00  2.093e-29
2.076e+03  1.000e+00  1.574e-29
2.077e+03  1.000e+00  1.183e-29
2.078e+03  1.000e+00  8.891e-30
2.079e+03  1.000e+00  6.677e-30
2.080e+03  1.000e+00  5.012e-30
2.081e+03  1.000e+00  3.761e-30
2.082e+03  1.000e+00  2.820e-30
2.083e+03  1.000e+00  2.114e-30
2.084e+03  1.000e+00  1.584e-30
2.085e+03  1.000e+00  1.186e-30
2.086e+03  1.000e+00  8.877e-31
2.087e+03  1.000e+00  6.641e-31
2.088e+03  1.000e+00  4.966e-31
2.089e+03  1.000e+00  3.711e-31
2.090e+03  1.000e+00  2.772e-31
2.091e+03  1.000e+00  2.070e-31
2.092e+03  1.000e+00  1.545e-31
2.093e+03  1.000e+00  1.152e-31
2.094e+03  1.000e+00  8.592e-32
2.095e+03  1.000e+00  6.403e-32
2.096e+03  1.000e+00  4.769e-32
2.097e+03  1.000e+00  3.551e-32
2.098e+03  1.000e+00  2.642e-32
2.099e+03  1.000e+00  1.965e-32
2.100e+03  1.000e+00  1.461e-32
2.101e+03  1.000e+00  1.086e-32
2.102e+03  1.000e+00  8.063e-33
2.103e+03  1.000e+00  5.985e-33
2.104e+03  1.000e+00  4.441e-33
2.105e+03  1.000e+00  3.294e-33
2.106e+03  1.000e+00  2.441e-33
2.107e+03  1.000e+00  1.809e-33
2.108e+03  1.000e+00  1.340e-33
2.109e+03  1.000e+00  9.916e-34
2.110e+03  1.000e+00  7.336e-34
2.111e+03  1.000e+00  5.425e-34
2.112e+03  1.000e+00  4.010e-34
2.113e+03  1.000e+00  2.962e-34
2.114e+03  1.000e+00  2.187e-34
2.115e+03  1.000e+00  1.614e-34
2.116e+03  1.000e+00  1.191e-34
2.117e+03  1.000e+00  8.782e-35
2.118e+03  1.000e+00  6.472e-35
2.119e+03  1.000e+00  4.768e-35
2.120e+03  1.000e+00  3.510e-35
2.121e+03  1.000e+00  2.583e-35
2.122e+03  1.000e+00  1.900e-35
2.123e+03  1.000e+00  1.397e-35
2.124e+03  1.000e+00  1.027e-35
2.125e+03  1.000e+00  7.541e-36
2.126e+03  1.000e+00  5.537e-36
2.127e+03  1.000e+00  4.063e-36
2.128e+03  1.000e+00  2.980e-36
2.129e+03  1.000e+00  2.185e-36
2.130e+03  1.000e+00  1.601e-36
2.131e+03  1.000e+00  1.172e-36
2.132e+03  1.000e+00  8.583e-37
2.133e+03  1.000e+00  6.280e-37
2.134e+03  1.000e+00  4.593e-37
2.135e+03  1.000e+00  3.357e-37
2.136e+03  1.000e+00  2.453e-37
2.137e+03  1.000e+00  1.791e-37
2.138e+03  1.000e+00  1.308e-37
2.139e+03  1.000e+00  9.541e-38
2.140e+03  1.000e+00  6.958e-38
2.141e+03  1.000e+00  5.072e-38
2.142e+03  1.000e+00  3.695e-38
2.143e+03  1.000e+00  2.691e-38
2.144e+03  1.000e+00  1.958e-38
2.145e+03  1.000e+00  1.425e-38
2.146e+03  1.000e+00  1.036e-38
2.147e+03  1.000e+00  7.530e-39
2.148e+03  1.000e+00  5.470e-39
2.149e+03  1.000e+00  3.972e-39
2.150e+03  1.000e+00  2.883e-39
2.151e+03  1.000e+00  2.091e-39
2.152e+03  1.000e+00  1.516e-39
2.153e+03  1.000e+00  1.099e-39
2.154e+03  1.000e+00  7.960e-40
2.155e+03  1.000e+00  5.763e-40
2.156e+03  1.000e+00  4.171e-40
2.157e+03  1.000e+00  3.017e-40
2.158e+03  1.000e+00  2.181e-40
2.159e+03  1.000e+00  1.576e-40
2.160e+03  1.000e+00  1.139e-40
2.161e+03  1.000e+00  8.220e-41
2.162e+03  1.000e+00  5.932e-41
2.163e+03  1.000e+00  4.279e-41
2.164e+03  1.000e+00  3.085e-41
2.165e+03  1.000e+00  2.223e-41
2.166e+03  1.000e+00  1.601e-41
2.167e+03  1.000e+00  1.152e-41
2.168e+03  1.000e+00  8.293e-42
2.169e+03  1.000e+00  5.964e-42
2.170e+03  1.000e+00  4.287e-42
2.171e+03  1.000e+00  3.081e-42
2.172e+03  1.000e+00  2.213e-42
2.173e+03  1.000e+00  1.588e-42
2.174e+03  1.000e+00  1.140e-42
2.175e+03  1.000e+00  8.173e-43
2.176e+03  1.000e+00  5.858e-43
2.177e+03  1.000e+00  4.197e-43
2.178e+03  1.000e+00  3.006e-43
2.179e+03  1.000e+00  2.152e-43
2.180e+03  1.000e+00  1.539e-43
2.181e+03  1.000e+00  1.101e-43
2.182e+03  1.000e+00  7.869e-44
2.183e+03  1.000e+00  5.622e-44
2.184e+03  1.000e+00  4.014e-44
2.185e+03  1.000e+00  2.865e-44
2.186e+03  1.000e+00  2.044e-44
2.187e+03  1.000e+00  1.458e-44
2.188e+03  1.000e+00  1.039e-44
2.189e+03  1.000e+00  7.402e-45
2.190e+03  1.000e+00  5.270e-45
2.191e+03  1.000e+00  3.751e-45
2.192e+03  1.000e+00  2.669e-45
2.193e+03  1.000e+00  1.897e-45
2.194e+03  1.000e+00  1.349e-45
2.195e+03  1.000e+00  9.580e-46
2.196e+03  1.000e+00  6.802e-46
2.197e+03  1.000e+00  4.828e-46
2.198e+03  1.000e+00  3.425e-46
2.199e+03  1.000e+00  2.428e-46
2.200e+03  1.000e+00  1.721e-46
2.201e+03  1.000e+00  1.219e-46
2.202e+03  1.000e+00  8.631e-47
2.203e+03  1.000e+00  6.108e-47
2.204e+03  1.000e+00  4.320e-47
2.205e+03  1.000e+00  3.055e-47
2.206e+03  1.000e+00  2.159e-47
2.207e+03  1.000e+00  1.525e-47
2.208e+03  1.000e+00  1.077e-47
2.209e+03  1.000e+00  7.597e-48
2.210e+03  1.000e+00  5.359e-48
2.211e+03  1.000e+00  3.778e-48
2.212e+03  1.000e+00  2.662e-48
2.213e+03  1.000e+00  1.875e-48
2.214e+03  1.000e+00  1.320e-48
2.215e+03  1.000e+00  9.290e-49
2.216e+03  1.000e+00  6.534e-49
2.217e+03  1.000e+00  4.594e-49
2.218e+03  1.000e+00  3.228e-49
2.219e+03  1.000e+00  2.267e-49
2.220e+03  1.000e+00  1.592e-49
2.221e+03  1.000e+00  1.117e-49
2.222e+03  1.000e+00  7.833e-50
2.223e+03  1.000e+00  5.491e-50
2.224e+03  1.000e+00  3.848e-50
2.225e+03  1.000e+00  2.695e-50
2.226e+03  1.000e+00  1.887e-50
2.227e+03  1.000e+00  1.320e-50
2.228e+03  1.000e+00  9.232e-51
2.229e+03  1.000e+00  6.454e-51
2.230e+03  1.000e+00  4.509e-51
2.231e+03  1.000e+00  3.149e-51
2.232e+03  1.000e+00  2.198e-51
2.233e+03  1.000e+00  1.534e-51
2.234e+03  1.000e+00  1.070e-51
2.235e+03  1.000e+00  7.457e-52
2.236e+03  1.000e+00  5.196e-52
2.237e+03  1.000e+00  3.619e-52
2.238e+03  1.000e+00  2.519e-52
2.239e+03  1.000e+00  1.753e-52
2.240e+03  1.000e+00  1.219e-52
2.241e+03  1.000e+00  8.472e-53
2.242e+03  1.000e+00  5.886e-53
2.243e+03  1.000e+00  4.088e-53
2.244e+03  1.000e+00  2.838e-53
2.245e+03  1.000e+00  1.969e-53
2.246e+03  1.000e+00  1.365e-53
2.247e+03  1.000e+00  9.464e-54
2.248e+03  1.000e+00  6.557e-54
2.249e+03  1.000e+00  4.541e-54
2.250e+03  1.000e+00  3.143e-54
2.251e+03  1.000e+00  2.175e-54
2.252e+03  1.000e+00  1.504e-54
2.253e+03  1.000e+00  1.039e-54
2.254e+03  1.000e+00  7.181e-55
2.255e+03  1.000e+00  4.959e-55
2.256e+03  1.000e+00  3.423e-55
2.257e+03  1.000e+00  2.362e-55
2.258e+03  1.000e+00  1.629e-55
2.259e+03  1.000e+00  1.123e-55
2.260e+03  1.000e+00  7.733e-56
2.261e+03  1.000e+00  5.325e-56
2.262e+03  1.000e+00  3.666e-56
2.263e+03  1.000e+00  2.522e-56
2.264e+03  1.000e+00  1.734e-56
2.265e+03  1.000e+00  1.192e-56
2.266e+03  1.000e+00  8.189e-57
2.267e+03  1.000e+00  5.623e-57
2.268e+03  1.000e+00  3.860e-57
2.269e+03  1.000e+00  2.648e-57
2.270e+03  1.000e+00  1.816e-57
2.271e+03  1.000e+00  1.245e-57
2.272e+03  1.000e+00  8.526e-58
2.273e+03  1.000e+00  5.838e-58
2.274e+03  1.000e+00  3.996e-58
2.275e+03  1.000e+00  2.734e-58
2.276e+03  1.000e+00  1.869e-58
2.277e+03  1.000e+00  1.278e-58
2.278e+03  1.000e+00  8.729e-59
2.279e+03  1.000e+00  5.961e-59
2.280e+03  1.000e+00  4.068e-59
2.281e+03  1.000e+00  2.776e-59
2.282e+03  1.000e+00  1.893e-59
2.283e+03  1.000e+00  1.290e-59
2.284e+03  1.000e+00  8.788e-60
2.285e+03  1.000e+00  5.984e-60
2.286e+03  1.000e+00  4.073e-60
2.287e+03  1.000e+00  2.771e-60
2.288e+03  1.000e+00  1.884e-60
2.289e+03  1.000e+00  1.281e-60
2.290e+03  1.000e+00  8.700e-61
2.291e+03  1.000e+00  5.908e-61
2.292e+03  1.000e+00  4.010e-61
2.293e+03  1.000e+00  2.720e-61
2.294e+03  1.000e+00  1.845e-61
2.295e+03  1.000e+00  1.250e-61
2.296e+03  1.000e+00  8.470e-62
2.297e+03  1.000e+00  5.736e-62
2.298e+03  1.000e+00  3.882e-62
2.299e+03  1.000e+00  2.626e-62
2.300e+03  1.000e+00  1.776e-62
2.301e+03  1.000e+00  1.200e-62
2.302e+03  1.000e+00  8.109e-63
2.303e+03  1.000e+00  5.476e-63
2.304e+03  1.000e+00  3.696e-63
2.305e+03  1.000e+00  2.493e-63
2.306e+03  1.000e+00  1.681e-63
2.307e+03  1.000e+00  1.133e-63
2.308e+03  1.000e+00  7.634e-64
2.309e+03  1.000e+00  5.141e-64
2.310e+03  1.000e+00  3.460e-64
2.311e+03  1.000e+00  2.328e-64
2.312e+03  1.000e+00  1.565e-64
2.313e+03  1.000e+00  1.052e-64
2.314e+03  1.000e+00  7.069e-65
2.315e+03  1.000e+00  4.747e-65
2.316e+03  1.000e+00  3.186e-65
2.317e+03  1.000e+00  2.137e-65
2.318e+03  1.000e+00  1.433e-65
2.319e+03  1.000e+00  9.607e-66
2.320e+03  1.000e+00  6.436e-66
2.321e+03  1.000e+00  4.310e-66
2.322e+03  1.000e+00  2.885e-66
2.323e+03  1.000e+00  1.930e-66
2.324e+03  1.000e+00  1.291e-66
2.325e+03  1.000e+00  8.627e-67
2.326e+03  1.000e+00  5.764e-67
2.327e+03  1.000e+00  3.849e-67
2.328e+03  1.000e+00  2.569e-67
2.329e+03  1.000e+00  1.714e-67
2.330e+03  1.000e+00  1.143e-67
2.331e+03  1.000e+00  7.619e-68
2.332e+03  1.000e+00  5.076e-68
2.333e+03  1.000e+00  3.380e-68
2.334e+03  1.000e+00  2.250e-68
2.335e+03  1.000e+00  1.497e-68
2.336e+03  1.000e+00  9.955e-69
2.337e+03  1.000e+00  6.617e-69
2.338e+03  1.000e+00  4.397e-69
2.339e+03  1.000e+00  2.920e-69
2.340e+03  1.000e+00  1.938e-69
2.341e+03  1.000e+00  1.286e-69
2.342e+03  1.000e+00  8.528e-70
2.343e+03  1.000e+00  5.653e-70
2.344e+03  1.000e+00  3.746e-70
2.345e+03  1.000e+00  2.481e-70
2.346e+03  1.000e+00  1.642e-70
2.347e+03  1.000e+00  1.086e-70
2.348e+03  1.000e+00  7.185e-71
2.349e+03  1.000e+00  4.750e-71
2.350e+03  1.000e+00  3.138e-71
2.351e+03  1.000e+00  2.073e-71
2.352e+03  1.000e+00  1.368e-71
2.353e+03  1.000e+00  9.028e-72
2.354e+03  1.000e+00  5.954e-72
2.355e+03  1.000e+00  3.925e-72
2.356e+03  1.000e+00  2.586e-72
2.357e+03  1.000e+00  1.703e-72
2.358e+03  1.000e+00  1.121e-72
2.359e+03  1.000e+00  7.378e-73
2.360e+03  1.000e+00  4.853e-73
2.361e+03  1.000e+00  3.190e-73
2.362e+03  1.000e+00  2.096e-73
2.363e+03  1.000e+00  1.377e-73
2.364e+03  1.000e+00  9.039e-74
2.365e+03  1.000e+00  5.931e-74
2.366e+03  1.000e+00  3.890e-74
2.367e+03  1.000e+00  2.550e-74
2.368e+03  1.000e+00  1.671e-74
2.369e+03  1.000e+00  1.095e-74
2.370e+03  1.000e+00  7.167e-75
2.371e+03  1.000e+00  4.690e-75
2.372e+03  1.000e+00  3.068e-75
2.373e+03  1.000e+00  2.006e-75
2.374e+03  1.000e+00  1.311e-75
2.375e+03  1.000e+00  8.561e-76
2.376e+03  1.000e+00  5.589e-76
2.377e+03  1.000e+00  3.648e-76
2.378e+03  1.000e+00  2.379e-76
2.379e+03  1.000e+00  1.551e-76
2.380e+03  1.000e+00  1.011e-76
2.381e+03  1.000e+00  6.586e-77
2.382e+03  1.000e+00  4.288e-77
2.383e+03  1.000e+00  2.791e-77
2.384e+03  1.000e+00  1.815e-77
2.385e+03  1.000e+00  1.180e-77
2.386e+03  1.000e+00  7.671e-78
2.387e+03  1.000e+00  4.983e-78
2.388e+03  1.000e+00  3.236e-78
2.389e+03  1.000e+00  2.100e-78
2.390e+03  1.000e+00  1.362e-78
2.391e+03  1.000e+00  8.834e-79
2.392e+03  1.000e+00  5.725e-79
2.393e+03  1.000e+00  3.709e-79
2.394e+03  1.000e+00  2.402e-79
2.395e+03  1.000e+00  1.555e-79
2.396e+03  1.000e+00  1.006e-79
2.397e+03  1.000e+00  6.503e-80
2.398e+03  1.000e+00  4.204e-80
2.399e+03  1.000e+00  2.716e-80
2.400e+03  1.000e+00  1.754e-80
2.401e+03  1.000e+00  1.132e-80
2.402e+03  1.000e+00  7.303e-81
2.403e+03  1.000e+00  4.710e-81
2.404e+03  1.000e+00  3.036e-81
2.405e+03  1.000e+00  1.956e-81
2.406e+03  1.000e+00  1.260e-81
2.407e+03  1.000e+00  8.109e-82
2.408e+03  1.000e+00  5.217e-82
2.409e+03  1.000e+00  3.355e-82
2.410e+03  1.000e+00  2.157e-82
2.411e+03  1.000e+00  1.386e-82
2.412e+03  1.000e+00  8.901e-83
2.413e+03  1.000e+00  5.714e-83
2.414e+03  1.000e+00  3.667e-83
2.415e+03  1.000e+00  2.352e-83
2.416e+03  1.000e+00  1.508e-83
2.417e+03  1.000e+00  9.661e-84
2.418e+03  1.000e+00  6.188e-84
2.419e+03  1.000e+00  3.961e-84
2.420e+03  1.000e+00  2.535e-84
2.421e+03  1.000e+00  1.621e-84
2.422e+03  1.000e+00  1.037e-84
2.423e+03  1.000e+00  6.625e-85
2.424e+03  1.000e+00  4.231e-85
2.425e+03  1.000e+00  2.702e-85
2.426e+03  1.000e+00  1.724e-85
2.427e+03  1.000e+00  1.100e-85
2.428e+03  1.000e+00  7.012e-86
2.429e+03  1.000e+00  4.469e-86
2.430e+03  1.000e+00  2.847e-86
2.431e+03  1.000e+00  1.813e-86
2.432e+03  1.000e+00  1.154e-86
2.433e+03  1.000e+00  7.339e-87
2.434e+03  1.000e+00  4.667e-87
2.435e+03  1.000e+00  2.966e-87
2.436e+03  1.000e+00  1.884e-87
2.437e+03  1.000e+00  1.197e-87
2.438e+03  1.000e+00  7.594e-88
2.439e+03  1.000e+00  4.818e-88
2.440e+03  1.000e+00  3.055e-88
2.441e+03  1.000e+00  1.937e-88
2.442e+03  1.000e+00  1.227e-88
2.443e+03  1.000e+00  7.770e-89
2.444e+03  1.000e+00  4.919e-89
2.445e+03  1.000e+00  3.112e-89
2.446e+03  1.000e+00  1.968e-89
2.447e+03  1.000e+00  1.244e-89
2.448e+03  1.000e+00  7.861e-90
2.449e+03  1.000e+00  4.965e-90
2.450e+03  1.000e+00  3.134e-90
2.451e+03  1.000e+00  1.978e-90
2.452e+03  1.000e+00  1.247e-90
2.453e+03  1.000e+00  7.863e-91
2.454e+03  1.000e+00  4.955e-91
2.455e+03  1.000e+00  3.121e-91
2.456e+03  1.000e+00  1.965e-91
2.457e+03  1.000e+00  1.236e-91
2.458e+03  1.000e+00  7.778e-92
2.459e+03  1.000e+00  4.890e-92
2.460e+03  1.000e+00  3.073e-92
2.461e+03  1.000e+00  1.930e-92
2.462e+03  1.000e+00  1.212e-92
2.463e+03  1.000e+00  7.607e-93
2.464e+03  1.000e+00  4.772e-93
2.465e+03  1.000e+00  2.992e-93
2.466e+03  1.000e+00  1.875e-93
2.467e+03  1.000e+00  1.175e-93
2.468e+03  1.000e+00  7.356e-94
2.469e+03  1.000e+00  4.604e-94
2.470e+03  1.000e+00  2.880e-94
2.471e+03  1.000e+00  1.801e-94
2.472e+03  1.000e+00  1.126e-94
2.473e+03  1.000e+00  7.034e-95
2.474e+03  1.000e+00  4.393e-95
2.475e+03  1.000e+00  2.742e-95
2.476e+03  1.000e+00  1.711e-95
2.477e+03  1.000e+00  1.067e-95
2.478e+03  1.000e+00  6.651e-96
2.479e+03  1.000e+00  4.144e-96
2.480e+03  1.000e+00  2.581e-96
2.481e+03  1.000e+00  1.607e-96
2.482e+03  1.000e+00  9.999e-97
2.483e+03  1.000e+00  6.219e-97
2.484e+03  1.000e+00  3.866e-97
2.485e+03  1.000e+00  2.403e-97
2.486e+03  1.000e+00  1.492e-97
2.487e+03  1.000e+00  9.265e-98
2.488e+03  1.000e+00  5.750e-98
2.489e+03  1.000e+00  3.567e-98
2.490e+03  1.000e+00  2.211e-98
2.491e+03  1.000e+00  1.371e-98
2.492e+03  1.000e+00  8.490e-99
2.493e+03  1.000e+00  5.257e-99
2.494e+03  1.000e+00  3.254e-99
2.495e+03  1.000e+00  2.013e-99
2.496e+03  1.000e+00  1.245e-99
2.497e+03  1.000e+00  7.693e-100
2.498e+03  1.000e+00  4.753e-100
2.499e+03  1.000e+00  2.935e-100
2.500e+03  1.000e+00  1.812e-100
2.501e+03  1.000e+00  1.118e-100
2.502e+03  1.000e+00  6.894e-101
2.503e+03  1.000e+00  4.250e-101
2.504e+03  1.000e+00  2.618e-101
2.505e+03  1.000e+00  1.613e-101
2.506e+03  1.000e+00  9.928e-102
2.507e+03  1.000e+00  6.109e-102
2.508e+03  1.000e+00  3.757e-102
2.509e+03  1.000e+00  2.310e-102
2.510e+03  1.000e+00  1.419e-102
2.511e+03  1.000e+00  8.719e-103
2.512e+03  1.000e+00  5.353e-103
2.513e+03  1.000e+00  3.285e-103
2.514e+03  1.000e+00  2.015e-103
2.515e+03  1.000e+00  1.236e-103
2.516e+03  1.000e+00  7.573e-104
2.517e+03  1.000e+00  4.639e-104
2.518e+03  1.000e+00  2.841e-104
2.519e+03  1.000e+00  1.739e-104
2.520e+03  1.000e+00  1.064e-104
2.521e+03  1.000e+00  6.504e-105
2.522e+03  1.000e+00  3.976e-105
2.523e+03  1.000e+00  2.429e-105
2.524e+03  1.000e+00  1.483e-105
2.525e+03  1.000e+00  9.054e-106
2.526e+03  1.000e+00  5.525e-106
2.527e+03  1.000e+00  3.369e-106
2.528e+03  1.000e+00  2.054e-106
2.529e+03  1.000e+00  1.252e-106
2.530e+03  1.000e+00  7.623e-107
2.531e+03  1.000e+00  4.641e-107
2.532e+03  1.000e+00  2.824e-107
2.533e+03  1.000e+00  1.718e-107
2.534e+03  1.000e+00  1.044e-107
2.535e+03  1.000e+00  6.347e-108
2.536e+03  1.000e+00  3.855e-108
2.537e+03  1.000e+00  2.341e-108
2.538e+03  1.000e+00  1.421e-108
2.539e+03  1.000e+00  8.618e-109
2.540e+03  1.000e+00  5.226e-109
2.541e+03  1.000e+00  3.167e-109
2.542e+03  1.000e+00  1.919e-109
2.543e+03  1.000e+00  1.162e-109
2.544e+03  1.000e+00  7.034e-110
2.545e+03  1.000e+00  4.256e-110
2.546e+03  1.000e+00  2.574e-110
2.547e+03  1.000e+00  1.556e-110
2.548e+03  1.000e+00  9.400e-111
2.549e+03  1.000e+00  5.678e-111
2.550e+03  1.000e+00  3.427e-111
2.551e+03  1.000e+00  2.068e-111
2.552e+03  1.000e+00  1.247e-111
2.553e+03  1.000e+00  7.521e-112
2.554e+03  1.000e+00  4.532e-112
2.555e+03  1.000e+00  2.730e-112
2.556e+03  1.000e+00  1.644e-112
2.557e+03  1.000e+00  9.893e-113
2.558e+03  1.000e+00  5.951e-113
2.559e+03  1.000e+00  3.578e-113
2.560e+03  1.000e+00  2.151e-113
2.561e+03  1.000e+00  1.292e-113
2.562e+03  1.000e+00  7.759e-114
2.563e+03  1.000e+00  4.657e-114
2.564e+03  1.000e+00  2.794e-114
2.565e+03  1.000e+00  1.676e-114
2.566e+03  1.000e+00  1.005e-114
2.567e+03  1.000e+00  6.019e-115
2.568e+03  1.000e+00  3.605e-115
2.569e+03  1.000e+00  2.158e-115
2.570e+03  1.000e+00  1.291e-115
2.571e+03  1.000e+00  7.724e-116
2.572e+03  1.000e+00  4.618e-116
2.573e+03  1.000e+00  2.760e-116
2.574e+03  1.000e+00  1.648e-116
2.575e+03  1.000e+00  9.842e-117
2.576e+03  1.000e+00  5.874e-117
2.577e+03  1.000e+00  3.504e-117
2.578e+03  1.000e+00  2.089e-117
2.579e+03  1.000e+00  1.245e-117
2.580e+03  1.000e+00  7.419e-118
2.581e+03  1.000e+00  4.418e-118
2.582e+03  1.000e+00  2.630e-118
2.583e+03  1.000e+00  1.565e-118
2.584e+03  1.000e+00  9.306e-119
2.585e+03  1.000e+00  5.532e-119
2.586e+03  1.000e+00  3.287e-119
2.587e+03  1.000e+00  1.952e-119
2.588e+03  1.000e+00  1.159e-119
2.589e+03  1.000e+00  6.878e-120
2.590e+03  1.000e+00  4.080e-120
2.591e+03  1.000e+00  2.419e-120
2.592e+03  1.000e+00  1.433e-120
2.593e+03  1.000e+00  8.492e-121
2.594e+03  1.000e+00  5.028e-121
2.595e+03  1.000e+00  2.976e-121
2.596e+03  1.000e+00  1.761e-121
2.597e+03  1.000e+00  1.041e-121
2.598e+03  1.000e+00  6.154e-122
2.599e+03  1.000e+00  3.636e-122
2.600e+03  1.000e+00  2.147e-122
2.601e+03  1.000e+00  1.267e-122
2.602e+03  1.000e+00  7.479e-123
2.603e+03  1.000e+00  4.411e-123
2.604e+03  1.000e+00  2.600e-123
2.605e+03  1.000e+00  1.532e-123
2.606e+03  1.000e+00  9.026e-124
2.607e+03  1.000e+00  5.314e-124
2.608e+03  1.000e+00  3.127e-124
2.609e+03  1.000e+00  1.840e-124
2.610e+03  1.000e+00  1.082e-124
2.611e+03  1.000e+00  6.357e-125
2.612e+03  1.000e+00  3.735e-125
2.613e+03  1.000e+00  2.193e-125
2.614e+03  1.000e+00  1.287e-125
2.615e+03  1.000e+00  7.553e-126
2.616e+03  1.000e+00  4.429e-126
2.617e+03  1.000e+00  2.596e-126
2.618e+03  1.000e+00  1.521e-126
2.619e+03  1.000e+00  8.911e-127
2.620e+03  1.000e+00  5.217e-127
2.621e+03  1.000e+00  3.053e-127
2.622e+03  1.000e+00  1.786e-127
2.623e+03  1.000e+00  1.044e-127
2.624e+03  1.000e+00  6.101e-128
2.625e+03  1.000e+00  3.564e-128
2.626e+03  1.000e+00  2.081e-128
2.627e+03  1.000e+00  1.215e-128
2.628e+03  1.000e+00  7.086e-129
2.629e+03  1.000e+00  4.132e-129
2.630e+03  1.000e+00  2.409e-129
2.631e+03  1.000e+00  1.403e-129
2.632e+03  1.000e+00  8.173e-130
2.633e+03  1.000e+00  4.758e-130
2.634e+03  1.000e+00  2.768e-130
2.635e+03  1.000e+00  1.610e-130
2.636e+03  1.000e+00  9.361e-131
2.637e+03  1.000e+00  5.440e-131
2.638e+03  1.000e+00  3.160e-131
2.639e+03  1.000e+00  1.835e-131
2.640e+03  1.000e+00  1.065e-131
2.641e+03  1.000e+00  6.177e-132
2.642e+03  1.000e+00  3.582e-132
2.643e+03  1.000e+00  2.076e-132
2.644e+03  1.000e+00  1.203e-132
2.645e+03  1.000e+00  6.966e-133
2.646e+03  1.000e+00  4.032e-133
2.647e+03  1.000e+00  2.333e-133
2.648e+03  1.000e+00  1.349e-133
2.649e+03  1.000e+00  7.801e-134
2.650e+03  1.000e+00  4.508e-134
2.651e+03  1.000e+00  2.604e-134
2.652e+03  1.000e+00  1.503e-134
2.653e+03  1.000e+00  8.676e-135
2.654e+03  1.000e+00  5.005e-135
2.655e+03  1.000e+00  2.886e-135
2.656e+03  1.000e+00  1.663e-135
2.657e+03  1.000e+00  9.583e-136
2.658e+03  1.000e+00  5.518e-136
2.659e+03  1.000e+00  3.176e-136
2.660e+03  1.000e+00  1.828e-136
2.661e+03  1.000e+00  1.051e-136
2.662e+03  1.000e+00  6.043e-137
2.663e+03  1.000e+00  3.472e-137
2.664e+03  1.000e+00  1.994e-137
2.665e+03  1.000e+00  1.145e-137
2.666e+03  1.000e+00  6.571e-138
2.667e+03  1.000e+00  3.770e-138
2.668e+03  1.000e+00  2.161e-138
2.669e+03  1.000e+00  1.239e-138
2.670e+03  1.000e+00  7.097e-139
2.671e+03  1.000e+00  4.064e-139
2.672e+03  1.000e+00  2.326e-139
2.673e+03  1.000e+00  1.331e-139
2.674e+03  1.000e+00  7.612e-140
2.675e+03  1.000e+00  4.352e-140
2.676e+03  1.000e+00  2.487e-140
2.677e+03  1.000e+00  1.420e-140
2.678e+03  1.000e+00  8.109e-141
2.679e+03  1.000e+00  4.628e-141
2.680e+03  1.000e+00  2.640e-141
2.681e+03  1.000e+00  1.505e-141
2.682e+03  1.000e+00  8.579e-142
2.683e+03  1.000e+00  4.887e-142
2.684e+03  1.000e+00  2.783e-142
2.685e+03  1.000e+00  1.584e-142
2.686e+03  1.000e+00  9.014e-143
2.687e+03  1.000e+00  5.126e-143
2.688e+03  1.000e+00  2.914e-143
2.689e+03  1.000e+00  1.656e-143
2.690e+03  1.000e+00  9.406e-144
2.691e+03  1.000e+00  5.340e-144
2.692e+03  1.000e+00  3.031e-144
2.693e+03  1.000e+00  1.719e-144
2.694e+03  1.000e+00  9.748e-145
2.695e+03  1.000e+00  5.525e-145
2.696e+03  1.000e+00  3.130e-145
2.697e+03  1.000e+00  1.773e-145
2.698e+03  1.000e+00  1.003e-145
2.699e+03  1.000e+00  5.677e-146
2.700e+03  1.000e+00  3.211e-146
2.701e+03  1.000e+00  1.815e-146
2.702e+03  1.000e+00  1.026e-146
2.703e+03  1.000e+00  5.794e-147
2.704e+03  1.000e+00  3.271e-147
2.705e+03  1.000e+00  1.846e-147
2.706e+03  1.000e+00  1.041e-147
2.707e+03  1.000e+00  5.873e-148
2.708e+03  1.000e+00  3.310e-148
2.709e+03  1.000e+00  1.865e-148
2.710e+03  1.000e+00  1.050e-148
2.711e+03  1.000e+00  5.912e-149
2.712e+03  1.000e+00  3.327e-149
2.713e+03  1.000e+00  1.871e-149
2.714e+03  1.000e+00  1.052e-149
2.715e+03  1.000e+00  5.911e-150
2.716e+03  1.000e+00  3.320e-150
2.717e+03  1.000e+00  1.864e-150
2.718e+03  1.000e+00  1.046e-150
2.719e+03  1.000e+00  5.870e-151
2.720e+03  1.000e+00  3.292e-151
2.721e+03  1.000e+00  1.845e-151
2.722e+03  1.000e+00  1.034e-151
2.723e+03  1.000e+00  5.790e-152
2.724e+03  1.000e+00  3.241e-152
2.725e+03  1.000e+00  1.814e-152
2.726e+03  1.000e+00  1.014e-152
2.727e+03  1.000e+00  5.672e-153
2.728e+03  1.000e+00  3.170e-153
2.729e+03  1.000e+00  1.771e-153
2.730e+03  1.000e+00  9.887e-154
2.731e+03  1.000e+00  5.519e-154
2.732e+03  1.000e+00  3.079e-154
2.733e+03  1.000e+00  1.717e-154
2.734e+03  1.000e+00  9.572e-155
2.735e+03  1.000e+00  5.333e-155
2.736e+03  1.000e+00  2.971e-155
2.737e+03  1.000e+00  1.654e-155
2.738e+03  1.000e+00  9.203e-156
2.739e+03  1.000e+00  5.119e-156
2.740e+03  1.000e+00  2.847e-156
2.741e+03  1.000e+00  1.582e-156
2.742e+03  1.000e+00  8.789e-157
2.743e+03  1.000e+00  4.881e-157
2.744e+03  1.000e+00  2.709e-157
2.745e+03  1.000e+00  1.503e-157
2.746e+03  1.000e+00  8.337e-158
2.747e+03  1.000e+00  4.622e-158
2.748e+03  1.000e+00  2.561e-158
2.749e+03  1.000e+00  1.419e-158
2.750e+03  1.000e+00  7.855e-159
2.751e+03  1.000e+00  4.347e-159
2.752e+03  1.000e+00  2.405e-159
2.753e+03  1.000e+00  1.330e-159
2.754e+03  1.000e+00  7.351e-160
2.755e+03  1.000e+00  4.061e-160
2.756e+03  1.000e+00  2.243e-160
2.757e+03  1.000e+00  1.238e-160
2.758e+03  1.000e+00  6.833e-161
2.759e+03  1.000e+00  3.769e-161
2.760e+03  1.000e+00  2.078e-161
2.761e+03  1.000e+00  1.145e-161
2.762e+03  1.000e+00  6.309e-162
2.763e+03  1.000e+00  3.474e-162
2.764e+03  1.000e+00  1.912e-162
2.765e+03  1.000e+00  1.052e-162
2.766e+03  1.000e+00  5.785e-163
2.767e+03  1.000e+00  3.180e-163
2.768e+03  1.000e+00  1.748e-163
2.769e+03  1.000e+00  9.599e-164
2.770e+03  1.000e+00  5.270e-164
2.771e+03  1.000e+00  2.892e-164
2.772e+03  1.000e+00  1.587e-164
2.773e+03  1.000e+00  8.700e-165
2.774e+03  1.000e+00  4.768e-165
2.775e+03  1.000e+00  2.612e-165
2.776e+03  1.000e+00  1.431e-165
2.777e+03  1.000e+00  7.832e-166
2.778e+03  1.000e+00  4.286e-166
2.779e+03  1.000e+00  2.344e-166
2.780e+03  1.000e+00  1.282e-166
2.781e+03  1.000e+00  7.004e-167
2.782e+03  1.000e+00  3.826e-167
2.783e+03  1.000e+00  2.089e-167
2.784e+03  1.000e+00  1.140e-167
2.785e+03  1.000e+00  6.221e-168
2.786e+03  1.000e+00  3.393e-168
2.787e+03  1.000e+00  1.849e-168
2.788e+03  1.000e+00  1.008e-168
2.789e+03  1.000e+00  5.489e-169
2.790e+03  1.000e+00  2.988e-169
2.791e+03  1.000e+00  1.626e-169
2.792e+03  1.000e+00  8.847e-170
2.793e+03  1.000e+00  4.811e-170
2.794e+03  1.000e+00  2.615e-170
2.795e+03  1.000e+00  1.421e-170
2.796e+03  1.000e+00  7.715e-171
2.797e+03  1.000e+00  4.188e-171
2.798e+03  1.000e+00  2.273e-171
2.799e+03  1.000e+00  1.233e-171
2.800e+03  1.000e+00  6.683e-172
2.801e+03  1.000e+00  3.622e-172
2.802e+03  1.000e+00  1.962e-172
2.803e+03  1.000e+00  1.062e-172
2.804e+03  1.000e+00  5.750e-173
2.805e+03  1.000e+00  3.111e-173
2.806e+03  1.000e+00  1.683e-173
2.807e+03  1.000e+00  9.096e-174
2.808e+03  1.000e+00  4.915e-174
2.809e+03  1.000e+00  2.655e-174
2.810e+03  1.000e+00  1.433e-174
2.811e+03  1.000e+00  7.736e-175
2.812e+03  1.000e+00  4.173e-175
2.813e+03  1.000e+00  2.250e-175
2.814e+03  1.000e+00  1.213e-175
2.815e+03  1.000e+00  6.535e-176
2.816e+03  1.000e+00  3.520e-176
2.817e+03  1.000e+00  1.895e-176
2.818e+03  1.000e+00  1.020e-176
2.819e+03  1.000e+00  5.485e-177
2.820e+03  1.000e+00  2.949e-177
2.821e+03  1.000e+00  1.585e-177
2.822e+03  1.000e+00  8.515e-178
2.823e+03  1.000e+00  4.572e-178
2.824e+03  1.000e+00  2.454e-178
2.825e+03  1.000e+00  1.317e-178
2.826e+03  1.000e+00  7.063e-179
2.827e+03  1.000e+00  3.787e-179
2.828e+03  1.000e+00  2.029e-179
2.829e+03  1.000e+00  1.087e-179
2.830e+03  1.000e+00  5.820e-180
2.831e+03  1.000e+00  3.115e-180
2.832e+03  1.000e+00  1.667e-180
2.833e+03  1.000e+00  8.913e-181
2.834e+03  1.000e+00  4.764e-181
2.835e+03  1.000e+00  2.546e-181
2.836e+03  1.000e+00  1.360e-181
2.837e+03  1.000e+00  7.260e-182
2.838e+03  1.000e+00  3.874e-182
2.839e+03  1.000e+00  2.067e-182
2.840e+03  1.000e+00  1.102e-182
2.841e+03  1.000e+00  5.874e-183
2.842e+03  1.000e+00  3.130e-183
2.843e+03  1.000e+00  1.667e-183
2.844e+03  1.000e+00  8.873e-184
2.845e+03  1.000e+00  4.722e-184
2.846e+03  1.000e+00  2.512e-184
2.847e+03  1.000e+00  1.335e-184
2.848e+03  1.000e+00  7.097e-185
2.849e+03  1.000e+00  3.770e-185
2.850e+03  1.000e+00  2.002e-185
2.851e+03  1.000e+00  1.063e-185
2.852e+03  1.000e+00  5.639e-186
2.853e+03  1.000e+00  2.991e-186
2.854e+03  1.000e+00  1.586e-186
2.855e+03  1.000e+00  8.404e-187
2.856e+03  1.000e+00  4.452e-187
2.857e+03  1.000e+00  2.357e-187
2.858e+03  1.000e+00  1.248e-187
2.859e+03  1.000e+00  6.601e-188
2.860e+03  1.000e+00  3.491e-188
2.861e+03  1.000e+00  1.845e-188
2.862e+03  1.000e+00  9.751e-189
2.863e+03  1.000e+00  5.151e-189
2.864e+03  1.000e+00  2.719e-189
2.865e+03  1.000e+00  1.435e-189
2.866e+03  1.000e+00  7.572e-190
2.867e+03  1.000e+00  3.993e-190
2.868e+03  1.000e+00  2.105e-190
2.869e+03  1.000e+00  1.109e-190
2.870e+03  1.000e+00  5.841e-191
2.871e+03  1.000e+00  3.075e-191
2.872e+03  1.000e+00  1.618e-191
2.873e+03  1.000e+00  8.512e-192
2.874e+03  1.000e+00  4.476e-192
2.875e+03  1.000e+00  2.353e-192
2.876e+03  1.000e+00  1.236e-192
2.877e+03  1.000e+00  6.491e-193
2.878e+03  1.000e+00  3.408e-193
2.879e+03  1.000e+00  1.788e-193
2.880e+03  1.000e+00  9.379e-194
2.881e+03  1.000e+00  4.918e-194
2.882e+03  1.000e+00  2.577e-194
2.883e+03  1.000e+00  1.350e-194
2.884e+03  1.000e+00  7.071e-195
2.885e+03  1.000e+00  3.701e-195
2.886e+03  1.000e+00  1.937e-195
2.887e+03  1.000e+00  1.013e-195
2.888e+03  1.000e+00  5.296e-196
2.889e+03  1.000e+00  2.768e-196
2.890e+03  1.000e+00  1.446e-196
2.891e+03  1.000e+00  7.550e-197
2.892e+03  1.000e+00  3.941e-197
2.893e+03  1.000e+00  2.056e-197
2.894e+03  1.000e+00  1.072e-197
2.895e+03  1.000e+00  5.590e-198
2.896e+03  1.000e+00  2.913e-198
2.897e+03  1.000e+00  1.517e-198
2.898e+03  1.000e+00  7.901e-199
2.899e+03  1.000e+00  4.112e-199
2.900e+03  1.000e+00  2.140e-199
2.901e+03  1.000e+00  1.113e-199
2.902e+03  1.000e+00  5.784e-200
2.903e+03  1.000e+00  3.006e-200
2.904e+03  1.000e+00  1.561e-200
2.905e+03  1.000e+00  8.106e-201
2.906e+03  1.000e+00  4.207e-201
2.907e+03  1.000e+00  2.182e-201
2.908e+03  1.000e+00  1.132e-201
2.909e+03  1.000e+00  5.866e-202
2.910e+03  1.000e+00  3.040e-202
2.911e+03  1.000e+00  1.574e-202
2.912e+03  1.000e+00  8.151e-203
2.913e+03  1.000e+00  4.218e-203
2.914e+03  1.000e+00  2.182e-203
2.915e+03  1.000e+00  1.128e-203
2.916e+03  1.000e+00  5.833e-204
2.917e+03  1.000e+00  3.014e-204
2.918e+03  1.000e+00  1.556e-204
2.919e+03  1.000e+00  8.035e-205
2.920e+03  1.000e+00  4.147e-205
2.921e+03  1.000e+00  2.139e-205
2.922e+03  1.000e+00  1.103e-205
2.923e+03  1.000e+00  5.685e-206
2.924e+03  1.000e+00  2.929e-206
2.925e+03  1.000e+00  1.508e-206
2.926e+03  1.000e+00  7.765e-207
2.927e+03  1.000e+00  3.996e-207
2.928e+03  1.000e+00  2.055e-207
2.929e+03  1.000e+00  1.057e-207
2.930e+03  1.000e+00  5.432e-208
2.931e+03  1.000e+00  2.791e-208
2.932e+03  1.000e+00  1.433e-208
2.933e+03  1.000e+00  7.357e-209
2.934e+03  1.000e+00  3.775e-209
2.935e+03  1.000e+00  1.936e-209
2.936e+03  1.000e+00  9.929e-210
2.937e+03  1.000e+00  5.089e-210
2.938e+03  1.000e+00  2.607e-210
2.939e+03  1.000e+00  1.335e-210
2.940e+03  1.000e+00  6.834e-211
2.941e+03  1.000e+00  3.497e-211
2.942e+03  1.000e+00  1.789e-211
2.943e+03  1.000e+00  9.145e-212
2.944e+03  1.000e+00  4.674e-212
2.945e+03  1.000e+00  2.388e-212
2.946e+03  1.000e+00  1.219e-212
2.947e+03  1.000e+00  6.224e-213
2.948e+03  1.000e+00  3.176e-213
2.949e+03  1.000e+00  1.620e-213
2.950e+03  1.000e+00  8.258e-214
2.951e+03  1.000e+00  4.208e-214
2.952e+03  1.000e+00  2.144e-214
2.953e+03  1.000e+00  1.092e-214
2.954e+03  1.000e+00  5.557e-215
2.955e+03  1.000e+00  2.828e-215
2.956e+03  1.000e+00  1.438e-215
2.957e+03  1.000e+00  7.311e-216
2.958e+03  1.000e+00  3.716e-216
2.959e+03  1.000e+00  1.888e-216
2.960e+03  1.000e+00  9.585e-217
2.961e+03  1.000e+00  4.865e-217
2.962e+03  1.000e+00  2.469e-217
2.963e+03  1.000e+00  1.252e-217
2.964e+03  1.000e+00  6.347e-218
2.965e+03  1.000e+00  3.217e-218
2.966e+03  1.000e+00  1.629e-218
2.967e+03  1.000e+00  8.251e-219
2.968e+03  1.000e+00  4.177e-219
2.969e+03  1.000e+00  2.113e-219
2.970e+03  1.000e+00  1.069e-219
2.971e+03  1.000e+00  5.403e-220
2.972e+03  1.000e+00  2.731e-220
2.973e+03  1.000e+00  1.379e-220
2.974e+03  1.000e+00  6.965e-221
2.975e+03  1.000e+00  3.516e-221
2.976e+03  1.000e+00  1.774e-221
2.977e+03  1.000e+00  8.946e-222
2.978e+03  1.000e+00  4.510e-222
2.979e+03  1.000e+00  2.273e-222
2.980e+03  1.000e+00  1.145e-222
2.981e+03  1.000e+00  5.766e-223
2.982e+03  1.000e+00  2.902e-223
2.983e+03  1.000e+00  1.460e-223
2.984e+03  1.000e+00  7.344e-224
2.985e+03  1.000e+00  3.692e-224
2.986e+03  1.000e+00  1.855e-224
2.987e+03  1.000e+00  9.320e-225
2.988e+03  1.000e+00  4.680e-225
2.989e+03  1.000e+00  2.349e-225
2.990e+03  1.000e+00  1.179e-225
2.991e+03  1.000e+00  5.912e-226
2.992e+03  1.000e+00  2.964e-226
2.993e+03  1.000e+00  1.485e-226
2.994e+03  1.000e+00  7.441e-227
2.995e+03  1.000e+00  3.727e-227
2.996e+03  1.000e+00  1.868e-227
2.997e+03  1.000e+00  9.403e-228
2.998e+03  1.000e+00  4.812e-228
2.999e+03  1.000e+00  2.624e-228
3.000e+03  1.000e+00  1.748e-228
