0.000e+00  2.015e-194  4.083e-01
1.000e+00  2.758e-194  4.083e-01
2.000e+00  4.662e-194  4.083e-01
3.000e+00  8.799e-194  4.083e-01
4.000e+00  1.749e-193  4.083e-01
5.000e+00  3.561e-193  4.083e-01
6.000e+00  7.330e-193  4.083e-01
7.000e+00  1.516e-192  4.083e-01
8.000e+00  3.144e-192  4.083e-01
9.000e+00  6.523e-192  4.083e-01
1.000e+01  1.354e-191  4.083e-01
1.100e+01  2.808e-191  4.083e-01
1.200e+01  5.824e-191  4.083e-01
1.300e+01  1.207e-190  4.083e-01
1.400e+01  2.502e-190  4.083e-01
1.500e+01  5.183e-190  4.083e-01
1.600e+01  1.073e-189  4.083e-01
1.700e+01  2.220e-189  4.083e-01
1.800e+01  4.593e-189  4.083e-01
1.900e+01  9.495e-189  4.083e-01
2.000e+01  1.962e-188  4.083e-01
2.100e+01  4.053e-188  4.083e-01
2.200e+01  8.366e-188  4.083e-01
2.300e+01  1.726e-187  4.083e-01
2.400e+01  3.561e-187  4.083e-01
2.500e+01  7.341e-187  4.083e-01
2.600e+01  1.513e-186  4.083e-01
2.700e+01  3.116e-186  4.083e-01
2.800e+01  6.414e-186  4.083e-01
2.900e+01  1.320e-185  4.083e-01
3.000e+01  2.715e-185  4.083e-01
3.100e+01  5.581e-185  4.083e-01
3.200e+01  1.147e-184  4.083e-01
3.300e+01  2.355e-184  4.083e-01
3.400e+01  4.835e-184  4.083e-01
3.500e+01  9.921e-184  4.083e-01
3.600e+01  2.035e-183  4.083e-01
3.700e+01  4.171e-183  4.083e-01
3.800e+01  8.547e-183  4.083e-01
3.900e+01  1.750e-182  4.083e-01
4.000e+01  3.583e-182  4.083e-01
4.100e+01  7.332e-182  4.083e-01
4.200e+01  1.499e-181  4.083e-01
4.300e+01  3.065e-181  4.083e-01
4.400e+01  6.263e-181  4.083e-01
4.500e+01  1.279e-180  4.083e-01
4.600e+01  2.611e-180  4.083e-01
4.700e+01  5.327e-180  4.083e-01
4.800e+01  1.086e-179  4.083e-01
4.900e+01  2.214e-179  4.083e-01
5.000e+01  4.512e-179  4.083e-01
5.100e+01  9.188e-179  4.083e-01
5.200e+01  1.870e-178  4.083e-01
5.300e+01  3.805e-178  4.083e-01
5.400e+01  7.738e-178  4.083e-01
5.500e+01  1.573e-177  4.083e-01
5.600e+01  3.196e-177  4.083e-01
5.700e+01  6.490e-177  4.083e-01
5.800e+01  1.317e-176  4.083e-01
5.900e+01  2.672e-176  4.083e-01
6.000e+01  5.419e-176  4.083e-01
6.100e+01  1.098e-175  4.083e-01
6.200e+01  2.225e-175  4.083e-01
6.300e+01  4.506e-175  4.083e-01
6.400e+01  9.121e-175  4.083e-01
6.500e+01  1.845e-174  4.083e-01
6.600e+01  3.731e-174  4.083e-01
6.700e+01  7.542e-174  4.083e-01
6.800e+01  1.524e-173  4.083e-01
6.900e+01  3.076e-173  4.083e-01
7.000e+01  6.209e-173  4.083e-01
7.100e+01  1.253e-172  4.083e-01
7.200e+01  2.526e-172  4.083e-01
7.300e+01  5.090e-172  4.083e-01
7.400e+01  1.025e-171  4.083e-01
7.500e+01  2.065e-171  4.083e-01
7.600e+01  4.156e-171  4.083e-01
7.700e+01  8.359e-171  4.083e-01
7.800e+01  1.681e-170  4.083e-01
7.900e+01  3.378e-170  4.083e-01
8.000e+01  6.786e-170  4.083e-01
8.100e+01  1.362e-169  4.083e-01
8.200e+01  2.734e-169  4.083e-01
8.300e+01  5.485e-169  4.083e-01
8.400e+01  1.100e-168  4.083e-01
8.500e+01  2.204e-168  4.083e-01
8.600e+01  4.414e-168  4.083e-01
8.700e+01  8.838e-168  4.083e-01
8.800e+01  1.769e-167  4.083e-01
8.900e+01  3.538e-167  4.083e-01
9.000e+01  7.073e-167  4.083e-01
9.100e+01  1.413e-166  4.083e-01
9.200e+01  2.823e-166  4.083e-01
9.300e+01  5.636e-166  4.083e-01
9.400e+01  1.125e-165  4.083e-01
9.500e+01  2.243e-165  4.083e-01
9.600e+01  4.472e-165  4.083e-01
9.700e+01  8.911e-165  4.083e-01
9.800e+01  1.775e-164  4.083e-01
9.900e+01  3.533e-164  4.083e-01
1.000e+02  7.031e-164  4.083e-01
1.010e+02  1.398e-163  4.083e-01
1.020e+02  2.780e-163  4.083e-01
1.030e+02  5.524e-163  4.083e-01
1.040e+02  1.097e-162  4.083e-01
1.050e+02  2.178e-162  4.083e-01
1.060e+02  4.321e-162  4.083e-01
1.070e+02  8.570e-162  4.083e-01
1.080e+02  1.699e-161  4.083e-01
1.090e+02  3.366e-161  4.083e-01
1.100e+02  6.666e-161  4.083e-01
1.110e+02  1.319e-160  4.083e-01
1.120e+02  2.611e-160  4.083e-01
1.130e+02  5.163e-160  4.083e-01
1.140e+02  1.020e-159  4.083e-01
1.150e+02  2.016e-159  4.083e-01
1.160e+02  3.982e-159  4.083e-01
1.170e+02  7.859e-159  4.083e-01
1.180e+02  1.551e-158  4.083e-01
1.190e+02  3.058e-158  4.083e-01
1.200e+02  6.027e-158  4.083e-01
1.210e+02  1.187e-157  4.083e-01
1.220e+02  2.338e-157  4.083e-01
1.230e+02  4.602e-157  4.083e-01
1.240e+02  9.053e-157  4.083e-01
1.250e+02  1.780e-156  4.083e-01
1.260e+02  3.499e-156  4.083e-01
1.270e+02  6.873e-156  4.083e-01
1.280e+02  1.350e-155  4.083e-01
1.290e+02  2.649e-155  4.083e-01
1.300e+02  5.196e-155  4.083e-01
1.310e+02  1.019e-154  4.083e-01
1.320e+02  1.997e-154  4.083e-01
1.330e+02  3.911e-154  4.083e-01
1.340e+02  7.658e-154  4.083e-01
1.350e+02  1.499e-153  4.083e-01
1.360e+02  2.932e-153  4.083e-01
1.370e+02  5.732e-153  4.083e-01
1.380e+02  1.120e-152  4.083e-01
1.390e+02  2.188e-152  4.083e-01
1.400e+02  4.272e-152  4.083e-01
1.410e+02  8.336e-152  4.083e-01
1.420e+02  1.626e-151  4.083e-01
1.430e+02  3.170e-151  4.083e-01
1.440e+02  6.177e-151  4.083e-01
1.450e+02  1.203e-150  4.083e-01
1.460e+02  2.342e-150  4.083e-01
1.470e+02  4.558e-150  4.083e-01
1.480e+02  8.865e-150  4.083e-01
1.490e+02  1.723e-149  4.083e-01
1.500e+02  3.349e-149  4.083e-01
1.510e+02  6.504e-149  4.083e-01
1.520e+02  1.263e-148  4.083e-01
1.530e+02  2.450e-148  4.083e-01
1.540e+02  4.751e-148  4.083e-01
1.550e+02  9.210e-148  4.083e-01
1.560e+02  1.784e-147  4.083e-01
1.570e+02  3.456e-147  4.083e-01
1.580e+02  6.689e-147  4.083e-01
1.590e+02  1.294e-146  4.083e-01
1.600e+02  2.503e-146  4.083e-01
1.610e+02  4.838e-146  4.083e-01
1.620e+02  9.347e-146  4.083e-01
1.630e+02  1.805e-145  4.083e-01
1.640e+02  3.484e-145  4.083e-01
1.650e+02  6.721e-145  4.083e-01
1.660e+02  1.296e-144  4.083e-01
1.670e+02  2.498e-144  4.083e-01
1.680e+02  4.813e-144  4.083e-01
1.690e+02  9.267e-144  4.083e-01
1.700e+02  1.784e-143  4.083e-01
1.710e+02  3.431e-143  4.083e-01
1.720e+02  6.597e-143  4.083e-01
1.730e+02  1.268e-142  4.083e-01
1.740e+02  2.436e-142  4.083e-01
1.750e+02  4.677e-142  4.083e-01
1.760e+02  8.975e-142  4.083e-01
1.770e+02  1.722e-141  4.083e-01
1.780e+02  3.301e-141  4.083e-01
1.790e+02  6.326e-141  4.083e-01
1.800e+02  1.212e-140  4.083e-01
1.810e+02  2.320e-140  4.083e-01
1.820e+02  4.440e-140  4.083e-01
1.830e+02  8.492e-140  4.083e-01
1.840e+02  1.624e-139  4.083e-01
1.850e+02  3.102e-139  4.083e-01
1.860e+02  5.926e-139  4.083e-01
1.870e+02  1.131e-138  4.083e-01
1.880e+02  2.159e-138  4.083e-01
1.890e+02  4.117e-138  4.083e-01
1.900e+02  7.848e-138  4.083e-01
1.910e+02  1.495e-137  4.083e-01
1.920e+02  2.848e-137  4.083e-01
1.930e+02  5.422e-137  4.083e-01
1.940e+02  1.032e-136  4.083e-01
1.950e+02  1.962e-136  4.083e-01
1.960e+02  3.729e-136  4.083e-01
1.970e+02  7.086e-136  4.083e-01
1.980e+02  1.346e-135  4.083e-01
1.990e+02  2.554e-135  4.083e-01
2.000e+02  4.846e-135  4.083e-01
2.010e+02  9.189e-135  4.083e-01
2.020e+02  1.742e-134  4.083e-01
2.030e+02  3.300e-134  4.083e-01
2.040e+02  6.249e-134  4.083e-01
2.050e+02  1.183e-133  4.083e-01
2.060e+02  2.237e-133  4.083e-01
2.070e+02  4.231e-133  4.083e-01
2.080e+02  7.996e-133  4.083e-01
2.090e+02  1.510e-132  4.083e-01
2.100e+02  2.852e-132  4.083e-01
2.110e+02  5.383e-132  4.083e-01
2.120e+02  1.015e-131  4.083e-01
2.130e+02  1.914e-131  4.083e-01
2.140e+02  3.608e-131  4.083e-01
2.150e+02  6.796e-131  4.083e-01
2.160e+02  1.279e-130  4.083e-01
2.170e+02  2.408e-130  4.083e-01
2.180e+02  4.529e-130  4.083e-01
2.190e+02  8.515e-130  4.083e-01
2.200e+02  1.600e-129  4.083e-01
2.210e+02  3.005e-129  4.083e-01
2.220e+02  5.642e-129  4.083e-01
2.230e+02  1.059e-128  4.083e-01
2.240e+02  1.986e-128  4.083e-01
2.250e+02  3.722e-128  4.083e-01
2.260e+02  6.974e-128  4.083e-01
2.270e+02  1.306e-127  4.083e-01
2.280e+02  2.445e-127  4.083e-01
2.290e+02  4.575e-127  4.083e-01
2.300e+02  8.556e-127  4.083e-01
2.310e+02  1.599e-126  4.083e-01
2.320e+02  2.988e-126  4.083e-01
2.330e+02  5.580e-126  4.083e-01
2.340e+02  1.042e-125  4.083e-01
2.350e+02  1.943e-125  4.083e-01
2.360e+02  3.623e-125  4.083e-01
2.370e+02  6.754e-125  4.083e-01
2.380e+02  1.258e-124  4.083e-01
2.390e+02  2.343e-124  4.083e-01
2.400e+02  4.360e-124  4.083e-01
2.410e+02  8.111e-124  4.083e-01
2.420e+02  1.508e-123  4.083e-01
2.430e+02  2.803e-123  4.083e-01
2.440e+02  5.207e-123  4.083e-01
2.450e+02  9.668e-123  4.083e-01
2.460e+02  1.794e-122  4.083e-01
2.470e+02  3.328e-122  4.083e-01
2.480e+02  6.170e-122  4.083e-01
2.490e+02  1.143e-121  4.083e-01
2.500e+02  2.118e-121  4.083e-01
2.510e+02  3.921e-121  4.083e-01
2.520e+02  7.255e-121  4.083e-01
2.530e+02  1.342e-120  4.083e-01
2.540e+02  2.481e-120  4.083e-01
2.550e+02  4.584e-120  4.083e-01
2.560e+02  8.466e-120  4.083e-01
2.570e+02  1.563e-119  4.083e-01
2.580e+02  2.884e-119  4.083e-01
2.590e+02  5.318e-119  4.083e-01
2.600e+02  9.803e-119  4.083e-01
2.610e+02  1.806e-118  4.083e-01
2.620e+02  3.326e-118  4.083e-01
2.630e+02  6.123e-118  4.083e-01
2.640e+02  1.126e-117  4.083e-01
2.650e+02  2.071e-117  4.083e-01
2.660e+02  3.807e-117  4.083e-01
2.670e+02  6.994e-117  4.083e-01
2.680e+02  1.284e-116  4.083e-01
2.690e+02  2.357e-116  4.083e-01
2.700e+02  4.324e-116  4.083e-01
2.710e+02  7.929e-116  4.083e-01
2.720e+02  1.453e-115  4.083e-01
2.730e+02  2.662e-115  4.083e-01
2.740e+02  4.874e-115  4.083e-01
2.750e+02  8.919e-115  4.083e-01
2.760e+02  1.631e-114  4.083e-01
2.770e+02  2.983e-114  4.083e-01
2.780e+02  5.451e-114  4.083e-01
2.790e+02  9.956e-114  4.083e-01
2.800e+02  1.818e-113  4.083e-01
2.810e+02  3.317e-113  4.083e-01
2.820e+02  6.049e-113  4.083e-01
2.830e+02  1.103e-112  4.083e-01
2.840e+02  2.009e-112  4.083e-01
2.850e+02  3.660e-112  4.083e-01
2.860e+02  6.662e-112  4.083e-01
2.870e+02  1.212e-111  4.083e-01
2.880e+02  2.204e-111  4.083e-01
2.890e+02  4.007e-111  4.083e-01
2.900e+02  7.280e-111  4.083e-01
2.910e+02  1.322e-110  4.083e-01
2.920e+02  2.400e-110  4.083e-01
2.930e+02  4.353e-110  4.083e-01
2.940e+02  7.894e-110  4.083e-01
2.950e+02  1.431e-109  4.083e-01
2.960e+02  2.592e-109  4.083e-01
2.970e+02  4.693e-109  4.083e-01
2.980e+02  8.494e-109  4.083e-01
2.990e+02  1.536e-108  4.083e-01
3.000e+02  2.778e-108  4.083e-01
3.010e+02  5.021e-108  4.083e-01
3.020e+02  9.069e-108  4.083e-01
3.030e+02  1.637e-107  4.083e-01
3.040e+02  2.955e-107  4.083e-01
3.050e+02  5.329e-107  4.083e-01
3.060e+02  9.608e-107  4.083e-01
3.070e+02  1.731e-106  4.083e-01
3.080e+02  3.118e-106  4.083e-01
3.090e+02  5.613e-106  4.083e-01
3.100e+02  1.010e-105  4.083e-01
3.110e+02  1.817e-105  4.083e-01
3.120e+02  3.265e-105  4.083e-01
3.130e+02  5.867e-105  4.083e-01
3.140e+02  1.054e-104  4.083e-01
3.150e+02  1.891e-104  4.083e-01
3.160e+02  3.393e-104  4.083e-01
3.170e+02  6.085e-104  4.083e-01
3.180e+02  1.091e-103  4.083e-01
3.190e+02  1.954e-103  4.083e-01
3.200e+02  3.499e-103  4.083e-01
3.210e+02  6.262e-103  4.083e-01
3.220e+02  1.120e-102  4.083e-01
3.230e+02  2.003e-102  4.083e-01
3.240e+02  3.579e-102  4.083e-01
3.250e+02  6.394e-102  4.083e-01
3.260e+02  1.142e-101  4.083e-01
3.270e+02  2.037e-101  4.083e-01
3.280e+02  3.634e-101  4.083e-01
3.290e+02  6.478e-101  4.083e-01
3.300e+02  1.154e-100  4.083e-01
3.310e+02  2.056e-100  4.083e-01
3.320e+02  3.660e-100  4.083e-01
3.330e+02  6.513e-100  4.083e-01
3.340e+02  1.158e-99  4.083e-01
3.350e+02  2.059e-99  4.083e-01
3.360e+02  3.659e-99  4.083e-01
3.370e+02  6.498e-99  4.083e-01
3.380e+02  1.153e-98  4.083e-01
3.390e+02  2.046e-98  4.083e-01
3.400e+02  3.629e-98  4.083e-01
3.410e+02  6.432e-98  4.083e-01
3.420e+02  1.139e-97  4.083e-01
3.430e+02  2.018e-97  4.083e-01
3.440e+02  3.571e-97  4.083e-01
3.450e+02  6.317e-97  4.083e-01
3.460e+02  1.117e-96  4.083e-01
3.470e+02  1.974e-96  4.083e-01
3.480e+02  3.487e-96  4.083e-01
3.490e+02  6.157e-96  4.083e-01
3.500e+02  1.086e-95  4.083e-01
3.510e+02  1.916e-95  4.083e-01
3.520e+02  3.379e-95  4.083e-01
3.530e+02  5.954e-95  4.083e-01
3.540e+02  1.049e-94  4.083e-01
3.550e+02  1.846e-94  4.083e-01
3.560e+02  3.248e-94  4.083e-01
3.570e+02  5.713e-94  4.083e-01
3.580e+02  1.004e-93  4.083e-01
3.590e+02  1.764e-93  4.083e-01
3.600e+02  3.098e-93  4.083e-01
3.610e+02  5.439e-93  4.083e-01
3.620e+02  9.542e-93  4.083e-01
3.630e+02  1.673e-92  4.083e-01
3.640e+02  2.933e-92  4.083e-01
3.650e+02  5.138e-92  4.083e-01
3.660e+02  8.996e-92  4.083e-01
3.670e+02  1.574e-91  4.083e-01
3.680e+02  2.754e-91  4.083e-01
3.690e+02  4.816e-91  4.083e-01
3.700e+02  8.416e-91  4.083e-01
3.710e+02  1.470e-90  4.083e-01
3.720e+02  2.566e-90  4.083e-01
3.730e+02  4.479e-90  4.083e-01
3.740e+02  7.811e-90  4.083e-01
3.750e+02  1.362e-89  4.083e-01
3.760e+02  2.373e-89  4.083e-01
3.770e+02  4.133e-89  4.083e-01
3.780e+02  7.194e-89  4.083e-01
3.790e+02  1.252e-88  4.083e-01
3.800e+02  2.177e-88  4.083e-01
3.810e+02  3.784e-88  4.083e-01
3.820e+02  6.574e-88  4.083e-01
3.830e+02  1.142e-87  4.083e-01
3.840e+02  1.981e-87  4.083e-01
3.850e+02  3.438e-87  4.083e-01
3.860e+02  5.961e-87  4.083e-01
3.870e+02  1.033e-86  4.083e-01
3.880e+02  1.790e-86  4.083e-01
3.890e+02  3.099e-86  4.083e-01
3.900e+02  5.362e-86  4.083e-01
3.910e+02  9.275e-86  4.083e-01
3.920e+02  1.604e-85  4.083e-01
3.930e+02  2.771e-85  4.083e-01
3.940e+02  4.786e-85  4.083e-01
3.950e+02  8.263e-85  4.083e-01
3.960e+02  1.426e-84  4.083e-01
3.970e+02  2.459e-84  4.083e-01
3.980e+02  4.239e-84  4.083e-01
3.990e+02  7.304e-84  4.083e-01
4.000e+02  1.258e-83  4.083e-01
4.010e+02  2.165e-83  4.083e-01
4.020e+02  3.725e-83  4.083e-01
4.030e+02  6.405e-83  4.083e-01
4.040e+02  1.101e-82  4.083e-01
4.050e+02  1.891e-82  4.083e-01
4.060e+02  3.247e-82  4.083e-01
4.070e+02  5.573e-82  4.083e-01
4.080e+02  9.561e-82  4.083e-01
4.090e+02  1.639e-81  4.083e-01
4.100e+02  2.809e-81  4.083e-01
4.110e+02  4.812e-81  4.083e-01
4.120e+02  8.238e-81  4.083e-01
4.130e+02  1.410e-80  4.083e-01
4.140e+02  2.411e-80  4.083e-01
4.150e+02  4.122e-80  4.083e-01
4.160e+02  7.043e-80  4.083e-01
4.170e+02  1.203e-79  4.083e-01
4.180e+02  2.053e-79  4.083e-01
4.190e+02  3.503e-79  4.083e-01
4.200e+02  5.974e-79  4.083e-01
4.210e+02  1.018e-78  4.083e-01
4.220e+02  1.735e-78  4.083e-01
4.230e+02  2.954e-78  4.083e-01
4.240e+02  5.027e-78  4.083e-01
4.250e+02  8.552e-78  4.083e-01
4.260e+02  1.454e-77  4.083e-01
4.270e+02  2.471e-77  4.083e-01
4.280e+02  4.197e-77  4.083e-01
4.290e+02  7.126e-77  4.083e-01
4.300e+02  1.209e-76  4.083e-01
4.310e+02  2.051e-76  4.083e-01
4.320e+02  3.477e-76  4.083e-01
4.330e+02  5.892e-76  4.083e-01
4.340e+02  9.979e-76  4.083e-01
4.350e+02  1.689e-75  4.083e-01
4.360e+02  2.858e-75  4.083e-01
4.370e+02  4.833e-75  4.083e-01
4.380e+02  8.169e-75  4.083e-01
4.390e+02  1.380e-74  4.083e-01
4.400e+02  2.331e-74  4.083e-01
4.410e+02  3.933e-74  4.083e-01
4.420e+02  6.635e-74  4.083e-01
4.430e+02  1.119e-73  4.083e-01
4.440e+02  1.885e-73  4.083e-01
4.450e+02  3.176e-73  4.083e-01
4.460e+02  5.347e-73  4.083e-01
4.470e+02  8.998e-73  4.083e-01
4.480e+02  1.513e-72  4.083e-01
4.490e+02  2.544e-72  4.083e-01
4.500e+02  4.275e-72  4.083e-01
4.510e+02  7.180e-72  4.083e-01
4.520e+02  1.205e-71  4.083e-01
4.530e+02  2.022e-71  4.083e-01
4.540e+02  3.391e-71  4.083e-01
4.550e+02  5.684e-71  4.083e-01
4.560e+02  9.523e-71  4.083e-01
4.570e+02  1.595e-70  4.083e-01
4.580e+02  2.669e-70  4.083e-01
4.590e+02  4.464e-70  4.083e-01
4.600e+02  7.464e-70  4.083e-01
4.610e+02  1.247e-69  4.083e-01
4.620e+02  2.084e-69  4.083e-01
4.630e+02  3.479e-69  4.083e-01
4.640e+02  5.805e-69  4.083e-01
4.650e+02  9.682e-69  4.083e-01
4.660e+02  1.614e-68  4.083e-01
4.670e+02  2.689e-68  4.083e-01
4.680e+02  4.479e-68  4.083e-01
4.690e+02  7.455e-68  4.083e-01
4.700e+02  1.240e-67  4.083e-01
4.710e+02  2.063e-67  4.083e-01
4.720e+02  3.428e-67  4.083e-01
4.730e+02  5.695e-67  4.083e-01
4.740e+02  9.457e-67  4.083e-01
4.750e+02  1.569e-66  4.083e-01
4.760e+02  2.603e-66  4.083e-01
4.770e+02  4.316e-66  4.083e-01
4.780e+02  7.153e-66  4.083e-01
4.790e+02  1.185e-65  4.083e-01
4.800e+02  1.961e-65  4.083e-01
4.810e+02  3.246e-65  4.083e-01
4.820e+02  5.368e-65  4.083e-01
4.830e+02  8.873e-65  4.083e-01
4.840e+02  1.466e-64  4.083e-01
4.850e+02  2.421e-64  4.083e-01
4.860e+02  3.996e-64  4.083e-01
4.870e+02  6.592e-64  4.083e-01
4.880e+02  1.087e-63  4.083e-01
4.890e+02  1.792e-63  4.083e-01
4.900e+02  2.951e-63  4.083e-01
4.910e+02  4.859e-63  4.083e-01
4.920e+02  7.997e-63  4.083e-01
4.930e+02  1.315e-62  4.083e-01
4.940e+02  2.162e-62  4.083e-01
4.950e+02  3.553e-62  4.083e-01
4.960e+02  5.836e-62  4.083e-01
4.970e+02  9.580e-62  4.083e-01
4.980e+02  1.572e-61  4.083e-01
4.990e+02  2.578e-61  4.083e-01
5.000e+02  4.225e-61  4.083e-01
5.010e+02  6.922e-61  4.083e-01
5.020e+02  1.133e-60  4.083e-01
5.030e+02  1.855e-60  4.083e-01
5.040e+02  3.035e-60  4.083e-01
5.050e+02  4.962e-60  4.083e-01
5.060e+02  8.108e-60  4.083e-01
5.070e+02  1.324e-59  4.083e-01
5.080e+02  2.162e-59  4.083e-01
5.090e+02  3.528e-59  4.083e-01
5.100e+02  5.754e-59  4.083e-01
5.110e+02  9.380e-59  4.083e-01
5.120e+02  1.528e-58  4.083e-01
5.130e+02  2.489e-58  4.083e-01
5.140e+02  4.051e-58  4.083e-01
5.150e+02  6.591e-58  4.083e-01
5.160e+02  1.072e-57  4.083e-01
5.170e+02  1.742e-57  4.083e-01
5.180e+02  2.829e-57  4.083e-01
5.190e+02  4.594e-57  4.083e-01
5.200e+02  7.455e-57  4.083e-01
5.210e+02  1.209e-56  4.083e-01
5.220e+02  1.960e-56  4.083e-01
5.230e+02  3.176e-56  4.083e-01
5.240e+02  5.144e-56  4.083e-01
5.250e+02  8.327e-56  4.083e-01
5.260e+02  1.347e-55  4.083e-01
5.270e+02  2.179e-55  4.083e-01
5.280e+02  3.521e-55  4.083e-01
5.290e+02  5.689e-55  4.083e-01
5.300e+02  9.186e-55  4.083e-01
5.310e+02  1.482e-54  4.083e-01
5.320e+02  2.391e-54  4.083e-01
5.330e+02  3.855e-54  4.083e-01
5.340e+02  6.212e-54  4.083e-01
5.350e+02  1.001e-53  4.083e-01
5.360e+02  1.611e-53  4.083e-01
5.370e+02  2.592e-53  4.083e-01
5.380e+02  4.168e-53  4.083e-01
5.390e+02  6.699e-53  4.083e-01
5.400e+02  1.076e-52  4.083e-01
5.410e+02  1.728e-52  4.083e-01
5.420e+02  2.774e-52  4.083e-01
5.430e+02  4.450e-52  4.083e-01
5.440e+02  7.134e-52  4.083e-01
5.450e+02  1.143e-51  4.083e-01
5.460e+02  1.831e-51  4.083e-01
5.470e+02  2.932e-51  4.083e-01
5.480e+02  4.691e-51  4.083e-01
5.490e+02  7.502e-51  4.083e-01
5.500e+02  1.199e-50  4.083e-01
5.510e+02  1.916e-50  4.083e-01
5.520e+02  3.059e-50  4.083e-01
5.530e+02  4.883e-50  4.083e-01
5.540e+02  7.790e-50  4.083e-01
5.550e+02  1.242e-49  4.083e-01
5.560e+02  1.979e-49  4.083e-01
5.570e+02  3.153e-49  4.083e-01
5.580e+02  5.019e-49  4.083e-01
5.590e+02  7.986e-49  4.083e-01
5.600e+02  1.270e-48  4.083e-01
5.610e+02  2.019e-48  4.083e-01
5.620e+02  3.208e-48  4.083e-01
5.630e+02  5.094e-48  4.083e-01
5.640e+02  8.085e-48  4.083e-01
5.650e+02  1.283e-47  4.083e-01
5.660e+02  2.034e-47  4.083e-01
5.670e+02  3.223e-47  4.083e-01
5.680e+02  5.105e-47  4.083e-01
5.690e+02  8.082e-47  4.083e-01
5.700e+02  1.279e-46  4.083e-01
5.710e+02  2.022e-46  4.083e-01
5.720e+02  3.197e-46  4.083e-01
5.730e+02  5.051e-46  4.083e-01
5.740e+02  7.976e-46  4.083e-01
5.750e+02  1.259e-45  4.083e-01
5.760e+02  1.986e-45  4.083e-01
5.770e+02  3.131e-45  4.083e-01
5.780e+02  4.934e-45  4.083e-01
5.790e+02  7.772e-45  4.083e-01
5.800e+02  1.224e-44  4.083e-01
5.810e+02  1.925e-44  4.083e-01
5.820e+02  3.028e-44  4.083e-01
5.830e+02  4.759e-44  4.083e-01
5.840e+02  7.477e-44  4.083e-01
5.850e+02  1.174e-43  4.083e-01
5.860e+02  1.843e-43  4.083e-01
5.870e+02  2.891e-43  4.083e-01
5.880e+02  4.532e-43  4.083e-01
5.890e+02  7.102e-43  4.083e-01
5.900e+02  1.112e-42  4.083e-01
5.910e+02  1.741e-42  4.083e-01
5.920e+02  2.725e-42  4.083e-01
5.930e+02  4.261e-42  4.083e-01
5.940e+02  6.660e-42  4.083e-01
5.950e+02  1.040e-41  4.083e-01
5.960e+02  1.624e-41  4.083e-01
5.970e+02  2.535e-41  4.083e-01
5.980e+02  3.954e-41  4.083e-01
5.990e+02  6.165e-41  4.083e-01
6.000e+02  9.606e-41  4.083e-01
6.010e+02  1.496e-40  4.083e-01
6.020e+02  2.329e-40  4.083e-01
6.030e+02  3.623e-40  4.083e-01
6.040e+02  5.634e-40  4.083e-01
6.050e+02  8.756e-40  4.083e-01
6.060e+02  1.360e-39  4.083e-01
6.070e+02  2.112e-39  4.083e-01
6.080e+02  3.277e-39  4.083e-01
6.090e+02  5.082e-39  4.083e-01
6.100e+02  7.878e-39  4.083e-01
6.110e+02  1.221e-38  4.083e-01
6.120e+02  1.890e-38  4.083e-01
6.130e+02  2.925e-38  4.083e-01
6.140e+02  4.525e-38  4.083e-01
6.150e+02  6.997e-38  4.083e-01
6.160e+02  1.081e-37  4.083e-01
6.170e+02  1.670e-37  4.083e-01
6.180e+02  2.578e-37  4.083e-01
6.190e+02  3.978e-37  4.083e-01
6.200e+02  6.134e-37  4.083e-01
6.210e+02  9.454e-37  4.083e-01
6.220e+02  1.456e-36  4.083e-01
6.230e+02  2.242e-36  4.083e-01
6.240e+02  3.451e-36  4.083e-01
6.250e+02  5.308e-36  4.083e-01
6.260e+02  8.159e-36  4.083e-01
6.270e+02  1.254e-35  4.083e-01
6.280e+02  1.925e-35  4.083e-01
6.290e+02  2.955e-35  4.083e-01
6.300e+02  4.533e-35  4.083e-01
6.310e+02  6.950e-35  4.083e-01
6.320e+02  1.065e-34  4.083e-01
6.330e+02  1.631e-34  4.083e-01
6.340e+02  2.497e-34  4.083e-01
6.350e+02  3.821e-34  4.083e-01
6.360e+02  5.843e-34  4.083e-01
6.370e+02  8.930e-34  4.083e-01
6.380e+02  1.364e-33  4.083e-01
6.390e+02  2.083e-33  4.083e-01
6.400e+02  3.178e-33  4.083e-01
6.410e+02  4.847e-33  4.083e-01
6.420e+02  7.388e-33  4.083e-01
6.430e+02  1.126e-32  4.083e-01
6.440e+02  1.714e-32  4.083e-01
6.450e+02  2.609e-32  4.083e-01
6.460e+02  3.968e-32  4.083e-01
6.470e+02  6.033e-32  4.083e-01
6.480e+02  9.166e-32  4.083e-01
6.490e+02  1.392e-31  4.083e-01
6.500e+02  2.113e-31  4.083e-01
6.510e+02  3.205e-31  4.083e-01
6.520e+02  4.860e-31  4.083e-01
6.530e+02  7.365e-31  4.083e-01
6.540e+02  1.116e-30  4.083e-01
6.550e+02  1.689e-30  4.083e-01
6.560e+02  2.555e-30  4.083e-01
6.570e+02  3.863e-30  4.083e-01
6.580e+02  5.839e-30  4.083e-01
6.590e+02  8.820e-30  4.083e-01
6.600e+02  1.332e-29  4.083e-01
6.610e+02  2.009e-29  4.083e-01
6.620e+02  3.030e-29  4.083e-01
6.630e+02  4.567e-29  4.083e-01
6.640e+02  6.880e-29  4.083e-01
6.650e+02  1.036e-28  4.083e-01
6.660e+02  1.559e-28  4.083e-01
6.670e+02  2.344e-28  4.083e-01
6.680e+02  3.524e-28  4.083e-01
6.690e+02  5.294e-28  4.083e-01
6.700e+02  7.949e-28  4.083e-01
6.710e+02  1.193e-27  4.083e-01
6.720e+02  1.789e-27  4.083e-01
6.730e+02  2.682e-27  4.083e-01
6.740e+02  4.018e-27  4.083e-01
6.750e+02  6.017e-27  4.083e-01
6.760e+02  9.005e-27  4.083e-01
6.770e+02  1.347e-26  4.083e-01
6.780e+02  2.013e-26  4.083e-01
6.790e+02  3.008e-26  4.083e-01
6.800e+02  4.492e-26  4.083e-01
6.810e+02  6.704e-26  4.083e-01
6.820e+02  9.999e-26  4.083e-01
6.830e+02  1.491e-25  4.083e-01
6.840e+02  2.221e-25  4.083e-01
6.850e+02  3.307e-25  4.083e-01
6.860e+02  4.922e-25  4.083e-01
6.870e+02  7.321e-25  4.083e-01
6.880e+02  1.088e-24  4.083e-01
6.890e+02  1.617e-24  4.083e-01
6.900e+02  2.401e-24  4.083e-01
6.910e+02  3.563e-24  4.083e-01
6.920e+02  5.285e-24  4.083e-01
6.930e+02  7.834e-24  4.083e-01
6.940e+02  1.161e-23  4.083e-01
6.950e+02  1.718e-23  4.083e-01
6.960e+02  2.543e-23  4.083e-01
6.970e+02  3.761e-23  4.083e-01
6.980e+02  5.559e-23  4.083e-01
6.990e+02  8.213e-23  4.083e-01
7.000e+02  1.213e-22  4.083e-01
7.010e+02  1.789e-22  4.083e-01
7.020e+02  2.639e-22  4.083e-01
7.030e+02  3.889e-22  4.083e-01
7.040e+02  5.728e-22  4.083e-01
7.050e+02  8.433e-22  4.083e-01
7.060e+02  1.241e-21  4.083e-01
7.070e+02  1.824e-21  4.083e-01
7.080e+02  2.681e-21  4.083e-01
7.090e+02  3.937e-21  4.083e-01
7.100e+02  5.779e-21  4.083e-01
7.110e+02  8.477e-21  4.083e-01
7.120e+02  1.243e-20  4.083e-01
7.130e+02  1.821e-20  4.083e-01
7.140e+02  2.666e-20  4.083e-01
7.150e+02  3.902e-20  4.083e-01
7.160e+02  5.707e-20  4.083e-01
7.170e+02  8.341e-20  4.083e-01
7.180e+02  1.218e-19  4.083e-01
7.190e+02  1.779e-19  4.083e-01
7.200e+02  2.595e-19  4.083e-01
7.210e+02  3.784e-19  4.083e-01
7.220e+02  5.514e-19  4.083e-01
7.230e+02  8.030e-19  4.083e-01
7.240e+02  1.169e-18  4.083e-01
7.250e+02  1.700e-18  4.083e-01
7.260e+02  2.471e-18  4.083e-01
7.270e+02  3.589e-18  4.083e-01
7.280e+02  5.210e-18  4.083e-01
7.290e+02  7.559e-18  4.083e-01
7.300e+02  1.096e-17  4.083e-01
7.310e+02  1.588e-17  4.083e-01
7.320e+02  2.300e-17  4.083e-01
7.330e+02  3.328e-17  4.083e-01
7.340e+02  4.812e-17  4.083e-01
7.350e+02  6.955e-17  4.083e-01
7.360e+02  1.004e-16  4.083e-01
7.370e+02  1.450e-16  4.083e-01
7.380e+02  2.091e-16  4.083e-01
7.390e+02  3.014e-16  4.083e-01
7.400e+02  4.342e-16  4.083e-01
7.410e+02  6.250e-16  4.083e-01
7.420e+02  8.990e-16  4.083e-01
7.430e+02  1.292e-15  4.083e-01
7.440e+02  1.857e-15  4.083e-01
7.450e+02  2.665e-15  4.083e-01
7.460e+02  3.823e-15  4.083e-01
7.470e+02  5.481e-15  4.083e-01
7.480e+02  7.852e-15  4.083e-01
7.490e+02  1.124e-14  4.083e-01
7.500e+02  1.608e-14  4.083e-01
7.510e+02  2.298e-14  4.083e-01
7.520e+02  3.283e-14  4.083e-01
7.530e+02  4.686e-14  4.083e-01
7.540e+02  6.684e-14  4.083e-01
7.550e+02  9.527e-14  4.083e-01
7.560e+02  1.357e-13  4.083e-01
7.570e+02  1.931e-13  4.083e-01
7.580e+02  2.746e-13  4.083e-01
7.590e+02  3.902e-13  4.083e-01
7.600e+02  5.541e-13  4.083e-01
7.610e+02  7.861e-13  4.083e-01
7.620e+02  1.114e-12  4.083e-01
7.630e+02  1.579e-12  4.083e-01
7.640e+02  2.234e-12  4.083e-01
7.650e+02  3.160e-12  4.083e-01
7.660e+02  4.465e-12  4.083e-01
7.670e+02  6.304e-12  4.083e-01
7.680e+02  8.893e-12  4.083e-01
7.690e+02  1.253e-11  4.083e-01
7.700e+02  1.765e-11  4.083e-01
7.710e+02  2.484e-11  4.083e-01
7.720e+02  3.492e-11  4.083e-01
7.730e+02  4.904e-11  4.083e-01
7.740e+02  6.881e-11  4.083e-01
7.750e+02  9.647e-11  4.083e-01
7.760e+02  1.351e-10  4.083e-01
7.770e+02  1.891e-10  4.083e-01
7.780e+02  2.643e-10  4.083e-01
7.790e+02  3.691e-10  4.083e-01
7.800e+02  5.149e-10  4.083e-01
7.810e+02  7.177e-10  4.083e-01
7.820e+02  9.992e-10  4.083e-01
7.830e+02  1.390e-09  4.083e-01
7.840e+02  1.931e-09  4.083e-01
7.850e+02  2.679e-09  4.083e-01
7.860e+02  3.714e-09  4.083e-01
7.870e+02  5.142e-09  4.083e-01
7.880e+02  7.111e-09  4.083e-01
7.890e+02  9.822e-09  4.083e-01
7.900e+02  1.355e-08  4.083e-01
7.910e+02  1.867e-08  4.083e-01
7.920e+02  2.569e-08  4.083e-01
7.930e+02  3.530e-08  4.083e-01
7.940e+02  4.845e-08  4.083e-01
7.950e+02  6.639e-08  4.083e-01
7.960e+02  9.086e-08  4.084e-01
7.970e+02  1.241e-07  4.084e-01
7.980e+02  1.694e-07  4.084e-01
7.990e+02  2.307e-07  4.084e-01
8.000e+02  3.137e-07  4.084e-01
8.010e+02  4.259e-07  4.084e-01
8.020e+02  5.772e-07  4.084e-01
8.030e+02  7.809e-07  4.084e-01
8.040e+02  1.054e-06  4.084e-01
8.050e+02  1.421e-06  4.084e-01
8.060e+02  1.911e-06  4.084e-01
8.070e+02  2.565e-06  4.085e-01
8.080e+02  3.434e-06  4.085e-01
8.090e+02  4.589e-06  4.085e-01
8.100e+02  6.117e-06  4.085e-01
8.110e+02  8.133e-06  4.085e-01
8.120e+02  1.079e-05  4.086e-01
8.130e+02  1.427e-05  4.086e-01
8.140e+02  1.882e-05  4.087e-01
8.150e+02  2.475e-05  4.087e-01
8.160e+02  3.245e-05  4.087e-01
8.170e+02  4.241e-05  4.088e-01
8.180e+02  5.524e-05  4.088e-01
8.190e+02  7.170e-05  4.089e-01
8.200e+02  9.273e-05  4.089e-01
8.210e+02  1.195e-04  4.090e-01
8.220e+02  1.533e-04  4.090e-01
8.230e+02  1.960e-04  4.091e-01
8.240e+02  2.495e-04  4.091e-01
8.250e+02  3.161e-04  4.091e-01
8.260e+02  3.987e-04  4.092e-01
8.270e+02  5.004e-04  4.092e-01
8.280e+02  6.251e-04  4.091e-01
8.290e+02  7.770e-04  4.091e-01
8.300e+02  9.607e-04  4.090e-01
8.310e+02  1.181e-03  4.088e-01
8.320e+02  1.445e-03  4.086e-01
8.330e+02  1.758e-03  4.084e-01
8.340e+02  2.127e-03  4.080e-01
8.350e+02  2.558e-03  4.076e-01
8.360e+02  3.059e-03  4.071e-01
8.370e+02  3.637e-03  4.065e-01
8.380e+02  4.299e-03  4.058e-01
8.390e+02  5.053e-03  4.050e-01
8.400e+02  5.904e-03  4.041e-01
8.410e+02  6.859e-03  4.030e-01
8.420e+02  7.924e-03  4.018e-01
8.430e+02  9.104e-03  4.005e-01
8.440e+02  1.040e-02  3.991e-01
8.450e+02  1.182e-02  3.975e-01
8.460e+02  1.336e-02  3.958e-01
8.470e+02  1.503e-02  3.939e-01
8.480e+02  1.682e-02  3.919e-01
8.490e+02  1.873e-02  3.899e-01
8.500e+02  2.076e-02  3.877e-01
8.510e+02  2.290e-02  3.854e-01
8.520e+02  2.516e-02  3.830e-01
8.530e+02  2.752e-02  3.805e-01
8.540e+02  2.999e-02  3.780e-01
8.550e+02  3.255e-02  3.753e-01
8.560e+02  3.520e-02  3.727e-01
8.570e+02  3.792e-02  3.700e-01
8.580e+02  4.072e-02  3.672e-01
8.590e+02  4.359e-02  3.644e-01
8.600e+02  4.651e-02  3.616e-01
8.610e+02  4.948e-02  3.588e-01
8.620e+02  5.249e-02  3.560e-01
8.630e+02  5.554e-02  3.532e-01
8.640e+02  5.861e-02  3.504e-01
8.650e+02  6.171e-02  3.477e-01
8.660e+02  6.481e-02  3.449e-01
8.670e+02  6.793e-02  3.422e-01
8.680e+02  7.104e-02  3.395e-01
8.690e+02  7.415e-02  3.369e-01
8.700e+02  7.724e-02  3.343e-01
8.710e+02  8.032e-02  3.317e-01
8.720e+02  8.338e-02  3.292e-01
8.730e+02  8.642e-02  3.267e-01
8.740e+02  8.942e-02  3.243e-01
8.750e+02  9.240e-02  3.219e-01
8.760e+02  9.534e-02  3.196e-01
8.770e+02  9.824e-02  3.173e-01
8.780e+02  1.011e-01  3.151e-01
8.790e+02  1.039e-01  3.130e-01
8.800e+02  1.067e-01  3.109e-01
8.810e+02  1.094e-01  3.088e-01
8.820e+02  1.121e-01  3.068e-01
8.830e+02  1.147e-01  3.049e-01
8.840e+02  1.173e-01  3.030e-01
8.850e+02  1.198e-01  3.012e-01
8.860e+02  1.223e-01  2.994e-01
8.870e+02  1.247e-01  2.976e-01
8.880e+02  1.271e-01  2.960e-01
8.890e+02  1.294e-01  2.943e-01
8.900e+02  1.316e-01  2.927e-01
8.910e+02  1.339e-01  2.912e-01
8.920e+02  1.360e-01  2.897e-01
8.930e+02  1.381e-01  2.883e-01
8.940e+02  1.402e-01  2.869e-01
8.950e+02  1.422e-01  2.855e-01
8.960e+02  1.441e-01  2.842e-01
8.970e+02  1.460e-01  2.829e-01
8.980e+02  1.479e-01  2.817e-01
8.990e+02  1.497e-01  2.805e-01
9.000e+02  1.514e-01  2.793e-01
9.010e+02  1.531e-01  2.782e-01
9.020e+02  1.548e-01  2.771e-01
9.030e+02  1.564e-01  2.760e-01
9.040e+02  1.580e-01  2.750e-01
9.050e+02  1.595e-01  2.740e-01
9.060e+02  1.610e-01  2.731e-01
9.070e+02  1.624e-01  2.721e-01
9.080e+02  1.638e-01  2.712e-01
9.090e+02  1.652e-01  2.704e-01
9.100e+02  1.665e-01  2.695e-01
9.110e+02  1.678e-01  2.687e-01
9.120e+02  1.691e-01  2.679e-01
9.130e+02  1.703e-01  2.672e-01
9.140e+02  1.714e-01  2.664e-01
9.150e+02  1.726e-01  2.657e-01
9.160e+02  1.737e-01  2.650e-01
9.170e+02  1.747e-01  2.644e-01
9.180e+02  1.758e-01  2.637e-01
9.190e+02  1.768e-01  2.631e-01
9.200e+02  1.778e-01  2.625e-01
9.210e+02  1.787e-01  2.619e-01
9.220e+02  1.796e-01  2.613e-01
9.230e+02  1.805e-01  2.608e-01
9.240e+02  1.814e-01  2.603e-01
9.250e+02  1.822e-01  2.597e-01
9.260e+02  1.830e-01  2.593e-01
9.270e+02  1.838e-01  2.588e-01
9.280e+02  1.846e-01  2.583e-01
9.290e+02  1.853e-01  2.579e-01
9.300e+02  1.860e-01  2.574e-01
9.310e+02  1.867e-01  2.570e-01
9.320e+02  1.874e-01  2.566e-01
9.330e+02  1.881e-01  2.562e-01
9.340e+02  1.887e-01  2.558e-01
9.350e+02  1.893e-01  2.555e-01
9.360e+02  1.899e-01  2.551e-01
9.370e+02  1.905e-01  2.548e-01
9.380e+02  1.910e-01  2.544e-01
9.390e+02  1.916e-01  2.541e-01
9.400e+02  1.921e-01  2.538e-01
9.410e+02  1.926e-01  2.535e-01
9.420e+02  1.931e-01  2.532e-01
9.430e+02  1.936e-01  2.529e-01
9.440e+02  1.940e-01  2.527e-01
9.450e+02  1.945e-01  2.524e-01
9.460e+02  1.949e-01  2.522e-01
9.470e+02  1.953e-01  2.519e-01
9.480e+02  1.957e-01  2.517e-01
9.490e+02  1.961e-01  2.514e-01
9.500e+02  1.965e-01  2.512e-01
9.510e+02  1.968e-01  2.510e-01
9.520e+02  1.972e-01  2.508e-01
9.530e+02  1.975e-01  2.506e-01
9.540e+02  1.979e-01  2.504e-01
9.550e+02  1.982e-01  2.502e-01
9.560e+02  1.985e-01  2.500e-01
9.570e+02  1.988e-01  2.499e-01
9.580e+02  1.991e-01  2.497e-01
9.590e+02  1.994e-01  2.495e-01
9.600e+02  1.996e-01  2.494e-01
9.610e+02  1.999e-01  2.492e-01
9.620e+02  2.001e-01  2.491e-01
9.630e+02  2.004e-01  2.489e-01
9.640e+02  2.006e-01  2.488e-01
9.650e+02  2.009e-01  2.486e-01
9.660e+02  2.011e-01  2.485e-01
9.670e+02  2.013e-01  2.484e-01
9.680e+02  2.015e-01  2.483e-01
9.690e+02  2.017e-01  2.482e-01
9.700e+02  2.019e-01  2.480e-01
9.710e+02  2.021e-01  2.479e-01
9.720e+02  2.023e-01  2.478e-01
9.730e+02  2.025e-01  2.477e-01
9.740e+02  2.026e-01  2.476e-01
9.750e+02  2.028e-01  2.475e-01
9.760e+02  2.030e-01  2.474e-01
9.770e+02  2.031e-01  2.473e-01
9.780e+02  2.033e-01  2.473e-01
9.790e+02  2.034e-01  2.472e-01
9.800e+02  2.035e-01  2.471e-01
9.810e+02  2.037e-01  2.470e-01
9.820e+02  2.038e-01  2.469e-01
9.830e+02  2.039e-01  2.469e-01
9.840e+02  2.041e-01  2.468e-01
9.850e+02  2.042e-01  2.467e-01
9.860e+02  2.043e-01  2.467e-01
9.870e+02  2.044e-01  2.466e-01
9.880e+02  2.045e-01  2.465e-01
9.890e+02  2.046e-01  2.465e-01
9.900e+02  2.047e-01  2.464e-01
9.910e+02  2.048e-01  2.464e-01
9.920e+02  2.049e-01  2.463e-01
9.930e+02  2.050e-01  2.462e-01
9.940e+02  2.051e-01  2.462e-01
9.950e+02  2.052e-01  2.461e-01
9.960e+02  2.053e-01  2.461e-01
9.970e+02  2.053e-01  2.460e-01
9.980e+02  2.054e-01  2.460e-01
9.990e+02  2.055e-01  2.460e-01
1.000e+03  2.056e-01  2.459e-01
1.001e+03  2.056e-01  2.459e-01
1.002e+03  2.057e-01  2.458e-01
1.003e+03  2.058e-01  2.458e-01
1.004e+03  2.058e-01  2.458e-01
1.005e+03  2.059e-01  2.457e-01
1.006e+03  2.060e-01  2.457e-01
1.007e+03  2.060e-01  2.457e-01
1.008e+03  2.061e-01  2.456e-01
1.009e+03  2.061e-01  2.456e-01
1.010e+03  2.062e-01  2.456e-01
1.011e+03  2.062e-01  2.455e-01
1.012e+03  2.063e-01  2.455e-01
1.013e+03  2.063e-01  2.455e-01
1.014e+03  2.064e-01  2.455e-01
1.015e+03  2.064e-01  2.454e-01
1.016e+03  2.065e-01  2.454e-01
1.017e+03  2.065e-01  2.454e-01
1.018e+03  2.065e-01  2.454e-01
1.019e+03  2.066e-01  2.453e-01
1.020e+03  2.066e-01  2.453e-01
1.021e+03  2.067e-01  2.453e-01
1.022e+03  2.067e-01  2.453e-01
1.023e+03  2.067e-01  2.453e-01
1.024e+03  2.068e-01  2.452e-01
1.025e+03  2.068e-01  2.452e-01
1.026e+03  2.068e-01  2.452e-01
1.027e+03  2.068e-01  2.452e-01
1.028e+03  2.069e-01  2.452e-01
1.029e+03  2.069e-01  2.452e-01
1.030e+03  2.069e-01  2.451e-01
1.031e+03  2.070e-01  2.451e-01
1.032e+03  2.070e-01  2.451e-01
1.033e+03  2.070e-01  2.451e-01
1.034e+03  2.070e-01  2.451e-01
1.035e+03  2.071e-01  2.451e-01
1.036e+03  2.071e-01  2.451e-01
1.037e+03  2.071e-01  2.450e-01
1.038e+03  2.071e-01  2.450e-01
1.039e+03  2.071e-01  2.450e-01
1.040e+03  2.072e-01  2.450e-01
1.041e+03  2.072e-01  2.450e-01
1.042e+03  2.072e-01  2.450e-01
1.043e+03  2.072e-01  2.450e-01
1.044e+03  2.072e-01  2.450e-01
1.045e+03  2.072e-01  2.450e-01
1.046e+03  2.073e-01  2.450e-01
1.047e+03  2.073e-01  2.449e-01
1.048e+03  2.073e-01  2.449e-01
1.049e+03  2.073e-01  2.449e-01
1.050e+03  2.073e-01  2.449e-01
1.051e+03  2.073e-01  2.449e-01
1.052e+03  2.073e-01  2.449e-01
1.053e+03  2.074e-01  2.449e-01
1.054e+03  2.074e-01  2.449e-01
1.055e+03  2.074e-01  2.449e-01
1.056e+03  2.074e-01  2.449e-01
1.057e+03  2.074e-01  2.449e-01
1.058e+03  2.074e-01  2.449e-01
1.059e+03  2.074e-01  2.449e-01
1.060e+03  2.074e-01  2.449e-01
1.061e+03  2.074e-01  2.448e-01
1.062e+03  2.074e-01  2.448e-01
1.063e+03  2.075e-01  2.448e-01
1.064e+03  2.075e-01  2.448e-01
1.065e+03  2.075e-01  2.448e-01
1.066e+03  2.075e-01  2.448e-01
1.067e+03  2.075e-01  2.448e-01
1.068e+03  2.075e-01  2.448e-01
1.069e+03  2.075e-01  2.448e-01
1.070e+03  2.075e-01  2.448e-01
1.071e+03  2.075e-01  2.448e-01
1.072e+03  2.075e-01  2.448e-01
1.073e+03  2.075e-01  2.448e-01
1.074e+03  2.075e-01  2.448e-01
1.075e+03  2.075e-01  2.448e-01
1.076e+03  2.075e-01  2.448e-01
1.077e+03  2.076e-01  2.448e-01
1.078e+03  2.076e-01  2.448e-01
1.079e+03  2.076e-01  2.448e-01
1.080e+03  2.076e-01  2.448e-01
1.081e+03  2.076e-01  2.448e-01
1.082e+03  2.076e-01  2.448e-01
1.083e+03  2.076e-01  2.448e-01
1.084e+03  2.076e-01  2.448e-01
1.085e+03  2.076e-01  2.448e-01
1.086e+03  2.076e-01  2.448e-01
1.087e+03  2.076e-01  2.448e-01
1.088e+03  2.076e-01  2.448e-01
1.089e+03  2.076e-01  2.447e-01
1.090e+03  2.076e-01  2.447e-01
1.091e+03  2.076e-01  2.447e-01
1.092e+03  2.076e-01  2.447e-01
1.093e+03  2.076e-01  2.447e-01
1.094e+03  2.076e-01  2.447e-01
1.095e+03  2.076e-01  2.447e-01
1.096e+03  2.076e-01  2.447e-01
1.097e+03  2.076e-01  2.447e-01
1.098e+03  2.076e-01  2.447e-01
1.099e+03  2.076e-01  2.447e-01
1.100e+03  2.076e-01  2.447e-01
1.101e+03  2.076e-01  2.447e-01
1.102e+03  2.076e-01  2.447e-01
1.103e+03  2.077e-01  2.447e-01
1.104e+03  2.077e-01  2.447e-01
1.105e+03  2.077e-01  2.447e-01
1.106e+03  2.077e-01  2.447e-01
1.107e+03  2.077e-01  2.447e-01
1.108e+03  2.077e-01  2.447e-01
1.109e+03  2.077e-01  2.447e-01
1.110e+03  2.077e-01  2.447e-01
1.111e+03  2.077e-01  2.447e-01
1.112e+03  2.077e-01  2.447e-01
1.113e+03  2.077e-01  2.447e-01
1.114e+03  2.077e-01  2.447e-01
1.115e+03  2.077e-01  2.447e-01
1.116e+03  2.077e-01  2.447e-01
1.117e+03  2.077e-01  2.447e-01
1.118e+03  2.077e-01  2.447e-01
1.119e+03  2.077e-01  2.447e-01
1.120e+03  2.077e-01  2.447e-01
1.121e+03  2.077e-01  2.447e-01
1.122e+03  2.077e-01  2.447e-01
1.123e+03  2.077e-01  2.447e-01
1.124e+03  2.077e-01  2.447e-01
1.125e+03  2.077e-01  2.447e-01
1.126e+03  2.077e-01  2.447e-01
1.127e+03  2.077e-01  2.447e-01
1.128e+03  2.077e-01  2.447e-01
1.129e+03  2.077e-01  2.447e-01
1.130e+03  2.077e-01  2.447e-01
1.131e+03  2.077e-01  2.447e-01
1.132e+03  2.077e-01  2.447e-01
1.133e+03  2.077e-01  2.447e-01
1.134e+03  2.077e-01  2.447e-01
1.135e+03  2.077e-01  2.447e-01
1.136e+03  2.077e-01  2.447e-01
1.137e+03  2.077e-01  2.447e-01
1.138e+03  2.077e-01  2.447e-01
1.139e+03  2.077e-01  2.447e-01
1.140e+03  2.077e-01  2.447e-01
1.141e+03  2.077e-01  2.447e-01
1.142e+03  2.077e-01  2.447e-01
1.143e+03  2.077e-01  2.447e-01
1.144e+03  2.077e-01  2.447e-01
1.145e+03  2.077e-01  2.447e-01
1.146e+03  2.077e-01  2.447e-01
1.147e+03  2.077e-01  2.447e-01
1.148e+03  2.077e-01  2.447e-01
1.149e+03  2.077e-01  2.447e-01
1.150e+03  2.077e-01  2.447e-01
1.151e+03  2.077e-01  2.447e-01
1.152e+03  2.077e-01  2.447e-01
1.153e+03  2.077e-01  2.447e-01
1.154e+03  2.077e-01  2.447e-01
1.155e+03  2.077e-01  2.447e-01
1.156e+03  2.077e-01  2.447e-01
1.157e+03  2.077e-01  2.447e-01
1.158e+03  2.077e-01  2.447e-01
1.159e+03  2.077e-01  2.447e-01
1.160e+03  2.077e-01  2.447e-01
1.161e+03  2.077e-01  2.447e-01
1.162e+03  2.077e-01  2.447e-01
1.163e+03  2.077e-01  2.447e-01
1.164e+03  2.077e-01  2.447e-01
1.165e+03  2.077e-01  2.447e-01
1.166e+03  2.077e-01  2.447e-01
1.167e+03  2.077e-01  2.447e-01
1.168e+03  2.077e-01  2.447e-01
1.169e+03  2.077e-01  2.447e-01
1.170e+03  2.077e-01  2.447e-01
1.171e+03  2.077e-01  2.447e-01
1.172e+03  2.077e-01  2.447e-01
1.173e+03  2.077e-01  2.447e-01
1.174e+03  2.077e-01  2.447e-01
1.175e+03  2.077e-01  2.447e-01
1.176e+03  2.077e-01  2.447e-01
1.177e+03  2.077e-01  2.447e-01
1.178e+03  2.077e-01  2.447e-01
1.179e+03  2.077e-01  2.447e-01
1.180e+03  2.077e-01  2.447e-01
1.181e+03  2.077e-01  2.447e-01
1.182e+03  2.077e-01  2.447e-01
1.183e+03  2.077e-01  2.447e-01
1.184e+03  2.077e-01  2.447e-01
1.185e+03  2.077e-01  2.447e-01
1.186e+03  2.077e-01  2.447e-01
1.187e+03  2.077e-01  2.447e-01
1.188e+03  2.077e-01  2.447e-01
1.189e+03  2.077e-01  2.447e-01
1.190e+03  2.077e-01  2.447e-01
1.191e+03  2.077e-01  2.447e-01
1.192e+03  2.077e-01  2.447e-01
1.193e+03  2.077e-01  2.447e-01
1.194e+03  2.077e-01  2.447e-01
1.195e+03  2.077e-01  2.447e-01
1.196e+03  2.077e-01  2.447e-01
1.197e+03  2.077e-01  2.447e-01
1.198e+03  2.077e-01  2.447e-01
1.199e+03  2.077e-01  2.447e-01
1.200e+03  2.077e-01  2.447e-01
1.201e+03  2.077e-01  2.447e-01
1.202e+03  2.077e-01  2.447e-01
1.203e+03  2.077e-01  2.447e-01
1.204e+03  2.077e-01  2.447e-01
1.205e+03  2.077e-01  2.447e-01
1.206e+03  2.077e-01  2.447e-01
1.207e+03  2.077e-01  2.447e-01
1.208e+03  2.077e-01  2.447e-01
1.209e+03  2.077e-01  2.447e-01
1.210e+03  2.077e-01  2.447e-01
1.211e+03  2.077e-01  2.447e-01
1.212e+03  2.077e-01  2.447e-01
1.213e+03  2.077e-01  2.447e-01
1.214e+03  2.077e-01  2.447e-01
1.215e+03  2.077e-01  2.447e-01
1.216e+03  2.077e-01  2.447e-01
1.217e+03  2.077e-01  2.447e-01
1.218e+03  2.077e-01  2.447e-01
1.219e+03  2.077e-01  2.447e-01
1.220e+03  2.077e-01  2.447e-01
1.221e+03  2.077e-01  2.447e-01
1.222e+03  2.077e-01  2.447e-01
1.223e+03  2.077e-01  2.447e-01
1.224e+03  2.077e-01  2.447e-01
1.225e+03  2.077e-01  2.447e-01
1.226e+03  2.077e-01  2.447e-01
1.227e+03  2.077e-01  2.447e-01
1.228e+03  2.077e-01  2.447e-01
1.229e+03  2.077e-01  2.447e-01
1.230e+03  2.077e-01  2.447e-01
1.231e+03  2.077e-01  2.447e-01
1.232e+03  2.077e-01  2.447e-01
1.233e+03  2.077e-01  2.447e-01
1.234e+03  2.077e-01  2.447e-01
1.235e+03  2.077e-01  2.447e-01
1.236e+03  2.077e-01  2.447e-01
1.237e+03  2.077e-01  2.447e-01
1.238e+03  2.077e-01  2.447e-01
1.239e+03  2.077e-01  2.447e-01
1.240e+03  2.077e-01  2.447e-01
1.241e+03  2.077e-01  2.447e-01
1.242e+03  2.077e-01  2.447e-01
1.243e+03  2.077e-01  2.447e-01
1.244e+03  2.077e-01  2.447e-01
1.245e+03  2.077e-01  2.447e-01
1.246e+03  2.077e-01  2.447e-01
1.247e+03  2.077e-01  2.447e-01
1.248e+03  2.077e-01  2.447e-01
1.249e+03  2.077e-01  2.447e-01
1.250e+03  2.077e-01  2.447e-01
1.251e+03  2.077e-01  2.447e-01
1.252e+03  2.077e-01  2.447e-01
1.253e+03  2.077e-01  2.447e-01
1.254e+03  2.077e-01  2.447e-01
1.255e+03  2.077e-01  2.447e-01
1.256e+03  2.077e-01  2.447e-01
1.257e+03  2.077e-01  2.447e-01
1.258e+03  2.077e-01  2.447e-01
1.259e+03  2.077e-01  2.447e-01
1.260e+03  2.077e-01  2.447e-01
1.261e+03  2.077e-01  2.447e-01
1.262e+03  2.077e-01  2.447e-01
1.263e+03  2.077e-01  2.447e-01
1.264e+03  2.077e-01  2.447e-01
1.265e+03  2.077e-01  2.447e-01
1.266e+03  2.077e-01  2.447e-01
1.267e+03  2.077e-01  2.447e-01
1.268e+03  2.077e-01  2.447e-01
1.269e+03  2.077e-01  2.447e-01
1.270e+03  2.077e-01  2.447e-01
1.271e+03  2.077e-01  2.447e-01
1.272e+03  2.077e-01  2.447e-01
1.273e+03  2.077e-01  2.447e-01
1.274e+03  2.077e-01  2.447e-01
1.275e+03  2.077e-01  2.447e-01
1.276e+03  2.077e-01  2.447e-01
1.277e+03  2.077e-01  2.447e-01
1.278e+03  2.077e-01  2.447e-01
1.279e+03  2.077e-01  2.447e-01
1.280e+03  2.077e-01  2.447e-01
1.281e+03  2.077e-01  2.447e-01
1.282e+03  2.077e-01  2.447e-01
1.283e+03  2.077e-01  2.447e-01
1.284e+03  2.077e-01  2.447e-01
1.285e+03  2.077e-01  2.447e-01
1.286e+03  2.077e-01  2.447e-01
1.287e+03  2.077e-01  2.447e-01
1.288e+03  2.077e-01  2.447e-01
1.289e+03  2.077e-01  2.447e-01
1.290e+03  2.077e-01  2.447e-01
1.291e+03  2.077e-01  2.447e-01
1.292e+03  2.077e-01  2.447e-01
1.293e+03  2.077e-01  2.447e-01
1.294e+03  2.077e-01  2.447e-01
1.295e+03  2.077e-01  2.447e-01
1.296e+03  2.077e-01  2.447e-01
1.297e+03  2.077e-01  2.447e-01
1.298e+03  2.077e-01  2.447e-01
1.299e+03  2.077e-01  2.447e-01
1.300e+03  2.077e-01  2.447e-01
1.301e+03  2.077e-01  2.447e-01
1.302e+03  2.077e-01  2.447e-01
1.303e+03  2.077e-01  2.447e-01
1.304e+03  2.077e-01  2.447e-01
1.305e+03  2.077e-01  2.447e-01
1.306e+03  2.077e-01  2.447e-01
1.307e+03  2.077e-01  2.447e-01
1.308e+03  2.077e-01  2.447e-01
1.309e+03  2.077e-01  2.447e-01
1.310e+03  2.077e-01  2.447e-01
1.311e+03  2.077e-01  2.447e-01
1.312e+03  2.077e-01  2.447e-01
1.313e+03  2.077e-01  2.447e-01
1.314e+03  2.077e-01  2.447e-01
1.315e+03  2.077e-01  2.447e-01
1.316e+03  2.077e-01  2.447e-01
1.317e+03  2.077e-01  2.447e-01
1.318e+03  2.077e-01  2.447e-01
1.319e+03  2.077e-01  2.447e-01
1.320e+03  2.077e-01  2.447e-01
1.321e+03  2.077e-01  2.447e-01
1.322e+03  2.077e-01  2.447e-01
1.323e+03  2.077e-01  2.447e-01
1.324e+03  2.077e-01  2.447e-01
1.325e+03  2.077e-01  2.447e-01
1.326e+03  2.077e-01  2.447e-01
1.327e+03  2.077e-01  2.447e-01
1.328e+03  2.077e-01  2.447e-01
1.329e+03  2.077e-01  2.447e-01
1.330e+03  2.077e-01  2.447e-01
1.331e+03  2.077e-01  2.447e-01
1.332e+03  2.077e-01  2.447e-01
1.333e+03  2.077e-01  2.447e-01
1.334e+03  2.077e-01  2.447e-01
1.335e+03  2.077e-01  2.447e-01
1.336e+03  2.077e-01  2.447e-01
1.337e+03  2.077e-01  2.447e-01
1.338e+03  2.077e-01  2.447e-01
1.339e+03  2.077e-01  2.447e-01
1.340e+03  2.077e-01  2.447e-01
1.341e+03  2.077e-01  2.447e-01
1.342e+03  2.077e-01  2.447e-01
1.343e+03  2.077e-01  2.447e-01
1.344e+03  2.077e-01  2.447e-01
1.345e+03  2.077e-01  2.447e-01
1.346e+03  2.077e-01  2.447e-01
1.347e+03  2.077e-01  2.447e-01
1.348e+03  2.077e-01  2.447e-01
1.349e+03  2.077e-01  2.447e-01
1.350e+03  2.077e-01  2.447e-01
1.351e+03  2.077e-01  2.447e-01
1.352e+03  2.077e-01  2.447e-01
1.353e+03  2.077e-01  2.447e-01
1.354e+03  2.077e-01  2.447e-01
1.355e+03  2.077e-01  2.447e-01
1.356e+03  2.077e-01  2.447e-01
1.357e+03  2.077e-01  2.447e-01
1.358e+03  2.077e-01  2.447e-01
1.359e+03  2.077e-01  2.447e-01
1.360e+03  2.077e-01  2.447e-01
1.361e+03  2.077e-01  2.447e-01
1.362e+03  2.077e-01  2.447e-01
1.363e+03  2.077e-01  2.447e-01
1.364e+03  2.077e-01  2.447e-01
1.365e+03  2.077e-01  2.447e-01
1.366e+03  2.077e-01  2.447e-01
1.367e+03  2.077e-01  2.447e-01
1.368e+03  2.077e-01  2.447e-01
1.369e+03  2.077e-01  2.447e-01
1.370e+03  2.077e-01  2.447e-01
1.371e+03  2.077e-01  2.447e-01
1.372e+03  2.077e-01  2.447e-01
1.373e+03  2.077e-01  2.447e-01
1.374e+03  2.077e-01  2.447e-01
1.375e+03  2.077e-01  2.447e-01
1.376e+03  2.077e-01  2.447e-01
1.377e+03  2.077e-01  2.447e-01
1.378e+03  2.077e-01  2.447e-01
1.379e+03  2.077e-01  2.447e-01
1.380e+03  2.077e-01  2.447e-01
1.381e+03  2.077e-01  2.447e-01
1.382e+03  2.077e-01  2.447e-01
1.383e+03  2.077e-01  2.447e-01
1.384e+03  2.077e-01  2.447e-01
1.385e+03  2.077e-01  2.447e-01
1.386e+03  2.077e-01  2.447e-01
1.387e+03  2.077e-01  2.447e-01
1.388e+03  2.077e-01  2.447e-01
1.389e+03  2.077e-01  2.447e-01
1.390e+03  2.077e-01  2.447e-01
1.391e+03  2.077e-01  2.447e-01
1.392e+03  2.077e-01  2.447e-01
1.393e+03  2.077e-01  2.447e-01
1.394e+03  2.077e-01  2.447e-01
1.395e+03  2.077e-01  2.447e-01
1.396e+03  2.077e-01  2.447e-01
1.397e+03  2.077e-01  2.447e-01
1.398e+03  2.077e-01  2.447e-01
1.399e+03  2.077e-01  2.447e-01
1.400e+03  2.077e-01  2.447e-01
1.401e+03  2.077e-01  2.447e-01
1.402e+03  2.077e-01  2.447e-01
1.403e+03  2.077e-01  2.447e-01
1.404e+03  2.077e-01  2.447e-01
1.405e+03  2.077e-01  2.447e-01
1.406e+03  2.077e-01  2.447e-01
1.407e+03  2.077e-01  2.447e-01
1.408e+03  2.077e-01  2.447e-01
1.409e+03  2.077e-01  2.447e-01
1.410e+03  2.077e-01  2.447e-01
1.411e+03  2.077e-01  2.447e-01
1.412e+03  2.077e-01  2.447e-01
1.413e+03  2.077e-01  2.447e-01
1.414e+03  2.077e-01  2.447e-01
1.415e+03  2.077e-01  2.447e-01
1.416e+03  2.077e-01  2.447e-01
1.417e+03  2.077e-01  2.447e-01
1.418e+03  2.077e-01  2.447e-01
1.419e+03  2.077e-01  2.447e-01
1.420e+03  2.077e-01  2.447e-01
1.421e+03  2.077e-01  2.447e-01
1.422e+03  2.077e-01  2.447e-01
1.423e+03  2.077e-01  2.447e-01
1.424e+03  2.077e-01  2.447e-01
1.425e+03  2.077e-01  2.447e-01
1.426e+03  2.077e-01  2.447e-01
1.427e+03  2.077e-01  2.447e-01
1.428e+03  2.077e-01  2.447e-01
1.429e+03  2.077e-01  2.447e-01
1.430e+03  2.077e-01  2.447e-01
1.431e+03  2.077e-01  2.447e-01
1.432e+03  2.077e-01  2.447e-01
1.433e+03  2.077e-01  2.447e-01
1.434e+03  2.077e-01  2.447e-01
1.435e+03  2.077e-01  2.447e-01
1.436e+03  2.077e-01  2.447e-01
1.437e+03  2.077e-01  2.447e-01
1.438e+03  2.077e-01  2.447e-01
1.439e+03  2.077e-01  2.447e-01
1.440e+03  2.077e-01  2.447e-01
1.441e+03  2.077e-01  2.447e-01
1.442e+03  2.077e-01  2.447e-01
1.443e+03  2.077e-01  2.447e-01
1.444e+03  2.077e-01  2.447e-01
1.445e+03  2.077e-01  2.447e-01
1.446e+03  2.077e-01  2.447e-01
1.447e+03  2.077e-01  2.447e-01
1.448e+03  2.077e-01  2.447e-01
1.449e+03  2.077e-01  2.447e-01
1.450e+03  2.077e-01  2.447e-01
1.451e+03  2.077e-01  2.447e-01
1.452e+03  2.077e-01  2.447e-01
1.453e+03  2.077e-01  2.447e-01
1.454e+03  2.077e-01  2.447e-01
1.455e+03  2.077e-01  2.447e-01
1.456e+03  2.077e-01  2.447e-01
1.457e+03  2.077e-01  2.447e-01
1.458e+03  2.077e-01  2.447e-01
1.459e+03  2.077e-01  2.447e-01
1.460e+03  2.077e-01  2.447e-01
1.461e+03  2.077e-01  2.447e-01
1.462e+03  2.077e-01  2.447e-01
1.463e+03  2.077e-01  2.447e-01
1.464e+03  2.077e-01  2.447e-01
1.465e+03  2.077e-01  2.447e-01
1.466e+03  2.077e-01  2.447e-01
1.467e+03  2.077e-01  2.447e-01
1.468e+03  2.077e-01  2.447e-01
1.469e+03  2.077e-01  2.447e-01
1.470e+03  2.077e-01  2.447e-01
1.471e+03  2.077e-01  2.447e-01
1.472e+03  2.077e-01  2.447e-01
1.473e+03  2.077e-01  2.447e-01
1.474e+03  2.077e-01  2.447e-01
1.475e+03  2.077e-01  2.447e-01
1.476e+03  2.077e-01  2.447e-01
1.477e+03  2.077e-01  2.447e-01
1.478e+03  2.077e-01  2.447e-01
1.479e+03  2.077e-01  2.447e-01
1.480e+03  2.077e-01  2.447e-01
1.481e+03  2.077e-01  2.447e-01
1.482e+03  2.077e-01  2.447e-01
1.483e+03  2.077e-01  2.447e-01
1.484e+03  2.077e-01  2.447e-01
1.485e+03  2.077e-01  2.447e-01
1.486e+03  2.077e-01  2.447e-01
1.487e+03  2.077e-01  2.447e-01
1.488e+03  2.077e-01  2.447e-01
1.489e+03  2.077e-01  2.447e-01
1.490e+03  2.077e-01  2.447e-01
1.491e+03  2.077e-01  2.447e-01
1.492e+03  2.077e-01  2.447e-01
1.493e+03  2.077e-01  2.447e-01
1.494e+03  2.077e-01  2.447e-01
1.495e+03  2.077e-01  2.447e-01
1.496e+03  2.077e-01  2.447e-01
1.497e+03  2.077e-01  2.447e-01
1.498e+03  2.077e-01  2.447e-01
1.499e+03  2.077e-01  2.447e-01
1.500e+03  2.077e-01  2.447e-01
1.501e+03  2.077e-01  2.447e-01
1.502e+03  2.077e-01  2.447e-01
1.503e+03  2.077e-01  2.447e-01
1.504e+03  2.077e-01  2.447e-01
1.505e+03  2.077e-01  2.447e-01
1.506e+03  2.077e-01  2.447e-01
1.507e+03  2.077e-01  2.447e-01
1.508e+03  2.077e-01  2.447e-01
1.509e+03  2.077e-01  2.447e-01
1.510e+03  2.077e-01  2.447e-01
1.511e+03  2.077e-01  2.447e-01
1.512e+03  2.077e-01  2.447e-01
1.513e+03  2.077e-01  2.447e-01
1.514e+03  2.077e-01  2.447e-01
1.515e+03  2.077e-01  2.447e-01
1.516e+03  2.077e-01  2.447e-01
1.517e+03  2.077e-01  2.447e-01
1.518e+03  2.077e-01  2.447e-01
1.519e+03  2.077e-01  2.447e-01
1.520e+03  2.077e-01  2.447e-01
1.521e+03  2.077e-01  2.447e-01
1.522e+03  2.077e-01  2.447e-01
1.523e+03  2.077e-01  2.447e-01
1.524e+03  2.077e-01  2.447e-01
1.525e+03  2.077e-01  2.447e-01
1.526e+03  2.077e-01  2.447e-01
1.527e+03  2.077e-01  2.447e-01
1.528e+03  2.077e-01  2.447e-01
1.529e+03  2.077e-01  2.447e-01
1.530e+03  2.077e-01  2.447e-01
1.531e+03  2.077e-01  2.447e-01
1.532e+03  2.077e-01  2.447e-01
1.533e+03  2.077e-01  2.447e-01
1.534e+03  2.077e-01  2.447e-01
1.535e+03  2.077e-01  2.447e-01
1.536e+03  2.077e-01  2.447e-01
1.537e+03  2.077e-01  2.447e-01
1.538e+03  2.077e-01  2.447e-01
1.539e+03  2.077e-01  2.447e-01
1.540e+03  2.077e-01  2.447e-01
1.541e+03  2.077e-01  2.447e-01
1.542e+03  2.077e-01  2.447e-01
1.543e+03  2.077e-01  2.447e-01
1.544e+03  2.077e-01  2.447e-01
1.545e+03  2.077e-01  2.447e-01
1.546e+03  2.077e-01  2.447e-01
1.547e+03  2.077e-01  2.447e-01
1.548e+03  2.077e-01  2.447e-01
1.549e+03  2.077e-01  2.447e-01
1.550e+03  2.077e-01  2.447e-01
1.551e+03  2.077e-01  2.447e-01
1.552e+03  2.077e-01  2.447e-01
1.553e+03  2.077e-01  2.447e-01
1.554e+03  2.077e-01  2.447e-01
1.555e+03  2.077e-01  2.447e-01
1.556e+03  2.077e-01  2.447e-01
1.557e+03  2.077e-01  2.447e-01
1.558e+03  2.077e-01  2.447e-01
1.559e+03  2.077e-01  2.447e-01
1.560e+03  2.077e-01  2.447e-01
1.561e+03  2.077e-01  2.447e-01
1.562e+03  2.077e-01  2.447e-01
1.563e+03  2.077e-01  2.447e-01
1.564e+03  2.077e-01  2.447e-01
1.565e+03  2.077e-01  2.447e-01
1.566e+03  2.077e-01  2.447e-01
1.567e+03  2.077e-01  2.447e-01
1.568e+03  2.077e-01  2.447e-01
1.569e+03  2.077e-01  2.447e-01
1.570e+03  2.077e-01  2.447e-01
1.571e+03  2.077e-01  2.447e-01
1.572e+03  2.077e-01  2.447e-01
1.573e+03  2.077e-01  2.447e-01
1.574e+03  2.077e-01  2.447e-01
1.575e+03  2.077e-01  2.447e-01
1.576e+03  2.077e-01  2.447e-01
1.577e+03  2.077e-01  2.447e-01
1.578e+03  2.077e-01  2.447e-01
1.579e+03  2.077e-01  2.447e-01
1.580e+03  2.077e-01  2.447e-01
1.581e+03  2.077e-01  2.447e-01
1.582e+03  2.077e-01  2.447e-01
1.583e+03  2.077e-01  2.447e-01
1.584e+03  2.077e-01  2.447e-01
1.585e+03  2.077e-01  2.447e-01
1.586e+03  2.077e-01  2.447e-01
1.587e+03  2.077e-01  2.447e-01
1.588e+03  2.077e-01  2.447e-01
1.589e+03  2.077e-01  2.447e-01
1.590e+03  2.077e-01  2.447e-01
1.591e+03  2.077e-01  2.447e-01
1.592e+03  2.077e-01  2.447e-01
1.593e+03  2.077e-01  2.447e-01
1.594e+03  2.077e-01  2.447e-01
1.595e+03  2.077e-01  2.447e-01
1.596e+03  2.077e-01  2.447e-01
1.597e+03  2.077e-01  2.447e-01
1.598e+03  2.077e-01  2.447e-01
1.599e+03  2.077e-01  2.447e-01
1.600e+03  2.077e-01  2.447e-01
1.601e+03  2.077e-01  2.447e-01
1.602e+03  2.077e-01  2.447e-01
1.603e+03  2.077e-01  2.447e-01
1.604e+03  2.077e-01  2.447e-01
1.605e+03  2.077e-01  2.447e-01
1.606e+03  2.077e-01  2.447e-01
1.607e+03  2.077e-01  2.447e-01
1.608e+03  2.077e-01  2.447e-01
1.609e+03  2.077e-01  2.447e-01
1.610e+03  2.077e-01  2.447e-01
1.611e+03  2.077e-01  2.447e-01
1.612e+03  2.077e-01  2.447e-01
1.613e+03  2.077e-01  2.447e-01
1.614e+03  2.077e-01  2.447e-01
1.615e+03  2.077e-01  2.447e-01
1.616e+03  2.077e-01  2.447e-01
1.617e+03  2.077e-01  2.447e-01
1.618e+03  2.077e-01  2.447e-01
1.619e+03  2.077e-01  2.447e-01
1.620e+03  2.077e-01  2.447e-01
1.621e+03  2.077e-01  2.447e-01
1.622e+03  2.077e-01  2.447e-01
1.623e+03  2.077e-01  2.447e-01
1.624e+03  2.077e-01  2.447e-01
1.625e+03  2.077e-01  2.447e-01
1.626e+03  2.077e-01  2.447e-01
1.627e+03  2.077e-01  2.447e-01
1.628e+03  2.077e-01  2.447e-01
1.629e+03  2.077e-01  2.447e-01
1.630e+03  2.077e-01  2.447e-01
1.631e+03  2.077e-01  2.447e-01
1.632e+03  2.077e-01  2.447e-01
1.633e+03  2.077e-01  2.447e-01
1.634e+03  2.077e-01  2.447e-01
1.635e+03  2.077e-01  2.447e-01
1.636e+03  2.077e-01  2.447e-01
1.637e+03  2.077e-01  2.447e-01
1.638e+03  2.077e-01  2.447e-01
1.639e+03  2.077e-01  2.447e-01
1.640e+03  2.077e-01  2.447e-01
1.641e+03  2.077e-01  2.447e-01
1.642e+03  2.077e-01  2.447e-01
1.643e+03  2.077e-01  2.447e-01
1.644e+03  2.077e-01  2.447e-01
1.645e+03  2.077e-01  2.447e-01
1.646e+03  2.077e-01  2.447e-01
1.647e+03  2.077e-01  2.447e-01
1.648e+03  2.077e-01  2.447e-01
1.649e+03  2.077e-01  2.447e-01
1.650e+03  2.077e-01  2.447e-01
1.651e+03  2.077e-01  2.447e-01
1.652e+03  2.077e-01  2.447e-01
1.653e+03  2.077e-01  2.447e-01
1.654e+03  2.077e-01  2.447e-01
1.655e+03  2.077e-01  2.447e-01
1.656e+03  2.077e-01  2.447e-01
1.657e+03  2.077e-01  2.447e-01
1.658e+03  2.077e-01  2.447e-01
1.659e+03  2.077e-01  2.447e-01
1.660e+03  2.077e-01  2.447e-01
1.661e+03  2.077e-01  2.447e-01
1.662e+03  2.077e-01  2.447e-01
1.663e+03  2.077e-01  2.447e-01
1.664e+03  2.077e-01  2.447e-01
1.665e+03  2.077e-01  2.447e-01
1.666e+03  2.077e-01  2.447e-01
1.667e+03  2.077e-01  2.447e-01
1.668e+03  2.077e-01  2.447e-01
1.669e+03  2.077e-01  2.447e-01
1.670e+03  2.077e-01  2.447e-01
1.671e+03  2.077e-01  2.447e-01
1.672e+03  2.077e-01  2.447e-01
1.673e+03  2.077e-01  2.447e-01
1.674e+03  2.077e-01  2.447e-01
1.675e+03  2.077e-01  2.447e-01
1.676e+03  2.077e-01  2.447e-01
1.677e+03  2.077e-01  2.447e-01
1.678e+03  2.077e-01  2.447e-01
1.679e+03  2.077e-01  2.447e-01
1.680e+03  2.077e-01  2.447e-01
1.681e+03  2.077e-01  2.447e-01
1.682e+03  2.077e-01  2.447e-01
1.683e+03  2.077e-01  2.447e-01
1.684e+03  2.077e-01  2.447e-01
1.685e+03  2.077e-01  2.447e-01
1.686e+03  2.077e-01  2.447e-01
1.687e+03  2.077e-01  2.447e-01
1.688e+03  2.077e-01  2.447e-01
1.689e+03  2.077e-01  2.447e-01
1.690e+03  2.077e-01  2.447e-01
1.691e+03  2.077e-01  2.447e-01
1.692e+03  2.077e-01  2.447e-01
1.693e+03  2.077e-01  2.447e-01
1.694e+03  2.077e-01  2.447e-01
1.695e+03  2.077e-01  2.447e-01
1.696e+03  2.077e-01  2.447e-01
1.697e+03  2.077e-01  2.447e-01
1.698e+03  2.077e-01  2.447e-01
1.699e+03  2.077e-01  2.447e-01
1.700e+03  2.077e-01  2.447e-01
1.701e+03  2.077e-01  2.447e-01
1.702e+03  2.077e-01  2.447e-01
1.703e+03  2.077e-01  2.447e-01
1.704e+03  2.077e-01  2.447e-01
1.705e+03  2.077e-01  2.447e-01
1.706e+03  2.077e-01  2.447e-01
1.707e+03  2.077e-01  2.447e-01
1.708e+03  2.077e-01  2.447e-01
1.709e+03  2.077e-01  2.447e-01
1.710e+03  2.077e-01  2.447e-01
1.711e+03  2.077e-01  2.447e-01
1.712e+03  2.077e-01  2.447e-01
1.713e+03  2.077e-01  2.447e-01
1.714e+03  2.077e-01  2.447e-01
1.715e+03  2.077e-01  2.447e-01
1.716e+03  2.077e-01  2.447e-01
1.717e+03  2.077e-01  2.447e-01
1.718e+03  2.077e-01  2.447e-01
1.719e+03  2.077e-01  2.447e-01
1.720e+03  2.077e-01  2.447e-01
1.721e+03  2.077e-01  2.447e-01
1.722e+03  2.077e-01  2.447e-01
1.723e+03  2.077e-01  2.447e-01
1.724e+03  2.077e-01  2.447e-01
1.725e+03  2.077e-01  2.447e-01
1.726e+03  2.077e-01  2.447e-01
1.727e+03  2.077e-01  2.447e-01
1.728e+03  2.077e-01  2.447e-01
1.729e+03  2.077e-01  2.447e-01
1.730e+03  2.077e-01  2.447e-01
1.731e+03  2.077e-01  2.447e-01
1.732e+03  2.077e-01  2.447e-01
1.733e+03  2.077e-01  2.447e-01
1.734e+03  2.077e-01  2.447e-01
1.735e+03  2.077e-01  2.447e-01
1.736e+03  2.077e-01  2.447e-01
1.737e+03  2.077e-01  2.447e-01
1.738e+03  2.077e-01  2.447e-01
1.739e+03  2.077e-01  2.447e-01
1.740e+03  2.077e-01  2.447e-01
1.741e+03  2.077e-01  2.447e-01
1.742e+03  2.077e-01  2.447e-01
1.743e+03  2.077e-01  2.447e-01
1.744e+03  2.077e-01  2.447e-01
1.745e+03  2.077e-01  2.447e-01
1.746e+03  2.077e-01  2.447e-01
1.747e+03  2.077e-01  2.447e-01
1.748e+03  2.077e-01  2.447e-01
1.749e+03  2.077e-01  2.447e-01
1.750e+03  2.077e-01  2.447e-01
1.751e+03  2.077e-01  2.447e-01
1.752e+03  2.077e-01  2.447e-01
1.753e+03  2.077e-01  2.447e-01
1.754e+03  2.077e-01  2.447e-01
1.755e+03  2.077e-01  2.447e-01
1.756e+03  2.077e-01  2.447e-01
1.757e+03  2.077e-01  2.447e-01
1.758e+03  2.077e-01  2.447e-01
1.759e+03  2.077e-01  2.447e-01
1.760e+03  2.077e-01  2.447e-01
1.761e+03  2.077e-01  2.447e-01
1.762e+03  2.077e-01  2.447e-01
1.763e+03  2.077e-01  2.447e-01
1.764e+03  2.077e-01  2.447e-01
1.765e+03  2.077e-01  2.447e-01
1.766e+03  2.077e-01  2.447e-01
1.767e+03  2.077e-01  2.447e-01
1.768e+03  2.077e-01  2.447e-01
1.769e+03  2.077e-01  2.447e-01
1.770e+03  2.077e-01  2.447e-01
1.771e+03  2.077e-01  2.447e-01
1.772e+03  2.077e-01  2.447e-01
1.773e+03  2.077e-01  2.447e-01
1.774e+03  2.077e-01  2.447e-01
1.775e+03  2.077e-01  2.447e-01
1.776e+03  2.077e-01  2.447e-01
1.777e+03  2.077e-01  2.447e-01
1.778e+03  2.077e-01  2.447e-01
1.779e+03  2.077e-01  2.447e-01
1.780e+03  2.077e-01  2.447e-01
1.781e+03  2.077e-01  2.447e-01
1.782e+03  2.077e-01  2.447e-01
1.783e+03  2.077e-01  2.447e-01
1.784e+03  2.077e-01  2.447e-01
1.785e+03  2.077e-01  2.447e-01
1.786e+03  2.078e-01  2.447e-01
1.787e+03  2.078e-01  2.447e-01
1.788e+03  2.078e-01  2.447e-01
1.789e+03  2.078e-01  2.447e-01
1.790e+03  2.078e-01  2.447e-01
1.791e+03  2.078e-01  2.447e-01
1.792e+03  2.078e-01  2.447e-01
1.793e+03  2.078e-01  2.447e-01
1.794e+03  2.078e-01  2.447e-01
1.795e+03  2.078e-01  2.447e-01
1.796e+03  2.078e-01  2.447e-01
1.797e+03  2.078e-01  2.447e-01
1.798e+03  2.078e-01  2.447e-01
1.799e+03  2.078e-01  2.447e-01
1.800e+03  2.078e-01  2.447e-01
1.801e+03  2.078e-01  2.447e-01
1.802e+03  2.078e-01  2.447e-01
1.803e+03  2.078e-01  2.447e-01
1.804e+03  2.078e-01  2.447e-01
1.805e+03  2.078e-01  2.447e-01
1.806e+03  2.078e-01  2.446e-01
1.807e+03  2.078e-01  2.446e-01
1.808e+03  2.078e-01  2.446e-01
1.809e+03  2.078e-01  2.446e-01
1.810e+03  2.078e-01  2.446e-01
1.811e+03  2.078e-01  2.446e-01
1.812e+03  2.078e-01  2.446e-01
1.813e+03  2.078e-01  2.446e-01
1.814e+03  2.078e-01  2.446e-01
1.815e+03  2.078e-01  2.446e-01
1.816e+03  2.078e-01  2.446e-01
1.817e+03  2.078e-01  2.446e-01
1.818e+03  2.078e-01  2.446e-01
1.819e+03  2.078e-01  2.446e-01
1.820e+03  2.078e-01  2.446e-01
1.821e+03  2.078e-01  2.446e-01
1.822e+03  2.078e-01  2.446e-01
1.823e+03  2.078e-01  2.446e-01
1.824e+03  2.079e-01  2.446e-01
1.825e+03  2.079e-01  2.446e-01
1.826e+03  2.079e-01  2.446e-01
1.827e+03  2.079e-01  2.446e-01
1.828e+03  2.079e-01  2.446e-01
1.829e+03  2.079e-01  2.446e-01
1.830e+03  2.079e-01  2.446e-01
1.831e+03  2.079e-01  2.446e-01
1.832e+03  2.079e-01  2.446e-01
1.833e+03  2.079e-01  2.446e-01
1.834e+03  2.079e-01  2.446e-01
1.835e+03  2.079e-01  2.446e-01
1.836e+03  2.079e-01  2.446e-01
1.837e+03  2.079e-01  2.446e-01
1.838e+03  2.079e-01  2.446e-01
1.839e+03  2.080e-01  2.446e-01
1.840e+03  2.080e-01  2.445e-01
1.841e+03  2.080e-01  2.445e-01
1.842e+03  2.080e-01  2.445e-01
1.843e+03  2.080e-01  2.445e-01
1.844e+03  2.080e-01  2.445e-01
1.845e+03  2.080e-01  2.445e-01
1.846e+03  2.080e-01  2.445e-01
1.847e+03  2.080e-01  2.445e-01
1.848e+03  2.080e-01  2.445e-01
1.849e+03  2.081e-01  2.445e-01
1.850e+03  2.081e-01  2.445e-01
1.851e+03  2.081e-01  2.445e-01
1.852e+03  2.081e-01  2.445e-01
1.853e+03  2.081e-01  2.445e-01
1.854e+03  2.081e-01  2.445e-01
1.855e+03  2.081e-01  2.444e-01
1.856e+03  2.082e-01  2.444e-01
1.857e+03  2.082e-01  2.444e-01
1.858e+03  2.082e-01  2.444e-01
1.859e+03  2.082e-01  2.444e-01
1.860e+03  2.082e-01  2.444e-01
1.861e+03  2.083e-01  2.444e-01
1.862e+03  2.083e-01  2.444e-01
1.863e+03  2.083e-01  2.444e-01
1.864e+03  2.083e-01  2.443e-01
1.865e+03  2.083e-01  2.443e-01
1.866e+03  2.084e-01  2.443e-01
1.867e+03  2.084e-01  2.443e-01
1.868e+03  2.084e-01  2.443e-01
1.869e+03  2.084e-01  2.443e-01
1.870e+03  2.085e-01  2.443e-01
1.871e+03  2.085e-01  2.442e-01
1.872e+03  2.085e-01  2.442e-01
1.873e+03  2.086e-01  2.442e-01
1.874e+03  2.086e-01  2.442e-01
1.875e+03  2.086e-01  2.442e-01
1.876e+03  2.087e-01  2.441e-01
1.877e+03  2.087e-01  2.441e-01
1.878e+03  2.087e-01  2.441e-01
1.879e+03  2.088e-01  2.441e-01
1.880e+03  2.088e-01  2.441e-01
1.881e+03  2.089e-01  2.440e-01
1.882e+03  2.089e-01  2.440e-01
1.883e+03  2.090e-01  2.440e-01
1.884e+03  2.090e-01  2.440e-01
1.885e+03  2.091e-01  2.439e-01
1.886e+03  2.091e-01  2.439e-01
1.887e+03  2.092e-01  2.439e-01
1.888e+03  2.092e-01  2.438e-01
1.889e+03  2.093e-01  2.438e-01
1.890e+03  2.093e-01  2.438e-01
1.891e+03  2.094e-01  2.437e-01
1.892e+03  2.095e-01  2.437e-01
1.893e+03  2.095e-01  2.437e-01
1.894e+03  2.096e-01  2.436e-01
1.895e+03  2.097e-01  2.436e-01
1.896e+03  2.098e-01  2.435e-01
1.897e+03  2.098e-01  2.435e-01
1.898e+03  2.099e-01  2.434e-01
1.899e+03  2.100e-01  2.434e-01
1.900e+03  2.101e-01  2.433e-01
1.901e+03  2.102e-01  2.433e-01
1.902e+03  2.103e-01  2.432e-01
1.903e+03  2.104e-01  2.432e-01
1.904e+03  2.105e-01  2.431e-01
1.905e+03  2.106e-01  2.431e-01
1.906e+03  2.107e-01  2.430e-01
1.907e+03  2.108e-01  2.429e-01
1.908e+03  2.109e-01  2.429e-01
1.909e+03  2.111e-01  2.428e-01
1.910e+03  2.112e-01  2.427e-01
1.911e+03  2.113e-01  2.426e-01
1.912e+03  2.115e-01  2.426e-01
1.913e+03  2.116e-01  2.425e-01
1.914e+03  2.118e-01  2.424e-01
1.915e+03  2.119e-01  2.423e-01
1.916e+03  2.121e-01  2.422e-01
1.917e+03  2.122e-01  2.421e-01
1.918e+03  2.124e-01  2.420e-01
1.919e+03  2.126e-01  2.419e-01
1.920e+03  2.128e-01  2.418e-01
1.921e+03  2.130e-01  2.417e-01
1.922e+03  2.132e-01  2.416e-01
1.923e+03  2.134e-01  2.415e-01
1.924e+03  2.136e-01  2.413e-01
1.925e+03  2.139e-01  2.412e-01
1.926e+03  2.141e-01  2.411e-01
1.927e+03  2.143e-01  2.409e-01
1.928e+03  2.146e-01  2.408e-01
1.929e+03  2.149e-01  2.406e-01
1.930e+03  2.151e-01  2.405e-01
1.931e+03  2.154e-01  2.403e-01
1.932e+03  2.157e-01  2.401e-01
1.933e+03  2.160e-01  2.400e-01
1.934e+03  2.164e-01  2.398e-01
1.935e+03  2.167e-01  2.396e-01
1.936e+03  2.171e-01  2.394e-01
1.937e+03  2.174e-01  2.392e-01
1.938e+03  2.178e-01  2.390e-01
1.939e+03  2.182e-01  2.388e-01
1.940e+03  2.186e-01  2.385e-01
1.941e+03  2.190e-01  2.383e-01
1.942e+03  2.195e-01  2.381e-01
1.943e+03  2.199e-01  2.378e-01
1.944e+03  2.204e-01  2.375e-01
1.945e+03  2.209e-01  2.373e-01
1.946e+03  2.214e-01  2.370e-01
1.947e+03  2.219e-01  2.367e-01
1.948e+03  2.225e-01  2.364e-01
1.949e+03  2.231e-01  2.360e-01
1.950e+03  2.237e-01  2.357e-01
1.951e+03  2.243e-01  2.354e-01
1.952e+03  2.249e-01  2.350e-01
1.953e+03  2.256e-01  2.346e-01
1.954e+03  2.263e-01  2.343e-01
1.955e+03  2.271e-01  2.339e-01
1.956e+03  2.278e-01  2.334e-01
1.957e+03  2.286e-01  2.330e-01
1.958e+03  2.294e-01  2.326e-01
1.959e+03  2.303e-01  2.321e-01
1.960e+03  2.312e-01  2.316e-01
1.961e+03  2.321e-01  2.311e-01
1.962e+03  2.330e-01  2.306e-01
1.963e+03  2.340e-01  2.301e-01
1.964e+03  2.351e-01  2.295e-01
1.965e+03  2.362e-01  2.289e-01
1.966e+03  2.373e-01  2.283e-01
1.967e+03  2.385e-01  2.277e-01
1.968e+03  2.397e-01  2.270e-01
1.969e+03  2.409e-01  2.264e-01
1.970e+03  2.422e-01  2.257e-01
1.971e+03  2.436e-01  2.249e-01
1.972e+03  2.450e-01  2.242e-01
1.973e+03  2.465e-01  2.234e-01
1.974e+03  2.481e-01  2.226e-01
1.975e+03  2.497e-01  2.218e-01
1.976e+03  2.513e-01  2.209e-01
1.977e+03  2.531e-01  2.200e-01
1.978e+03  2.549e-01  2.191e-01
1.979e+03  2.567e-01  2.181e-01
1.980e+03  2.587e-01  2.171e-01
1.981e+03  2.607e-01  2.161e-01
1.982e+03  2.629e-01  2.150e-01
1.983e+03  2.651e-01  2.139e-01
1.984e+03  2.674e-01  2.127e-01
1.985e+03  2.697e-01  2.115e-01
1.986e+03  2.722e-01  2.103e-01
1.987e+03  2.748e-01  2.090e-01
1.988e+03  2.775e-01  2.077e-01
1.989e+03  2.803e-01  2.063e-01
1.990e+03  2.832e-01  2.049e-01
1.991e+03  2.862e-01  2.034e-01
1.992e+03  2.894e-01  2.019e-01
1.993e+03  2.927e-01  2.003e-01
1.994e+03  2.961e-01  1.987e-01
1.995e+03  2.997e-01  1.970e-01
1.996e+03  3.034e-01  1.953e-01
1.997e+03  3.072e-01  1.935e-01
1.998e+03  3.112e-01  1.916e-01
1.999e+03  3.154e-01  1.897e-01
2.000e+03  3.197e-01  1.878e-01
2.001e+03  3.242e-01  1.857e-01
2.002e+03  3.289e-01  1.836e-01
2.003e+03  3.338e-01  1.815e-01
2.004e+03  3.388e-01  1.793e-01
2.005e+03  3.441e-01  1.770e-01
2.006e+03  3.495e-01  1.746e-01
2.007e+03  3.552e-01  1.722e-01
2.008e+03  3.611e-01  1.697e-01
2.009e+03  3.672e-01  1.672e-01
2.010e+03  3.736e-01  1.646e-01
2.011e+03  3.802e-01  1.619e-01
2.012e+03  3.870e-01  1.591e-01
2.013e+03  3.941e-01  1.563e-01
2.014e+03  4.014e-01  1.534e-01
2.015e+03  4.090e-01  1.505e-01
2.016e+03  4.168e-01  1.475e-01
2.017e+03  4.249e-01  1.444e-01
2.018e+03  4.333e-01  1.413e-01
2.019e+03  4.420e-01  1.381e-01
2.020e+03  4.509e-01  1.349e-01
2.021e+03  4.602e-01  1.316e-01
2.022e+03  4.697e-01  1.282e-01
2.023e+03  4.794e-01  1.248e-01
2.024e+03  4.895e-01  1.214e-01
2.025e+03  4.998e-01  1.180e-01
2.026e+03  5.104e-01  1.145e-01
2.027e+03  5.213e-01  1.110e-01
2.028e+03  5.324e-01  1.074e-01
2.029e+03  5.437e-01  1.039e-01
2.030e+03  5.553e-01  1.003e-01
2.031e+03  5.671e-01  9.672e-02
2.032e+03  5.792e-01  9.315e-02
2.033e+03  5.914e-01  8.959e-02
2.034e+03  6.038e-01  8.604e-02
2.035e+03  6.163e-01  8.251e-02
2.036e+03  6.290e-01  7.902e-02
2.037e+03  6.418e-01  7.555e-02
2.038e+03  6.546e-01  7.213e-02
2.039e+03  6.675e-01  6.875e-02
2.040e+03  6.805e-01  6.543e-02
2.041e+03  6.935e-01  6.217e-02
2.042e+03  7.064e-01  5.898e-02
2.043e+03  7.193e-01  5.586e-02
2.044e+03  7.320e-01  5.281e-02
2.045e+03  7.447e-01  4.985e-02
2.046e+03  7.572e-01  4.698e-02
2.047e+03  7.695e-01  4.419e-02
2.048e+03  7.816e-01  4.150e-02
2.049e+03  7.935e-01  3.891e-02
2.050e+03  8.051e-01  3.641e-02
2.051e+03  8.164e-01  3.402e-02
2.052e+03  8.274e-01  3.173e-02
2.053e+03  8.381e-01  2.954e-02
2.054e+03  8.484e-01  2.745e-02
2.055e+03  8.584e-01  2.547e-02
2.056e+03  8.679e-01  2.359e-02
2.057e+03  8.771e-01  2.181e-02
2.058e+03  8.858e-01  2.014e-02
2.059e+03  8.941e-01  1.856e-02
2.060e+03  9.021e-01  1.707e-02
2.061e+03  9.096e-01  1.568e-02
2.062e+03  9.167e-01  1.438e-02
2.063e+03  9.233e-01  1.316e-02
2.064e+03  9.296e-01  1.203e-02
2.065e+03  9.355e-01  1.098e-02
2.066e+03  9.410e-01  1.000e-02
2.067e+03  9.461e-01  9.098e-03
2.068e+03  9.509e-01  8.264e-03
2.069e+03  9.553e-01  7.495e-03
2.070e+03  9.594e-01  6.787e-03
2.071e+03  9.632e-01  6.138e-03
2.072e+03  9.667e-01  5.542e-03
2.073e+03  9.699e-01  4.998e-03
2.074e+03  9.729e-01  4.500e-03
2.075e+03  9.755e-01  4.047e-03
2.076e+03  9.780e-01  3.635e-03
2.077e+03  9.802e-01  3.260e-03
2.078e+03  9.823e-01  2.920e-03
2.079e+03  9.841e-01  2.613e-03
2.080e+03  9.858e-01  2.335e-03
2.081e+03  9.873e-01  2.084e-03
2.082e+03  9.887e-01  1.858e-03
2.083e+03  9.899e-01  1.655e-03
2.084e+03  9.910e-01  1.472e-03
2.085e+03  9.920e-01  1.308e-03
2.086e+03  9.929e-01  1.161e-03
2.087e+03  9.937e-01  1.030e-03
2.088e+03  9.944e-01  9.122e-04
2.089e+03  9.951e-01  8.073e-04
2.090e+03  9.956e-01  7.139e-04
2.091e+03  9.961e-01  6.306e-04
2.092e+03  9.966e-01  5.566e-04
2.093e+03  9.970e-01  4.909e-04
2.094e+03  9.973e-01  4.325e-04
2.095e+03  9.977e-01  3.808e-04
2.096e+03  9.979e-01  3.349e-04
2.097e+03  9.982e-01  2.944e-04
2.098e+03  9.984e-01  2.586e-04
2.099e+03  9.986e-01  2.269e-04
2.100e+03  9.988e-01  1.990e-04
2.101e+03  9.989e-01  1.744e-04
2.102e+03  9.991e-01  1.528e-04
2.103e+03  9.992e-01  1.337e-04
2.104e+03  9.993e-01  1.169e-04
2.105e+03  9.994e-01  1.022e-04
2.106e+03  9.995e-01  8.926e-05
2.107e+03  9.995e-01  7.792e-05
2.108e+03  9.996e-01  6.797e-05
2.109e+03  9.996e-01  5.926e-05
2.110e+03  9.997e-01  5.164e-05
2.111e+03  9.997e-01  4.497e-05
2.112e+03  9.998e-01  3.914e-05
2.113e+03  9.998e-01  3.405e-05
2.114e+03  9.998e-01  2.960e-05
2.115e+03  9.998e-01  2.572e-05
2.116e+03  9.999e-01  2.234e-05
2.117e+03  9.999e-01  1.939e-05
2.118e+03  9.999e-01  1.683e-05
2.119e+03  9.999e-01  1.459e-05
2.120e+03  9.999e-01  1.265e-05
2.121e+03  9.999e-01  1.096e-05
2.122e+03  9.999e-01  9.487e-06
2.123e+03  9.999e-01  8.211e-06
2.124e+03  1.000e+00  7.104e-06
2.125e+03  1.000e+00  6.143e-06
2.126e+03  1.000e+00  5.310e-06
2.127e+03  1.000e+00  4.587e-06
2.128e+03  1.000e+00  3.962e-06
2.129e+03  1.000e+00  3.420e-06
2.130e+03  1.000e+00  2.951e-06
2.131e+03  1.000e+00  2.545e-06
2.132e+03  1.000e+00  2.194e-06
2.133e+03  1.000e+00  1.891e-06
2.134e+03  1.000e+00  1.629e-06
2.135e+03  1.000e+00  1.403e-06
2.136e+03  1.000e+00  1.207e-06
2.137e+03  1.000e+00  1.039e-06
2.138e+03  1.000e+00  8.933e-07
2.139e+03  1.000e+00  7.680e-07
2.140e+03  1.000e+00  6.601e-07
2.141e+03  1.000e+00  5.670e-07
2.142e+03  1.000e+00  4.869e-07
2.143e+03  1.000e+00  4.180e-07
2.144e+03  1.000e+00  3.587e-07
2.145e+03  1.000e+00  3.077e-07
2.146e+03  1.000e+00  2.638e-07
2.147e+03  1.000e+00  2.262e-07
2.148e+03  1.000e+00  1.938e-07
2.149e+03  1.000e+00  1.660e-07
2.150e+03  1.000e+00  1.421e-07
2.151e+03  1.000e+00  1.217e-07
2.152e+03  1.000e+00  1.041e-07
2.153e+03  1.000e+00  8.905e-08
2.154e+03  1.000e+00  7.614e-08
2.155e+03  1.000e+00  6.509e-08
2.156e+03  1.000e+00  5.562e-08
2.157e+03  1.000e+00  4.751e-08
2.158e+03  1.000e+00  4.057e-08
2.159e+03  1.000e+00  3.463e-08
2.160e+03  1.000e+00  2.955e-08
2.161e+03  1.000e+00  2.521e-08
2.162e+03  1.000e+00  2.150e-08
2.163e+03  1.000e+00  1.833e-08
2.164e+03  1.000e+00  1.562e-08
2.165e+03  1.000e+00  1.331e-08
2.166e+03  1.000e+00  1.133e-08
2.167e+03  1.000e+00  9.650e-09
2.168e+03  1.000e+00  8.214e-09
2.169e+03  1.000e+00  6.989e-09
2.170e+03  1.000e+00  5.945e-09
2.171e+03  1.000e+00  5.055e-09
2.172e+03  1.000e+00  4.297e-09
2.173e+03  1.000e+00  3.652e-09
2.174e+03  1.000e+00  3.102e-09
2.175e+03  1.000e+00  2.635e-09
2.176e+03  1.000e+00  2.237e-09
2.177e+03  1.000e+00  1.899e-09
2.178e+03  1.000e+00  1.611e-09
2.179e+03  1.000e+00  1.366e-09
2.180e+03  1.000e+00  1.159e-09
2.181e+03  1.000e+00  9.823e-10
2.182e+03  1.000e+00  8.325e-10
2.183e+03  1.000e+00  7.053e-10
2.184e+03  1.000e+00  5.973e-10
2.185e+03  1.000e+00  5.058e-10
2.186e+03  1.000e+00  4.281e-10
2.187e+03  1.000e+00  3.623e-10
2.188e+03  1.000e+00  3.065e-10
2.189e+03  1.000e+00  2.592e-10
2.190e+03  1.000e+00  2.191e-10
2.191e+03  1.000e+00  1.852e-10
2.192e+03  1.000e+00  1.565e-10
2.193e+03  1.000e+00  1.322e-10
2.194e+03  1.000e+00  1.116e-10
2.195e+03  1.000e+00  9.423e-11
2.196e+03  1.000e+00  7.953e-11
2.197e+03  1.000e+00  6.710e-11
2.198e+03  1.000e+00  5.660e-11
2.199e+03  1.000e+00  4.772e-11
2.200e+03  1.000e+00  4.023e-11
2.201e+03  1.000e+00  3.390e-11
2.202e+03  1.000e+00  2.857e-11
2.203e+03  1.000e+00  2.406e-11
2.204e+03  1.000e+00  2.026e-11
2.205e+03  1.000e+00  1.705e-11
2.206e+03  1.000e+00  1.435e-11
2.207e+03  1.000e+00  1.207e-11
2.208e+03  1.000e+00  1.016e-11
2.209e+03  1.000e+00  8.539e-12
2.210e+03  1.000e+00  7.178e-12
2.211e+03  1.000e+00  6.032e-12
2.212e+03  1.000e+00  5.068e-12
2.213e+03  1.000e+00  4.256e-12
2.214e+03  1.000e+00  3.574e-12
2.215e+03  1.000e+00  3.000e-12
2.216e+03  1.000e+00  2.517e-12
2.217e+03  1.000e+00  2.112e-12
2.218e+03  1.000e+00  1.771e-12
2.219e+03  1.000e+00  1.485e-12
2.220e+03  1.000e+00  1.245e-12
2.221e+03  1.000e+00  1.043e-12
2.222e+03  1.000e+00  8.742e-13
2.223e+03  1.000e+00  7.322e-13
2.224e+03  1.000e+00  6.131e-13
2.225e+03  1.000e+00  5.132e-13
2.226e+03  1.000e+00  4.295e-13
2.227e+03  1.000e+00  3.593e-13
2.228e+03  1.000e+00  3.005e-13
2.229e+03  1.000e+00  2.513e-13
2.230e+03  1.000e+00  2.101e-13
2.231e+03  1.000e+00  1.756e-13
2.232e+03  1.000e+00  1.467e-13
2.233e+03  1.000e+00  1.225e-13
2.234e+03  1.000e+00  1.023e-13
2.235e+03  1.000e+00  8.542e-14
2.236e+03  1.000e+00  7.129e-14
2.237e+03  1.000e+00  5.948e-14
2.238e+03  1.000e+00  4.962e-14
2.239e+03  1.000e+00  4.138e-14
2.240e+03  1.000e+00  3.449e-14
2.241e+03  1.000e+00  2.875e-14
2.242e+03  1.000e+00  2.396e-14
2.243e+03  1.000e+00  1.996e-14
2.244e+03  1.000e+00  1.662e-14
2.245e+03  1.000e+00  1.384e-14
2.246e+03  1.000e+00  1.152e-14
2.247e+03  1.000e+00  9.583e-15
2.248e+03  1.000e+00  7.972e-15
2.249e+03  1.000e+00  6.631e-15
2.250e+03  1.000e+00  5.513e-15
2.251e+03  1.000e+00  4.583e-15
2.252e+03  1.000e+00  3.808e-15
2.253e+03  1.000e+00  3.164e-15
2.254e+03  1.000e+00  2.628e-15
2.255e+03  1.000e+00  2.182e-15
2.256e+03  1.000e+00  1.811e-15
2.257e+03  1.000e+00  1.503e-15
2.258e+03  1.000e+00  1.247e-15
2.259e+03  1.000e+00  1.035e-15
2.260e+03  1.000e+00  8.579e-16
2.261e+03  1.000e+00  7.113e-16
2.262e+03  1.000e+00  5.895e-16
2.263e+03  1.000e+00  4.885e-16
2.264e+03  1.000e+00  4.046e-16
2.265e+03  1.000e+00  3.351e-16
2.266e+03  1.000e+00  2.774e-16
2.267e+03  1.000e+00  2.296e-16
2.268e+03  1.000e+00  1.900e-16
2.269e+03  1.000e+00  1.572e-16
2.270e+03  1.000e+00  1.300e-16
2.271e+03  1.000e+00  1.075e-16
2.272e+03  1.000e+00  8.887e-17
2.273e+03  1.000e+00  7.345e-17
2.274e+03  1.000e+00  6.068e-17
2.275e+03  1.000e+00  5.012e-17
2.276e+03  1.000e+00  4.139e-17
2.277e+03  1.000e+00  3.417e-17
2.278e+03  1.000e+00  2.820e-17
2.279e+03  1.000e+00  2.327e-17
2.280e+03  1.000e+00  1.920e-17
2.281e+03  1.000e+00  1.583e-17
2.282e+03  1.000e+00  1.305e-17
2.283e+03  1.000e+00  1.076e-17
2.284e+03  1.000e+00  8.866e-18
2.285e+03  1.000e+00  7.304e-18
2.286e+03  1.000e+00  6.016e-18
2.287e+03  1.000e+00  4.953e-18
2.288e+03  1.000e+00  4.078e-18
2.289e+03  1.000e+00  3.356e-18
2.290e+03  1.000e+00  2.761e-18
2.291e+03  1.000e+00  2.271e-18
2.292e+03  1.000e+00  1.868e-18
2.293e+03  1.000e+00  1.536e-18
2.294e+03  1.000e+00  1.262e-18
2.295e+03  1.000e+00  1.037e-18
2.296e+03  1.000e+00  8.519e-19
2.297e+03  1.000e+00  6.997e-19
2.298e+03  1.000e+00  5.745e-19
2.299e+03  1.000e+00  4.716e-19
2.300e+03  1.000e+00  3.870e-19
2.301e+03  1.000e+00  3.175e-19
2.302e+03  1.000e+00  2.604e-19
2.303e+03  1.000e+00  2.136e-19
2.304e+03  1.000e+00  1.751e-19
2.305e+03  1.000e+00  1.435e-19
2.306e+03  1.000e+00  1.176e-19
2.307e+03  1.000e+00  9.631e-20
2.308e+03  1.000e+00  7.888e-20
2.309e+03  1.000e+00  6.458e-20
2.310e+03  1.000e+00  5.286e-20
2.311e+03  1.000e+00  4.326e-20
2.312e+03  1.000e+00  3.539e-20
2.313e+03  1.000e+00  2.895e-20
2.314e+03  1.000e+00  2.367e-20
2.315e+03  1.000e+00  1.935e-20
2.316e+03  1.000e+00  1.581e-20
2.317e+03  1.000e+00  1.292e-20
2.318e+03  1.000e+00  1.055e-20
2.319e+03  1.000e+00  8.620e-21
2.320e+03  1.000e+00  7.038e-21
2.321e+03  1.000e+00  5.744e-21
2.322e+03  1.000e+00  4.688e-21
2.323e+03  1.000e+00  3.824e-21
2.324e+03  1.000e+00  3.119e-21
2.325e+03  1.000e+00  2.543e-21
2.326e+03  1.000e+00  2.073e-21
2.327e+03  1.000e+00  1.690e-21
2.328e+03  1.000e+00  1.377e-21
2.329e+03  1.000e+00  1.122e-21
2.330e+03  1.000e+00  9.133e-22
2.331e+03  1.000e+00  7.436e-22
2.332e+03  1.000e+00  6.052e-22
2.333e+03  1.000e+00  4.925e-22
2.334e+03  1.000e+00  4.007e-22
2.335e+03  1.000e+00  3.259e-22
2.336e+03  1.000e+00  2.650e-22
2.337e+03  1.000e+00  2.154e-22
2.338e+03  1.000e+00  1.751e-22
2.339e+03  1.000e+00  1.423e-22
2.340e+03  1.000e+00  1.156e-22
2.341e+03  1.000e+00  9.384e-23
2.342e+03  1.000e+00  7.619e-23
2.343e+03  1.000e+00  6.184e-23
2.344e+03  1.000e+00  5.018e-23
2.345e+03  1.000e+00  4.071e-23
2.346e+03  1.000e+00  3.302e-23
2.347e+03  1.000e+00  2.677e-23
2.348e+03  1.000e+00  2.171e-23
2.349e+03  1.000e+00  1.759e-23
2.350e+03  1.000e+00  1.425e-23
2.351e+03  1.000e+00  1.155e-23
2.352e+03  1.000e+00  9.350e-24
2.353e+03  1.000e+00  7.570e-24
2.354e+03  1.000e+00  6.128e-24
2.355e+03  1.000e+00  4.959e-24
2.356e+03  1.000e+00  4.012e-24
2.357e+03  1.000e+00  3.245e-24
2.358e+03  1.000e+00  2.624e-24
2.359e+03  1.000e+00  2.121e-24
2.360e+03  1.000e+00  1.714e-24
2.361e+03  1.000e+00  1.385e-24
2.362e+03  1.000e+00  1.119e-24
2.363e+03  1.000e+00  9.036e-25
2.364e+03  1.000e+00  7.296e-25
2.365e+03  1.000e+00  5.889e-25
2.366e+03  1.000e+00  4.752e-25
2.367e+03  1.000e+00  3.834e-25
2.368e+03  1.000e+00  3.093e-25
2.369e+03  1.000e+00  2.494e-25
2.370e+03  1.000e+00  2.010e-25
2.371e+03  1.000e+00  1.620e-25
2.372e+03  1.000e+00  1.306e-25
2.373e+03  1.000e+00  1.052e-25
2.374e+03  1.000e+00  8.471e-26
2.375e+03  1.000e+00  6.820e-26
2.376e+03  1.000e+00  5.490e-26
2.377e+03  1.000e+00  4.418e-26
2.378e+03  1.000e+00  3.555e-26
2.379e+03  1.000e+00  2.859e-26
2.380e+03  1.000e+00  2.299e-26
2.381e+03  1.000e+00  1.849e-26
2.382e+03  1.000e+00  1.486e-26
2.383e+03  1.000e+00  1.194e-26
2.384e+03  1.000e+00  9.591e-27
2.385e+03  1.000e+00  7.703e-27
2.386e+03  1.000e+00  6.185e-27
2.387e+03  1.000e+00  4.965e-27
2.388e+03  1.000e+00  3.985e-27
2.389e+03  1.000e+00  3.197e-27
2.390e+03  1.000e+00  2.565e-27
2.391e+03  1.000e+00  2.057e-27
2.392e+03  1.000e+00  1.649e-27
2.393e+03  1.000e+00  1.322e-27
2.394e+03  1.000e+00  1.059e-27
2.395e+03  1.000e+00  8.485e-28
2.396e+03  1.000e+00  6.796e-28
2.397e+03  1.000e+00  5.442e-28
2.398e+03  1.000e+00  4.356e-28
2.399e+03  1.000e+00  3.487e-28
2.400e+03  1.000e+00  2.790e-28
2.401e+03  1.000e+00  2.232e-28
2.402e+03  1.000e+00  1.785e-28
2.403e+03  1.000e+00  1.427e-28
2.404e+03  1.000e+00  1.141e-28
2.405e+03  1.000e+00  9.115e-29
2.406e+03  1.000e+00  7.283e-29
2.407e+03  1.000e+00  5.817e-29
2.408e+03  1.000e+00  4.645e-29
2.409e+03  1.000e+00  3.708e-29
2.410e+03  1.000e+00  2.960e-29
2.411e+03  1.000e+00  2.362e-29
2.412e+03  1.000e+00  1.884e-29
2.413e+03  1.000e+00  1.503e-29
2.414e+03  1.000e+00  1.198e-29
2.415e+03  1.000e+00  9.552e-30
2.416e+03  1.000e+00  7.612e-30
2.417e+03  1.000e+00  6.065e-30
2.418e+03  1.000e+00  4.831e-30
2.419e+03  1.000e+00  3.847e-30
2.420e+03  1.000e+00  3.063e-30
2.421e+03  1.000e+00  2.438e-30
2.422e+03  1.000e+00  1.940e-30
2.423e+03  1.000e+00  1.544e-30
2.424e+03  1.000e+00  1.228e-30
2.425e+03  1.000e+00  9.763e-31
2.426e+03  1.000e+00  7.761e-31
2.427e+03  1.000e+00  6.168e-31
2.428e+03  1.000e+00  4.901e-31
2.429e+03  1.000e+00  3.894e-31
2.430e+03  1.000e+00  3.092e-31
2.431e+03  1.000e+00  2.455e-31
2.432e+03  1.000e+00  1.949e-31
2.433e+03  1.000e+00  1.547e-31
2.434e+03  1.000e+00  1.227e-31
2.435e+03  1.000e+00  9.734e-32
2.436e+03  1.000e+00  7.719e-32
2.437e+03  1.000e+00  6.120e-32
2.438e+03  1.000e+00  4.850e-32
2.439e+03  1.000e+00  3.844e-32
2.440e+03  1.000e+00  3.045e-32
2.441e+03  1.000e+00  2.412e-32
2.442e+03  1.000e+00  1.910e-32
2.443e+03  1.000e+00  1.512e-32
2.444e+03  1.000e+00  1.196e-32
2.445e+03  1.000e+00  9.467e-33
2.446e+03  1.000e+00  7.489e-33
2.447e+03  1.000e+00  5.922e-33
2.448e+03  1.000e+00  4.683e-33
2.449e+03  1.000e+00  3.701e-33
2.450e+03  1.000e+00  2.925e-33
2.451e+03  1.000e+00  2.311e-33
2.452e+03  1.000e+00  1.825e-33
2.453e+03  1.000e+00  1.441e-33
2.454e+03  1.000e+00  1.138e-33
2.455e+03  1.000e+00  8.982e-34
2.456e+03  1.000e+00  7.088e-34
2.457e+03  1.000e+00  5.592e-34
2.458e+03  1.000e+00  4.410e-34
2.459e+03  1.000e+00  3.477e-34
2.460e+03  1.000e+00  2.741e-34
2.461e+03  1.000e+00  2.160e-34
2.462e+03  1.000e+00  1.702e-34
2.463e+03  1.000e+00  1.341e-34
2.464e+03  1.000e+00  1.056e-34
2.465e+03  1.000e+00  8.315e-35
2.466e+03  1.000e+00  6.545e-35
2.467e+03  1.000e+00  5.150e-35
2.468e+03  1.000e+00  4.052e-35
2.469e+03  1.000e+00  3.187e-35
2.470e+03  1.000e+00  2.506e-35
2.471e+03  1.000e+00  1.970e-35
2.472e+03  1.000e+00  1.549e-35
2.473e+03  1.000e+00  1.217e-35
2.474e+03  1.000e+00  9.560e-36
2.475e+03  1.000e+00  7.509e-36
2.476e+03  1.000e+00  5.896e-36
2.477e+03  1.000e+00  4.628e-36
2.478e+03  1.000e+00  3.632e-36
2.479e+03  1.000e+00  2.850e-36
2.480e+03  1.000e+00  2.236e-36
2.481e+03  1.000e+00  1.753e-36
2.482e+03  1.000e+00  1.375e-36
2.483e+03  1.000e+00  1.078e-36
2.484e+03  1.000e+00  8.444e-37
2.485e+03  1.000e+00  6.616e-37
2.486e+03  1.000e+00  5.182e-37
2.487e+03  1.000e+00  4.058e-37
2.488e+03  1.000e+00  3.177e-37
2.489e+03  1.000e+00  2.487e-37
2.490e+03  1.000e+00  1.946e-37
2.491e+03  1.000e+00  1.522e-37
2.492e+03  1.000e+00  1.191e-37
2.493e+03  1.000e+00  9.309e-38
2.494e+03  1.000e+00  7.277e-38
2.495e+03  1.000e+00  5.688e-38
2.496e+03  1.000e+00  4.444e-38
2.497e+03  1.000e+00  3.471e-38
2.498e+03  1.000e+00  2.711e-38
2.499e+03  1.000e+00  2.117e-38
2.500e+03  1.000e+00  1.652e-38
2.501e+03  1.000e+00  1.289e-38
2.502e+03  1.000e+00  1.006e-38
2.503e+03  1.000e+00  7.847e-39
2.504e+03  1.000e+00  6.119e-39
2.505e+03  1.000e+00  4.771e-39
2.506e+03  1.000e+00  3.718e-39
2.507e+03  1.000e+00  2.898e-39
2.508e+03  1.000e+00  2.257e-39
2.509e+03  1.000e+00  1.758e-39
2.510e+03  1.000e+00  1.369e-39
2.511e+03  1.000e+00  1.066e-39
2.512e+03  1.000e+00  8.295e-40
2.513e+03  1.000e+00  6.454e-40
2.514e+03  1.000e+00  5.021e-40
2.515e+03  1.000e+00  3.905e-40
2.516e+03  1.000e+00  3.036e-40
2.517e+03  1.000e+00  2.360e-40
2.518e+03  1.000e+00  1.834e-40
2.519e+03  1.000e+00  1.425e-40
2.520e+03  1.000e+00  1.107e-40
2.521e+03  1.000e+00  8.595e-41
2.522e+03  1.000e+00  6.673e-41
2.523e+03  1.000e+00  5.180e-41
2.524e+03  1.000e+00  4.019e-41
2.525e+03  1.000e+00  3.118e-41
2.526e+03  1.000e+00  2.419e-41
2.527e+03  1.000e+00  1.875e-41
2.528e+03  1.000e+00  1.454e-41
2.529e+03  1.000e+00  1.127e-41
2.530e+03  1.000e+00  8.732e-42
2.531e+03  1.000e+00  6.764e-42
2.532e+03  1.000e+00  5.239e-42
2.533e+03  1.000e+00  4.056e-42
2.534e+03  1.000e+00  3.140e-42
2.535e+03  1.000e+00  2.430e-42
2.536e+03  1.000e+00  1.880e-42
2.537e+03  1.000e+00  1.454e-42
2.538e+03  1.000e+00  1.125e-42
2.539e+03  1.000e+00  8.696e-43
2.540e+03  1.000e+00  6.722e-43
2.541e+03  1.000e+00  5.195e-43
2.542e+03  1.000e+00  4.013e-43
2.543e+03  1.000e+00  3.100e-43
2.544e+03  1.000e+00  2.394e-43
2.545e+03  1.000e+00  1.848e-43
2.546e+03  1.000e+00  1.426e-43
2.547e+03  1.000e+00  1.101e-43
2.548e+03  1.000e+00  8.491e-44
2.549e+03  1.000e+00  6.549e-44
2.550e+03  1.000e+00  5.050e-44
2.551e+03  1.000e+00  3.893e-44
2.552e+03  1.000e+00  3.000e-44
2.553e+03  1.000e+00  2.312e-44
2.554e+03  1.000e+00  1.781e-44
2.555e+03  1.000e+00  1.371e-44
2.556e+03  1.000e+00  1.056e-44
2.557e+03  1.000e+00  8.129e-45
2.558e+03  1.000e+00  6.256e-45
2.559e+03  1.000e+00  4.813e-45
2.560e+03  1.000e+00  3.702e-45
2.561e+03  1.000e+00  2.847e-45
2.562e+03  1.000e+00  2.189e-45
2.563e+03  1.000e+00  1.682e-45
2.564e+03  1.000e+00  1.293e-45
2.565e+03  1.000e+00  9.933e-46
2.566e+03  1.000e+00  7.629e-46
2.567e+03  1.000e+00  5.858e-46
2.568e+03  1.000e+00  4.497e-46
2.569e+03  1.000e+00  3.452e-46
2.570e+03  1.000e+00  2.649e-46
2.571e+03  1.000e+00  2.032e-46
2.572e+03  1.000e+00  1.558e-46
2.573e+03  1.000e+00  1.195e-46
2.574e+03  1.000e+00  9.160e-47
2.575e+03  1.000e+00  7.020e-47
2.576e+03  1.000e+00  5.379e-47
2.577e+03  1.000e+00  4.120e-47
2.578e+03  1.000e+00  3.156e-47
2.579e+03  1.000e+00  2.416e-47
2.580e+03  1.000e+00  1.849e-47
2.581e+03  1.000e+00  1.415e-47
2.582e+03  1.000e+00  1.083e-47
2.583e+03  1.000e+00  8.283e-48
2.584e+03  1.000e+00  6.334e-48
2.585e+03  1.000e+00  4.842e-48
2.586e+03  1.000e+00  3.701e-48
2.587e+03  1.000e+00  2.828e-48
2.588e+03  1.000e+00  2.161e-48
2.589e+03  1.000e+00  1.650e-48
2.590e+03  1.000e+00  1.260e-48
2.591e+03  1.000e+00  9.621e-49
2.592e+03  1.000e+00  7.343e-49
2.593e+03  1.000e+00  5.603e-49
2.594e+03  1.000e+00  4.274e-49
2.595e+03  1.000e+00  3.260e-49
2.596e+03  1.000e+00  2.486e-49
2.597e+03  1.000e+00  1.895e-49
2.598e+03  1.000e+00  1.444e-49
2.599e+03  1.000e+00  1.100e-49
2.600e+03  1.000e+00  8.381e-50
2.601e+03  1.000e+00  6.383e-50
2.602e+03  1.000e+00  4.860e-50
2.603e+03  1.000e+00  3.699e-50
2.604e+03  1.000e+00  2.815e-50
2.605e+03  1.000e+00  2.142e-50
2.606e+03  1.000e+00  1.629e-50
2.607e+03  1.000e+00  1.239e-50
2.608e+03  1.000e+00  9.419e-51
2.609e+03  1.000e+00  7.159e-51
2.610e+03  1.000e+00  5.440e-51
2.611e+03  1.000e+00  4.133e-51
2.612e+03  1.000e+00  3.139e-51
2.613e+03  1.000e+00  2.384e-51
2.614e+03  1.000e+00  1.810e-51
2.615e+03  1.000e+00  1.373e-51
2.616e+03  1.000e+00  1.042e-51
2.617e+03  1.000e+00  7.906e-52
2.618e+03  1.000e+00  5.996e-52
2.619e+03  1.000e+00  4.547e-52
2.620e+03  1.000e+00  3.447e-52
2.621e+03  1.000e+00  2.612e-52
2.622e+03  1.000e+00  1.979e-52
2.623e+03  1.000e+00  1.499e-52
2.624e+03  1.000e+00  1.135e-52
2.625e+03  1.000e+00  8.596e-53
2.626e+03  1.000e+00  6.507e-53
2.627e+03  1.000e+00  4.924e-53
2.628e+03  1.000e+00  3.726e-53
2.629e+03  1.000e+00  2.818e-53
2.630e+03  1.000e+00  2.131e-53
2.631e+03  1.000e+00  1.611e-53
2.632e+03  1.000e+00  1.218e-53
2.633e+03  1.000e+00  9.203e-54
2.634e+03  1.000e+00  6.953e-54
2.635e+03  1.000e+00  5.252e-54
2.636e+03  1.000e+00  3.966e-54
2.637e+03  1.000e+00  2.994e-54
2.638e+03  1.000e+00  2.260e-54
2.639e+03  1.000e+00  1.705e-54
2.640e+03  1.000e+00  1.286e-54
2.641e+03  1.000e+00  9.701e-55
2.642e+03  1.000e+00  7.315e-55
2.643e+03  1.000e+00  5.514e-55
2.644e+03  1.000e+00  4.156e-55
2.645e+03  1.000e+00  3.132e-55
2.646e+03  1.000e+00  2.359e-55
2.647e+03  1.000e+00  1.777e-55
2.648e+03  1.000e+00  1.338e-55
2.649e+03  1.000e+00  1.007e-55
2.650e+03  1.000e+00  7.578e-56
2.651e+03  1.000e+00  5.701e-56
2.652e+03  1.000e+00  4.289e-56
2.653e+03  1.000e+00  3.225e-56
2.654e+03  1.000e+00  2.425e-56
2.655e+03  1.000e+00  1.823e-56
2.656e+03  1.000e+00  1.370e-56
2.657e+03  1.000e+00  1.029e-56
2.658e+03  1.000e+00  7.729e-57
2.659e+03  1.000e+00  5.804e-57
2.660e+03  1.000e+00  4.358e-57
2.661e+03  1.000e+00  3.271e-57
2.662e+03  1.000e+00  2.454e-57
2.663e+03  1.000e+00  1.841e-57
2.664e+03  1.000e+00  1.381e-57
2.665e+03  1.000e+00  1.036e-57
2.666e+03  1.000e+00  7.763e-58
2.667e+03  1.000e+00  5.818e-58
2.668e+03  1.000e+00  4.360e-58
2.669e+03  1.000e+00  3.266e-58
2.670e+03  1.000e+00  2.446e-58
2.671e+03  1.000e+00  1.831e-58
2.672e+03  1.000e+00  1.371e-58
2.673e+03  1.000e+00  1.026e-58
2.674e+03  1.000e+00  7.677e-59
2.675e+03  1.000e+00  5.743e-59
2.676e+03  1.000e+00  4.295e-59
2.677e+03  1.000e+00  3.211e-59
2.678e+03  1.000e+00  2.400e-59
2.679e+03  1.000e+00  1.794e-59
2.680e+03  1.000e+00  1.340e-59
2.681e+03  1.000e+00  1.001e-59
2.682e+03  1.000e+00  7.476e-60
2.683e+03  1.000e+00  5.582e-60
2.684e+03  1.000e+00  4.166e-60
2.685e+03  1.000e+00  3.109e-60
2.686e+03  1.000e+00  2.320e-60
2.687e+03  1.000e+00  1.730e-60
2.688e+03  1.000e+00  1.290e-60
2.689e+03  1.000e+00  9.618e-61
2.690e+03  1.000e+00  7.169e-61
2.691e+03  1.000e+00  5.342e-61
2.692e+03  1.000e+00  3.980e-61
2.693e+03  1.000e+00  2.964e-61
2.694e+03  1.000e+00  2.207e-61
2.695e+03  1.000e+00  1.643e-61
2.696e+03  1.000e+00  1.223e-61
2.697e+03  1.000e+00  9.099e-62
2.698e+03  1.000e+00  6.769e-62
2.699e+03  1.000e+00  5.034e-62
2.700e+03  1.000e+00  3.743e-62
2.701e+03  1.000e+00  2.783e-62
2.702e+03  1.000e+00  2.068e-62
2.703e+03  1.000e+00  1.537e-62
2.704e+03  1.000e+00  1.141e-62
2.705e+03  1.000e+00  8.477e-63
2.706e+03  1.000e+00  6.294e-63
2.707e+03  1.000e+00  4.672e-63
2.708e+03  1.000e+00  3.467e-63
2.709e+03  1.000e+00  2.572e-63
2.710e+03  1.000e+00  1.908e-63
2.711e+03  1.000e+00  1.415e-63
2.712e+03  1.000e+00  1.049e-63
2.713e+03  1.000e+00  7.776e-64
2.714e+03  1.000e+00  5.762e-64
2.715e+03  1.000e+00  4.269e-64
2.716e+03  1.000e+00  3.162e-64
2.717e+03  1.000e+00  2.342e-64
2.718e+03  1.000e+00  1.734e-64
2.719e+03  1.000e+00  1.283e-64
2.720e+03  1.000e+00  9.495e-65
2.721e+03  1.000e+00  7.024e-65
2.722e+03  1.000e+00  5.195e-65
2.723e+03  1.000e+00  3.842e-65
2.724e+03  1.000e+00  2.840e-65
2.725e+03  1.000e+00  2.099e-65
2.726e+03  1.000e+00  1.551e-65
2.727e+03  1.000e+00  1.146e-65
2.728e+03  1.000e+00  8.462e-66
2.729e+03  1.000e+00  6.249e-66
2.730e+03  1.000e+00  4.613e-66
2.731e+03  1.000e+00  3.404e-66
2.732e+03  1.000e+00  2.512e-66
2.733e+03  1.000e+00  1.853e-66
2.734e+03  1.000e+00  1.367e-66
2.735e+03  1.000e+00  1.008e-66
2.736e+03  1.000e+00  7.427e-67
2.737e+03  1.000e+00  5.474e-67
2.738e+03  1.000e+00  4.033e-67
2.739e+03  1.000e+00  2.971e-67
2.740e+03  1.000e+00  2.188e-67
2.741e+03  1.000e+00  1.611e-67
2.742e+03  1.000e+00  1.186e-67
2.743e+03  1.000e+00  8.725e-68
2.744e+03  1.000e+00  6.419e-68
2.745e+03  1.000e+00  4.722e-68
2.746e+03  1.000e+00  3.472e-68
2.747e+03  1.000e+00  2.553e-68
2.748e+03  1.000e+00  1.876e-68
2.749e+03  1.000e+00  1.379e-68
2.750e+03  1.000e+00  1.013e-68
2.751e+03  1.000e+00  7.441e-69
2.752e+03  1.000e+00  5.464e-69
2.753e+03  1.000e+00  4.011e-69
2.754e+03  1.000e+00  2.944e-69
2.755e+03  1.000e+00  2.160e-69
2.756e+03  1.000e+00  1.585e-69
2.757e+03  1.000e+00  1.162e-69
2.758e+03  1.000e+00  8.524e-70
2.759e+03  1.000e+00  6.249e-70
2.760e+03  1.000e+00  4.580e-70
2.761e+03  1.000e+00  3.356e-70
2.762e+03  1.000e+00  2.458e-70
2.763e+03  1.000e+00  1.800e-70
2.764e+03  1.000e+00  1.318e-70
2.765e+03  1.000e+00  9.650e-71
2.766e+03  1.000e+00  7.063e-71
2.767e+03  1.000e+00  5.168e-71
2.768e+03  1.000e+00  3.780e-71
2.769e+03  1.000e+00  2.765e-71
2.770e+03  1.000e+00  2.021e-71
2.771e+03  1.000e+00  1.478e-71
2.772e+03  1.000e+00  1.080e-71
2.773e+03  1.000e+00  7.890e-72
2.774e+03  1.000e+00  5.763e-72
2.775e+03  1.000e+00  4.209e-72
2.776e+03  1.000e+00  3.073e-72
2.777e+03  1.000e+00  2.243e-72
2.778e+03  1.000e+00  1.637e-72
2.779e+03  1.000e+00  1.194e-72
2.780e+03  1.000e+00  8.711e-73
2.781e+03  1.000e+00  6.353e-73
2.782e+03  1.000e+00  4.631e-73
2.783e+03  1.000e+00  3.376e-73
2.784e+03  1.000e+00  2.460e-73
2.785e+03  1.000e+00  1.792e-73
2.786e+03  1.000e+00  1.305e-73
2.787e+03  1.000e+00  9.506e-74
2.788e+03  1.000e+00  6.921e-74
2.789e+03  1.000e+00  5.037e-74
2.790e+03  1.000e+00  3.665e-74
2.791e+03  1.000e+00  2.667e-74
2.792e+03  1.000e+00  1.940e-74
2.793e+03  1.000e+00  1.410e-74
2.794e+03  1.000e+00  1.025e-74
2.795e+03  1.000e+00  7.452e-75
2.796e+03  1.000e+00  5.415e-75
2.797e+03  1.000e+00  3.934e-75
2.798e+03  1.000e+00  2.857e-75
2.799e+03  1.000e+00  2.074e-75
2.800e+03  1.000e+00  1.506e-75
2.801e+03  1.000e+00  1.093e-75
2.802e+03  1.000e+00  7.930e-76
2.803e+03  1.000e+00  5.753e-76
2.804e+03  1.000e+00  4.172e-76
2.805e+03  1.000e+00  3.025e-76
2.806e+03  1.000e+00  2.193e-76
2.807e+03  1.000e+00  1.589e-76
2.808e+03  1.000e+00  1.152e-76
2.809e+03  1.000e+00  8.342e-77
2.810e+03  1.000e+00  6.041e-77
2.811e+03  1.000e+00  4.374e-77
2.812e+03  1.000e+00  3.166e-77
2.813e+03  1.000e+00  2.291e-77
2.814e+03  1.000e+00  1.658e-77
2.815e+03  1.000e+00  1.199e-77
2.816e+03  1.000e+00  8.672e-78
2.817e+03  1.000e+00  6.270e-78
2.818e+03  1.000e+00  4.532e-78
2.819e+03  1.000e+00  3.275e-78
2.820e+03  1.000e+00  2.366e-78
2.821e+03  1.000e+00  1.709e-78
2.822e+03  1.000e+00  1.234e-78
2.823e+03  1.000e+00  8.911e-79
2.824e+03  1.000e+00  6.432e-79
2.825e+03  1.000e+00  4.642e-79
2.826e+03  1.000e+00  3.349e-79
2.827e+03  1.000e+00  2.415e-79
2.828e+03  1.000e+00  1.742e-79
2.829e+03  1.000e+00  1.256e-79
2.830e+03  1.000e+00  9.051e-80
2.831e+03  1.000e+00  6.522e-80
2.832e+03  1.000e+00  4.699e-80
2.833e+03  1.000e+00  3.384e-80
2.834e+03  1.000e+00  2.437e-80
2.835e+03  1.000e+00  1.754e-80
2.836e+03  1.000e+00  1.263e-80
2.837e+03  1.000e+00  9.086e-81
2.838e+03  1.000e+00  6.536e-81
2.839e+03  1.000e+00  4.701e-81
2.840e+03  1.000e+00  3.380e-81
2.841e+03  1.000e+00  2.430e-81
2.842e+03  1.000e+00  1.747e-81
2.843e+03  1.000e+00  1.255e-81
2.844e+03  1.000e+00  9.016e-82
2.845e+03  1.000e+00  6.475e-82
2.846e+03  1.000e+00  4.649e-82
2.847e+03  1.000e+00  3.338e-82
2.848e+03  1.000e+00  2.395e-82
2.849e+03  1.000e+00  1.719e-82
2.850e+03  1.000e+00  1.233e-82
2.851e+03  1.000e+00  8.842e-83
2.852e+03  1.000e+00  6.340e-83
2.853e+03  1.000e+00  4.545e-83
2.854e+03  1.000e+00  3.257e-83
2.855e+03  1.000e+00  2.334e-83
2.856e+03  1.000e+00  1.672e-83
2.857e+03  1.000e+00  1.197e-83
2.858e+03  1.000e+00  8.572e-84
2.859e+03  1.000e+00  6.136e-84
2.860e+03  1.000e+00  4.391e-84
2.861e+03  1.000e+00  3.142e-84
2.862e+03  1.000e+00  2.247e-84
2.863e+03  1.000e+00  1.607e-84
2.864e+03  1.000e+00  1.149e-84
2.865e+03  1.000e+00  8.213e-85
2.866e+03  1.000e+00  5.869e-85
2.867e+03  1.000e+00  4.194e-85
2.868e+03  1.000e+00  2.995e-85
2.869e+03  1.000e+00  2.139e-85
2.870e+03  1.000e+00  1.527e-85
2.871e+03  1.000e+00  1.090e-85
2.872e+03  1.000e+00  7.779e-86
2.873e+03  1.000e+00  5.550e-86
2.874e+03  1.000e+00  3.959e-86
2.875e+03  1.000e+00  2.823e-86
2.876e+03  1.000e+00  2.013e-86
2.877e+03  1.000e+00  1.434e-86
2.878e+03  1.000e+00  1.022e-86
2.879e+03  1.000e+00  7.283e-87
2.880e+03  1.000e+00  5.187e-87
2.881e+03  1.000e+00  3.694e-87
2.882e+03  1.000e+00  2.630e-87
2.883e+03  1.000e+00  1.872e-87
2.884e+03  1.000e+00  1.332e-87
2.885e+03  1.000e+00  9.475e-88
2.886e+03  1.000e+00  6.739e-88
2.887e+03  1.000e+00  4.792e-88
2.888e+03  1.000e+00  3.407e-88
2.889e+03  1.000e+00  2.421e-88
2.890e+03  1.000e+00  1.721e-88
2.891e+03  1.000e+00  1.222e-88
2.892e+03  1.000e+00  8.681e-89
2.893e+03  1.000e+00  6.164e-89
2.894e+03  1.000e+00  4.376e-89
2.895e+03  1.000e+00  3.106e-89
2.896e+03  1.000e+00  2.204e-89
2.897e+03  1.000e+00  1.563e-89
2.898e+03  1.000e+00  1.109e-89
2.899e+03  1.000e+00  7.862e-90
2.900e+03  1.000e+00  5.573e-90
2.901e+03  1.000e+00  3.950e-90
2.902e+03  1.000e+00  2.799e-90
2.903e+03  1.000e+00  1.983e-90
2.904e+03  1.000e+00  1.404e-90
2.905e+03  1.000e+00  9.942e-91
2.906e+03  1.000e+00  7.038e-91
2.907e+03  1.000e+00  4.981e-91
2.908e+03  1.000e+00  3.524e-91
2.909e+03  1.000e+00  2.493e-91
2.910e+03  1.000e+00  1.763e-91
2.911e+03  1.000e+00  1.247e-91
2.912e+03  1.000e+00  8.813e-92
2.913e+03  1.000e+00  6.228e-92
2.914e+03  1.000e+00  4.400e-92
2.915e+03  1.000e+00  3.108e-92
2.916e+03  1.000e+00  2.195e-92
2.917e+03  1.000e+00  1.550e-92
2.918e+03  1.000e+00  1.094e-92
2.919e+03  1.000e+00  7.721e-93
2.920e+03  1.000e+00  5.448e-93
2.921e+03  1.000e+00  3.843e-93
2.922e+03  1.000e+00  2.710e-93
2.923e+03  1.000e+00  1.911e-93
2.924e+03  1.000e+00  1.347e-93
2.925e+03  1.000e+00  9.491e-94
2.926e+03  1.000e+00  6.687e-94
2.927e+03  1.000e+00  4.710e-94
2.928e+03  1.000e+00  3.317e-94
2.929e+03  1.000e+00  2.335e-94
2.930e+03  1.000e+00  1.644e-94
2.931e+03  1.000e+00  1.157e-94
2.932e+03  1.000e+00  8.139e-95
2.933e+03  1.000e+00  5.725e-95
2.934e+03  1.000e+00  4.026e-95
2.935e+03  1.000e+00  2.831e-95
2.936e+03  1.000e+00  1.990e-95
2.937e+03  1.000e+00  1.398e-95
2.938e+03  1.000e+00  9.823e-96
2.939e+03  1.000e+00  6.899e-96
2.940e+03  1.000e+00  4.845e-96
2.941e+03  1.000e+00  3.402e-96
2.942e+03  1.000e+00  2.388e-96
2.943e+03  1.000e+00  1.675e-96
2.944e+03  1.000e+00  1.175e-96
2.945e+03  1.000e+00  8.244e-97
2.946e+03  1.000e+00  5.781e-97
2.947e+03  1.000e+00  4.053e-97
2.948e+03  1.000e+00  2.841e-97
2.949e+03  1.000e+00  1.991e-97
2.950e+03  1.000e+00  1.395e-97
2.951e+03  1.000e+00  9.769e-98
2.952e+03  1.000e+00  6.840e-98
2.953e+03  1.000e+00  4.789e-98
2.954e+03  1.000e+00  3.352e-98
2.955e+03  1.000e+00  2.345e-98
2.956e+03  1.000e+00  1.641e-98
2.957e+03  1.000e+00  1.148e-98
2.958e+03  1.000e+00  8.025e-99
2.959e+03  1.000e+00  5.610e-99
2.960e+03  1.000e+00  3.921e-99
2.961e+03  1.000e+00  2.740e-99
2.962e+03  1.000e+00  1.914e-99
2.963e+03  1.000e+00  1.337e-99
2.964e+03  1.000e+00  9.336e-100
2.965e+03  1.000e+00  6.517e-100
2.966e+03  1.000e+00  4.549e-100
2.967e+03  1.000e+00  3.174e-100
2.968e+03  1.000e+00  2.214e-100
2.969e+03  1.000e+00  1.544e-100
2.970e+03  1.000e+00  1.077e-100
2.971e+03  1.000e+00  7.507e-101
2.972e+03  1.000e+00  5.232e-101
2.973e+03  1.000e+00  3.646e-101
2.974e+03  1.000e+00  2.540e-101
2.975e+03  1.000e+00  1.769e-101
2.976e+03  1.000e+00  1.232e-101
2.977e+03  1.000e+00  8.574e-102
2.978e+03  1.000e+00  5.967e-102
2.979e+03  1.000e+00  4.152e-102
2.980e+03  1.000e+00  2.889e-102
2.981e+03  1.000e+00  2.009e-102
2.982e+03  1.000e+00  1.397e-102
2.983e+03  1.000e+00  9.711e-103
2.984e+03  1.000e+00  6.749e-103
2.985e+03  1.000e+00  4.689e-103
2.986e+03  1.000e+00  3.258e-103
2.987e+03  1.000e+00  2.263e-103
2.988e+03  1.000e+00  1.571e-103
2.989e+03  1.000e+00  1.091e-103
2.990e+03  1.000e+00  7.572e-104
2.991e+03  1.000e+00  5.256e-104
2.992e+03  1.000e+00  3.650e-104
2.993e+03  1.000e+00  2.537e-104
2.994e+03  1.000e+00  1.766e-104
2.995e+03  1.000e+00  1.236e-104
2.996e+03  1.000e+00  8.723e-105
2.997e+03  1.000e+00  6.275e-105
2.998e+03  1.000e+00  4.681e-105
2.999e+03  1.000e+00  3.725e-105
3.000e+03  1.000e+00  3.278e-105
