1.762938230383973348e+00
1.732888146911519378e+00
1.692821368948246974e+00
1.662771285475793004e+00
1.622704507512520822e+00
1.582637729549248862e+00
1.552587646076794892e+00
1.512520868113522488e+00
1.462437395659432537e+00
1.422370617696160355e+00
1.382303839732888173e+00
1.342237061769615991e+00
1.292153589315526041e+00
1.242070116861435869e+00
1.181969949916527485e+00
1.131886477462437535e+00
1.081803005008347363e+00
1.011686143572620988e+00
9.515859766277129372e-01
8.814691151919866741e-01
8.013355592654424209e-01
7.212020033388982787e-01
6.210350584307179345e-01
5.208681135225375902e-01
4.006677796327212104e-01
2.704507512520868406e-01
1.101836393989983343e-01
-1.001669449081803026e-01
-1.312186978297162021e+00
-1.312186978297162021e+00
-1.312186978297162021e+00
-1.312186978297162021e+00
-1.312186978297162021e+00
-1.312186978297162021e+00
-1.312186978297162021e+00
-1.322203672787980011e+00
-1.312186978297162021e+00
-1.312186978297162021e+00
-1.312186978297162021e+00
-1.312186978297162021e+00
-1.312186978297162021e+00
-1.312186978297162021e+00
-1.322203672787980011e+00
-1.312186978297162021e+00
-1.312186978297162021e+00
-1.312186978297162021e+00
-1.312186978297162021e+00
-1.312186978297162021e+00
-1.312186978297162021e+00
-1.312186978297162021e+00
