2.326295585412668121e+00
2.282485875706214529e+00
2.236162361623616590e+00
2.191681735985533841e+00
2.145132743362831995e+00
2.096885813148789079e+00
2.047297297297297369e+00
1.993322203672788007e+00
1.933222036727879845e+00
1.883138564273789894e+00
1.833055091819699500e+00
1.762938230383973348e+00
1.712854757929883398e+00
1.642737896494157024e+00
1.572621035058430872e+00
1.512520868113522488e+00
1.432387312186978345e+00
1.352253756260433981e+00
1.262103505843071849e+00
1.171953255425709495e+00
1.071786310517529373e+00
9.616026711185309273e-01
8.414023372287144920e-01
6.811352253756260966e-01
4.808013355592654636e-01
1.702838063439065242e-01
-7.813021702838064408e-01
-7.813021702838064408e-01
-7.813021702838064408e-01
-7.813021702838064408e-01
-7.913188647746244309e-01
-7.813021702838064408e-01
-7.813021702838064408e-01
-7.813021702838064408e-01
-7.813021702838064408e-01
-7.813021702838064408e-01
-7.813021702838064408e-01
-7.813021702838064408e-01
-7.813021702838064408e-01
-7.813021702838064408e-01
-7.813021702838064408e-01
-7.813021702838064408e-01
-7.813021702838064408e-01
-7.813021702838064408e-01
-7.813021702838064408e-01
-7.813021702838064408e-01
-7.813021702838064408e-01
-7.813021702838064408e-01
-7.813021702838064408e-01
-7.813021702838064408e-01
