2.107826086956521738e+00
2.068259385665529138e+00
2.030150753768844574e+00
1.983305509181970017e+00
1.933222036727879845e+00
1.903171953255425874e+00
1.853088480801335480e+00
1.803005008347245530e+00
1.752921535893155358e+00
1.712854757929883398e+00
1.652754590984975014e+00
1.602671118530884842e+00
1.542570951585976902e+00
1.492487479131886507e+00
1.422370617696160355e+00
1.352253756260433981e+00
1.292153589315526041e+00
1.222036727879799667e+00
1.141903171953255525e+00
1.071786310517529373e+00
9.816360601001670183e-01
8.714524207011686840e-01
7.512520868113522488e-01
6.110183639398998334e-01
4.307178631051753470e-01
1.302170283806343976e-01
-5.809682804674457524e-01
-5.909849749582637424e-01
-5.909849749582637424e-01
-5.809682804674457524e-01
-5.809682804674457524e-01
-5.809682804674457524e-01
-5.909849749582637424e-01
-5.809682804674457524e-01
-5.809682804674457524e-01
-5.909849749582637424e-01
-5.909849749582637424e-01
-5.809682804674457524e-01
-5.809682804674457524e-01
-5.909849749582637424e-01
-5.909849749582637424e-01
-5.909849749582637424e-01
-5.809682804674457524e-01
-5.809682804674457524e-01
-5.809682804674457524e-01
-5.809682804674457524e-01
-5.909849749582637424e-01
-5.909849749582637424e-01
-5.909849749582637424e-01
-5.909849749582637424e-01
