1.772954924874791338e+00
1.742904841402337368e+00
1.712854757929883398e+00
1.672787979966610994e+00
1.642737896494157024e+00
1.602671118530884842e+00
1.562604340567612882e+00
1.522537562604340478e+00
1.482470784641068517e+00
1.432387312186978345e+00
1.392320534223706163e+00
1.352253756260433981e+00
1.302170283806344031e+00
1.252086811352253859e+00
1.202003338898163687e+00
1.141903171953255525e+00
1.081803005008347363e+00
1.021702838063439200e+00
9.616026711185309273e-01
8.914858096828046641e-01
8.113522537562604109e-01
7.312186978297162687e-01
6.210350584307179345e-01
5.108514190317196002e-01
3.505843071786310938e-01
2.003338898163606330e-02
-5.008347245409015130e-02
-5.008347245409015130e-02
-5.008347245409015130e-02
-5.008347245409015130e-02
-5.008347245409015130e-02
-5.008347245409015130e-02
-6.010016694490818295e-02
-5.008347245409015130e-02
-5.008347245409015130e-02
-5.008347245409015130e-02
-5.008347245409015130e-02
-6.010016694490818295e-02
-5.008347245409015130e-02
-5.008347245409015130e-02
-5.008347245409015130e-02
-5.008347245409015130e-02
-5.008347245409015130e-02
-5.008347245409015130e-02
-5.008347245409015130e-02
-5.008347245409015130e-02
-5.008347245409015130e-02
-5.008347245409015130e-02
-6.010016694490818295e-02
-6.010016694490818295e-02
