1.873121869782971460e+00
1.833055091819699500e+00
1.803005008347245530e+00
1.762938230383973348e+00
1.722871452420701388e+00
1.682804674457428984e+00
1.642737896494157024e+00
1.602671118530884842e+00
1.552587646076794892e+00
1.512520868113522488e+00
1.462437395659432537e+00
1.412353923205342365e+00
1.362270450751252193e+00
1.312186978297162021e+00
1.252086811352253859e+00
1.212020033388981677e+00
1.141903171953255525e+00
1.071786310517529373e+00
1.001669449081802998e+00
9.415692821368949472e-01
8.514190317195324820e-01
7.612687813021702388e-01
6.611018363939900055e-01
5.208681135225375902e-01
3.706176961602671294e-01
7.011686143572622154e-02
-2.804674457429048862e-01
-2.904841402337228762e-01
-2.904841402337228762e-01
-2.904841402337228762e-01
-2.904841402337228762e-01
-2.904841402337228762e-01
-2.904841402337228762e-01
-2.904841402337228762e-01
-2.904841402337228762e-01
-2.904841402337228762e-01
-2.904841402337228762e-01
-2.904841402337228762e-01
-2.904841402337228762e-01
-2.904841402337228762e-01
-2.904841402337228762e-01
-2.904841402337228762e-01
-2.904841402337228762e-01
-2.904841402337228762e-01
-2.904841402337228762e-01
-2.904841402337228762e-01
-2.804674457429048862e-01
-2.904841402337228762e-01
-2.904841402337228762e-01
-2.904841402337228762e-01
