3.722222222222222321e+00
3.654545454545454763e+00
3.589285714285714413e+00
3.526315789473684514e+00
3.455587392550143022e+00
3.387640449438202417e+00
3.313186813186813406e+00
3.233243967828418608e+00
3.157068062827224963e+00
3.076530612244897878e+00
2.992555831265508726e+00
2.899038461538461675e+00
2.811188811188811254e+00
2.710112359550562289e+00
2.617710583153348036e+00
2.496894409937888248e+00
2.390532544378698443e+00
2.265420560747663625e+00
2.130052724077328818e+00
1.973288814691152027e+00
1.813021702838063520e+00
1.632721202003339034e+00
1.422370617696160355e+00
1.171953255425709495e+00
8.351648351648351953e-01
3.720930232558139483e-01
-2.704918032786885473e-01
-1.784482758620689724e+00
-1.783783783783783994e+00
-1.783018867924528239e+00
-1.802955665024630783e+00
-1.784615384615384714e+00
-1.796791443850267234e+00
-1.800000000000000044e+00
-1.793103448275862322e+00
-1.750000000000000222e+00
-1.777777777777777679e+00
-1.796178343949044631e+00
-1.815789473684210620e+00
-1.795918367346938771e+00
-1.762237762237762295e+00
-1.769784172661870603e+00
-1.777777777777777679e+00
-1.786259541984732913e+00
-1.795275590551181244e+00
-1.790322580645161477e+00
-1.785123966942148810e+00
-1.779661016949152463e+00
-1.773913043478261065e+00
-1.767857142857143016e+00
