1.772954924874791338e+00
1.742904841402337368e+00
1.712854757929883398e+00
1.672787979966610994e+00
1.642737896494157024e+00
1.602671118530884842e+00
1.562604340567612882e+00
1.522537562604340478e+00
1.482470784641068517e+00
1.442404006677796557e+00
1.402337228714524375e+00
1.352253756260433981e+00
1.312186978297162021e+00
1.252086811352253859e+00
1.202003338898163687e+00
1.151919866444073515e+00
1.081803005008347363e+00
1.021702838063439200e+00
9.616026711185309273e-01
8.914858096828046641e-01
8.213689482470785119e-01
7.312186978297162687e-01
6.310517529215359245e-01
5.108514190317196002e-01
3.505843071786310938e-01
3.005008347245409148e-02
-6.010016694490818295e-02
-6.010016694490818295e-02
-6.010016694490818295e-02
-6.010016694490818295e-02
-6.010016694490818295e-02
-6.010016694490818295e-02
-6.010016694490818295e-02
-6.010016694490818295e-02
-6.010016694490818295e-02
-6.010016694490818295e-02
-6.010016694490818295e-02
-7.011686143572622154e-02
-6.010016694490818295e-02
-6.010016694490818295e-02
-6.010016694490818295e-02
-6.010016694490818295e-02
-6.010016694490818295e-02
-6.010016694490818295e-02
-6.010016694490818295e-02
-6.010016694490818295e-02
-6.010016694490818295e-02
-6.010016694490818295e-02
-6.010016694490818295e-02
-6.010016694490818295e-02
