3.100257069408740573e+00
3.045454545454545414e+00
2.985148514851485135e+00
2.941747572815534006e+00
2.871428571428571885e+00
2.811188811188811254e+00
2.747152619589977363e+00
2.693333333333333357e+00
2.610389610389610482e+00
2.544303797468354666e+00
2.471311475409835978e+00
2.404761904761905100e+00
2.326295585412668121e+00
2.240295748613678750e+00
2.152753108348135047e+00
2.057724957555178591e+00
1.953255425709515825e+00
1.843071786310517490e+00
1.732888146911519378e+00
1.612687813021702832e+00
1.482470784641068517e+00
1.332220367278798001e+00
1.151919866444073515e+00
9.515859766277129372e-01
6.811352253756260966e-01
3.005008347245409217e-01
-3.405676126878130483e-01
-1.372287145242070183e+00
-1.372287145242070183e+00
-1.372287145242070183e+00
-1.372287145242070183e+00
-1.362270450751252193e+00
-1.372287145242070183e+00
-1.362270450751252193e+00
-1.372287145242070183e+00
-1.362270450751252193e+00
-1.362270450751252193e+00
-1.362270450751252193e+00
-1.372287145242070183e+00
-1.372287145242070183e+00
-1.362270450751252193e+00
-1.362270450751252193e+00
-1.362270450751252193e+00
-1.362270450751252193e+00
-1.362270450751252193e+00
-1.372287145242070183e+00
-1.372287145242070183e+00
-1.372287145242070183e+00
-1.372287145242070183e+00
-1.372287145242070183e+00
