1.823038397328881510e+00
1.782971619365609328e+00
1.762938230383973348e+00
1.712854757929883398e+00
1.672787979966610994e+00
1.642737896494157024e+00
1.602671118530884842e+00
1.562604340567612882e+00
1.512520868113522488e+00
1.482470784641068517e+00
1.432387312186978345e+00
1.382303839732888173e+00
1.342237061769615991e+00
1.282136894824708051e+00
1.232053422370617879e+00
1.171953255425709495e+00
1.111853088480801555e+00
1.051752921535893170e+00
9.816360601001670183e-01
9.115191986644407551e-01
8.414023372287144920e-01
7.412353923205342587e-01
6.410684474123540255e-01
5.208681135225375902e-01
3.505843071786310938e-01
5.008347245409015130e-02
-2.003338898163606052e-01
-1.903171953255425597e-01
-1.903171953255425597e-01
-1.903171953255425597e-01
-2.003338898163606052e-01
-1.903171953255425597e-01
-2.003338898163606052e-01
-1.903171953255425597e-01
-1.903171953255425597e-01
-2.003338898163606052e-01
-2.003338898163606052e-01
-1.903171953255425597e-01
-1.903171953255425597e-01
-1.903171953255425597e-01
-1.903171953255425597e-01
-2.003338898163606052e-01
-2.003338898163606052e-01
-2.003338898163606052e-01
-2.003338898163606052e-01
-2.003338898163606052e-01
-2.003338898163606052e-01
-1.903171953255425597e-01
-1.903171953255425597e-01
-1.903171953255425597e-01
