2.068259385665529138e+00
2.030150753768844574e+00
1.983305509181970017e+00
1.943238731218697835e+00
1.903171953255425874e+00
1.853088480801335480e+00
1.813021702838063520e+00
1.762938230383973348e+00
1.712854757929883398e+00
1.672787979966610994e+00
1.622704507512520822e+00
1.562604340567612882e+00
1.512520868113522488e+00
1.452420701168614547e+00
1.402337228714524375e+00
1.332220367278798001e+00
1.262103505843071849e+00
1.202003338898163687e+00
1.131886477462437535e+00
1.041736227045075180e+00
9.616026711185309273e-01
8.414023372287144920e-01
7.412353923205342587e-01
5.909849749582637424e-01
4.207011686143572460e-01
1.302170283806343976e-01
-5.509181969949916713e-01
-5.509181969949916713e-01
-5.509181969949916713e-01
-5.409015025041736813e-01
-5.409015025041736813e-01
-5.509181969949916713e-01
-5.409015025041736813e-01
-5.509181969949916713e-01
-5.409015025041736813e-01
-5.409015025041736813e-01
-5.509181969949916713e-01
-5.409015025041736813e-01
-5.409015025041736813e-01
-5.409015025041736813e-01
-5.509181969949916713e-01
-5.509181969949916713e-01
-5.509181969949916713e-01
-5.409015025041736813e-01
-5.409015025041736813e-01
-5.409015025041736813e-01
-5.409015025041736813e-01
-5.409015025041736813e-01
-5.409015025041736813e-01
-5.409015025041736813e-01
