3.883495145631068013e+00
3.828571428571428292e+00
3.750000000000000000e+00
3.699386503067484622e+00
3.632530120481927582e+00
3.557522123893805510e+00
3.475504322766570287e+00
3.397183098591549655e+00
3.322314049586777340e+00
3.233243967828418608e+00
3.148825065274151402e+00
3.053164556962025600e+00
2.955882352941176627e+00
2.865248226950354749e+00
2.747152619589977363e+00
2.633187772925764669e+00
2.519750519750520112e+00
2.378698224852071164e+00
2.248608534322820152e+00
2.093264248704663100e+00
1.913188647746243864e+00
1.714285714285714191e+00
1.502504173622704498e+00
1.242070116861435869e+00
8.974358974358974672e-01
4.090909090909090606e-01
-2.884615384615384914e-01
-1.909090909090909172e+00
-1.914893617021276695e+00
-1.910614525139664899e+00
-1.894736842105263053e+00
-1.914110429447852813e+00
-1.884615384615384581e+00
-1.880000000000000115e+00
-1.916666666666666519e+00
-1.913043478260869401e+00
-1.939849624060150379e+00
-1.875000000000000000e+00
-1.887096774193548487e+00
-1.915966386554621703e+00
-1.878260869565217650e+00
-1.875000000000000000e+00
-1.888888888888889062e+00
-1.903846153846153744e+00
-1.900990099009901124e+00
-1.897959183673469497e+00
-1.894736842105263053e+00
-1.891304347826087140e+00
-1.887640449438202195e+00
-1.953488372093023395e+00
