1.772954924874791338e+00
1.742904841402337368e+00
1.702838063439064964e+00
1.672787979966610994e+00
1.632721202003339034e+00
1.592654424040066852e+00
1.562604340567612882e+00
1.522537562604340478e+00
1.472454090150250527e+00
1.432387312186978345e+00
1.392320534223706163e+00
1.352253756260433981e+00
1.302170283806344031e+00
1.252086811352253859e+00
1.202003338898163687e+00
1.141903171953255525e+00
1.081803005008347363e+00
1.021702838063439200e+00
9.616026711185309273e-01
8.814691151919866741e-01
8.113522537562604109e-01
7.212020033388982787e-01
6.310517529215359245e-01
5.108514190317196002e-01
3.505843071786310938e-01
2.003338898163606330e-02
-5.008347245409015130e-02
-5.008347245409015130e-02
-4.006677796327212659e-02
-4.006677796327212659e-02
-5.008347245409015130e-02
-4.006677796327212659e-02
-5.008347245409015130e-02
-5.008347245409015130e-02
-4.006677796327212659e-02
-4.006677796327212659e-02
-5.008347245409015130e-02
-5.008347245409015130e-02
-5.008347245409015130e-02
-5.008347245409015130e-02
-5.008347245409015130e-02
-5.008347245409015130e-02
-4.006677796327212659e-02
-4.006677796327212659e-02
-4.006677796327212659e-02
-4.006677796327212659e-02
-4.006677796327212659e-02
-5.008347245409015130e-02
-5.008347245409015130e-02
-5.008347245409015130e-02
