1.772954924874791338e+00
1.742904841402337368e+00
1.712854757929883398e+00
1.672787979966610994e+00
1.642737896494157024e+00
1.602671118530884842e+00
1.562604340567612882e+00
1.522537562604340478e+00
1.482470784641068517e+00
1.442404006677796557e+00
1.392320534223706163e+00
1.352253756260433981e+00
1.302170283806344031e+00
1.252086811352253859e+00
1.191986644407345697e+00
1.141903171953255525e+00
1.091819699499165353e+00
1.031719532554257190e+00
9.515859766277129372e-01
8.814691151919866741e-01
8.113522537562604109e-01
7.212020033388982787e-01
6.310517529215359245e-01
5.108514190317196002e-01
3.505843071786310938e-01
3.005008347245409148e-02
-6.010016694490818295e-02
-6.010016694490818295e-02
-5.008347245409015130e-02
-6.010016694490818295e-02
-6.010016694490818295e-02
-5.008347245409015130e-02
-5.008347245409015130e-02
-6.010016694490818295e-02
-6.010016694490818295e-02
-5.008347245409015130e-02
-5.008347245409015130e-02
-5.008347245409015130e-02
-6.010016694490818295e-02
-6.010016694490818295e-02
-6.010016694490818295e-02
-6.010016694490818295e-02
-6.010016694490818295e-02
-5.008347245409015130e-02
-5.008347245409015130e-02
-5.008347245409015130e-02
-5.008347245409015130e-02
-5.008347245409015130e-02
-5.008347245409015130e-02
-5.008347245409015130e-02
