1.903171953255425874e+00
1.863105175292153470e+00
1.823038397328881510e+00
1.782971619365609328e+00
1.752921535893155358e+00
1.712854757929883398e+00
1.662771285475793004e+00
1.632721202003339034e+00
1.582637729549248862e+00
1.532554257095158468e+00
1.482470784641068517e+00
1.442404006677796557e+00
1.382303839732888173e+00
1.342237061769615991e+00
1.282136894824708051e+00
1.222036727879799667e+00
1.161936560934891505e+00
1.101836393989983343e+00
1.021702838063439200e+00
9.515859766277129372e-01
8.714524207011686840e-01
8.013355592654424209e-01
7.011686143572621877e-01
5.409015025041736813e-01
3.806343906510851194e-01
9.015025041736228484e-02
-3.405676126878130483e-01
-3.405676126878130483e-01
-3.405676126878130483e-01
-3.505843071786310938e-01
-3.505843071786310938e-01
-3.405676126878130483e-01
-3.505843071786310938e-01
-3.405676126878130483e-01
-3.405676126878130483e-01
-3.505843071786310938e-01
-3.405676126878130483e-01
-3.405676126878130483e-01
-3.405676126878130483e-01
-3.405676126878130483e-01
-3.505843071786310938e-01
-3.505843071786310938e-01
-3.505843071786310938e-01
-3.405676126878130483e-01
-3.405676126878130483e-01
-3.405676126878130483e-01
-3.405676126878130483e-01
-3.405676126878130483e-01
-3.405676126878130483e-01
-3.405676126878130483e-01
