2.033388981636059967e+00
1.983305509181970017e+00
1.953255425709515825e+00
1.913188647746243864e+00
1.863105175292153470e+00
1.823038397328881510e+00
1.782971619365609328e+00
1.732888146911519378e+00
1.692821368948246974e+00
1.642737896494157024e+00
1.592654424040066852e+00
1.542570951585976902e+00
1.492487479131886507e+00
1.422370617696160355e+00
1.372287145242070183e+00
1.302170283806344031e+00
1.242070116861435869e+00
1.161936560934891505e+00
1.101836393989983343e+00
1.011686143572620988e+00
9.315525876460767352e-01
8.414023372287144920e-01
7.111853088480801777e-01
5.909849749582637424e-01
4.106844741235392560e-01
1.101836393989983343e-01
-5.108514190317196002e-01
-5.008347245409014992e-01
-5.108514190317196002e-01
-5.008347245409014992e-01
-5.008347245409014992e-01
-5.108514190317196002e-01
-5.008347245409014992e-01
-5.108514190317196002e-01
-5.008347245409014992e-01
-5.108514190317196002e-01
-5.108514190317196002e-01
-5.008347245409014992e-01
-5.008347245409014992e-01
-5.008347245409014992e-01
-5.108514190317196002e-01
-5.108514190317196002e-01
-5.108514190317196002e-01
-5.108514190317196002e-01
-5.008347245409014992e-01
-5.008347245409014992e-01
-5.008347245409014992e-01
-5.008347245409014992e-01
-5.008347245409014992e-01
-5.108514190317196002e-01
