2.261194029850746468e+00
2.219780219780219888e+00
2.175942549371634005e+00
2.133802816901408939e+00
2.086058519793459798e+00
2.040404040404040664e+00
1.983305509181970017e+00
1.943238731218697835e+00
1.893155258764607884e+00
1.833055091819699500e+00
1.782971619365609328e+00
1.722871452420701388e+00
1.662771285475793004e+00
1.592654424040066852e+00
1.532554257095158468e+00
1.462437395659432537e+00
1.382303839732888173e+00
1.312186978297162021e+00
1.242070116861435869e+00
1.141903171953255525e+00
1.041736227045075180e+00
9.315525876460767352e-01
8.013355592654424209e-01
6.611018363939900055e-01
4.707846410684474736e-01
1.702838063439065242e-01
-7.212020033388982787e-01
-7.312186978297162687e-01
-7.212020033388982787e-01
-7.312186978297162687e-01
-7.312186978297162687e-01
-7.312186978297162687e-01
-7.212020033388982787e-01
-7.312186978297162687e-01
-7.312186978297162687e-01
-7.212020033388982787e-01
-7.312186978297162687e-01
-7.312186978297162687e-01
-7.212020033388982787e-01
-7.212020033388982787e-01
-7.312186978297162687e-01
-7.312186978297162687e-01
-7.312186978297162687e-01
-7.312186978297162687e-01
-7.312186978297162687e-01
-7.212020033388982787e-01
-7.212020033388982787e-01
-7.212020033388982787e-01
-7.212020033388982787e-01
-7.312186978297162687e-01
