2.395256916996047813e+00
2.348837209302325757e+00
2.304182509505703802e+00
2.256983240223463749e+00
2.211678832116788396e+00
2.160427807486631213e+00
2.107826086956521738e+00
2.054237288135593253e+00
2.003338898163605997e+00
1.943238731218697835e+00
1.883138564273789894e+00
1.823038397328881510e+00
1.752921535893155358e+00
1.692821368948246974e+00
1.632721202003339034e+00
1.552587646076794892e+00
1.472454090150250527e+00
1.402337228714524375e+00
1.312186978297162021e+00
1.212020033388981677e+00
1.111853088480801555e+00
1.001669449081802998e+00
8.614357262103506940e-01
7.111853088480801777e-01
5.008347245409014992e-01
1.903171953255425597e-01
-8.414023372287144920e-01
-8.414023372287144920e-01
-8.414023372287144920e-01
-8.414023372287144920e-01
-8.414023372287144920e-01
-8.414023372287144920e-01
-8.414023372287144920e-01
-8.414023372287144920e-01
-8.414023372287144920e-01
-8.313856427378965019e-01
-8.414023372287144920e-01
-8.414023372287144920e-01
-8.414023372287144920e-01
-8.313856427378965019e-01
-8.414023372287144920e-01
-8.414023372287144920e-01
-8.414023372287144920e-01
-8.414023372287144920e-01
-8.414023372287144920e-01
-8.414023372287144920e-01
-8.313856427378965019e-01
-8.313856427378965019e-01
-8.414023372287144920e-01
-8.414023372287144920e-01
