3.547058823529412042e+00
3.485549132947976858e+00
3.426136363636363757e+00
3.359331476323119681e+00
3.295081967213115082e+00
3.224598930481283876e+00
3.157068062827224963e+00
3.084398976982097196e+00
3.007481296758104605e+00
2.927184466019417730e+00
2.844339622641509635e+00
2.759725400457666122e+00
2.674057649667406000e+00
2.576923076923077094e+00
2.488706365503080331e+00
2.374015748031496287e+00
2.269662921348314821e+00
2.152753108348135047e+00
2.013355592654423987e+00
1.883138564273789894e+00
1.722871452420701388e+00
1.552587646076794892e+00
1.352253756260433981e+00
1.111853088480801555e+00
7.913188647746244309e-01
3.606010016694491394e-01
-2.765957446808510745e-01
-1.672862453531598570e+00
-1.680933852140077844e+00
-1.682926829268292845e+00
-1.677966101694915224e+00
-1.665198237885462618e+00
-1.671232876712328785e+00
-1.669811320754716943e+00
-1.668292682926829418e+00
-1.666666666666666741e+00
-1.656250000000000222e+00
-1.645161290322580516e+00
-1.657458563535911811e+00
-1.636363636363636243e+00
-1.684210526315789380e+00
-1.662650602409638578e+00
-1.666666666666666741e+00
-1.632911392405063333e+00
-1.636363636363636243e+00
-1.668874172185430327e+00
-1.673469387755101900e+00
-1.666666666666666741e+00
-1.659574468085106558e+00
-1.664233576642335732e+00
