1.813021702838063520e+00
1.772954924874791338e+00
1.742904841402337368e+00
1.702838063439064964e+00
1.672787979966610994e+00
1.632721202003339034e+00
1.592654424040066852e+00
1.542570951585976902e+00
1.502504173622704498e+00
1.472454090150250527e+00
1.422370617696160355e+00
1.372287145242070183e+00
1.322203672787980011e+00
1.272120200333890061e+00
1.222036727879799667e+00
1.161936560934891505e+00
1.101836393989983343e+00
1.041736227045075180e+00
9.816360601001670183e-01
9.015025041736227651e-01
8.213689482470785119e-01
7.312186978297162687e-01
6.410684474123540255e-01
5.208681135225375902e-01
3.505843071786310938e-01
4.006677796327212659e-02
-1.502504173622704609e-01
-1.502504173622704609e-01
-1.602671118530885064e-01
-1.602671118530885064e-01
-1.502504173622704609e-01
-1.602671118530885064e-01
-1.502504173622704609e-01
-1.502504173622704609e-01
-1.602671118530885064e-01
-1.502504173622704609e-01
-1.502504173622704609e-01
-1.502504173622704609e-01
-1.502504173622704609e-01
-1.602671118530885064e-01
-1.602671118530885064e-01
-1.602671118530885064e-01
-1.502504173622704609e-01
-1.502504173622704609e-01
-1.502504173622704609e-01
-1.502504173622704609e-01
-1.502504173622704609e-01
-1.502504173622704609e-01
-1.502504173622704609e-01
-1.502504173622704609e-01
