1.853088480801335480e+00
1.813021702838063520e+00
1.782971619365609328e+00
1.752921535893155358e+00
1.712854757929883398e+00
1.672787979966610994e+00
1.632721202003339034e+00
1.582637729549248862e+00
1.542570951585976902e+00
1.502504173622704498e+00
1.452420701168614547e+00
1.402337228714524375e+00
1.352253756260433981e+00
1.302170283806344031e+00
1.252086811352253859e+00
1.191986644407345697e+00
1.141903171953255525e+00
1.071786310517529373e+00
1.001669449081802998e+00
9.315525876460767352e-01
8.514190317195324820e-01
7.612687813021702388e-01
6.510851419031720155e-01
5.208681135225375902e-01
3.606010016694491394e-01
6.010016694490818295e-02
-2.604340567612687951e-01
-2.704507512520868406e-01
-2.704507512520868406e-01
-2.704507512520868406e-01
-2.704507512520868406e-01
-2.604340567612687951e-01
-2.704507512520868406e-01
-2.604340567612687951e-01
-2.604340567612687951e-01
-2.704507512520868406e-01
-2.704507512520868406e-01
-2.604340567612687951e-01
-2.604340567612687951e-01
-2.604340567612687951e-01
-2.604340567612687951e-01
-2.704507512520868406e-01
-2.704507512520868406e-01
-2.704507512520868406e-01
-2.704507512520868406e-01
-2.704507512520868406e-01
-2.604340567612687951e-01
-2.604340567612687951e-01
-2.604340567612687951e-01
-2.604340567612687951e-01
