3.260162601626016343e+00
3.251351351351351671e+00
3.246963562753036658e+00
3.238223418573351609e+00
3.233870967741935498e+00
3.229530201342281970e+00
3.220883534136546267e+00
3.216577540106952071e+00
3.216000000000000192e+00
3.203728362183755340e+00
3.203187250996015756e+00
3.190981432360743053e+00
3.190476190476190688e+00
3.178335535006604928e+00
3.177865612648221649e+00
3.165789473684210709e+00
3.157480314960630086e+00
3.153342070773263561e+00
3.152941176470588580e+00
3.140992167101827715e+00
3.132812500000000000e+00
3.132467532467532401e+00
3.120622568093385674e+00
3.120310478654592767e+00
3.108527131782945929e+00
3.108247422680412875e+00
3.100257069408740573e+00
3.088575096277279108e+00
3.088348271446863524e+00
3.080459770114942764e+00
3.076530612244897878e+00
3.068702290076335881e+00
3.060913705583756528e+00
3.045569620253164800e+00
3.049304677623262183e+00
3.041614123581336759e+00
3.033962264150943611e+00
3.026348808030112636e+00
3.018773466833541974e+00
3.014999999999999680e+00
3.000000000000000000e+00
3.000000000000000000e+00
2.992555831265508726e+00
2.985148514851485135e+00
2.975308641975308976e+00
2.969199178644764014e+00
2.964426877470355937e+00
2.961467889908257156e+00
2.952879581151832689e+00
2.939393939393939448e+00
