3.462163746165898489e-132
1.697551334925318045e-129
9.731171263160744256e-127
6.689889615657271064e-124
5.548796359980132005e-121
5.483926959653841398e-118
6.769566846644066299e-115
1.033253835773714187e-111
2.009315269298860144e-108
5.135806858012997559e-105
1.718451758463448837e-101
7.947325040117110363e-98
5.185042017878140052e-94
4.981583816437034901e-90
7.270166443194733391e-86
1.734119633929001702e-81
7.219057373504370856e-77
5.684308314317723499e-72
9.668626972679688401e-67
4.115793199240713731e-61
5.416983153675041520e-55
8.438502288690956431e-55
7.919585035763625726e-57
3.206985906408051254e-59
-1.000000000000000000e+00
-1.000000000000000000e+00
-1.000000000000000000e+00
-1.000000000000000000e+00
-1.000000000000000000e+00
-1.000000000000000000e+00
-1.000000000000000000e+00
-1.000000000000000000e+00
-1.000000000000000000e+00
-1.000000000000000000e+00
-1.000000000000000000e+00
-1.000000000000000000e+00
-1.000000000000000000e+00
-1.000000000000000000e+00
-1.000000000000000000e+00
-1.000000000000000000e+00
-1.000000000000000000e+00
-1.000000000000000000e+00
-1.000000000000000000e+00
-1.000000000000000000e+00
-1.000000000000000000e+00
-1.000000000000000000e+00
-1.000000000000000000e+00
-1.000000000000000000e+00
-1.000000000000000000e+00
-1.000000000000000000e+00
