5.657799038402389730e-133
2.489738627854397317e-130
1.275632400766206949e-127
7.801274799251232420e-125
5.614123547246080886e-122
4.785993497831621508e-119
4.965345323052555765e-116
6.321975558617379907e-113
1.016569926927122000e-109
2.087094574553277820e-106
5.542582961451998540e-103
1.933880546045839222e-99
9.363433585913941072e-96
6.315310182234180814e-92
6.313485355380429428e-88
9.829755550248078551e-84
2.482485701021694960e-79
1.089925796205018318e-74
9.343337947492071647e-70
1.712041120967097726e-64
8.067702405103229691e-59
2.586929170529074016e-54
2.797288056423798099e-56
1.318389042147948680e-58
1.559179759274464005e-61
-1.000000000000000000e+00
-1.000000000000000000e+00
-1.000000000000000000e+00
-1.000000000000000000e+00
-1.000000000000000000e+00
-1.000000000000000000e+00
-1.000000000000000000e+00
-1.000000000000000000e+00
-1.000000000000000000e+00
-1.000000000000000000e+00
-1.000000000000000000e+00
-1.000000000000000000e+00
-1.000000000000000000e+00
-1.000000000000000000e+00
-1.000000000000000000e+00
-1.000000000000000000e+00
-1.000000000000000000e+00
-1.000000000000000000e+00
-1.000000000000000000e+00
-1.000000000000000000e+00
-1.000000000000000000e+00
-1.000000000000000000e+00
-1.000000000000000000e+00
-1.000000000000000000e+00
-1.000000000000000000e+00
