1.811452863215804010e+00
1.789447361840460049e+00
1.767441860465116532e+00
1.745436359089772571e+00
1.722430607651912915e+00
1.699424856214053481e+00
1.676419104776194047e+00
1.652413103275818917e+00
1.628407101775443788e+00
1.604401100275068659e+00
1.579394848712178057e+00
1.554388597149287232e+00
1.529382345586396630e+00
1.502375593898474637e+00
1.475368842210552645e+00
1.449362340585146347e+00
1.421355338834708437e+00
1.393348337084270971e+00
1.364341085271317811e+00
1.334333583395848732e+00
1.304326081520380098e+00
1.273318329582395325e+00
1.241310327581895523e+00
1.208302075518879803e+00
1.175293823455863862e+00
1.140285071267816974e+00
1.105276319079769864e+00
1.068267066766691586e+00
1.030257564391097835e+00
9.902475618904726939e-01
9.492373093273318574e-01
9.062265566391597416e-01
8.612153038259564575e-01
8.152038009502377003e-01
7.681920480120030259e-01
7.241810452613153259e-01
6.811702925731433211e-01
6.401600400100024846e-01
6.001500375093773432e-01
5.641410352588146493e-01
5.281320330082520664e-01
4.951237809452363470e-01
4.621155288822205720e-01
4.311077769442360763e-01
4.001000250062515806e-01
3.710927731932982532e-01
3.420855213803450923e-01
3.140785196299074600e-01
2.860715178794698832e-01
2.590647661915478905e-01
