1.805714285714285605e+00
1.772428884026258311e+00
1.735849056603773644e+00
1.700502512562814150e+00
1.662487945998071259e+00
1.622222222222222232e+00
1.585040071237755921e+00
1.544520547945205546e+00
1.502471169686985242e+00
1.459159397303727124e+00
1.420932009167303223e+00
1.372606774668630347e+00
1.325762952448545029e+00
1.277701778385772924e+00
1.226912928759894550e+00
1.173027989821882944e+00
1.121472392638036775e+00
1.062093435836783062e+00
1.001140250855188096e+00
9.340659340659340781e-01
8.639491794600318020e-01
7.853018372703413075e-01
6.981818181818181257e-01
6.001571091908877165e-01
4.779874213836478036e-01
-8.672168042010502953e-01
-9.402350587646912672e-01
-1.885471367841960566e+00
-1.885471367841960566e+00
-1.885471367841960566e+00
-1.885471367841960566e+00
-1.885471367841960566e+00
-1.886471617904476039e+00
-1.886471617904476039e+00
-1.885471367841960566e+00
-1.885471367841960566e+00
-1.885471367841960566e+00
-1.886471617904476039e+00
-1.885471367841960566e+00
-1.885471367841960566e+00
-1.885471367841960566e+00
-1.885471367841960566e+00
-1.885471367841960566e+00
-1.885471367841960566e+00
-1.886471617904476039e+00
-1.885471367841960566e+00
-1.885471367841960566e+00
-1.886471617904476039e+00
-1.885471367841960566e+00
-1.885471367841960566e+00
