2.959357065293515478e-199
8.224900485076957705e-198
3.028614072883887697e-196
1.504009937033404871e-194
1.029939044400850928e-192
1.019035236232119748e-190
1.500006201003988554e-188
3.435554721411751301e-186
1.297736486239829467e-183
8.263799078326144541e-181
1.011618187531190831e-177
2.493265038977804239e-174
1.388010764579354740e-170
2.005775201630854846e-166
8.046944797787329336e-162
7.321819468741695412e-157
6.728782429955792487e-149
6.531915384181201137e-146
4.546734305078112747e-149
1.999038873908192283e-152
5.599109966440988968e-156
1.968877310009111426e-159
1.052938071595820289e-162
2.052496126608094260e-164
3.120718919929735809e-157
-1.000000000000000000e+00
-1.000000000000000000e+00
-1.000000000000000000e+00
-1.000000000000000000e+00
-1.000000000000000000e+00
-1.000000000000000000e+00
-1.000000000000000000e+00
-1.000000000000000000e+00
-1.000000000000000000e+00
-1.000000000000000000e+00
-1.000000000000000000e+00
-1.000000000000000000e+00
-1.000000000000000000e+00
-1.000000000000000000e+00
-1.000000000000000000e+00
-1.000000000000000000e+00
-1.000000000000000000e+00
-1.000000000000000000e+00
-1.000000000000000000e+00
-1.000000000000000000e+00
-1.000000000000000000e+00
-1.000000000000000000e+00
-1.000000000000000000e+00
-1.000000000000000000e+00
-1.000000000000000000e+00
