2.438948995363214856e+00
2.400000000000000355e+00
2.347445255474452708e+00
2.299858557284299998e+00
2.252054794520548242e+00
2.204244031830238981e+00
2.151088348271446904e+00
2.096296296296296546e+00
2.040428061831153883e+00
1.981330221703617278e+00
1.918319719953325508e+00
1.862310385064177343e+00
1.792298716452741969e+00
1.722287047841307039e+00
1.652275379229871666e+00
1.575262543757292910e+00
1.494785631517960622e+00
1.415887850467289821e+00
1.326923076923076872e+00
1.219451371571072418e+00
1.108781127129751187e+00
9.901269393511988870e-01
8.530351437699680295e-01
6.750000000000000444e-01
3.956043956043956422e-01
-4.203502919099249002e-01
-4.153461217681401751e-01
-4.153461217681401751e-01
-4.153461217681401751e-01
-4.153461217681401751e-01
-4.153461217681401751e-01
-4.153461217681401751e-01
-4.153461217681401751e-01
-4.153461217681401751e-01
-4.153461217681401751e-01
-4.153461217681401751e-01
-4.153461217681401751e-01
-4.153461217681401751e-01
-4.153461217681401751e-01
-4.203502919099249002e-01
-4.153461217681401751e-01
-4.153461217681401751e-01
-4.153461217681401751e-01
-4.153461217681401751e-01
-4.153461217681401751e-01
-4.153461217681401751e-01
-4.153461217681401751e-01
-4.153461217681401751e-01
-4.153461217681401751e-01
-4.153461217681401751e-01
