2.458715596330275588e+00
2.451219512195121908e+00
2.443768996960486550e+00
2.436363636363636509e+00
2.429003021148036456e+00
2.421686746987952166e+00
2.414414414414414622e+00
2.404785643070788126e+00
2.397614314115308343e+00
2.390485629335976192e+00
2.383399209486166015e+00
2.376354679802955783e+00
2.367026496565260096e+00
2.360078277886497045e+00
2.353170731707317387e+00
2.344023323615160415e+00
2.337209302325581550e+00
2.328185328185328196e+00
2.321462945139557643e+00
2.312559923298178610e+00
2.305927342256214096e+00
2.297142857142857153e+00
2.290598290598290898e+00
2.281929990539262487e+00
2.273327049952874823e+00
2.264788732394366289e+00
2.256314312441534575e+00
2.250000000000000000e+00
2.241635687732342230e+00
2.233333333333333393e+00
2.225092250922509063e+00
2.216911764705882693e+00
2.206770356816102563e+00
2.198723792160437451e+00
2.190735694822888657e+00
2.182805429864253632e+00
2.172972972972973427e+00
2.165170556552962200e+00
2.155495978552278924e+00
2.147818343722172951e+00
2.138297872340425787e+00
2.130742049469965149e+00
2.121372031662269286e+00
2.112084063047285465e+00
2.102877070619006084e+00
2.093750000000000000e+00
2.084701815038894068e+00
2.075731497418244587e+00
2.066838046272494012e+00
2.058020477815699856e+00
