2.443636363636363829e+00
2.408450704225352457e+00
2.367346938775510168e+00
2.321311475409836511e+00
2.278481012658228000e+00
2.238532110091743466e+00
2.188235294117647278e+00
2.141643059490085044e+00
2.103260869565217739e+00
2.052219321148825326e+00
1.984496124031007946e+00
1.935483870967741993e+00
1.887640449438202195e+00
1.828402366863905337e+00
1.773584905660377409e+00
1.708474576271186596e+00
1.650557620817843851e+00
1.575000000000000178e+00
1.514563106796116498e+00
1.409638554216867679e+00
1.372881355932203506e+00
1.200000000000000178e+00
1.165971643035863314e+00
1.065888240200166814e+00
9.507923269391158616e-01
8.156797331109257865e-01
6.605504587155963669e-01
4.453711426188490807e-01
-4.153461217681401751e-01
-4.153461217681401751e-01
-4.153461217681401751e-01
-4.153461217681401751e-01
-4.153461217681401751e-01
-4.153461217681401751e-01
-4.153461217681401751e-01
-4.153461217681401751e-01
-4.153461217681401751e-01
-4.153461217681401751e-01
-4.153461217681401751e-01
-4.153461217681401751e-01
-4.153461217681401751e-01
-4.153461217681401751e-01
-4.153461217681401751e-01
-4.153461217681401751e-01
-4.153461217681401751e-01
-4.153461217681401751e-01
-4.153461217681401751e-01
-4.153461217681401751e-01
-4.153461217681401751e-01
-4.153461217681401751e-01
