2.557009345794392541e+00
2.500934579439252570e+00
2.492481203007518964e+00
2.479245283018868040e+00
2.523900573613766962e+00
2.161764705882353255e+00
2.247191011235955216e+00
2.096118299445471234e+00
1.981651376146789101e+00
1.811934900542495619e+00
1.671428571428571486e+00
1.628571428571428559e+00
1.632432432432432412e+00
1.594936708860759333e+00
1.433155080213903920e+00
1.338053097345132780e+00
1.235915492957746498e+00
9.215358931552587451e-01
8.614357262103506940e-01
8.013355592654424209e-01
7.312186978297162687e-01
6.510851419031720155e-01
5.609348914858097723e-01
4.707846410684474736e-01
3.305509181969950028e-01
9.015025041736228484e-02
-5.709515859766277623e-01
-5.609348914858097723e-01
-5.609348914858097723e-01
-5.609348914858097723e-01
-5.609348914858097723e-01
-5.709515859766277623e-01
-5.609348914858097723e-01
-5.609348914858097723e-01
-5.709515859766277623e-01
-5.609348914858097723e-01
-5.609348914858097723e-01
-5.609348914858097723e-01
-5.609348914858097723e-01
-5.609348914858097723e-01
-5.709515859766277623e-01
-5.709515859766277623e-01
-5.609348914858097723e-01
-5.609348914858097723e-01
-5.609348914858097723e-01
-5.609348914858097723e-01
-5.609348914858097723e-01
-5.609348914858097723e-01
-5.609348914858097723e-01
-5.609348914858097723e-01
