1.592654424040066852e+00
1.562604340567612882e+00
1.522537562604340478e+00
1.492487479131886507e+00
1.472454090150250527e+00
1.422370617696160355e+00
1.402337228714524375e+00
1.362270450751252193e+00
1.322203672787980011e+00
1.292153589315526041e+00
1.252086811352253859e+00
1.202003338898163687e+00
1.161936560934891505e+00
1.121869782971619545e+00
1.071786310517529373e+00
1.021702838063439200e+00
9.716193656093489173e-01
9.215358931552587451e-01
8.614357262103506940e-01
8.013355592654424209e-01
7.312186978297162687e-01
6.611018363939900055e-01
5.609348914858097723e-01
4.707846410684474736e-01
3.305509181969950028e-01
1.302170283806343976e-01
-7.011686143572622154e-02
-2.604340567612687951e-01
-3.459459459459459651e+00
-3.454005934718101134e+00
-3.461538461538461231e+00
-3.451327433628318619e+00
-3.458823529411764408e+00
-3.458823529411764408e+00
-3.458823529411764408e+00
-3.458823529411764408e+00
-3.458823529411764408e+00
-3.458823529411764408e+00
-3.461538461538461231e+00
-3.452513966480446950e+00
-3.462184873949579522e+00
-3.462184873949579522e+00
-3.462184873949579522e+00
-3.462184873949579522e+00
-3.462184873949579522e+00
-3.455056179775281233e+00
-3.455056179775281233e+00
-3.455056179775281233e+00
-3.471910112359550382e+00
-3.455056179775281233e+00
