1.271059216013344484e+00
1.256046705587990031e+00
1.236030025020850687e+00
1.216013344453711564e+00
1.195996663886572220e+00
1.175979983319432876e+00
1.160967472894078645e+00
1.140950792326939300e+00
1.115929941618015064e+00
1.100917431192660612e+00
1.075896580483736598e+00
1.055879899916597253e+00
1.035863219349457909e+00
1.010842368640533895e+00
9.908256880733945504e-01
9.658048373644704254e-01
9.407839866555464114e-01
9.157631359466221754e-01
8.907422852376981615e-01
8.657214345287740365e-01
8.356964136780651309e-01
8.056713928273561143e-01
7.756463719766473197e-01
7.456213511259383031e-01
7.155963302752293975e-01
6.855713094245204919e-01
6.455379482902419142e-01
6.055045871559633364e-01
5.654712260216847586e-01
5.254378648874062918e-01
4.804003336113427669e-01
4.253544620517097363e-01
3.653044203502919252e-01
2.902418682235196612e-01
1.901584653878231890e-01
-6.505421184320267503e-02
-3.953294412010008307e-01
-5.704753961634696502e-01
-7.155963302752293975e-01
-8.457047539616346921e-01
-9.708090075062552060e-01
-1.095913261050875942e+00
-1.226021684737281126e+00
-1.356130108423686531e+00
-1.531276063386155295e+00
-1.861551292743953478e+00
-3.864553314121037531e+00
-3.953051643192488029e+00
-3.952153110047846862e+00
-3.954983922829581999e+00
