1.271059216013344484e+00
1.256046705587990031e+00
1.231025854879066017e+00
1.216013344453711564e+00
1.195996663886572220e+00
1.180984153461217767e+00
1.160967472894078645e+00
1.140950792326939300e+00
1.120934111759799956e+00
1.095913261050875942e+00
1.080900750625521267e+00
1.055879899916597253e+00
1.035863219349457909e+00
1.010842368640533895e+00
9.908256880733945504e-01
9.658048373644704254e-01
9.407839866555464114e-01
9.157631359466221754e-01
8.907422852376981615e-01
8.607172643869891449e-01
8.407005838198498004e-01
8.106755629691410059e-01
7.806505421184321003e-01
7.456213511259383031e-01
7.155963302752293975e-01
6.805671392827357113e-01
6.455379482902419142e-01
6.105087572977481170e-01
5.654712260216847586e-01
5.254378648874062918e-01
4.804003336113427669e-01
4.253544620517097363e-01
3.653044203502919252e-01
2.902418682235196612e-01
1.951626355296080251e-01
-1.306088407005838281e+00
-1.510948905109489315e+00
-1.513416815742397059e+00
-1.510638297872340274e+00
-1.513227513227513255e+00
-1.509234828496042180e+00
-1.511852502194908077e+00
-1.513181019332161759e+00
-1.511259382819015951e+00
-1.511259382819015951e+00
-1.511259382819015951e+00
-1.511259382819015951e+00
-1.511259382819015951e+00
-1.511259382819015951e+00
-1.511259382819015951e+00
