1.500000000000000000e+00
1.500000000000000000e+00
1.500000000000000000e+00
1.500000000000000000e+00
0.000000000000000000e+00
0.000000000000000000e+00
0.000000000000000000e+00
0.000000000000000000e+00
0.000000000000000000e+00
0.000000000000000000e+00
0.000000000000000000e+00
0.000000000000000000e+00
0.000000000000000000e+00
0.000000000000000000e+00
0.000000000000000000e+00
8.571428571428570953e-01
8.571428571428570953e-01
8.571428571428570953e-01
8.571428571428570953e-01
8.571428571428570953e-01
7.500000000000000000e-01
7.500000000000000000e-01
7.500000000000000000e-01
0.000000000000000000e+00
0.000000000000000000e+00
0.000000000000000000e+00
0.000000000000000000e+00
0.000000000000000000e+00
6.666666666666666297e-01
6.666666666666666297e-01
6.000000000000000888e-01
6.000000000000000888e-01
6.000000000000000888e-01
6.000000000000000888e-01
6.000000000000000888e-01
5.454545454545455252e-01
5.454545454545455252e-01
5.454545454545455252e-01
5.454545454545455252e-01
0.000000000000000000e+00
5.000000000000000000e-01
5.000000000000000000e-01
5.000000000000000000e-01
5.000000000000000000e-01
5.000000000000000000e-01
4.615384615384615641e-01
4.615384615384615641e-01
4.615384615384615641e-01
4.615384615384615641e-01
4.615384615384615641e-01
4.285714285714285476e-01
4.285714285714285476e-01
8.571428571428570953e-01
8.571428571428570953e-01
4.285714285714285476e-01
4.000000000000000222e-01
4.000000000000000222e-01
4.000000000000000222e-01
4.000000000000000222e-01
4.000000000000000222e-01
3.750000000000000000e-01
3.750000000000000000e-01
3.750000000000000000e-01
7.500000000000000000e-01
7.500000000000000000e-01
7.058823529411765163e-01
7.058823529411765163e-01
7.058823529411765163e-01
7.058823529411765163e-01
3.529411764705882582e-01
3.333333333333333148e-01
3.333333333333333148e-01
3.333333333333333148e-01
3.333333333333333148e-01
6.666666666666666297e-01
6.315789473684210176e-01
6.315789473684210176e-01
6.315789473684210176e-01
6.315789473684210176e-01
6.315789473684210176e-01
6.000000000000000888e-01
6.000000000000000888e-01
6.000000000000000888e-01
3.000000000000000444e-01
3.000000000000000444e-01
2.857142857142856984e-01
5.714285714285713969e-01
5.714285714285713969e-01
5.714285714285713969e-01
5.714285714285713969e-01
5.454545454545455252e-01
5.454545454545455252e-01
5.454545454545455252e-01
5.454545454545455252e-01
5.454545454545455252e-01
5.217391304347825942e-01
5.217391304347825942e-01
5.217391304347825942e-01
5.217391304347825942e-01
5.217391304347825942e-01
5.000000000000000000e-01
5.000000000000000000e-01
5.000000000000000000e-01
5.000000000000000000e-01
5.000000000000000000e-01
4.800000000000000377e-01
4.800000000000000377e-01
4.800000000000000377e-01
7.199999999999999734e-01
7.199999999999999734e-01
6.923076923076924016e-01
6.923076923076924016e-01
4.615384615384615641e-01
4.615384615384615641e-01
4.615384615384615641e-01
4.444444444444444198e-01
4.444444444444444198e-01
4.444444444444444198e-01
4.444444444444444198e-01
6.666666666666666297e-01
6.428571428571429047e-01
6.428571428571429047e-01
6.428571428571429047e-01
6.428571428571429047e-01
6.428571428571429047e-01
6.206896551724138122e-01
4.137931034482758563e-01
4.137931034482758563e-01
4.137931034482758563e-01
4.137931034482758563e-01
6.000000000000000888e-01
6.000000000000000888e-01
6.000000000000000888e-01
6.000000000000000888e-01
6.000000000000000888e-01
5.806451612903226200e-01
5.806451612903226200e-01
5.806451612903226200e-01
5.806451612903226200e-01
3.870967741935483764e-01
3.750000000000000000e-01
5.625000000000000000e-01
5.625000000000000000e-01
5.625000000000000000e-01
5.625000000000000000e-01
5.454545454545455252e-01
5.454545454545455252e-01
5.454545454545455252e-01
5.454545454545455252e-01
5.454545454545455252e-01
5.294117647058824705e-01
5.294117647058824705e-01
7.058823529411765163e-01
5.294117647058824705e-01
5.294117647058824705e-01
5.142857142857143460e-01
5.142857142857143460e-01
5.142857142857143460e-01
5.142857142857143460e-01
5.142857142857143460e-01
5.000000000000000000e-01
5.000000000000000000e-01
5.000000000000000000e-01
6.666666666666666297e-01
6.666666666666666297e-01
6.486486486486486847e-01
6.486486486486486847e-01
4.864864864864865135e-01
4.864864864864865135e-01
4.864864864864865135e-01
4.736842105263157632e-01
4.736842105263157632e-01
4.736842105263157632e-01
4.736842105263157632e-01
6.315789473684210176e-01
6.153846153846154188e-01
6.153846153846154188e-01
6.153846153846154188e-01
6.153846153846154188e-01
6.153846153846154188e-01
6.000000000000000888e-01
4.500000000000000111e-01
4.500000000000000111e-01
4.500000000000000111e-01
4.500000000000000111e-01
5.853658536585366612e-01
5.853658536585366612e-01
5.853658536585366612e-01
5.853658536585366612e-01
5.853658536585366612e-01
5.714285714285713969e-01
5.714285714285713969e-01
5.714285714285713969e-01
5.714285714285713969e-01
4.285714285714285476e-01
4.186046511627907196e-01
5.581395348837209225e-01
5.581395348837209225e-01
5.581395348837209225e-01
5.581395348837209225e-01
5.454545454545455252e-01
5.454545454545455252e-01
5.454545454545455252e-01
5.454545454545455252e-01
5.454545454545455252e-01
5.333333333333334370e-01
5.333333333333334370e-01
6.666666666666666297e-01
5.333333333333334370e-01
5.333333333333334370e-01
5.217391304347825942e-01
5.217391304347825942e-01
5.217391304347825942e-01
5.217391304347825942e-01
5.217391304347825942e-01
5.106382978723404964e-01
5.106382978723404964e-01
5.106382978723404964e-01
6.382978723404255650e-01
6.382978723404255650e-01
6.250000000000001110e-01
6.250000000000001110e-01
5.000000000000000000e-01
5.000000000000000000e-01
5.000000000000000000e-01
4.897959183673469274e-01
4.897959183673469274e-01
4.897959183673469274e-01
4.897959183673469274e-01
4.897959183673469274e-01
6.000000000000000888e-01
6.000000000000000888e-01
6.000000000000000888e-01
6.000000000000000888e-01
6.000000000000000888e-01
5.882352941176470784e-01
4.705882352941176405e-01
4.705882352941176405e-01
4.705882352941176405e-01
4.705882352941176405e-01
4.615384615384615641e-01
5.769230769230769829e-01
5.769230769230769829e-01
5.769230769230769829e-01
5.769230769230769829e-01
5.660377358490567001e-01
5.660377358490567001e-01
5.660377358490567001e-01
5.660377358490567001e-01
4.528301886792452935e-01
4.444444444444444198e-01
4.444444444444444198e-01
5.555555555555555802e-01
5.555555555555555802e-01
5.555555555555555802e-01
5.454545454545455252e-01
5.454545454545455252e-01
5.454545454545455252e-01
5.454545454545455252e-01
5.454545454545455252e-01
5.357142857142858094e-01
5.357142857142858094e-01
5.357142857142858094e-01
5.357142857142858094e-01
5.357142857142858094e-01
5.263157894736841813e-01
5.263157894736841813e-01
5.263157894736841813e-01
5.263157894736841813e-01
5.263157894736841813e-01
5.172413793103448620e-01
5.172413793103448620e-01
5.172413793103448620e-01
5.172413793103448620e-01
6.206896551724138122e-01
6.101694915254237683e-01
6.101694915254237683e-01
5.084745762711864181e-01
5.084745762711864181e-01
5.084745762711864181e-01
5.000000000000000000e-01
5.000000000000000000e-01
5.000000000000000000e-01
5.000000000000000000e-01
5.000000000000000000e-01
5.901639344262294973e-01
5.901639344262294973e-01
5.901639344262294973e-01
5.901639344262294973e-01
5.901639344262294973e-01
5.806451612903226200e-01
5.806451612903226200e-01
4.838709677419354982e-01
4.838709677419354982e-01
4.838709677419354982e-01
4.761904761904761640e-01
5.714285714285713969e-01
5.714285714285713969e-01
5.714285714285713969e-01
5.714285714285713969e-01
5.625000000000000000e-01
5.625000000000000000e-01
5.625000000000000000e-01
5.625000000000000000e-01
5.625000000000000000e-01
5.538461538461538769e-01
4.615384615384615641e-01
5.538461538461538769e-01
5.538461538461538769e-01
5.538461538461538769e-01
5.454545454545455252e-01
5.454545454545455252e-01
5.454545454545455252e-01
5.454545454545455252e-01
5.454545454545455252e-01
5.373134328358208922e-01
5.373134328358208922e-01
5.373134328358208922e-01
6.268656716417910779e-01
5.373134328358208922e-01
5.294117647058824705e-01
5.294117647058824705e-01
5.294117647058824705e-01
5.294117647058824705e-01
5.294117647058824705e-01
5.217391304347825942e-01
5.217391304347825942e-01
5.217391304347825942e-01
5.217391304347825942e-01
6.086956521739130821e-01
6.000000000000000888e-01
6.000000000000000888e-01
6.000000000000000888e-01
5.142857142857143460e-01
5.142857142857143460e-01
5.070422535211267512e-01
5.070422535211267512e-01
5.070422535211267512e-01
5.070422535211267512e-01
5.070422535211267512e-01
5.833333333333333703e-01
5.833333333333333703e-01
5.833333333333333703e-01
5.833333333333333703e-01
5.833333333333333703e-01
5.753424657534246256e-01
5.753424657534246256e-01
4.931506849315068219e-01
4.931506849315068219e-01
4.931506849315068219e-01
4.864864864864865135e-01
5.675675675675676546e-01
5.675675675675676546e-01
5.675675675675676546e-01
5.675675675675676546e-01
5.600000000000000533e-01
5.600000000000000533e-01
5.600000000000000533e-01
5.600000000000000533e-01
5.600000000000000533e-01
5.526315789473684736e-01
4.736842105263157632e-01
5.526315789473684736e-01
5.526315789473684736e-01
5.526315789473684736e-01
5.454545454545455252e-01
5.454545454545455252e-01
5.454545454545455252e-01
5.454545454545455252e-01
5.454545454545455252e-01
5.384615384615385469e-01
5.384615384615385469e-01
5.384615384615385469e-01
6.153846153846154188e-01
5.384615384615385469e-01
5.316455696202532222e-01
5.316455696202532222e-01
5.316455696202532222e-01
5.316455696202532222e-01
5.316455696202532222e-01
5.250000000000000222e-01
5.250000000000000222e-01
5.250000000000000222e-01
5.250000000000000222e-01
6.000000000000000888e-01
5.925925925925925597e-01
5.925925925925925597e-01
5.925925925925925597e-01
5.185185185185184897e-01
5.185185185185184897e-01
5.121951219512196340e-01
5.121951219512196340e-01
5.121951219512196340e-01
5.121951219512196340e-01
5.121951219512196340e-01
5.783132530120482784e-01
5.783132530120482784e-01
5.783132530120482784e-01
5.783132530120482784e-01
5.783132530120482784e-01
5.714285714285713969e-01
5.714285714285713969e-01
5.000000000000000000e-01
5.000000000000000000e-01
5.000000000000000000e-01
4.941176470588235503e-01
5.647058823529411686e-01
5.647058823529411686e-01
5.647058823529411686e-01
5.647058823529411686e-01
5.581395348837209225e-01
5.581395348837209225e-01
5.581395348837209225e-01
5.581395348837209225e-01
5.581395348837209225e-01
5.517241379310344751e-01
4.827586206896551935e-01
5.517241379310344751e-01
5.517241379310344751e-01
5.517241379310344751e-01
5.454545454545455252e-01
5.454545454545455252e-01
5.454545454545455252e-01
5.454545454545455252e-01
5.454545454545455252e-01
5.393258426966291985e-01
5.393258426966291985e-01
5.393258426966291985e-01
6.067415730337079038e-01
5.393258426966291985e-01
5.333333333333334370e-01
5.333333333333334370e-01
5.333333333333334370e-01
5.333333333333334370e-01
5.333333333333334370e-01
5.274725274725275970e-01
5.274725274725275970e-01
5.274725274725275970e-01
5.274725274725275970e-01
5.934065934065934078e-01
5.869565217391304879e-01
5.869565217391304879e-01
5.869565217391304879e-01
5.217391304347825942e-01
5.217391304347825942e-01
5.161290322580646128e-01
5.161290322580646128e-01
5.161290322580646128e-01
5.161290322580646128e-01
5.161290322580646128e-01
5.744680851063830307e-01
5.744680851063830307e-01
5.744680851063830307e-01
5.744680851063830307e-01
5.744680851063830307e-01
5.684210526315790490e-01
5.684210526315790490e-01
5.052631578947368585e-01
5.052631578947368585e-01
5.052631578947368585e-01
5.000000000000000000e-01
5.625000000000000000e-01
5.625000000000000000e-01
5.625000000000000000e-01
5.625000000000000000e-01
5.567010309278350721e-01
5.567010309278350721e-01
5.567010309278350721e-01
5.567010309278350721e-01
5.567010309278350721e-01
5.510204081632653628e-01
4.897959183673469274e-01
5.510204081632653628e-01
5.510204081632653628e-01
5.510204081632653628e-01
5.454545454545455252e-01
5.454545454545455252e-01
5.454545454545455252e-01
5.454545454545455252e-01
5.454545454545455252e-01
5.400000000000000355e-01
5.400000000000000355e-01
5.400000000000000355e-01
6.000000000000000888e-01
5.400000000000000355e-01
5.346534653465346842e-01
5.346534653465346842e-01
5.346534653465346842e-01
5.346534653465346842e-01
5.346534653465346842e-01
5.294117647058824705e-01
5.294117647058824705e-01
5.294117647058824705e-01
5.294117647058824705e-01
5.882352941176470784e-01
5.825242718446602685e-01
5.825242718446602685e-01
5.825242718446602685e-01
5.242718446601942750e-01
5.242718446601942750e-01
5.192307692307692735e-01
5.192307692307692735e-01
5.192307692307692735e-01
5.192307692307692735e-01
5.192307692307692735e-01
5.714285714285713969e-01
5.714285714285713969e-01
5.714285714285713969e-01
5.714285714285713969e-01
5.714285714285713969e-01
5.660377358490567001e-01
5.660377358490567001e-01
5.094339622641509413e-01
5.094339622641509413e-01
5.094339622641509413e-01
5.046728971962617383e-01
5.607476635514019314e-01
5.607476635514019314e-01
5.607476635514019314e-01
5.607476635514019314e-01
5.555555555555555802e-01
5.555555555555555802e-01
5.555555555555555802e-01
5.555555555555555802e-01
5.555555555555555802e-01
5.504587155963303058e-01
4.954128440366972752e-01
4.954128440366972752e-01
5.504587155963303058e-01
5.504587155963303058e-01
5.454545454545455252e-01
5.454545454545455252e-01
5.454545454545455252e-01
5.454545454545455252e-01
5.454545454545455252e-01
5.405405405405405705e-01
5.405405405405405705e-01
5.405405405405405705e-01
5.405405405405405705e-01
5.405405405405405705e-01
5.357142857142858094e-01
5.357142857142858094e-01
5.357142857142858094e-01
5.357142857142858094e-01
5.357142857142858094e-01
5.309734513274336765e-01
5.309734513274336765e-01
5.309734513274336765e-01
5.309734513274336765e-01
5.309734513274336765e-01
5.789473684210526550e-01
5.789473684210526550e-01
5.789473684210526550e-01
5.263157894736841813e-01
5.263157894736841813e-01
5.217391304347825942e-01
5.217391304347825942e-01
5.217391304347825942e-01
5.217391304347825942e-01
5.217391304347825942e-01
5.172413793103448620e-01
5.689655172413793371e-01
5.689655172413793371e-01
5.689655172413793371e-01
5.689655172413793371e-01
5.641025641025640969e-01
5.641025641025640969e-01
5.128205128205128860e-01
5.128205128205128860e-01
5.128205128205128860e-01
5.084745762711864181e-01
5.084745762711864181e-01
5.593220338983051487e-01
5.593220338983051487e-01
5.593220338983051487e-01
5.546218487394958263e-01
5.546218487394958263e-01
5.546218487394958263e-01
5.546218487394958263e-01
5.546218487394958263e-01
5.500000000000000444e-01
5.000000000000000000e-01
5.000000000000000000e-01
5.500000000000000444e-01
5.500000000000000444e-01
5.454545454545455252e-01
5.454545454545455252e-01
5.454545454545455252e-01
5.454545454545455252e-01
5.454545454545455252e-01
5.409836065573770947e-01
5.409836065573770947e-01
5.409836065573770947e-01
5.409836065573770947e-01
5.409836065573770947e-01
5.365853658536585691e-01
5.365853658536585691e-01
5.365853658536585691e-01
5.365853658536585691e-01
5.365853658536585691e-01
5.322580645161291146e-01
5.322580645161291146e-01
5.322580645161291146e-01
5.322580645161291146e-01
5.322580645161291146e-01
5.760000000000000675e-01
5.760000000000000675e-01
5.760000000000000675e-01
5.280000000000000249e-01
5.280000000000000249e-01
5.238095238095238360e-01
5.238095238095238360e-01
5.238095238095238360e-01
5.238095238095238360e-01
5.238095238095238360e-01
5.196850393700788162e-01
5.669291338582677087e-01
5.669291338582677087e-01
5.669291338582677087e-01
5.669291338582677087e-01
5.625000000000000000e-01
5.625000000000000000e-01
5.156250000000000000e-01
5.156250000000000000e-01
5.156250000000000000e-01
5.116279069767442067e-01
5.116279069767442067e-01
5.581395348837209225e-01
5.581395348837209225e-01
5.581395348837209225e-01
5.538461538461538769e-01
5.538461538461538769e-01
5.538461538461538769e-01
5.538461538461538769e-01
5.538461538461538769e-01
5.496183206106870500e-01
5.038167938931298329e-01
5.038167938931298329e-01
5.496183206106870500e-01
5.496183206106870500e-01
5.454545454545455252e-01
5.454545454545455252e-01
5.454545454545455252e-01
5.454545454545455252e-01
5.454545454545455252e-01
5.413533834586465865e-01
5.413533834586465865e-01
5.413533834586465865e-01
5.413533834586465865e-01
5.413533834586465865e-01
5.373134328358208922e-01
5.373134328358208922e-01
5.373134328358208922e-01
5.373134328358208922e-01
5.373134328358208922e-01
5.333333333333334370e-01
5.333333333333334370e-01
5.333333333333334370e-01
5.333333333333334370e-01
5.333333333333334370e-01
5.735294117647058432e-01
5.735294117647058432e-01
5.735294117647058432e-01
5.735294117647058432e-01
5.294117647058824705e-01
5.255474452554744769e-01
5.255474452554744769e-01
5.255474452554744769e-01
5.255474452554744769e-01
5.255474452554744769e-01
5.217391304347825942e-01
5.652173913043478937e-01
5.652173913043478937e-01
5.652173913043478937e-01
5.652173913043478937e-01
5.611510791366907114e-01
5.611510791366907114e-01
5.611510791366907114e-01
5.179856115107914771e-01
5.179856115107914771e-01
5.142857142857143460e-01
5.142857142857143460e-01
5.571428571428571619e-01
5.571428571428571619e-01
5.571428571428571619e-01
5.531914893617021489e-01
5.531914893617021489e-01
5.531914893617021489e-01
5.531914893617021489e-01
5.531914893617021489e-01
5.492957746478873693e-01
5.492957746478873693e-01
5.070422535211267512e-01
5.492957746478873693e-01
5.492957746478873693e-01
5.454545454545455252e-01
5.454545454545455252e-01
5.454545454545455252e-01
5.454545454545455252e-01
5.454545454545455252e-01
5.416666666666667407e-01
5.416666666666667407e-01
5.416666666666667407e-01
5.416666666666667407e-01
5.833333333333333703e-01
5.793103448275862544e-01
5.379310344827586965e-01
5.379310344827586965e-01
5.379310344827586965e-01
5.379310344827586965e-01
5.342465753424657793e-01
5.342465753424657793e-01
5.342465753424657793e-01
5.342465753424657793e-01
5.342465753424657793e-01
5.714285714285713969e-01
5.714285714285713969e-01
5.714285714285713969e-01
5.714285714285713969e-01
5.306122448979592177e-01
5.270270270270270840e-01
5.270270270270270840e-01
5.270270270270270840e-01
5.270270270270270840e-01
5.270270270270270840e-01
5.234899328859060619e-01
5.637583892617450410e-01
5.637583892617450410e-01
5.637583892617450410e-01
5.637583892617450410e-01
5.600000000000000533e-01
5.600000000000000533e-01
5.600000000000000533e-01
5.200000000000000178e-01
5.200000000000000178e-01
5.165562913907284504e-01
5.165562913907284504e-01
5.562913907284768866e-01
5.562913907284768866e-01
5.562913907284768866e-01
5.526315789473684736e-01
5.526315789473684736e-01
5.526315789473684736e-01
5.526315789473684736e-01
5.526315789473684736e-01
5.490196078431373028e-01
5.490196078431373028e-01
5.098039215686275272e-01
5.490196078431373028e-01
5.490196078431373028e-01
5.454545454545455252e-01
5.454545454545455252e-01
5.454545454545455252e-01
5.454545454545455252e-01
5.454545454545455252e-01
5.419354838709677935e-01
5.419354838709677935e-01
5.419354838709677935e-01
5.419354838709677935e-01
5.806451612903226200e-01
5.769230769230769829e-01
5.384615384615385469e-01
5.384615384615385469e-01
5.384615384615385469e-01
5.384615384615385469e-01
5.350318471337579540e-01
5.350318471337579540e-01
5.350318471337579540e-01
5.350318471337579540e-01
5.350318471337579540e-01
5.696202531645570000e-01
5.696202531645570000e-01
5.696202531645570000e-01
5.696202531645570000e-01
5.316455696202532222e-01
5.283018867924528239e-01
5.283018867924528239e-01
5.283018867924528239e-01
5.283018867924528239e-01
5.283018867924528239e-01
5.250000000000000222e-01
5.625000000000000000e-01
5.625000000000000000e-01
5.625000000000000000e-01
5.625000000000000000e-01
5.590062111801242795e-01
5.590062111801242795e-01
5.590062111801242795e-01
5.217391304347825942e-01
5.217391304347825942e-01
5.185185185185184897e-01
5.185185185185184897e-01
5.555555555555555802e-01
5.555555555555555802e-01
5.555555555555555802e-01
5.521472392638037130e-01
5.521472392638037130e-01
5.521472392638037130e-01
5.521472392638037130e-01
5.521472392638037130e-01
5.487804878048780921e-01
5.487804878048780921e-01
5.121951219512196340e-01
5.487804878048780921e-01
5.487804878048780921e-01
5.454545454545455252e-01
5.454545454545455252e-01
5.454545454545455252e-01
5.454545454545455252e-01
5.454545454545455252e-01
5.421686746987952610e-01
5.421686746987952610e-01
5.421686746987952610e-01
5.421686746987952610e-01
5.783132530120482784e-01
5.748502994011976952e-01
5.389221556886227837e-01
5.389221556886227837e-01
5.389221556886227837e-01
5.389221556886227837e-01
5.357142857142858094e-01
5.357142857142858094e-01
5.357142857142858094e-01
5.357142857142858094e-01
5.357142857142858094e-01
5.680473372781065233e-01
5.680473372781065233e-01
5.680473372781065233e-01
5.680473372781065233e-01
5.325443786982249073e-01
5.294117647058824705e-01
5.294117647058824705e-01
5.294117647058824705e-01
5.294117647058824705e-01
5.294117647058824705e-01
5.263157894736841813e-01
5.263157894736841813e-01
5.614035087719297934e-01
5.614035087719297934e-01
5.614035087719297934e-01
5.581395348837209225e-01
5.581395348837209225e-01
5.581395348837209225e-01
5.232558139534884134e-01
5.232558139534884134e-01
5.202312138728324431e-01
5.202312138728324431e-01
5.202312138728324431e-01
5.549132947976879171e-01
5.549132947976879171e-01
5.517241379310344751e-01
5.517241379310344751e-01
5.517241379310344751e-01
5.517241379310344751e-01
5.517241379310344751e-01
5.485714285714285987e-01
5.485714285714285987e-01
5.142857142857143460e-01
5.142857142857143460e-01
5.485714285714285987e-01
5.454545454545455252e-01
5.454545454545455252e-01
5.454545454545455252e-01
5.454545454545455252e-01
5.454545454545455252e-01
5.423728813559322015e-01
5.423728813559322015e-01
5.423728813559322015e-01
5.423728813559322015e-01
5.423728813559322015e-01
5.730337078651686067e-01
5.393258426966291985e-01
5.393258426966291985e-01
5.393258426966291985e-01
5.393258426966291985e-01
5.363128491620112737e-01
5.363128491620112737e-01
5.363128491620112737e-01
5.363128491620112737e-01
5.363128491620112737e-01
5.333333333333334370e-01
5.666666666666666519e-01
5.666666666666666519e-01
5.666666666666666519e-01
5.333333333333334370e-01
5.303867403314916906e-01
5.303867403314916906e-01
5.303867403314916906e-01
5.303867403314916906e-01
5.303867403314916906e-01
5.274725274725275970e-01
5.274725274725275970e-01
5.604395604395604469e-01
5.604395604395604469e-01
5.604395604395604469e-01
5.573770491803279326e-01
5.573770491803279326e-01
5.573770491803279326e-01
5.245901639344262568e-01
5.245901639344262568e-01
5.217391304347825942e-01
5.217391304347825942e-01
5.217391304347825942e-01
5.543478260869565410e-01
5.543478260869565410e-01
5.513513513513513820e-01
5.513513513513513820e-01
5.513513513513513820e-01
5.513513513513513820e-01
5.513513513513513820e-01
5.483870967741936164e-01
5.483870967741936164e-01
5.161290322580646128e-01
5.161290322580646128e-01
5.483870967741936164e-01
5.454545454545455252e-01
5.454545454545455252e-01
5.454545454545455252e-01
5.454545454545455252e-01
5.454545454545455252e-01
5.425531914893617635e-01
5.425531914893617635e-01
5.425531914893617635e-01
5.425531914893617635e-01
5.425531914893617635e-01
5.714285714285713969e-01
5.396825396825396526e-01
5.396825396825396526e-01
5.396825396825396526e-01
5.396825396825396526e-01
5.368421052631578982e-01
5.368421052631578982e-01
5.368421052631578982e-01
5.368421052631578982e-01
5.368421052631578982e-01
5.340314136125654532e-01
5.654450261780105125e-01
5.654450261780105125e-01
5.654450261780105125e-01
5.340314136125654532e-01
5.312500000000001110e-01
5.312500000000001110e-01
5.312500000000001110e-01
5.312500000000001110e-01
5.312500000000001110e-01
5.284974093264248607e-01
5.284974093264248607e-01
5.595854922279792643e-01
5.595854922279792643e-01
5.595854922279792643e-01
5.567010309278350721e-01
5.567010309278350721e-01
5.567010309278350721e-01
5.257731958762886793e-01
5.257731958762886793e-01
5.230769230769231060e-01
5.230769230769231060e-01
5.230769230769231060e-01
5.538461538461538769e-01
5.538461538461538769e-01
5.510204081632653628e-01
5.510204081632653628e-01
5.510204081632653628e-01
5.510204081632653628e-01
5.510204081632653628e-01
5.482233502538070846e-01
5.482233502538070846e-01
5.177664974619289318e-01
5.177664974619289318e-01
5.482233502538070846e-01
5.454545454545455252e-01
5.454545454545455252e-01
5.454545454545455252e-01
5.454545454545455252e-01
5.454545454545455252e-01
5.427135678391959983e-01
5.427135678391959983e-01
5.427135678391959983e-01
5.427135678391959983e-01
5.427135678391959983e-01
5.700000000000000622e-01
5.400000000000000355e-01
5.400000000000000355e-01
5.400000000000000355e-01
5.400000000000000355e-01
5.373134328358208922e-01
5.373134328358208922e-01
5.373134328358208922e-01
5.373134328358208922e-01
5.373134328358208922e-01
5.346534653465346842e-01
5.643564356435644136e-01
5.643564356435644136e-01
5.643564356435644136e-01
5.346534653465346842e-01
5.320197044334975534e-01
5.320197044334975534e-01
5.320197044334975534e-01
5.320197044334975534e-01
5.320197044334975534e-01
5.294117647058824705e-01
5.294117647058824705e-01
5.588235294117647189e-01
5.588235294117647189e-01
5.588235294117647189e-01
5.560975609756098059e-01
5.560975609756098059e-01
5.560975609756098059e-01
5.268292682926829507e-01
5.268292682926829507e-01
5.242718446601942750e-01
5.242718446601942750e-01
5.242718446601942750e-01
5.533980582524272718e-01
5.533980582524272718e-01
5.507246376811595345e-01
5.507246376811595345e-01
5.507246376811595345e-01
5.507246376811595345e-01
5.507246376811595345e-01
5.480769230769231282e-01
5.480769230769231282e-01
5.192307692307692735e-01
5.192307692307692735e-01
5.480769230769231282e-01
5.454545454545455252e-01
5.454545454545455252e-01
5.454545454545455252e-01
5.454545454545455252e-01
5.454545454545455252e-01
5.428571428571429269e-01
5.428571428571429269e-01
5.428571428571429269e-01
5.428571428571429269e-01
5.428571428571429269e-01
5.687203791469194192e-01
5.402843601895734871e-01
5.402843601895734871e-01
5.402843601895734871e-01
5.402843601895734871e-01
5.377358490566037652e-01
5.377358490566037652e-01
5.377358490566037652e-01
5.377358490566037652e-01
5.377358490566037652e-01
5.352112676056338669e-01
5.633802816901408717e-01
5.633802816901408717e-01
5.633802816901408717e-01
5.633802816901408717e-01
5.607476635514019314e-01
5.327102803738318348e-01
5.327102803738318348e-01
5.327102803738318348e-01
5.327102803738318348e-01
5.302325581395349596e-01
5.302325581395349596e-01
5.581395348837209225e-01
5.581395348837209225e-01
5.581395348837209225e-01
5.555555555555555802e-01
5.555555555555555802e-01
5.555555555555555802e-01
5.555555555555555802e-01
5.277777777777777901e-01
5.253456221198157250e-01
5.253456221198157250e-01
5.253456221198157250e-01
5.529953917050691725e-01
5.529953917050691725e-01
5.504587155963303058e-01
5.504587155963303058e-01
5.504587155963303058e-01
5.504587155963303058e-01
5.504587155963303058e-01
5.479452054794520244e-01
5.479452054794520244e-01
5.479452054794520244e-01
5.205479452054794232e-01
5.479452054794520244e-01
5.454545454545455252e-01
5.454545454545455252e-01
5.454545454545455252e-01
5.454545454545455252e-01
5.454545454545455252e-01
5.429864253393665852e-01
5.429864253393665852e-01
5.429864253393665852e-01
5.429864253393665852e-01
5.429864253393665852e-01
5.675675675675676546e-01
5.675675675675676546e-01
5.405405405405405705e-01
5.405405405405405705e-01
5.405405405405405705e-01
5.381165919282511201e-01
5.381165919282511201e-01
5.381165919282511201e-01
5.381165919282511201e-01
5.381165919282511201e-01
5.357142857142858094e-01
5.625000000000000000e-01
5.625000000000000000e-01
5.625000000000000000e-01
5.625000000000000000e-01
5.600000000000000533e-01
5.333333333333334370e-01
5.333333333333334370e-01
5.333333333333334370e-01
5.333333333333334370e-01
5.309734513274336765e-01
5.309734513274336765e-01
5.575221238938053991e-01
5.575221238938053991e-01
5.575221238938053991e-01
5.550660792951541689e-01
5.550660792951541689e-01
5.550660792951541689e-01
5.550660792951541689e-01
5.286343612334802877e-01
5.263157894736841813e-01
5.263157894736841813e-01
5.263157894736841813e-01
5.526315789473684736e-01
5.526315789473684736e-01
5.502183406113537734e-01
5.502183406113537734e-01
5.502183406113537734e-01
5.502183406113537734e-01
5.502183406113537734e-01
5.478260869565217961e-01
5.478260869565217961e-01
5.478260869565217961e-01
5.217391304347825942e-01
5.478260869565217961e-01
5.454545454545455252e-01
5.454545454545455252e-01
5.454545454545455252e-01
5.454545454545455252e-01
5.454545454545455252e-01
5.431034482758620996e-01
5.431034482758620996e-01
5.431034482758620996e-01
5.431034482758620996e-01
5.431034482758620996e-01
5.407725321888412484e-01
5.665236051502147152e-01
5.407725321888412484e-01
5.407725321888412484e-01
5.407725321888412484e-01
5.384615384615385469e-01
5.384615384615385469e-01
5.384615384615385469e-01
5.384615384615385469e-01
5.384615384615385469e-01
5.361702127659575545e-01
5.361702127659575545e-01
5.617021276595745016e-01
5.617021276595745016e-01
5.617021276595745016e-01
5.593220338983051487e-01
5.338983050847457834e-01
5.338983050847457834e-01
5.338983050847457834e-01
5.338983050847457834e-01
5.316455696202532222e-01
5.316455696202532222e-01
5.316455696202532222e-01
5.569620253164557777e-01
5.569620253164557777e-01
5.546218487394958263e-01
5.546218487394958263e-01
5.546218487394958263e-01
5.546218487394958263e-01
5.294117647058824705e-01
5.271966527196653152e-01
5.271966527196653152e-01
5.271966527196653152e-01
5.271966527196653152e-01
5.523012552301256317e-01
