7.512520868113522488e-01
7.212020033388982787e-01
6.811352253756260966e-01
6.310517529215359245e-01
5.909849749582637424e-01
5.308848080133555802e-01
4.808013355592654636e-01
4.106844741235392560e-01
3.505843071786310938e-01
2.904841402337228762e-01
2.404006677796327318e-01
1.803005008347245697e-01
1.302170283806343976e-01
7.011686143572622154e-02
2.003338898163606330e-02
-3.005008347245409148e-02
-9.015025041736228484e-02
-1.402337228714524431e-01
-2.003338898163606052e-01
-2.604340567612687951e-01
-3.205342237061770128e-01
-4.006677796327212104e-01
-4.908180300500835092e-01
-6.110183639398998334e-01
-7.913188647746244309e-01
-1.242070116861435869e+00
-1.883138564273789894e+00
-1.953255425709515825e+00
-1.963272120200334037e+00
-1.963272120200334037e+00
-1.963272120200334037e+00
-1.963272120200334037e+00
-1.963272120200334037e+00
-1.973288814691152027e+00
-1.963272120200334037e+00
-1.963272120200334037e+00
-1.963272120200334037e+00
-1.973288814691152027e+00
-1.963272120200334037e+00
-1.963272120200334037e+00
-1.963272120200334037e+00
-1.963272120200334037e+00
-1.973288814691152027e+00
-1.963272120200334037e+00
-1.963272120200334037e+00
-1.963272120200334037e+00
-1.963272120200334037e+00
-1.963272120200334037e+00
-1.973288814691152027e+00
-1.963272120200334037e+00
