7.512520868113522488e-01
7.212020033388982787e-01
6.811352253756260966e-01
6.310517529215359245e-01
5.809682804674457524e-01
5.308848080133555802e-01
4.707846410684474736e-01
4.207011686143572460e-01
3.606010016694491394e-01
3.005008347245409217e-01
2.404006677796327318e-01
1.903171953255425597e-01
1.302170283806343976e-01
8.013355592654425319e-02
3.005008347245409148e-02
-2.003338898163606330e-02
-7.011686143572622154e-02
-1.202003338898163659e-01
-1.702838063439065242e-01
-2.303839732888146863e-01
-2.804674457429048862e-01
-3.405676126878130483e-01
-4.106844741235392560e-01
-4.908180300500835092e-01
-5.809682804674457524e-01
-6.911519198664440866e-01
-8.714524207011686840e-01
-1.222036727879799667e+00
-1.983305509181970017e+00
-2.083472454090150361e+00
-2.093489148580968351e+00
-2.093489148580968351e+00
-2.104026845637584131e+00
-2.104553119730185884e+00
-2.105084745762712206e+00
-2.102040816326530948e+00
-2.105621805792163848e+00
-2.102564102564102644e+00
-2.106164383561643927e+00
-2.099485420240137401e+00
-2.099485420240137401e+00
-2.103092783505154717e+00
-2.106712564543889776e+00
-2.106712564543889776e+00
-2.106712564543889776e+00
-2.100000000000000089e+00
-2.100000000000000089e+00
-2.100000000000000089e+00
-2.103626943005181715e+00
-2.103626943005181715e+00
