7.512520868113522488e-01
7.111853088480801777e-01
6.711185308848079956e-01
6.310517529215359245e-01
5.909849749582637424e-01
5.208681135225375902e-01
4.707846410684474736e-01
4.006677796327212104e-01
3.305509181969950028e-01
2.504173622704507496e-01
1.502504173622704609e-01
4.006677796327212659e-02
-1.101836393989983343e-01
-9.215358931552587451e-01
-9.215358931552587451e-01
-9.315525876460767352e-01
-9.315525876460767352e-01
-9.215358931552587451e-01
-9.215358931552587451e-01
-9.215358931552587451e-01
-9.315525876460767352e-01
-9.315525876460767352e-01
-9.315525876460767352e-01
-9.315525876460767352e-01
-9.215358931552587451e-01
-9.315525876460767352e-01
-9.315525876460767352e-01
-9.215358931552587451e-01
-9.315525876460767352e-01
-9.315525876460767352e-01
-9.215358931552587451e-01
-9.315525876460767352e-01
-9.315525876460767352e-01
-9.215358931552587451e-01
-9.315525876460767352e-01
-9.315525876460767352e-01
-9.315525876460767352e-01
-9.215358931552587451e-01
-9.215358931552587451e-01
-9.315525876460767352e-01
-9.315525876460767352e-01
-9.315525876460767352e-01
-9.315525876460767352e-01
-9.215358931552587451e-01
-9.215358931552587451e-01
-9.215358931552587451e-01
-9.315525876460767352e-01
-9.315525876460767352e-01
-9.315525876460767352e-01
-9.315525876460767352e-01
