7.612687813021702388e-01
7.212020033388982787e-01
6.711185308848079956e-01
6.310517529215359245e-01
5.909849749582637424e-01
5.308848080133555802e-01
4.707846410684474736e-01
4.006677796327212104e-01
3.205342237061770128e-01
2.203672787979966685e-01
7.011686143572622154e-02
-4.808013355592654636e-01
-4.808013355592654636e-01
-4.808013355592654636e-01
-4.808013355592654636e-01
-4.908180300500835092e-01
-4.808013355592654636e-01
-4.808013355592654636e-01
-4.808013355592654636e-01
-4.908180300500835092e-01
-4.808013355592654636e-01
-4.908180300500835092e-01
-4.808013355592654636e-01
-4.908180300500835092e-01
-4.908180300500835092e-01
-4.808013355592654636e-01
-4.808013355592654636e-01
-4.908180300500835092e-01
-4.908180300500835092e-01
-4.808013355592654636e-01
-4.808013355592654636e-01
-4.808013355592654636e-01
-4.908180300500835092e-01
-4.908180300500835092e-01
-4.908180300500835092e-01
-4.908180300500835092e-01
-4.808013355592654636e-01
-4.808013355592654636e-01
-4.808013355592654636e-01
-4.808013355592654636e-01
-4.808013355592654636e-01
-4.908180300500835092e-01
-4.908180300500835092e-01
-4.908180300500835092e-01
-4.908180300500835092e-01
-4.908180300500835092e-01
-4.908180300500835092e-01
-4.908180300500835092e-01
-4.908180300500835092e-01
-4.808013355592654636e-01
