2.099467140319716041e+00
2.089285714285714413e+00
2.071556350626118093e+00
1.996441281138789936e+00
1.957219251336898669e+00
1.869026548672566346e+00
1.798941798941798842e+00
1.702276707530648192e+00
1.663157894736841946e+00
1.621052631578947523e+00
1.544658493870402882e+00
1.479020979020979176e+00
1.437062937062937085e+00
1.371727748691099702e+00
1.264248704663212486e+00
1.202072538860103679e+00
1.075085324232081918e+00
9.215358931552587451e-01
8.614357262103506940e-01
8.013355592654424209e-01
7.312186978297162687e-01
6.510851419031720155e-01
5.709515859766277623e-01
4.707846410684474736e-01
3.305509181969950028e-01
1.101836393989983343e-01
-2.245544554455445763e+00
-2.245614035087719174e+00
-2.244186046511627897e+00
-2.247104247104247055e+00
-2.242774566473988873e+00
-2.250000000000000000e+00
-2.238461538461538503e+00
-2.250000000000000000e+00
-2.242774566473988873e+00
-2.245871559633027648e+00
-2.245871559633027648e+00
-2.245871559633027648e+00
-2.245871559633027648e+00
-2.250000000000000000e+00
-2.238970588235294379e+00
-2.238970588235294379e+00
-2.250000000000000000e+00
-2.238970588235294379e+00
-2.238970588235294379e+00
-2.238970588235294379e+00
-2.250000000000000000e+00
-2.238970588235294379e+00
-2.243093922651933969e+00
-2.243093922651933969e+00
