1.592654424040066852e+00
1.552587646076794892e+00
1.522537562604340478e+00
1.492487479131886507e+00
1.472454090150250527e+00
1.422370617696160355e+00
1.392320534223706163e+00
1.362270450751252193e+00
1.322203672787980011e+00
1.292153589315526041e+00
1.252086811352253859e+00
1.202003338898163687e+00
1.161936560934891505e+00
1.121869782971619545e+00
1.071786310517529373e+00
1.021702838063439200e+00
9.716193656093489173e-01
9.215358931552587451e-01
8.614357262103506940e-01
8.013355592654424209e-01
7.312186978297162687e-01
6.611018363939900055e-01
5.609348914858097723e-01
4.707846410684474736e-01
3.305509181969950028e-01
1.302170283806343976e-01
-7.011686143572622154e-02
-2.303839732888146863e-01
-4.006677796327212104e-01
-3.664556962025316889e+00
-3.660377358490566113e+00
-3.656250000000000000e+00
-3.663551401869158841e+00
-3.663551401869158841e+00
-3.663551401869158841e+00
-3.663551401869158841e+00
-3.682242990654205350e+00
-3.675000000000000266e+00
-3.663716814159291957e+00
-3.663716814159291957e+00
-3.663716814159291957e+00
-3.656804733727810675e+00
-3.674556213017751816e+00
-3.656804733727810675e+00
-3.656804733727810675e+00
-3.674556213017751816e+00
-3.667655786350148439e+00
-3.667655786350148439e+00
-3.667655786350148439e+00
-3.667655786350148439e+00
