1.592654424040066852e+00
1.562604340567612882e+00
1.532554257095158468e+00
1.492487479131886507e+00
1.462437395659432537e+00
1.432387312186978345e+00
1.392320534223706163e+00
1.362270450751252193e+00
1.322203672787980011e+00
1.282136894824708051e+00
1.242070116861435869e+00
1.202003338898163687e+00
1.161936560934891505e+00
1.111853088480801555e+00
1.071786310517529373e+00
1.021702838063439200e+00
9.716193656093489173e-01
9.115191986644407551e-01
8.514190317195324820e-01
7.913188647746244309e-01
7.312186978297162687e-01
6.510851419031720155e-01
5.709515859766277623e-01
4.607679465776293726e-01
3.305509181969950028e-01
1.402337228714524431e-01
-1.001669449081803165e-02
-1.202003338898163659e-01
-2.203672787979966685e-01
-3.005008347245409217e-01
-3.806343906510851194e-01
-4.607679465776293726e-01
-5.308848080133555802e-01
-6.110183639398998334e-01
-6.911519198664440866e-01
-7.712854757929884508e-01
-8.714524207011686840e-01
-9.816360601001670183e-01
-1.121869782971619545e+00
-1.262103505843071849e+00
-1.402337228714524375e+00
-1.552587646076794892e+00
-1.682804674457428984e+00
-1.792988313856427540e+00
-1.893155258764607884e+00
-1.983305509181970017e+00
-2.054514480408858645e+00
-2.119507908611599323e+00
-2.191681735985533841e+00
-2.237476808905380476e+00
