1.776480400333611431e+00
1.751459549624687417e+00
1.731442869057548073e+00
1.716430358632193620e+00
1.691409507923269384e+00
1.676396997497914931e+00
1.651376146788990917e+00
1.631359466221851573e+00
1.611342785654712229e+00
1.586321934945788215e+00
1.561301084236864201e+00
1.541284403669724856e+00
1.521267723102585512e+00
1.496246872393661498e+00
1.466221851542952592e+00
1.446205170975813248e+00
1.416180150125104342e+00
1.396163469557964998e+00
1.366138448707256092e+00
1.341117597998332078e+00
1.316096747289408064e+00
1.281067556296914045e+00
1.256046705587990031e+00
1.226021684737281126e+00
1.195996663886572220e+00
1.165971643035863314e+00
1.130942452043369517e+00
1.100917431192660612e+00
1.060884070058381923e+00
1.025854879065888348e+00
9.908256880733945504e-01
9.557964970809007532e-01
9.107589658048373948e-01
8.707256046705588171e-01
8.206839032527106781e-01
7.756463719766473197e-01
7.256046705587990697e-01
6.705587989991660391e-01
6.155129274395330086e-01
5.554628857381150864e-01
4.954128440366972752e-01
4.353628023352794085e-01
3.753127606338615418e-01
3.052543786488740585e-01
2.351959966638866029e-01
1.551292743953294473e-01
6.005004170141784586e-02
-7.005838198498749725e-02
-9.708090075062552060e-01
-9.708090075062552060e-01
