1.765567765567765735e+00
1.728937728937728791e+00
1.692307692307692291e+00
1.653658536585365990e+00
1.609756097560975707e+00
1.571254567600487428e+00
1.523693803159174021e+00
1.485436893203883502e+00
1.430992736077481897e+00
1.382388419782871081e+00
1.334134615384615419e+00
1.290400972053463047e+00
1.228287841191066931e+00
1.175572519083969647e+00
1.115183246073298440e+00
1.050203527815468219e+00
9.801136363636364646e-01
9.049773755656108642e-01
8.177339901477832518e-01
7.303370786516855118e-01
6.217616580310880714e-01
4.914992272024729658e-01
3.079056865464632753e-01
-9.708090075062552060e-01
-9.708090075062552060e-01
-9.708090075062552060e-01
-9.708090075062552060e-01
-9.708090075062552060e-01
-9.708090075062552060e-01
-9.708090075062552060e-01
-9.708090075062552060e-01
-9.708090075062552060e-01
-9.708090075062552060e-01
-9.708090075062552060e-01
-9.708090075062552060e-01
-9.708090075062552060e-01
-9.708090075062552060e-01
-9.708090075062552060e-01
-9.708090075062552060e-01
-9.708090075062552060e-01
-9.708090075062552060e-01
-9.708090075062552060e-01
-9.708090075062552060e-01
-9.708090075062552060e-01
-9.708090075062552060e-01
-9.708090075062552060e-01
-9.708090075062552060e-01
-9.708090075062552060e-01
-9.708090075062552060e-01
-9.708090075062552060e-01
