3.769225270059660708e-64
3.519182785283024609e-65
3.270598032349337967e-66
2.453687609194792303e-67
1.696099834247176364e-68
5.878905114204227557e-69
1.276680053922568395e-68
4.123559945394382444e-68
1.811105664877969004e-67
1.236951355815291126e-66
1.349794841744097555e-65
2.429054814539767073e-64
9.230307032428343636e-63
6.913260248128694353e-61
1.068466699111315996e-58
4.854081744771492251e-56
5.600174210267837430e-53
2.351622648516744336e-49
3.876153934529479485e-45
1.307169942294532610e-42
2.381349924586077749e-43
7.013822881958943328e-44
4.523702621068009895e-44
3.069461032240116459e-43
-1.000000000000000000e+00
7.273999393413569381e-01
-1.000000000000000000e+00
-1.000000000000000000e+00
-1.000000000000000000e+00
-1.000000000000000000e+00
-1.000000000000000000e+00
-1.000000000000000000e+00
-1.000000000000000000e+00
-1.000000000000000000e+00
-1.000000000000000000e+00
-1.000000000000000000e+00
-1.000000000000000000e+00
-1.000000000000000000e+00
-1.000000000000000000e+00
-1.000000000000000000e+00
-1.000000000000000000e+00
-1.000000000000000000e+00
-1.000000000000000000e+00
-1.000000000000000000e+00
-1.000000000000000000e+00
-1.000000000000000000e+00
-1.000000000000000000e+00
-1.000000000000000000e+00
-1.000000000000000000e+00
-1.000000000000000000e+00
