1.766871165644172015e+00
1.724999999999999867e+00
1.695238095238095211e+00
1.650485436893204039e+00
1.629139072847682224e+00
1.581081081081080919e+00
1.545762711864406835e+00
1.510204081632653184e+00
1.469387755102040893e+00
1.423728813559322237e+00
1.383050847457627297e+00
1.337837837837837940e+00
1.288590604026845776e+00
1.235880398671096447e+00
1.184210526315789602e+00
1.129870129870129913e+00
1.073482428115015930e+00
1.031250000000000000e+00
9.512195121951220189e-01
8.944099378881987805e-01
8.108108108108108558e-01
7.181467181467181549e-01
6.439024390243902607e-01
5.357142857142858094e-01
3.367346938775510612e-01
1.807228915662650870e-02
-3.806343906510851194e-01
-3.906510851419032204e-01
-3.806343906510851194e-01
-3.806343906510851194e-01
-3.906510851419032204e-01
-3.806343906510851194e-01
-3.806343906510851194e-01
-3.906510851419032204e-01
-3.906510851419032204e-01
-3.906510851419032204e-01
-3.806343906510851194e-01
-3.806343906510851194e-01
-3.806343906510851194e-01
-3.806343906510851194e-01
-3.806343906510851194e-01
-3.906510851419032204e-01
-3.906510851419032204e-01
-3.906510851419032204e-01
-3.906510851419032204e-01
-3.906510851419032204e-01
-3.906510851419032204e-01
-3.906510851419032204e-01
-3.906510851419032204e-01
-3.906510851419032204e-01
