1.774266365688487612e+00
1.741496598639455939e+00
1.698630136986301276e+00
1.655172413793103425e+00
1.625000000000000000e+00
1.584112149532710401e+00
1.552941176470588491e+00
1.500000000000000000e+00
1.471153846153846256e+00
1.434146341463414576e+00
1.381188118811881305e+00
1.333333333333333259e+00
1.286821705426356655e+00
1.244680851063829863e+00
1.196675900277008431e+00
1.129411764705882337e+00
1.071428571428571619e+00
1.013333333333333419e+00
9.515859766277129372e-01
8.814691151919866741e-01
8.013355592654424209e-01
7.212020033388982787e-01
6.210350584307179345e-01
5.008347245409014992e-01
3.505843071786310938e-01
1.101836393989983343e-01
-1.001669449081803026e-01
-2.704507512520868406e-01
-4.307178631051753470e-01
-6.110183639398998334e-01
-4.111888111888112540e+00
-4.103092783505155161e+00
-4.102040816326530503e+00
-4.122448979591837315e+00
-4.102040816326530503e+00
-4.108474576271186507e+00
-4.113712374581940168e+00
-4.114864864864865801e+00
-4.121212121212121104e+00
-4.105263157894737169e+00
-4.117647058823529882e+00
-4.098039215686275050e+00
-4.111475409836065964e+00
-4.111475409836065964e+00
-4.111475409836065964e+00
-4.111475409836065964e+00
-4.111475409836065964e+00
-4.111475409836065964e+00
-4.105263157894737169e+00
-4.105263157894737169e+00
