1.766871165644172015e+00
1.724999999999999867e+00
1.695238095238095211e+00
1.650485436893204039e+00
1.629139072847682224e+00
1.579999999999999849e+00
1.550335570469798752e+00
1.510067114093959884e+00
1.474747474747474696e+00
1.434343434343434476e+00
1.393939393939394034e+00
1.328859060402684644e+00
1.284280936454849531e+00
1.235880398671096447e+00
1.184210526315789602e+00
1.129870129870129913e+00
1.076923076923077094e+00
1.018867924528301883e+00
9.570552147239264063e-01
8.730650154798761386e-01
8.108108108108108558e-01
7.153846153846155076e-01
6.086956521739130821e-01
5.172413793103448620e-01
3.505843071786310938e-01
3.592814371257485595e-02
-6.510851419031720155e-01
-6.410684474123540255e-01
-6.510851419031720155e-01
-6.510851419031720155e-01
-6.510851419031720155e-01
-6.510851419031720155e-01
-6.510851419031720155e-01
-6.510851419031720155e-01
-6.510851419031720155e-01
-6.410684474123540255e-01
-6.510851419031720155e-01
-6.510851419031720155e-01
-6.510851419031720155e-01
-6.510851419031720155e-01
-6.510851419031720155e-01
-6.510851419031720155e-01
-6.510851419031720155e-01
-6.510851419031720155e-01
-6.510851419031720155e-01
-6.410684474123540255e-01
-6.410684474123540255e-01
-6.510851419031720155e-01
-6.510851419031720155e-01
-6.510851419031720155e-01
