[[ 4.36250500e+01  2.37499000e+01  1.43095238e+01  9.95458183e+00
   7.44457783e+00  5.58623449e+00  4.50020008e+00  3.51160464e+00
   2.56562625e+00  1.87995198e+00  1.15366146e+00  1.00000000e+00
  -1.16686675e+00  0.00000000e+00  0.00000000e+00  0.00000000e+00
   0.00000000e+00  0.00000000e+00]
 [ 1.94443177e+02  7.18889556e+01  3.98571429e+01  2.69069628e+01
   1.92196879e+01  1.44781913e+01  1.11250500e+01  8.81812725e+00
   7.03861545e+00  5.66646659e+00  4.63165266e+00  3.74089636e+00
   3.00000000e+00  2.30452181e+00  1.60024010e+00  1.00000000e+00
   1.00000000e+00 -1.00000000e+00]
 [ 4.82618047e+02  1.28333133e+02  6.90346138e+01  4.51888756e+01
   3.19763906e+01  2.38571429e+01  1.81316527e+01  1.41170468e+01
   1.11062425e+01  8.84233693e+00  7.11764706e+00  5.68367347e+00
   4.56462585e+00  3.63085234e+00  2.82132853e+00  2.09723890e+00
   1.30452181e+00  1.00000000e+00]
 [ 9.05507803e+02  1.87242897e+02  9.86452581e+01  6.37521008e+01
   4.47330932e+01  3.30370148e+01  2.50792317e+01  1.94167667e+01
   1.51664666e+01  1.19585834e+01  9.46698679e+00  7.47058824e+00
   5.96238495e+00  4.69007603e+00  3.68447379e+00  2.75630252e+00
   1.95978391e+00  1.08063225e+00]
 [ 2.11086515e+03  2.47019408e+02  1.28069228e+02  8.22410964e+01
   5.74677871e+01  4.22571028e+01  3.19479792e+01  2.46378551e+01
   1.91934774e+01  1.50216086e+01  1.18091236e+01  9.26170468e+00
   7.25350140e+00  5.63705482e+00  4.35034014e+00  3.31192477e+00
   2.37094838e+00  1.46458583e+00]
 [ 3.14598519e+03  3.06152061e+02  1.57333333e+02  1.00584434e+02
   7.01052421e+01  5.14363745e+01  3.87935174e+01  2.98499400e+01
   2.31658663e+01  1.80560224e+01  1.41148459e+01  1.09963986e+01
   8.52160864e+00  6.53421369e+00  5.00000000e+00  3.74369748e+00
   2.70068027e+00  1.73329332e+00]]