[[  136.1062425     39.45978391    23.06702681    15.39455782
     11.54361745     8.94017607     7.23929572     5.72669068
      4.68647459 -1258.06762705 -1012.57022809 -1128.13785514
   -600.32272909 -1102.77831132  -979.14805922  -224.98497295
      0.             0.        ]
 [  457.36854742    93.91836735    49.82192877    32.61784714
     23.3917567     17.44697879    13.30812325    10.6072429
      8.59363745 -1318.77831132  -833.50780312  -937.71128451
   -886.81172469 -1124.01740696  -986.20748299 -1070.76010404
    -92.88815394  -312.03301321]
 [ 1075.88815526   151.09063625    78.67366947    51.37254902
     35.3897559     26.46738695    19.84053621    15.68707483
     12.28851541     9.82172869  -168.27090836 -1023.95178071
  -1277.31832733 -1023.22809124 -1139.54661865 -1069.97378952
  -1073.05102041   -84.27851673]
 [ 2308.91536615   210.03161265   106.71368547    68.43517407
     48.27511004    35.29811925    26.91936775    20.53401361
     16.17206883    12.69547819    10.09563826     8.12745098
    -66.79511805 -1160.71908764  -392.82933173 -1110.56862745
   -506.28231293  -997.34753902]
 [ 3277.69547819   267.17947179   136.77230892    86.57703081
     60.51980792    44.29631853    33.37555022    25.8567427
     20.1132453     15.63545418    12.31872749     9.70008003
    -86.03541417  -233.04701881 -1111.02440976 -1158.8497399
  -1072.54521809  -684.23909564]
 [ 3299.38115246   327.31312525   165.56562625   104.5080032
     73.44557823    53.35094038    40.13405362    31.005002
     23.99039616    18.64505802    14.51560624 -1196.16286515
      8.84713886 -1235.52160864 -1190.32993197  -966.06022409
   -418.69287715  -106.95298119]]