1.926605504587156181e+00
1.926605504587156181e+00
1.921601334445371068e+00
1.916597164303586398e+00
1.916597164303586398e+00
1.911592994161801506e+00
1.906588824020016837e+00
1.901584653878231723e+00
1.896580483736447054e+00
1.891576313594662384e+00
1.891576313594662384e+00
1.886572143452877492e+00
1.881567973311092823e+00
1.876563803169307709e+00
1.871559633027523040e+00
1.871559633027523040e+00
1.861551292743953478e+00
1.861551292743953478e+00
1.856547122602168365e+00
1.856547122602168365e+00
1.846538782318598804e+00
1.846538782318598804e+00
1.841534612176814134e+00
1.836530442035029465e+00
1.831526271893244351e+00
1.831526271893244351e+00
1.821517931609674790e+00
1.821517931609674790e+00
1.811509591326105006e+00
1.811509591326105006e+00
1.801501251042535445e+00
1.801501251042535445e+00
1.801501251042535445e+00
1.791492910758965662e+00
1.791492910758965662e+00
1.781484570475396323e+00
1.781484570475396323e+00
1.776480400333611431e+00
1.766472060050041648e+00
1.766472060050041648e+00
1.761467889908256979e+00
1.756463719766472087e+00
1.751459549624687417e+00
1.752704791344667834e+00
1.739534883720930125e+00
1.742236024844720621e+00
1.742222222222222339e+00
1.727272727272727515e+00
1.727748691099476597e+00
1.717528373266078434e+00
