8.514190317195324820e-01
8.313856427378965019e-01
8.113522537562604109e-01
7.913188647746244309e-01
7.612687813021702388e-01
7.312186978297162687e-01
7.111853088480801777e-01
6.911519198664440866e-01
6.611018363939900055e-01
6.410684474123540255e-01
6.010016694490818434e-01
5.809682804674457524e-01
5.409015025041736813e-01
5.008347245409014992e-01
4.707846410684474736e-01
4.207011686143572460e-01
3.906510851419032204e-01
3.305509181969950028e-01
2.704507512520868406e-01
1.803005008347245697e-01
6.010016694490818295e-02
-1.061769616026711160e+00
-1.111853088480801555e+00
-1.181969949916527485e+00
-1.242070116861435869e+00
-1.312186978297162021e+00
-1.372287145242070183e+00
-1.432387312186978345e+00
-1.502504173622704498e+00
-1.562604340567612882e+00
-1.632721202003339034e+00
-1.702838063439064964e+00
-1.782971619365609328e+00
-1.853088480801335480e+00
-1.933222036727879845e+00
-2.033557046979865834e+00
-2.469230769230769340e+00
-2.679245283018868218e+00
-2.696774193548387100e+00
-2.705882352941176627e+00
-2.710526315789473895e+00
-2.709251101321586308e+00
-2.707964601769911717e+00
-2.713968957871397247e+00
-2.720000000000000195e+00
-2.706666666666666998e+00
-2.712694877505568147e+00
-2.712694877505568147e+00
-2.705357142857143238e+00
-2.718750000000000000e+00
