4.285714285714394278e-01
4.720812182741260243e-01
5.183246073298516388e-01
5.675675675675749821e-01
6.201117318435841463e-01
6.763005780346953433e-01
7.365269461077876834e-01
8.012422360248543374e-01
8.709677419354876493e-01
9.463087248322217260e-01
1.027972027972034574e+00
1.116788321167884401e+00
1.213740458015265755e+00
1.320000000000012497e+00
1.436974789915974160e+00
1.566371681415930084e+00
1.710280373831791545e+00
1.871287128712888936e+00
2.052631578947377022e+00
2.258426966292140570e+00
2.493975903614479073e+00
2.766233766233773039e+00
3.084507042253545439e+00
3.461538461538494094e+00
3.915254237288136707e+00
4.471698113207583702e+00
5.170212765957489687e+00
6.073170731707333125e+00
7.285714285714306016e+00
9.000000000000026645e+00
