4.285714285714319338e-01
4.720812182741255802e-01
5.183246073298485301e-01
5.675675675675767584e-01
6.201117318435814818e-01
6.763005780346863505e-01
7.365269461077911251e-01
8.012422360248442343e-01
8.709677419354916461e-01
9.463087248322152867e-01
1.027972027972039459e+00
1.116788321167889508e+00
1.213740458015274859e+00
1.320000000000000062e+00
1.436974789915979489e+00
1.566371681415943629e+00
1.710280373831785550e+00
1.871287128712898484e+00
2.052631578947376134e+00
2.258426966292156113e+00
2.493975903614463530e+00
2.766233766233777036e+00
3.084507042253529452e+00
3.461538461538471889e+00
3.915254237288145589e+00
4.471698113207558833e+00
5.170212765957489687e+00
6.073170731707335790e+00
7.285714285714313121e+00
9.000000000000023093e+00
