4.285714285714347649e-01
4.720812182741194740e-01
5.183246073298518608e-01
5.675675675675702081e-01
6.201117318435817038e-01
6.763005780346946771e-01
7.365269461077920132e-01
8.012422360248518949e-01
8.709677419354883154e-01
9.463087248322143985e-01
1.027972027972041458e+00
1.116788321167888398e+00
1.213740458015272194e+00
1.320000000000002283e+00
1.436974789915976158e+00
1.566371681415930528e+00
1.710280373831787992e+00
1.871287128712871395e+00
2.052631578947376578e+00
2.258426966292145899e+00
2.493975903614479961e+00
2.766233766233788582e+00
3.084507042253563647e+00
3.461538461538467448e+00
3.915254237288147809e+00
4.471698113207554393e+00
5.170212765957485246e+00
6.073170731707334902e+00
7.285714285714351313e+00
9.000000000000023093e+00
