1.625969912056933198e-01
1.610287674272121994e-01
1.595789126461993612e-01
1.582639434669526612e-01
1.571035992458285069e-01
1.561216684379220787e-01
1.553470829480800008e-01
1.548153876879700963e-01
1.545707445175438510e-01
1.546687119057729987e-01
1.551801747958259925e-01
1.561970210769983713e-01
1.578405427631585645e-01
1.602742203947375987e-01
1.637238128132836867e-01
1.685101352146822218e-01
1.751049746517031325e-01
1.842317379386023968e-01
1.970590053139112119e-01
2.156052335529255459e-01
2.436830632313058964e-01
2.894624384401450756e-01
3.741852138160928765e-01
5.757381896946264233e-01
-1.000000000000000000e+00
-1.000000000000000000e+00
-1.000000000000000000e+00
-1.000000000000000000e+00
-1.000000000000000000e+00
-1.000000000000000000e+00
-1.000000000000000000e+00
-1.000000000000000000e+00
-1.000000000000000000e+00
-1.000000000000000000e+00
-1.000000000000000000e+00
-1.000000000000000000e+00
-1.000000000000000000e+00
-1.000000000000000000e+00
-1.000000000000000000e+00
-1.000000000000000000e+00
-1.000000000000000000e+00
-1.000000000000000000e+00
-1.000000000000000000e+00
-1.000000000000000000e+00
-1.000000000000000000e+00
-1.000000000000000000e+00
-1.000000000000000000e+00
-1.000000000000000000e+00
-1.000000000000000000e+00
-1.000000000000000000e+00
