5.555862068965516265e+00
5.491479209270620387e+00
5.424915824915824025e+00
5.364361702127659726e+00
5.292186474064346946e+00
5.228775113415424336e+00
5.152715654952076285e+00
5.078764965343414595e+00
5.003103662321539247e+00
4.936430317848410354e+00
4.854392298435620035e+00
4.773964497041419897e+00
4.700407213496219150e+00
4.607999999999999652e+00
4.531390134529147851e+00
4.437362637362637585e+00
4.350914962325080459e+00
4.261190100052659524e+00
4.160493827160493652e+00
4.064257028112449710e+00
3.960861056751467935e+00
3.845787720133269971e+00
3.733826247689464584e+00
3.620411817367950036e+00
3.498269896193771711e+00
3.374739474781158766e+00
3.242594075260208264e+00
3.099540581929556282e+00
2.951895043731778578e+00
2.794066919627457235e+00
2.623906705539358786e+00
2.442168674698795172e+00
2.243848493226430652e+00
2.004501125281320295e+00
1.752438109527381771e+00
1.484371092773193013e+00
1.241310327581895523e+00
1.022255563890972718e+00
8.242060515128781795e-01
6.421605401350336528e-01
4.751187796949237208e-01
3.220805201300325216e-01
1.790447611902975522e-01
4.601150287571893066e-02
-7.701925481370341942e-02
-1.930482620655163684e-01
-3.010752688172043112e-01
-4.011002750687671647e-01
-4.971242810702675707e-01
-5.871467866966741944e-01
