5.561852107809260204e+00
5.519890260631001411e+00
5.474829931972789332e+00
5.435897435897436125e+00
5.386880856760375202e+00
5.351028533510285179e+00
5.299999999999999822e+00
5.252446183953033199e+00
5.212669683257918685e+00
5.155669442664958524e+00
5.119289340101523145e+00
5.060967944688875342e+00
5.015556938394523989e+00
4.963054187192118327e+00
4.906764168190128395e+00
4.860759493670886222e+00
4.808586762075134580e+00
4.750000000000000000e+00
4.696969696969697239e+00
4.644789867587794774e+00
4.587030716723549340e+00
4.527793374508703117e+00
4.467590027700831357e+00
4.413340623291415632e+00
4.345013477088948584e+00
4.282678002125398287e+00
4.217687074829932214e+00
4.154559505409582520e+00
4.087176887987835627e+00
4.017937219730941756e+00
3.954946131243878504e+00
3.878846153846153832e+00
3.803773584905660865e+00
3.730004623208507120e+00
3.659728506787330193e+00
3.578574590526781840e+00
3.494809688581315132e+00
3.404219409282700504e+00
3.320723684210526105e+00
3.230399999999999938e+00
3.140970873786408379e+00
3.042889390519187831e+00
2.937795562022553764e+00
2.835496317081725781e+00
2.724637681159419955e+00
2.608134280180761877e+00
2.488615384615384674e+00
2.356100408639813182e+00
2.220875791792894738e+00
2.084930088037286300e+00
