5.543676662320729420e+00
5.441624365482233827e+00
5.341553637484587114e+00
5.240718562874251418e+00
5.127610208816705040e+00
5.026905829596411301e+00
4.908108108108107714e+00
4.782518210197710395e+00
4.667332667332667384e+00
4.531548757170171804e+00
4.394160583941605580e+00
4.253252385082393339e+00
4.108374384236452848e+00
3.950464396284829593e+00
3.779550398839739422e+00
3.614035087719298378e+00
3.424299065420560950e+00
3.218678815489749212e+00
3.002570694087403513e+00
2.765296803652967927e+00
2.494845360824742286e+00
2.191245791245791441e+00
1.804404145077720401e+00
1.337196667873958411e+00
-4.743180648481729378e+00
-5.785353535353535470e+00
-5.785948785292186258e+00
-5.784037558685446001e+00
-5.785617367706919367e+00
-5.788106630211893311e+00
-5.787234042553191848e+00
-5.785123966942149032e+00
-5.787292817679557722e+00
-5.788235294117646923e+00
-5.787941787941788263e+00
-5.790423317140874104e+00
-5.787352328005558988e+00
-5.788595271210013493e+00
-5.787056367432150239e+00
-5.789547038327525819e+00
-5.788005578800557771e+00
-5.788005578800557771e+00
-5.786461967899511727e+00
-5.790502793296089301e+00
-5.788958770090844475e+00
-5.788958770090844475e+00
-5.787412587412587683e+00
-5.788663400979705997e+00
-5.788663400979705997e+00
-5.789915966386554480e+00
