0.000e+00  2.752e-284  2.141e-34
1.000e+00  1.074e-283  2.141e-34
2.000e+00  4.990e-283  2.141e-34
3.000e+00  2.339e-282  2.141e-34
4.000e+00  1.097e-281  2.141e-34
5.000e+00  5.148e-281  2.141e-34
6.000e+00  2.416e-280  2.141e-34
7.000e+00  1.134e-279  2.141e-34
8.000e+00  5.321e-279  2.141e-34
9.000e+00  2.498e-278  2.141e-34
1.000e+01  1.173e-277  2.141e-34
1.100e+01  5.507e-277  2.141e-34
1.200e+01  2.586e-276  2.141e-34
1.300e+01  1.215e-275  2.141e-34
1.400e+01  5.707e-275  2.141e-34
1.500e+01  2.681e-274  2.141e-34
1.600e+01  1.260e-273  2.141e-34
1.700e+01  5.921e-273  2.141e-34
1.800e+01  2.783e-272  2.141e-34
1.900e+01  1.308e-271  2.141e-34
2.000e+01  6.152e-271  2.141e-34
2.100e+01  2.893e-270  2.141e-34
2.200e+01  1.361e-269  2.141e-34
2.300e+01  6.401e-269  2.141e-34
2.400e+01  3.011e-268  2.141e-34
2.500e+01  1.417e-267  2.141e-34
2.600e+01  6.668e-267  2.141e-34
2.700e+01  3.138e-266  2.141e-34
2.800e+01  1.477e-265  2.141e-34
2.900e+01  6.955e-265  2.141e-34
3.000e+01  3.275e-264  2.141e-34
3.100e+01  1.542e-263  2.141e-34
3.200e+01  7.265e-263  2.141e-34
3.300e+01  3.422e-262  2.141e-34
3.400e+01  1.612e-261  2.141e-34
3.500e+01  7.598e-261  2.141e-34
3.600e+01  3.581e-260  2.141e-34
3.700e+01  1.688e-259  2.141e-34
3.800e+01  7.956e-259  2.141e-34
3.900e+01  3.751e-258  2.141e-34
4.000e+01  1.769e-257  2.141e-34
4.100e+01  8.343e-257  2.141e-34
4.200e+01  3.935e-256  2.141e-34
4.300e+01  1.856e-255  2.141e-34
4.400e+01  8.759e-255  2.141e-34
4.500e+01  4.133e-254  2.141e-34
4.600e+01  1.951e-253  2.141e-34
4.700e+01  9.208e-253  2.141e-34
4.800e+01  4.347e-252  2.141e-34
4.900e+01  2.053e-251  2.141e-34
5.000e+01  9.693e-251  2.141e-34
5.100e+01  4.578e-250  2.141e-34
5.200e+01  2.162e-249  2.141e-34
5.300e+01  1.022e-248  2.141e-34
5.400e+01  4.827e-248  2.141e-34
5.500e+01  2.281e-247  2.141e-34
5.600e+01  1.078e-246  2.141e-34
5.700e+01  5.097e-246  2.141e-34
5.800e+01  2.410e-245  2.141e-34
5.900e+01  1.139e-244  2.141e-34
6.000e+01  5.388e-244  2.141e-34
6.100e+01  2.548e-243  2.141e-34
6.200e+01  1.205e-242  2.141e-34
6.300e+01  5.703e-242  2.141e-34
6.400e+01  2.699e-241  2.141e-34
6.500e+01  1.277e-240  2.141e-34
6.600e+01  6.045e-240  2.141e-34
6.700e+01  2.862e-239  2.141e-34
6.800e+01  1.355e-238  2.141e-34
6.900e+01  6.415e-238  2.141e-34
7.000e+01  3.038e-237  2.141e-34
7.100e+01  1.439e-236  2.141e-34
7.200e+01  6.817e-236  2.141e-34
7.300e+01  3.230e-235  2.141e-34
7.400e+01  1.530e-234  2.141e-34
7.500e+01  7.252e-234  2.141e-34
7.600e+01  3.437e-233  2.141e-34
7.700e+01  1.630e-232  2.141e-34
7.800e+01  7.726e-232  2.141e-34
7.900e+01  3.664e-231  2.141e-34
8.000e+01  1.737e-230  2.141e-34
8.100e+01  8.241e-230  2.141e-34
8.200e+01  3.909e-229  2.141e-34
8.300e+01  1.855e-228  2.141e-34
8.400e+01  8.801e-228  2.141e-34
8.500e+01  4.177e-227  2.141e-34
8.600e+01  1.983e-226  2.141e-34
8.700e+01  9.412e-226  2.141e-34
8.800e+01  4.468e-225  2.141e-34
8.900e+01  2.122e-224  2.141e-34
9.000e+01  1.008e-223  2.141e-34
9.100e+01  4.786e-223  2.141e-34
9.200e+01  2.274e-222  2.141e-34
9.300e+01  1.080e-221  2.141e-34
9.400e+01  5.133e-221  2.141e-34
9.500e+01  2.440e-220  2.141e-34
9.600e+01  1.160e-219  2.141e-34
9.700e+01  5.513e-219  2.141e-34
9.800e+01  2.621e-218  2.141e-34
9.900e+01  1.246e-217  2.141e-34
1.000e+02  5.927e-217  2.141e-34
1.010e+02  2.819e-216  2.141e-34
1.020e+02  1.341e-215  2.141e-34
1.030e+02  6.381e-215  2.141e-34
1.040e+02  3.036e-214  2.141e-34
1.050e+02  1.445e-213  2.141e-34
1.060e+02  6.878e-213  2.141e-34
1.070e+02  3.274e-212  2.141e-34
1.080e+02  1.559e-211  2.141e-34
1.090e+02  7.423e-211  2.141e-34
1.100e+02  3.535e-210  2.141e-34
1.110e+02  1.684e-209  2.141e-34
1.120e+02  8.021e-209  2.141e-34
1.130e+02  3.821e-208  2.141e-34
1.140e+02  1.821e-207  2.141e-34
1.150e+02  8.678e-207  2.141e-34
1.160e+02  4.136e-206  2.141e-34
1.170e+02  1.972e-205  2.141e-34
1.180e+02  9.400e-205  2.141e-34
1.190e+02  4.482e-204  2.141e-34
1.200e+02  2.138e-203  2.141e-34
1.210e+02  1.020e-202  2.141e-34
1.220e+02  4.864e-202  2.141e-34
1.230e+02  2.320e-201  2.141e-34
1.240e+02  1.107e-200  2.141e-34
1.250e+02  5.284e-200  2.141e-34
1.260e+02  2.522e-199  2.141e-34
1.270e+02  1.204e-198  2.141e-34
1.280e+02  5.748e-198  2.141e-34
1.290e+02  2.744e-197  2.141e-34
1.300e+02  1.311e-196  2.141e-34
1.310e+02  6.260e-196  2.141e-34
1.320e+02  2.990e-195  2.141e-34
1.330e+02  1.428e-194  2.141e-34
1.340e+02  6.826e-194  2.141e-34
1.350e+02  3.262e-193  2.141e-34
1.360e+02  1.559e-192  2.141e-34
1.370e+02  7.452e-192  2.141e-34
1.380e+02  3.563e-191  2.141e-34
1.390e+02  1.703e-190  2.141e-34
1.400e+02  8.146e-190  2.141e-34
1.410e+02  3.896e-189  2.141e-34
1.420e+02  1.863e-188  2.141e-34
1.430e+02  8.915e-188  2.141e-34
1.440e+02  4.265e-187  2.141e-34
1.450e+02  2.041e-186  2.141e-34
1.460e+02  9.769e-186  2.141e-34
1.470e+02  4.676e-185  2.141e-34
1.480e+02  2.238e-184  2.141e-34
1.490e+02  1.072e-183  2.141e-34
1.500e+02  5.132e-183  2.141e-34
1.510e+02  2.458e-182  2.141e-34
1.520e+02  1.177e-181  2.141e-34
1.530e+02  5.640e-181  2.141e-34
1.540e+02  2.702e-180  2.141e-34
1.550e+02  1.295e-179  2.141e-34
1.560e+02  6.205e-179  2.141e-34
1.570e+02  2.974e-178  2.141e-34
1.580e+02  1.426e-177  2.141e-34
1.590e+02  6.835e-177  2.141e-34
1.600e+02  3.277e-176  2.141e-34
1.610e+02  1.572e-175  2.141e-34
1.620e+02  7.538e-175  2.141e-34
1.630e+02  3.616e-174  2.141e-34
1.640e+02  1.735e-173  2.141e-34
1.650e+02  8.324e-173  2.141e-34
1.660e+02  3.994e-172  2.141e-34
1.670e+02  1.917e-171  2.141e-34
1.680e+02  9.203e-171  2.141e-34
1.690e+02  4.418e-170  2.141e-34
1.700e+02  2.121e-169  2.141e-34
1.710e+02  1.019e-168  2.141e-34
1.720e+02  4.892e-168  2.141e-34
1.730e+02  2.350e-167  2.141e-34
1.740e+02  1.129e-166  2.141e-34
1.750e+02  5.424e-166  2.141e-34
1.760e+02  2.606e-165  2.141e-34
1.770e+02  1.253e-164  2.141e-34
1.780e+02  6.020e-164  2.141e-34
1.790e+02  2.894e-163  2.141e-34
1.800e+02  1.391e-162  2.141e-34
1.810e+02  6.690e-162  2.141e-34
1.820e+02  3.217e-161  2.141e-34
1.830e+02  1.548e-160  2.141e-34
1.840e+02  7.444e-160  2.141e-34
1.850e+02  3.581e-159  2.141e-34
1.860e+02  1.723e-158  2.141e-34
1.870e+02  8.293e-158  2.141e-34
1.880e+02  3.991e-157  2.141e-34
1.890e+02  1.921e-156  2.141e-34
1.900e+02  9.249e-156  2.141e-34
1.910e+02  4.453e-155  2.141e-34
1.920e+02  2.144e-154  2.141e-34
1.930e+02  1.033e-153  2.141e-34
1.940e+02  4.974e-153  2.141e-34
1.950e+02  2.396e-152  2.141e-34
1.960e+02  1.155e-151  2.141e-34
1.970e+02  5.563e-151  2.141e-34
1.980e+02  2.681e-150  2.141e-34
1.990e+02  1.292e-149  2.141e-34
2.000e+02  6.229e-149  2.141e-34
2.010e+02  3.003e-148  2.141e-34
2.020e+02  1.448e-147  2.141e-34
2.030e+02  6.983e-147  2.141e-34
2.040e+02  3.368e-146  2.141e-34
2.050e+02  1.625e-145  2.141e-34
2.060e+02  7.838e-145  2.141e-34
2.070e+02  3.782e-144  2.141e-34
2.080e+02  1.825e-143  2.141e-34
2.090e+02  8.808e-143  2.141e-34
2.100e+02  4.251e-142  2.141e-34
2.110e+02  2.052e-141  2.141e-34
2.120e+02  9.909e-141  2.141e-34
2.130e+02  4.785e-140  2.141e-34
2.140e+02  2.311e-139  2.141e-34
2.150e+02  1.116e-138  2.141e-34
2.160e+02  5.391e-138  2.141e-34
2.170e+02  2.605e-137  2.141e-34
2.180e+02  1.259e-136  2.141e-34
2.190e+02  6.082e-136  2.141e-34
2.200e+02  2.939e-135  2.141e-34
2.210e+02  1.421e-134  2.141e-34
2.220e+02  6.869e-134  2.141e-34
2.230e+02  3.321e-133  2.141e-34
2.240e+02  1.606e-132  2.141e-34
2.250e+02  7.767e-132  2.141e-34
2.260e+02  3.757e-131  2.141e-34
2.270e+02  1.817e-130  2.141e-34
2.280e+02  8.792e-130  2.141e-34
2.290e+02  4.254e-129  2.141e-34
2.300e+02  2.059e-128  2.141e-34
2.310e+02  9.965e-128  2.141e-34
2.320e+02  4.824e-127  2.141e-34
2.330e+02  2.335e-126  2.141e-34
2.340e+02  1.131e-125  2.141e-34
2.350e+02  5.476e-125  2.141e-34
2.360e+02  2.652e-124  2.141e-34
2.370e+02  1.285e-123  2.141e-34
2.380e+02  6.223e-123  2.141e-34
2.390e+02  3.015e-122  2.141e-34
2.400e+02  1.461e-121  2.141e-34
2.410e+02  7.080e-121  2.141e-34
2.420e+02  3.432e-120  2.141e-34
2.430e+02  1.663e-119  2.141e-34
2.440e+02  8.064e-119  2.141e-34
2.450e+02  3.910e-118  2.141e-34
2.460e+02  1.896e-117  2.141e-34
2.470e+02  9.197e-117  2.141e-34
2.480e+02  4.461e-116  2.141e-34
2.490e+02  2.164e-115  2.141e-34
2.500e+02  1.050e-114  2.141e-34
2.510e+02  5.095e-114  2.141e-34
2.520e+02  2.473e-113  2.141e-34
2.530e+02  1.200e-112  2.141e-34
2.540e+02  5.826e-112  2.141e-34
2.550e+02  2.828e-111  2.141e-34
2.560e+02  1.373e-110  2.141e-34
2.570e+02  6.669e-110  2.141e-34
2.580e+02  3.239e-109  2.141e-34
2.590e+02  1.573e-108  2.141e-34
2.600e+02  7.643e-108  2.141e-34
2.610e+02  3.714e-107  2.141e-34
2.620e+02  1.805e-106  2.141e-34
2.630e+02  8.770e-106  2.141e-34
2.640e+02  4.263e-105  2.141e-34
2.650e+02  2.072e-104  2.141e-34
2.660e+02  1.007e-103  2.141e-34
2.670e+02  4.898e-103  2.141e-34
2.680e+02  2.382e-102  2.141e-34
2.690e+02  1.158e-101  2.141e-34
2.700e+02  5.635e-101  2.141e-34
2.710e+02  2.741e-100  2.141e-34
2.720e+02  1.334e-99  2.141e-34
2.730e+02  6.490e-99  2.141e-34
2.740e+02  3.159e-98  2.141e-34
2.750e+02  1.537e-97  2.141e-34
2.760e+02  7.484e-97  2.141e-34
2.770e+02  3.643e-96  2.141e-34
2.780e+02  1.774e-95  2.141e-34
2.790e+02  8.639e-95  2.141e-34
2.800e+02  4.207e-94  2.141e-34
2.810e+02  2.049e-93  2.141e-34
2.820e+02  9.983e-93  2.141e-34
2.830e+02  4.864e-92  2.141e-34
2.840e+02  2.370e-91  2.141e-34
2.850e+02  1.155e-90  2.141e-34
2.860e+02  5.630e-90  2.141e-34
2.870e+02  2.744e-89  2.141e-34
2.880e+02  1.338e-88  2.141e-34
2.890e+02  6.523e-88  2.141e-34
2.900e+02  3.181e-87  2.141e-34
2.910e+02  1.551e-86  2.141e-34
2.920e+02  7.567e-86  2.141e-34
2.930e+02  3.691e-85  2.141e-34
2.940e+02  1.801e-84  2.141e-34
2.950e+02  8.788e-84  2.141e-34
2.960e+02  4.288e-83  2.141e-34
2.970e+02  2.093e-82  2.141e-34
2.980e+02  1.022e-81  2.141e-34
2.990e+02  4.988e-81  2.141e-34
3.000e+02  2.435e-80  2.141e-34
3.010e+02  1.189e-79  2.141e-34
3.020e+02  5.807e-79  2.141e-34
3.030e+02  2.837e-78  2.141e-34
3.040e+02  1.386e-77  2.141e-34
3.050e+02  6.769e-77  2.141e-34
3.060e+02  3.308e-76  2.141e-34
3.070e+02  1.616e-75  2.141e-34
3.080e+02  7.900e-75  2.141e-34
3.090e+02  3.861e-74  2.141e-34
3.100e+02  1.888e-73  2.141e-34
3.110e+02  9.229e-73  2.141e-34
3.120e+02  4.513e-72  2.141e-34
3.130e+02  2.207e-71  2.141e-34
3.140e+02  1.079e-70  2.141e-34
3.150e+02  5.280e-70  2.141e-34
3.160e+02  2.583e-69  2.141e-34
3.170e+02  1.264e-68  2.141e-34
3.180e+02  6.184e-68  2.141e-34
3.190e+02  3.026e-67  2.141e-34
3.200e+02  1.481e-66  2.141e-34
3.210e+02  7.251e-66  2.141e-34
3.220e+02  3.550e-65  2.141e-34
3.230e+02  1.738e-64  2.141e-34
3.240e+02  8.512e-64  2.141e-34
3.250e+02  4.169e-63  2.141e-34
3.260e+02  2.042e-62  2.141e-34
3.270e+02  1.000e-61  2.141e-34
3.280e+02  4.901e-61  2.141e-34
3.290e+02  2.401e-60  2.141e-34
3.300e+02  1.177e-59  2.141e-34
3.310e+02  5.768e-59  2.141e-34
3.320e+02  2.827e-58  2.141e-34
3.330e+02  1.386e-57  2.141e-34
3.340e+02  6.796e-57  2.141e-34
3.350e+02  3.332e-56  2.141e-34
3.360e+02  1.634e-55  2.141e-34
3.370e+02  8.016e-55  2.141e-34
3.380e+02  3.932e-54  2.141e-34
3.390e+02  1.929e-53  2.141e-34
3.400e+02  9.465e-53  2.141e-34
3.410e+02  4.644e-52  2.141e-34
3.420e+02  2.279e-51  2.141e-34
3.430e+02  1.119e-50  2.141e-34
3.440e+02  5.492e-50  2.141e-34
3.450e+02  2.696e-49  2.141e-34
3.460e+02  1.324e-48  2.141e-34
3.470e+02  6.501e-48  2.141e-34
3.480e+02  3.193e-47  2.141e-34
3.490e+02  1.568e-46  2.141e-34
3.500e+02  7.705e-46  2.141e-34
3.510e+02  3.785e-45  2.141e-34
3.520e+02  1.860e-44  2.141e-34
3.530e+02  9.141e-44  2.141e-34
3.540e+02  4.493e-43  2.141e-34
3.550e+02  2.208e-42  2.141e-34
3.560e+02  1.086e-41  2.141e-34
3.570e+02  5.338e-41  2.141e-34
3.580e+02  2.624e-40  2.141e-34
3.590e+02  1.291e-39  2.142e-34
3.600e+02  6.345e-39  2.143e-34
3.610e+02  3.118e-38  2.149e-34
3.620e+02  1.530e-37  2.165e-34
3.630e+02  7.466e-37  2.214e-34
3.640e+02  3.591e-36  2.361e-34
3.650e+02  1.663e-35  2.786e-34
3.660e+02  7.119e-35  3.989e-34
3.670e+02  2.713e-34  7.308e-34
3.680e+02  9.195e-34  1.624e-33
3.690e+02  2.835e-33  3.972e-33
3.700e+02  8.149e-33  1.001e-32
3.710e+02  2.223e-32  2.524e-32
3.720e+02  5.827e-32  6.289e-32
3.730e+02  1.481e-31  1.544e-31
3.740e+02  3.671e-31  3.736e-31
3.750e+02  8.916e-31  8.909e-31
3.760e+02  2.128e-30  2.097e-30
3.770e+02  5.007e-30  4.880e-30
3.780e+02  1.163e-29  1.123e-29
3.790e+02  2.670e-29  2.561e-29
3.800e+02  6.071e-29  5.786e-29
3.810e+02  1.368e-28  1.297e-28
3.820e+02  3.058e-28  2.885e-28
3.830e+02  6.784e-28  6.375e-28
3.840e+02  1.495e-27  1.400e-27
3.850e+02  3.273e-27  3.054e-27
3.860e+02  7.124e-27  6.629e-27
3.870e+02  1.542e-26  1.431e-26
3.880e+02  3.321e-26  3.074e-26
3.890e+02  7.117e-26  6.573e-26
3.900e+02  1.518e-25  1.399e-25
3.910e+02  3.224e-25  2.965e-25
3.920e+02  6.819e-25  6.259e-25
3.930e+02  1.436e-24  1.316e-24
3.940e+02  3.014e-24  2.757e-24
3.950e+02  6.301e-24  5.754e-24
3.960e+02  1.313e-23  1.197e-23
3.970e+02  2.725e-23  2.481e-23
3.980e+02  5.639e-23  5.126e-23
3.990e+02  1.163e-22  1.056e-22
4.000e+02  2.392e-22  2.168e-22
4.010e+02  4.903e-22  4.438e-22
4.020e+02  1.002e-21  9.059e-22
4.030e+02  2.042e-21  1.844e-21
4.040e+02  4.151e-21  3.743e-21
4.050e+02  8.413e-21  7.578e-21
4.060e+02  1.701e-20  1.530e-20
4.070e+02  3.429e-20  3.082e-20
4.080e+02  6.895e-20  6.190e-20
4.090e+02  1.383e-19  1.240e-19
4.100e+02  2.768e-19  2.479e-19
4.110e+02  5.524e-19  4.944e-19
4.120e+02  1.100e-18  9.836e-19
4.130e+02  2.186e-18  1.952e-18
4.140e+02  4.333e-18  3.866e-18
4.150e+02  8.568e-18  7.639e-18
4.160e+02  1.691e-17  1.506e-17
4.170e+02  3.329e-17  2.962e-17
4.180e+02  6.540e-17  5.814e-17
4.190e+02  1.282e-16  1.139e-16
4.200e+02  2.508e-16  2.226e-16
4.210e+02  4.896e-16  4.341e-16
4.220e+02  9.538e-16  8.449e-16
4.230e+02  1.854e-15  1.641e-15
4.240e+02  3.597e-15  3.181e-15
4.250e+02  6.964e-15  6.154e-15
4.260e+02  1.346e-14  1.188e-14
4.270e+02  2.595e-14  2.289e-14
4.280e+02  4.994e-14  4.402e-14
4.290e+02  9.592e-14  8.449e-14
4.300e+02  1.839e-13  1.618e-13
4.310e+02  3.518e-13  3.094e-13
4.320e+02  6.718e-13  5.903e-13
4.330e+02  1.280e-12  1.124e-12
4.340e+02  2.435e-12  2.137e-12
4.350e+02  4.623e-12  4.054e-12
4.360e+02  8.761e-12  7.676e-12
4.370e+02  1.657e-11  1.451e-11
4.380e+02  3.128e-11  2.736e-11
4.390e+02  5.892e-11  5.152e-11
4.400e+02  1.108e-10  9.680e-11
4.410e+02  2.079e-10  1.816e-10
4.420e+02  3.895e-10  3.398e-10
4.430e+02  7.281e-10  6.349e-10
4.440e+02  1.358e-09  1.184e-09
4.450e+02  2.529e-09  2.203e-09
4.460e+02  4.700e-09  4.090e-09
4.470e+02  8.716e-09  7.581e-09
4.480e+02  1.613e-08  1.402e-08
4.490e+02  2.978e-08  2.587e-08
4.500e+02  5.488e-08  4.764e-08
4.510e+02  1.009e-07  8.754e-08
4.520e+02  1.850e-07  1.605e-07
4.530e+02  3.386e-07  2.934e-07
4.540e+02  6.179e-07  5.352e-07
4.550e+02  1.125e-06  9.736e-07
4.560e+02  2.041e-06  1.766e-06
4.570e+02  3.693e-06  3.194e-06
4.580e+02  6.659e-06  5.756e-06
4.590e+02  1.196e-05  1.034e-05
4.600e+02  2.141e-05  1.849e-05
4.610e+02  3.813e-05  3.291e-05
4.620e+02  6.757e-05  5.830e-05
4.630e+02  1.190e-04  1.026e-04
4.640e+02  2.082e-04  1.795e-04
4.650e+02  3.612e-04  3.113e-04
4.660e+02  6.206e-04  5.346e-04
4.670e+02  1.054e-03  9.076e-04
4.680e+02  1.765e-03  1.520e-03
4.690e+02  2.906e-03  2.502e-03
4.700e+02  4.690e-03  4.036e-03
4.710e+02  7.390e-03  6.359e-03
4.720e+02  1.132e-02  9.740e-03
4.730e+02  1.679e-02  1.445e-02
4.740e+02  2.402e-02  2.067e-02
4.750e+02  3.304e-02  2.843e-02
4.760e+02  4.362e-02  3.754e-02
4.770e+02  5.526e-02  4.758e-02
4.780e+02  6.730e-02  5.797e-02
4.790e+02  7.904e-02  6.810e-02
4.800e+02  8.987e-02  7.748e-02
4.810e+02  9.942e-02  8.576e-02
4.820e+02  1.075e-01  9.279e-02
4.830e+02  1.142e-01  9.858e-02
4.840e+02  1.195e-01  1.032e-01
4.850e+02  1.236e-01  1.069e-01
4.860e+02  1.268e-01  1.097e-01
4.870e+02  1.292e-01  1.119e-01
4.880e+02  1.311e-01  1.136e-01
4.890e+02  1.324e-01  1.148e-01
4.900e+02  1.334e-01  1.158e-01
4.910e+02  1.341e-01  1.165e-01
4.920e+02  1.346e-01  1.170e-01
4.930e+02  1.350e-01  1.174e-01
4.940e+02  1.353e-01  1.177e-01
4.950e+02  1.354e-01  1.180e-01
4.960e+02  1.355e-01  1.182e-01
4.970e+02  1.356e-01  1.183e-01
4.980e+02  1.356e-01  1.184e-01
4.990e+02  1.356e-01  1.185e-01
5.000e+02  1.356e-01  1.186e-01
5.010e+02  1.356e-01  1.186e-01
5.020e+02  1.355e-01  1.187e-01
5.030e+02  1.355e-01  1.187e-01
5.040e+02  1.354e-01  1.187e-01
5.050e+02  1.353e-01  1.188e-01
5.060e+02  1.353e-01  1.188e-01
5.070e+02  1.352e-01  1.188e-01
5.080e+02  1.351e-01  1.189e-01
5.090e+02  1.351e-01  1.189e-01
5.100e+02  1.350e-01  1.189e-01
5.110e+02  1.349e-01  1.189e-01
5.120e+02  1.348e-01  1.190e-01
5.130e+02  1.348e-01  1.190e-01
5.140e+02  1.347e-01  1.190e-01
5.150e+02  1.346e-01  1.190e-01
5.160e+02  1.345e-01  1.190e-01
5.170e+02  1.345e-01  1.191e-01
5.180e+02  1.344e-01  1.191e-01
5.190e+02  1.343e-01  1.191e-01
5.200e+02  1.342e-01  1.191e-01
5.210e+02  1.342e-01  1.192e-01
5.220e+02  1.341e-01  1.192e-01
5.230e+02  1.340e-01  1.192e-01
5.240e+02  1.339e-01  1.192e-01
5.250e+02  1.339e-01  1.192e-01
5.260e+02  1.338e-01  1.193e-01
5.270e+02  1.337e-01  1.193e-01
5.280e+02  1.336e-01  1.193e-01
5.290e+02  1.336e-01  1.193e-01
5.300e+02  1.335e-01  1.193e-01
5.310e+02  1.334e-01  1.194e-01
5.320e+02  1.334e-01  1.194e-01
5.330e+02  1.333e-01  1.194e-01
5.340e+02  1.332e-01  1.194e-01
5.350e+02  1.331e-01  1.194e-01
5.360e+02  1.331e-01  1.195e-01
5.370e+02  1.330e-01  1.195e-01
5.380e+02  1.329e-01  1.195e-01
5.390e+02  1.328e-01  1.195e-01
5.400e+02  1.328e-01  1.196e-01
5.410e+02  1.327e-01  1.196e-01
5.420e+02  1.326e-01  1.196e-01
5.430e+02  1.325e-01  1.196e-01
5.440e+02  1.325e-01  1.196e-01
5.450e+02  1.324e-01  1.197e-01
5.460e+02  1.323e-01  1.197e-01
5.470e+02  1.323e-01  1.197e-01
5.480e+02  1.322e-01  1.197e-01
5.490e+02  1.321e-01  1.197e-01
5.500e+02  1.320e-01  1.198e-01
5.510e+02  1.320e-01  1.198e-01
5.520e+02  1.319e-01  1.198e-01
5.530e+02  1.318e-01  1.198e-01
5.540e+02  1.317e-01  1.198e-01
5.550e+02  1.317e-01  1.199e-01
5.560e+02  1.316e-01  1.199e-01
5.570e+02  1.315e-01  1.199e-01
5.580e+02  1.315e-01  1.199e-01
5.590e+02  1.314e-01  1.199e-01
5.600e+02  1.313e-01  1.200e-01
5.610e+02  1.312e-01  1.200e-01
5.620e+02  1.312e-01  1.200e-01
5.630e+02  1.311e-01  1.200e-01
5.640e+02  1.310e-01  1.200e-01
5.650e+02  1.310e-01  1.201e-01
5.660e+02  1.309e-01  1.201e-01
5.670e+02  1.308e-01  1.201e-01
5.680e+02  1.307e-01  1.201e-01
5.690e+02  1.307e-01  1.201e-01
5.700e+02  1.306e-01  1.202e-01
5.710e+02  1.305e-01  1.202e-01
5.720e+02  1.305e-01  1.202e-01
5.730e+02  1.304e-01  1.202e-01
5.740e+02  1.303e-01  1.202e-01
5.750e+02  1.302e-01  1.203e-01
5.760e+02  1.302e-01  1.203e-01
5.770e+02  1.301e-01  1.203e-01
5.780e+02  1.300e-01  1.203e-01
5.790e+02  1.300e-01  1.203e-01
5.800e+02  1.299e-01  1.204e-01
5.810e+02  1.298e-01  1.204e-01
5.820e+02  1.298e-01  1.204e-01
5.830e+02  1.297e-01  1.204e-01
5.840e+02  1.296e-01  1.204e-01
5.850e+02  1.295e-01  1.205e-01
5.860e+02  1.295e-01  1.205e-01
5.870e+02  1.294e-01  1.205e-01
5.880e+02  1.293e-01  1.205e-01
5.890e+02  1.293e-01  1.205e-01
5.900e+02  1.292e-01  1.206e-01
5.910e+02  1.291e-01  1.206e-01
5.920e+02  1.291e-01  1.206e-01
5.930e+02  1.290e-01  1.206e-01
5.940e+02  1.289e-01  1.206e-01
5.950e+02  1.288e-01  1.207e-01
5.960e+02  1.288e-01  1.207e-01
5.970e+02  1.287e-01  1.207e-01
5.980e+02  1.286e-01  1.207e-01
5.990e+02  1.286e-01  1.207e-01
6.000e+02  1.285e-01  1.208e-01
6.010e+02  1.284e-01  1.208e-01
6.020e+02  1.284e-01  1.208e-01
6.030e+02  1.283e-01  1.208e-01
6.040e+02  1.282e-01  1.208e-01
6.050e+02  1.282e-01  1.209e-01
6.060e+02  1.281e-01  1.209e-01
6.070e+02  1.280e-01  1.209e-01
6.080e+02  1.280e-01  1.209e-01
6.090e+02  1.279e-01  1.209e-01
6.100e+02  1.278e-01  1.209e-01
6.110e+02  1.278e-01  1.210e-01
6.120e+02  1.277e-01  1.210e-01
6.130e+02  1.276e-01  1.210e-01
6.140e+02  1.276e-01  1.210e-01
6.150e+02  1.275e-01  1.210e-01
6.160e+02  1.274e-01  1.211e-01
6.170e+02  1.274e-01  1.211e-01
6.180e+02  1.273e-01  1.211e-01
6.190e+02  1.272e-01  1.211e-01
6.200e+02  1.272e-01  1.211e-01
6.210e+02  1.271e-01  1.212e-01
6.220e+02  1.270e-01  1.212e-01
6.230e+02  1.270e-01  1.212e-01
6.240e+02  1.269e-01  1.212e-01
6.250e+02  1.268e-01  1.212e-01
6.260e+02  1.268e-01  1.212e-01
6.270e+02  1.267e-01  1.213e-01
6.280e+02  1.266e-01  1.213e-01
6.290e+02  1.266e-01  1.213e-01
6.300e+02  1.265e-01  1.213e-01
6.310e+02  1.264e-01  1.213e-01
6.320e+02  1.264e-01  1.214e-01
6.330e+02  1.263e-01  1.214e-01
6.340e+02  1.262e-01  1.214e-01
6.350e+02  1.262e-01  1.214e-01
6.360e+02  1.261e-01  1.214e-01
6.370e+02  1.260e-01  1.214e-01
6.380e+02  1.260e-01  1.215e-01
6.390e+02  1.259e-01  1.215e-01
6.400e+02  1.258e-01  1.215e-01
6.410e+02  1.258e-01  1.215e-01
6.420e+02  1.257e-01  1.215e-01
6.430e+02  1.256e-01  1.216e-01
6.440e+02  1.256e-01  1.216e-01
6.450e+02  1.255e-01  1.216e-01
6.460e+02  1.255e-01  1.216e-01
6.470e+02  1.254e-01  1.216e-01
6.480e+02  1.253e-01  1.216e-01
6.490e+02  1.253e-01  1.217e-01
6.500e+02  1.252e-01  1.217e-01
6.510e+02  1.251e-01  1.217e-01
6.520e+02  1.251e-01  1.217e-01
6.530e+02  1.250e-01  1.217e-01
6.540e+02  1.249e-01  1.218e-01
6.550e+02  1.249e-01  1.218e-01
6.560e+02  1.248e-01  1.218e-01
6.570e+02  1.248e-01  1.218e-01
6.580e+02  1.247e-01  1.218e-01
6.590e+02  1.246e-01  1.218e-01
6.600e+02  1.246e-01  1.219e-01
6.610e+02  1.245e-01  1.219e-01
6.620e+02  1.244e-01  1.219e-01
6.630e+02  1.244e-01  1.219e-01
6.640e+02  1.243e-01  1.219e-01
6.650e+02  1.242e-01  1.219e-01
6.660e+02  1.242e-01  1.220e-01
6.670e+02  1.241e-01  1.220e-01
6.680e+02  1.241e-01  1.220e-01
6.690e+02  1.240e-01  1.220e-01
6.700e+02  1.239e-01  1.220e-01
6.710e+02  1.239e-01  1.220e-01
6.720e+02  1.238e-01  1.221e-01
6.730e+02  1.238e-01  1.221e-01
6.740e+02  1.237e-01  1.221e-01
6.750e+02  1.236e-01  1.221e-01
6.760e+02  1.236e-01  1.221e-01
6.770e+02  1.235e-01  1.221e-01
6.780e+02  1.234e-01  1.222e-01
6.790e+02  1.234e-01  1.222e-01
6.800e+02  1.233e-01  1.222e-01
6.810e+02  1.233e-01  1.222e-01
6.820e+02  1.232e-01  1.222e-01
6.830e+02  1.231e-01  1.222e-01
6.840e+02  1.231e-01  1.223e-01
6.850e+02  1.230e-01  1.223e-01
6.860e+02  1.230e-01  1.223e-01
6.870e+02  1.229e-01  1.223e-01
6.880e+02  1.228e-01  1.223e-01
6.890e+02  1.228e-01  1.223e-01
6.900e+02  1.227e-01  1.224e-01
6.910e+02  1.227e-01  1.224e-01
6.920e+02  1.226e-01  1.224e-01
6.930e+02  1.226e-01  1.224e-01
6.940e+02  1.225e-01  1.224e-01
6.950e+02  1.224e-01  1.224e-01
6.960e+02  1.224e-01  1.225e-01
6.970e+02  1.223e-01  1.225e-01
6.980e+02  1.223e-01  1.225e-01
6.990e+02  1.222e-01  1.225e-01
7.000e+02  1.221e-01  1.225e-01
7.010e+02  1.221e-01  1.225e-01
7.020e+02  1.220e-01  1.226e-01
7.030e+02  1.220e-01  1.226e-01
7.040e+02  1.219e-01  1.226e-01
7.050e+02  1.219e-01  1.226e-01
7.060e+02  1.218e-01  1.226e-01
7.070e+02  1.217e-01  1.226e-01
7.080e+02  1.217e-01  1.226e-01
7.090e+02  1.216e-01  1.227e-01
7.100e+02  1.216e-01  1.227e-01
7.110e+02  1.215e-01  1.227e-01
7.120e+02  1.215e-01  1.227e-01
7.130e+02  1.214e-01  1.227e-01
7.140e+02  1.213e-01  1.227e-01
7.150e+02  1.213e-01  1.228e-01
7.160e+02  1.212e-01  1.228e-01
7.170e+02  1.212e-01  1.228e-01
7.180e+02  1.211e-01  1.228e-01
7.190e+02  1.211e-01  1.228e-01
7.200e+02  1.210e-01  1.228e-01
7.210e+02  1.209e-01  1.228e-01
7.220e+02  1.209e-01  1.229e-01
7.230e+02  1.208e-01  1.229e-01
7.240e+02  1.208e-01  1.229e-01
7.250e+02  1.207e-01  1.229e-01
7.260e+02  1.207e-01  1.229e-01
7.270e+02  1.206e-01  1.229e-01
7.280e+02  1.206e-01  1.230e-01
7.290e+02  1.205e-01  1.230e-01
7.300e+02  1.205e-01  1.230e-01
7.310e+02  1.204e-01  1.230e-01
7.320e+02  1.203e-01  1.230e-01
7.330e+02  1.203e-01  1.230e-01
7.340e+02  1.202e-01  1.230e-01
7.350e+02  1.202e-01  1.231e-01
7.360e+02  1.201e-01  1.231e-01
7.370e+02  1.201e-01  1.231e-01
7.380e+02  1.200e-01  1.231e-01
7.390e+02  1.200e-01  1.231e-01
7.400e+02  1.199e-01  1.231e-01
7.410e+02  1.199e-01  1.231e-01
7.420e+02  1.198e-01  1.232e-01
7.430e+02  1.198e-01  1.232e-01
7.440e+02  1.197e-01  1.232e-01
7.450e+02  1.197e-01  1.232e-01
7.460e+02  1.196e-01  1.232e-01
7.470e+02  1.196e-01  1.232e-01
7.480e+02  1.195e-01  1.232e-01
7.490e+02  1.195e-01  1.233e-01
7.500e+02  1.194e-01  1.233e-01
7.510e+02  1.194e-01  1.233e-01
7.520e+02  1.193e-01  1.233e-01
7.530e+02  1.193e-01  1.233e-01
7.540e+02  1.192e-01  1.233e-01
7.550e+02  1.192e-01  1.233e-01
7.560e+02  1.191e-01  1.233e-01
7.570e+02  1.191e-01  1.234e-01
7.580e+02  1.190e-01  1.234e-01
7.590e+02  1.190e-01  1.234e-01
7.600e+02  1.189e-01  1.234e-01
7.610e+02  1.189e-01  1.234e-01
7.620e+02  1.188e-01  1.234e-01
7.630e+02  1.188e-01  1.234e-01
7.640e+02  1.187e-01  1.235e-01
7.650e+02  1.187e-01  1.235e-01
7.660e+02  1.186e-01  1.235e-01
7.670e+02  1.186e-01  1.235e-01
7.680e+02  1.185e-01  1.235e-01
7.690e+02  1.185e-01  1.235e-01
7.700e+02  1.184e-01  1.235e-01
7.710e+02  1.184e-01  1.235e-01
7.720e+02  1.184e-01  1.236e-01
7.730e+02  1.183e-01  1.236e-01
7.740e+02  1.183e-01  1.236e-01
7.750e+02  1.182e-01  1.236e-01
7.760e+02  1.182e-01  1.236e-01
7.770e+02  1.181e-01  1.236e-01
7.780e+02  1.181e-01  1.236e-01
7.790e+02  1.180e-01  1.236e-01
7.800e+02  1.180e-01  1.236e-01
7.810e+02  1.180e-01  1.237e-01
7.820e+02  1.179e-01  1.237e-01
7.830e+02  1.179e-01  1.237e-01
7.840e+02  1.178e-01  1.237e-01
7.850e+02  1.178e-01  1.237e-01
7.860e+02  1.177e-01  1.237e-01
7.870e+02  1.177e-01  1.237e-01
7.880e+02  1.177e-01  1.237e-01
7.890e+02  1.176e-01  1.238e-01
7.900e+02  1.176e-01  1.238e-01
7.910e+02  1.175e-01  1.238e-01
7.920e+02  1.175e-01  1.238e-01
7.930e+02  1.175e-01  1.238e-01
7.940e+02  1.174e-01  1.238e-01
7.950e+02  1.174e-01  1.238e-01
7.960e+02  1.173e-01  1.238e-01
7.970e+02  1.173e-01  1.238e-01
7.980e+02  1.173e-01  1.238e-01
7.990e+02  1.172e-01  1.239e-01
8.000e+02  1.172e-01  1.239e-01
8.010e+02  1.171e-01  1.239e-01
8.020e+02  1.171e-01  1.239e-01
8.030e+02  1.171e-01  1.239e-01
8.040e+02  1.170e-01  1.239e-01
8.050e+02  1.170e-01  1.239e-01
8.060e+02  1.170e-01  1.239e-01
8.070e+02  1.169e-01  1.239e-01
8.080e+02  1.169e-01  1.239e-01
8.090e+02  1.169e-01  1.240e-01
8.100e+02  1.168e-01  1.240e-01
8.110e+02  1.168e-01  1.240e-01
8.120e+02  1.168e-01  1.240e-01
8.130e+02  1.167e-01  1.240e-01
8.140e+02  1.167e-01  1.240e-01
8.150e+02  1.167e-01  1.240e-01
8.160e+02  1.166e-01  1.240e-01
8.170e+02  1.166e-01  1.240e-01
8.180e+02  1.166e-01  1.240e-01
8.190e+02  1.166e-01  1.240e-01
8.200e+02  1.165e-01  1.240e-01
8.210e+02  1.165e-01  1.241e-01
8.220e+02  1.165e-01  1.241e-01
8.230e+02  1.164e-01  1.241e-01
8.240e+02  1.164e-01  1.241e-01
8.250e+02  1.164e-01  1.241e-01
8.260e+02  1.164e-01  1.241e-01
8.270e+02  1.163e-01  1.241e-01
8.280e+02  1.163e-01  1.241e-01
8.290e+02  1.163e-01  1.241e-01
8.300e+02  1.163e-01  1.241e-01
8.310e+02  1.163e-01  1.241e-01
8.320e+02  1.162e-01  1.241e-01
8.330e+02  1.162e-01  1.241e-01
8.340e+02  1.162e-01  1.241e-01
8.350e+02  1.162e-01  1.241e-01
8.360e+02  1.162e-01  1.241e-01
8.370e+02  1.161e-01  1.241e-01
8.380e+02  1.161e-01  1.241e-01
8.390e+02  1.161e-01  1.242e-01
8.400e+02  1.161e-01  1.242e-01
8.410e+02  1.161e-01  1.242e-01
8.420e+02  1.161e-01  1.242e-01
8.430e+02  1.161e-01  1.242e-01
8.440e+02  1.161e-01  1.242e-01
8.450e+02  1.161e-01  1.242e-01
8.460e+02  1.160e-01  1.242e-01
8.470e+02  1.160e-01  1.242e-01
8.480e+02  1.160e-01  1.242e-01
8.490e+02  1.160e-01  1.242e-01
8.500e+02  1.160e-01  1.242e-01
8.510e+02  1.160e-01  1.242e-01
8.520e+02  1.160e-01  1.242e-01
8.530e+02  1.160e-01  1.242e-01
8.540e+02  1.160e-01  1.242e-01
8.550e+02  1.160e-01  1.242e-01
8.560e+02  1.161e-01  1.242e-01
8.570e+02  1.161e-01  1.242e-01
8.580e+02  1.161e-01  1.242e-01
8.590e+02  1.161e-01  1.242e-01
8.600e+02  1.161e-01  1.242e-01
8.610e+02  1.161e-01  1.241e-01
8.620e+02  1.162e-01  1.241e-01
8.630e+02  1.162e-01  1.241e-01
8.640e+02  1.162e-01  1.241e-01
8.650e+02  1.162e-01  1.241e-01
8.660e+02  1.163e-01  1.241e-01
8.670e+02  1.163e-01  1.241e-01
8.680e+02  1.163e-01  1.241e-01
8.690e+02  1.164e-01  1.241e-01
8.700e+02  1.164e-01  1.241e-01
8.710e+02  1.165e-01  1.241e-01
8.720e+02  1.166e-01  1.240e-01
8.730e+02  1.166e-01  1.240e-01
8.740e+02  1.167e-01  1.240e-01
8.750e+02  1.168e-01  1.240e-01
8.760e+02  1.168e-01  1.240e-01
8.770e+02  1.169e-01  1.239e-01
8.780e+02  1.170e-01  1.239e-01
8.790e+02  1.171e-01  1.239e-01
8.800e+02  1.172e-01  1.239e-01
8.810e+02  1.174e-01  1.238e-01
8.820e+02  1.175e-01  1.238e-01
8.830e+02  1.176e-01  1.238e-01
8.840e+02  1.178e-01  1.237e-01
8.850e+02  1.179e-01  1.237e-01
8.860e+02  1.181e-01  1.236e-01
8.870e+02  1.183e-01  1.236e-01
8.880e+02  1.185e-01  1.235e-01
8.890e+02  1.187e-01  1.235e-01
8.900e+02  1.189e-01  1.234e-01
8.910e+02  1.192e-01  1.233e-01
8.920e+02  1.195e-01  1.232e-01
8.930e+02  1.198e-01  1.232e-01
8.940e+02  1.201e-01  1.231e-01
8.950e+02  1.204e-01  1.230e-01
8.960e+02  1.208e-01  1.229e-01
8.970e+02  1.212e-01  1.228e-01
8.980e+02  1.216e-01  1.227e-01
8.990e+02  1.220e-01  1.225e-01
9.000e+02  1.225e-01  1.224e-01
9.010e+02  1.230e-01  1.223e-01
9.020e+02  1.236e-01  1.221e-01
9.030e+02  1.242e-01  1.220e-01
9.040e+02  1.248e-01  1.218e-01
9.050e+02  1.255e-01  1.216e-01
9.060e+02  1.262e-01  1.214e-01
9.070e+02  1.270e-01  1.212e-01
9.080e+02  1.279e-01  1.209e-01
9.090e+02  1.287e-01  1.207e-01
9.100e+02  1.297e-01  1.204e-01
9.110e+02  1.307e-01  1.201e-01
9.120e+02  1.318e-01  1.198e-01
9.130e+02  1.329e-01  1.195e-01
9.140e+02  1.341e-01  1.192e-01
9.150e+02  1.354e-01  1.188e-01
9.160e+02  1.368e-01  1.184e-01
9.170e+02  1.382e-01  1.180e-01
9.180e+02  1.398e-01  1.175e-01
9.190e+02  1.414e-01  1.171e-01
9.200e+02  1.431e-01  1.166e-01
9.210e+02  1.449e-01  1.160e-01
9.220e+02  1.468e-01  1.155e-01
9.230e+02  1.489e-01  1.149e-01
9.240e+02  1.510e-01  1.143e-01
9.250e+02  1.532e-01  1.136e-01
9.260e+02  1.556e-01  1.129e-01
9.270e+02  1.581e-01  1.122e-01
9.280e+02  1.607e-01  1.114e-01
9.290e+02  1.634e-01  1.106e-01
9.300e+02  1.663e-01  1.098e-01
9.310e+02  1.692e-01  1.089e-01
9.320e+02  1.724e-01  1.080e-01
9.330e+02  1.756e-01  1.070e-01
9.340e+02  1.790e-01  1.060e-01
9.350e+02  1.826e-01  1.049e-01
9.360e+02  1.863e-01  1.039e-01
9.370e+02  1.901e-01  1.027e-01
9.380e+02  1.941e-01  1.016e-01
9.390e+02  1.983e-01  1.003e-01
9.400e+02  2.026e-01  9.910e-02
9.410e+02  2.071e-01  9.780e-02
9.420e+02  2.117e-01  9.647e-02
9.430e+02  2.165e-01  9.511e-02
9.440e+02  2.214e-01  9.370e-02
9.450e+02  2.266e-01  9.226e-02
9.460e+02  2.318e-01  9.078e-02
9.470e+02  2.373e-01  8.927e-02
9.480e+02  2.429e-01  8.773e-02
9.490e+02  2.487e-01  8.615e-02
9.500e+02  2.546e-01  8.455e-02
9.510e+02  2.607e-01  8.292e-02
9.520e+02  2.670e-01  8.126e-02
9.530e+02  2.735e-01  7.958e-02
9.540e+02  2.801e-01  7.788e-02
9.550e+02  2.868e-01  7.616e-02
9.560e+02  2.938e-01  7.443e-02
9.570e+02  3.008e-01  7.268e-02
9.580e+02  3.081e-01  7.092e-02
9.590e+02  3.155e-01  6.914e-02
9.600e+02  3.230e-01  6.736e-02
9.610e+02  3.307e-01  6.558e-02
9.620e+02  3.385e-01  6.379e-02
9.630e+02  3.465e-01  6.200e-02
9.640e+02  3.546e-01  6.022e-02
9.650e+02  3.629e-01  5.843e-02
9.660e+02  3.712e-01  5.666e-02
9.670e+02  3.797e-01  5.489e-02
9.680e+02  3.884e-01  5.313e-02
9.690e+02  3.971e-01  5.139e-02
9.700e+02  4.060e-01  4.966e-02
9.710e+02  4.149e-01  4.795e-02
9.720e+02  4.240e-01  4.626e-02
9.730e+02  4.331e-01  4.459e-02
9.740e+02  4.424e-01  4.294e-02
9.750e+02  4.517e-01  4.132e-02
9.760e+02  4.611e-01  3.972e-02
9.770e+02  4.706e-01  3.815e-02
9.780e+02  4.801e-01  3.661e-02
9.790e+02  4.897e-01  3.510e-02
9.800e+02  4.994e-01  3.362e-02
9.810e+02  5.091e-01  3.218e-02
9.820e+02  5.188e-01  3.077e-02
9.830e+02  5.286e-01  2.939e-02
9.840e+02  5.384e-01  2.804e-02
9.850e+02  5.482e-01  2.674e-02
9.860e+02  5.580e-01  2.547e-02
9.870e+02  5.678e-01  2.423e-02
9.880e+02  5.776e-01  2.303e-02
9.890e+02  5.874e-01  2.187e-02
9.900e+02  5.972e-01  2.075e-02
9.910e+02  6.069e-01  1.967e-02
9.920e+02  6.166e-01  1.862e-02
9.930e+02  6.263e-01  1.761e-02
9.940e+02  6.359e-01  1.664e-02
9.950e+02  6.455e-01  1.571e-02
9.960e+02  6.550e-01  1.481e-02
9.970e+02  6.645e-01  1.395e-02
9.980e+02  6.738e-01  1.313e-02
9.990e+02  6.831e-01  1.234e-02
1.000e+03  6.923e-01  1.158e-02
1.001e+03  7.014e-01  1.086e-02
1.002e+03  7.104e-01  1.018e-02
1.003e+03  7.193e-01  9.524e-03
1.004e+03  7.281e-01  8.902e-03
1.005e+03  7.368e-01  8.312e-03
1.006e+03  7.453e-01  7.752e-03
1.007e+03  7.537e-01  7.221e-03
1.008e+03  7.620e-01  6.719e-03
1.009e+03  7.702e-01  6.245e-03
1.010e+03  7.782e-01  5.797e-03
1.011e+03  7.861e-01  5.375e-03
1.012e+03  7.938e-01  4.978e-03
1.013e+03  8.014e-01  4.604e-03
1.014e+03  8.088e-01  4.253e-03
1.015e+03  8.160e-01  3.925e-03
1.016e+03  8.231e-01  3.617e-03
1.017e+03  8.301e-01  3.329e-03
1.018e+03  8.369e-01  3.060e-03
1.019e+03  8.435e-01  2.810e-03
1.020e+03  8.499e-01  2.576e-03
1.021e+03  8.562e-01  2.359e-03
1.022e+03  8.623e-01  2.157e-03
1.023e+03  8.683e-01  1.971e-03
1.024e+03  8.740e-01  1.797e-03
1.025e+03  8.796e-01  1.637e-03
1.026e+03  8.851e-01  1.490e-03
1.027e+03  8.904e-01  1.353e-03
1.028e+03  8.955e-01  1.228e-03
1.029e+03  9.004e-01  1.112e-03
1.030e+03  9.052e-01  1.006e-03
1.031e+03  9.098e-01  9.093e-04
1.032e+03  9.142e-01  8.204e-04
1.033e+03  9.185e-01  7.392e-04
1.034e+03  9.227e-01  6.650e-04
1.035e+03  9.266e-01  5.975e-04
1.036e+03  9.305e-01  5.360e-04
1.037e+03  9.341e-01  4.802e-04
1.038e+03  9.377e-01  4.295e-04
1.039e+03  9.411e-01  3.836e-04
1.040e+03  9.443e-01  3.422e-04
1.041e+03  9.474e-01  3.047e-04
1.042e+03  9.504e-01  2.709e-04
1.043e+03  9.532e-01  2.406e-04
1.044e+03  9.559e-01  2.133e-04
1.045e+03  9.585e-01  1.888e-04
1.046e+03  9.610e-01  1.668e-04
1.047e+03  9.634e-01  1.472e-04
1.048e+03  9.656e-01  1.297e-04
1.049e+03  9.677e-01  1.141e-04
1.050e+03  9.697e-01  1.002e-04
1.051e+03  9.716e-01  8.790e-05
1.052e+03  9.735e-01  7.696e-05
1.053e+03  9.752e-01  6.728e-05
1.054e+03  9.768e-01  5.871e-05
1.055e+03  9.784e-01  5.116e-05
1.056e+03  9.798e-01  4.451e-05
1.057e+03  9.812e-01  3.866e-05
1.058e+03  9.825e-01  3.352e-05
1.059e+03  9.837e-01  2.902e-05
1.060e+03  9.848e-01  2.508e-05
1.061e+03  9.859e-01  2.164e-05
1.062e+03  9.869e-01  1.864e-05
1.063e+03  9.879e-01  1.603e-05
1.064e+03  9.888e-01  1.376e-05
1.065e+03  9.896e-01  1.179e-05
1.066e+03  9.904e-01  1.009e-05
1.067e+03  9.911e-01  8.620e-06
1.068e+03  9.918e-01  7.350e-06
1.069e+03  9.924e-01  6.257e-06
1.070e+03  9.930e-01  5.317e-06
1.071e+03  9.936e-01  4.511e-06
1.072e+03  9.941e-01  3.820e-06
1.073e+03  9.946e-01  3.230e-06
1.074e+03  9.950e-01  2.726e-06
1.075e+03  9.954e-01  2.297e-06
1.076e+03  9.958e-01  1.932e-06
1.077e+03  9.961e-01  1.622e-06
1.078e+03  9.965e-01  1.359e-06
1.079e+03  9.968e-01  1.137e-06
1.080e+03  9.970e-01  9.496e-07
1.081e+03  9.973e-01  7.916e-07
1.082e+03  9.975e-01  6.588e-07
1.083e+03  9.978e-01  5.473e-07
1.084e+03  9.980e-01  4.538e-07
1.085e+03  9.981e-01  3.757e-07
1.086e+03  9.983e-01  3.104e-07
1.087e+03  9.985e-01  2.560e-07
1.088e+03  9.986e-01  2.108e-07
1.089e+03  9.987e-01  1.732e-07
1.090e+03  9.989e-01  1.421e-07
1.091e+03  9.990e-01  1.164e-07
1.092e+03  9.991e-01  9.514e-08
1.093e+03  9.992e-01  7.763e-08
1.094e+03  9.992e-01  6.322e-08
1.095e+03  9.993e-01  5.140e-08
1.096e+03  9.994e-01  4.171e-08
1.097e+03  9.994e-01  3.379e-08
1.098e+03  9.995e-01  2.732e-08
1.099e+03  9.996e-01  2.205e-08
1.100e+03  9.996e-01  1.776e-08
1.101e+03  9.996e-01  1.428e-08
1.102e+03  9.997e-01  1.147e-08
1.103e+03  9.997e-01  9.186e-09
1.104e+03  9.997e-01  7.346e-09
1.105e+03  9.998e-01  5.864e-09
1.106e+03  9.998e-01  4.672e-09
1.107e+03  9.998e-01  3.716e-09
1.108e+03  9.998e-01  2.950e-09
1.109e+03  9.999e-01  2.337e-09
1.110e+03  9.999e-01  1.849e-09
1.111e+03  9.999e-01  1.459e-09
1.112e+03  9.999e-01  1.150e-09
1.113e+03  9.999e-01  9.045e-10
1.114e+03  9.999e-01  7.101e-10
1.115e+03  9.999e-01  5.565e-10
1.116e+03  9.999e-01  4.352e-10
1.117e+03  9.999e-01  3.398e-10
1.118e+03  1.000e+00  2.648e-10
1.119e+03  1.000e+00  2.059e-10
1.120e+03  1.000e+00  1.599e-10
1.121e+03  1.000e+00  1.239e-10
1.122e+03  1.000e+00  9.583e-11
1.123e+03  1.000e+00  7.398e-11
1.124e+03  1.000e+00  5.700e-11
1.125e+03  1.000e+00  4.384e-11
1.126e+03  1.000e+00  3.366e-11
1.127e+03  1.000e+00  2.579e-11
1.128e+03  1.000e+00  1.972e-11
1.129e+03  1.000e+00  1.506e-11
1.130e+03  1.000e+00  1.147e-11
1.131e+03  1.000e+00  8.725e-12
1.132e+03  1.000e+00  6.623e-12
1.133e+03  1.000e+00  5.018e-12
1.134e+03  1.000e+00  3.795e-12
1.135e+03  1.000e+00  2.864e-12
1.136e+03  1.000e+00  2.158e-12
1.137e+03  1.000e+00  1.623e-12
1.138e+03  1.000e+00  1.218e-12
1.139e+03  1.000e+00  9.123e-13
1.140e+03  1.000e+00  6.822e-13
1.141e+03  1.000e+00  5.091e-13
1.142e+03  1.000e+00  3.792e-13
1.143e+03  1.000e+00  2.820e-13
1.144e+03  1.000e+00  2.092e-13
1.145e+03  1.000e+00  1.550e-13
1.146e+03  1.000e+00  1.146e-13
1.147e+03  1.000e+00  8.454e-14
1.148e+03  1.000e+00  6.226e-14
1.149e+03  1.000e+00  4.577e-14
1.150e+03  1.000e+00  3.358e-14
1.151e+03  1.000e+00  2.459e-14
1.152e+03  1.000e+00  1.797e-14
1.153e+03  1.000e+00  1.311e-14
1.154e+03  1.000e+00  9.548e-15
1.155e+03  1.000e+00  6.939e-15
1.156e+03  1.000e+00  5.034e-15
1.157e+03  1.000e+00  3.645e-15
1.158e+03  1.000e+00  2.634e-15
1.159e+03  1.000e+00  1.900e-15
1.160e+03  1.000e+00  1.368e-15
1.161e+03  1.000e+00  9.826e-16
1.162e+03  1.000e+00  7.047e-16
1.163e+03  1.000e+00  5.044e-16
1.164e+03  1.000e+00  3.604e-16
1.165e+03  1.000e+00  2.570e-16
1.166e+03  1.000e+00  1.829e-16
1.167e+03  1.000e+00  1.299e-16
1.168e+03  1.000e+00  9.212e-17
1.169e+03  1.000e+00  6.519e-17
1.170e+03  1.000e+00  4.605e-17
1.171e+03  1.000e+00  3.246e-17
1.172e+03  1.000e+00  2.284e-17
1.173e+03  1.000e+00  1.604e-17
1.174e+03  1.000e+00  1.124e-17
1.175e+03  1.000e+00  7.867e-18
1.176e+03  1.000e+00  5.494e-18
1.177e+03  1.000e+00  3.829e-18
1.178e+03  1.000e+00  2.663e-18
1.179e+03  1.000e+00  1.849e-18
1.180e+03  1.000e+00  1.281e-18
1.181e+03  1.000e+00  8.864e-19
1.182e+03  1.000e+00  6.119e-19
1.183e+03  1.000e+00  4.216e-19
1.184e+03  1.000e+00  2.899e-19
1.185e+03  1.000e+00  1.990e-19
1.186e+03  1.000e+00  1.363e-19
1.187e+03  1.000e+00  9.323e-20
1.188e+03  1.000e+00  6.363e-20
1.189e+03  1.000e+00  4.334e-20
1.190e+03  1.000e+00  2.947e-20
1.191e+03  1.000e+00  2.000e-20
1.192e+03  1.000e+00  1.354e-20
1.193e+03  1.000e+00  9.155e-21
1.194e+03  1.000e+00  6.177e-21
1.195e+03  1.000e+00  4.160e-21
1.196e+03  1.000e+00  2.796e-21
1.197e+03  1.000e+00  1.876e-21
1.198e+03  1.000e+00  1.256e-21
1.199e+03  1.000e+00  8.393e-22
1.200e+03  1.000e+00  5.598e-22
1.201e+03  1.000e+00  3.727e-22
1.202e+03  1.000e+00  2.476e-22
1.203e+03  1.000e+00  1.642e-22
1.204e+03  1.000e+00  1.087e-22
1.205e+03  1.000e+00  7.182e-23
1.206e+03  1.000e+00  4.736e-23
1.207e+03  1.000e+00  3.117e-23
1.208e+03  1.000e+00  2.048e-23
1.209e+03  1.000e+00  1.342e-23
1.210e+03  1.000e+00  8.785e-24
1.211e+03  1.000e+00  5.738e-24
1.212e+03  1.000e+00  3.740e-24
1.213e+03  1.000e+00  2.434e-24
1.214e+03  1.000e+00  1.580e-24
1.215e+03  1.000e+00  1.024e-24
1.216e+03  1.000e+00  6.627e-25
1.217e+03  1.000e+00  4.279e-25
1.218e+03  1.000e+00  2.758e-25
1.219e+03  1.000e+00  1.774e-25
1.220e+03  1.000e+00  1.139e-25
1.221e+03  1.000e+00  7.297e-26
1.222e+03  1.000e+00  4.667e-26
1.223e+03  1.000e+00  2.979e-26
1.224e+03  1.000e+00  1.898e-26
1.225e+03  1.000e+00  1.207e-26
1.226e+03  1.000e+00  7.660e-27
1.227e+03  1.000e+00  4.853e-27
1.228e+03  1.000e+00  3.068e-27
1.229e+03  1.000e+00  1.936e-27
1.230e+03  1.000e+00  1.220e-27
1.231e+03  1.000e+00  7.667e-28
1.232e+03  1.000e+00  4.811e-28
1.233e+03  1.000e+00  3.013e-28
1.234e+03  1.000e+00  1.883e-28
1.235e+03  1.000e+00  1.175e-28
1.236e+03  1.000e+00  7.316e-29
1.237e+03  1.000e+00  4.547e-29
1.238e+03  1.000e+00  2.820e-29
1.239e+03  1.000e+00  1.746e-29
1.240e+03  1.000e+00  1.079e-29
1.241e+03  1.000e+00  6.656e-30
1.242e+03  1.000e+00  4.097e-30
1.243e+03  1.000e+00  2.517e-30
1.244e+03  1.000e+00  1.544e-30
1.245e+03  1.000e+00  9.450e-31
1.246e+03  1.000e+00  5.773e-31
1.247e+03  1.000e+00  3.520e-31
1.248e+03  1.000e+00  2.142e-31
1.249e+03  1.000e+00  1.301e-31
1.250e+03  1.000e+00  7.890e-32
1.251e+03  1.000e+00  4.775e-32
1.252e+03  1.000e+00  2.884e-32
1.253e+03  1.000e+00  1.738e-32
1.254e+03  1.000e+00  1.046e-32
1.255e+03  1.000e+00  6.282e-33
1.256e+03  1.000e+00  3.765e-33
1.257e+03  1.000e+00  2.253e-33
1.258e+03  1.000e+00  1.345e-33
1.259e+03  1.000e+00  8.017e-34
1.260e+03  1.000e+00  4.769e-34
1.261e+03  1.000e+00  2.831e-34
1.262e+03  1.000e+00  1.678e-34
1.263e+03  1.000e+00  9.924e-35
1.264e+03  1.000e+00  5.859e-35
1.265e+03  1.000e+00  3.452e-35
1.266e+03  1.000e+00  2.030e-35
1.267e+03  1.000e+00  1.192e-35
1.268e+03  1.000e+00  6.982e-36
1.269e+03  1.000e+00  4.083e-36
1.270e+03  1.000e+00  2.383e-36
1.271e+03  1.000e+00  1.388e-36
1.272e+03  1.000e+00  8.072e-37
1.273e+03  1.000e+00  4.684e-37
1.274e+03  1.000e+00  2.713e-37
1.275e+03  1.000e+00  1.569e-37
1.276e+03  1.000e+00  9.052e-38
1.277e+03  1.000e+00  5.214e-38
1.278e+03  1.000e+00  2.997e-38
1.279e+03  1.000e+00  1.720e-38
1.280e+03  1.000e+00  9.848e-39
1.281e+03  1.000e+00  5.629e-39
1.282e+03  1.000e+00  3.212e-39
1.283e+03  1.000e+00  1.829e-39
1.284e+03  1.000e+00  1.039e-39
1.285e+03  1.000e+00  5.897e-40
1.286e+03  1.000e+00  3.339e-40
1.287e+03  1.000e+00  1.887e-40
1.288e+03  1.000e+00  1.064e-40
1.289e+03  1.000e+00  5.993e-41
1.290e+03  1.000e+00  3.368e-41
1.291e+03  1.000e+00  1.889e-41
1.292e+03  1.000e+00  1.057e-41
1.293e+03  1.000e+00  5.908e-42
1.294e+03  1.000e+00  3.295e-42
1.295e+03  1.000e+00  1.834e-42
1.296e+03  1.000e+00  1.019e-42
1.297e+03  1.000e+00  5.652e-43
1.298e+03  1.000e+00  3.128e-43
1.299e+03  1.000e+00  1.728e-43
1.300e+03  1.000e+00  9.531e-44
1.301e+03  1.000e+00  5.246e-44
1.302e+03  1.000e+00  2.882e-44
1.303e+03  1.000e+00  1.580e-44
1.304e+03  1.000e+00  8.647e-45
1.305e+03  1.000e+00  4.724e-45
1.306e+03  1.000e+00  2.575e-45
1.307e+03  1.000e+00  1.402e-45
1.308e+03  1.000e+00  7.613e-46
1.309e+03  1.000e+00  4.127e-46
1.310e+03  1.000e+00  2.233e-46
1.311e+03  1.000e+00  1.206e-46
1.312e+03  1.000e+00  6.503e-47
1.313e+03  1.000e+00  3.499e-47
1.314e+03  1.000e+00  1.879e-47
1.315e+03  1.000e+00  1.007e-47
1.316e+03  1.000e+00  5.391e-48
1.317e+03  1.000e+00  2.879e-48
1.318e+03  1.000e+00  1.535e-48
1.319e+03  1.000e+00  8.165e-49
1.320e+03  1.000e+00  4.336e-49
1.321e+03  1.000e+00  2.298e-49
1.322e+03  1.000e+00  1.216e-49
1.323e+03  1.000e+00  6.421e-50
1.324e+03  1.000e+00  3.384e-50
1.325e+03  1.000e+00  1.780e-50
1.326e+03  1.000e+00  9.349e-51
1.327e+03  1.000e+00  4.900e-51
1.328e+03  1.000e+00  2.563e-51
1.329e+03  1.000e+00  1.339e-51
1.330e+03  1.000e+00  6.976e-52
1.331e+03  1.000e+00  3.629e-52
1.332e+03  1.000e+00  1.884e-52
1.333e+03  1.000e+00  9.766e-53
1.334e+03  1.000e+00  5.052e-53
1.335e+03  1.000e+00  2.609e-53
1.336e+03  1.000e+00  1.344e-53
1.337e+03  1.000e+00  6.915e-54
1.338e+03  1.000e+00  3.551e-54
1.339e+03  1.000e+00  1.820e-54
1.340e+03  1.000e+00  9.308e-55
1.341e+03  1.000e+00  4.752e-55
1.342e+03  1.000e+00  2.422e-55
1.343e+03  1.000e+00  1.232e-55
1.344e+03  1.000e+00  6.255e-56
1.345e+03  1.000e+00  3.170e-56
1.346e+03  1.000e+00  1.603e-56
1.347e+03  1.000e+00  8.096e-57
1.348e+03  1.000e+00  4.080e-57
1.349e+03  1.000e+00  2.052e-57
1.350e+03  1.000e+00  1.030e-57
1.351e+03  1.000e+00  5.164e-58
1.352e+03  1.000e+00  2.583e-58
1.353e+03  1.000e+00  1.290e-58
1.354e+03  1.000e+00  6.427e-59
1.355e+03  1.000e+00  3.197e-59
1.356e+03  1.000e+00  1.587e-59
1.357e+03  1.000e+00  7.866e-60
1.358e+03  1.000e+00  3.891e-60
1.359e+03  1.000e+00  1.921e-60
1.360e+03  1.000e+00  9.469e-61
1.361e+03  1.000e+00  4.658e-61
1.362e+03  1.000e+00  2.287e-61
1.363e+03  1.000e+00  1.121e-61
1.364e+03  1.000e+00  5.483e-62
1.365e+03  1.000e+00  2.677e-62
1.366e+03  1.000e+00  1.305e-62
1.367e+03  1.000e+00  6.348e-63
1.368e+03  1.000e+00  3.082e-63
1.369e+03  1.000e+00  1.494e-63
1.370e+03  1.000e+00  7.228e-64
1.371e+03  1.000e+00  3.490e-64
1.372e+03  1.000e+00  1.682e-64
1.373e+03  1.000e+00  8.094e-65
1.374e+03  1.000e+00  3.887e-65
1.375e+03  1.000e+00  1.863e-65
1.376e+03  1.000e+00  8.914e-66
1.377e+03  1.000e+00  4.257e-66
1.378e+03  1.000e+00  2.029e-66
1.379e+03  1.000e+00  9.655e-67
1.380e+03  1.000e+00  4.586e-67
1.381e+03  1.000e+00  2.174e-67
1.382e+03  1.000e+00  1.029e-67
1.383e+03  1.000e+00  4.858e-68
1.384e+03  1.000e+00  2.290e-68
1.385e+03  1.000e+00  1.078e-68
1.386e+03  1.000e+00  5.063e-69
1.387e+03  1.000e+00  2.374e-69
1.388e+03  1.000e+00  1.111e-69
1.389e+03  1.000e+00  5.189e-70
1.390e+03  1.000e+00  2.420e-70
1.391e+03  1.000e+00  1.126e-70
1.392e+03  1.000e+00  5.232e-71
1.393e+03  1.000e+00  2.426e-71
1.394e+03  1.000e+00  1.123e-71
1.395e+03  1.000e+00  5.188e-72
1.396e+03  1.000e+00  2.393e-72
1.397e+03  1.000e+00  1.101e-72
1.398e+03  1.000e+00  5.061e-73
1.399e+03  1.000e+00  2.321e-73
1.400e+03  1.000e+00  1.063e-73
1.401e+03  1.000e+00  4.856e-74
1.402e+03  1.000e+00  2.215e-74
1.403e+03  1.000e+00  1.008e-74
1.404e+03  1.000e+00  4.583e-75
1.405e+03  1.000e+00  2.079e-75
1.406e+03  1.000e+00  9.414e-76
1.407e+03  1.000e+00  4.255e-76
1.408e+03  1.000e+00  1.920e-76
1.409e+03  1.000e+00  8.645e-77
1.410e+03  1.000e+00  3.886e-77
1.411e+03  1.000e+00  1.744e-77
1.412e+03  1.000e+00  7.810e-78
1.413e+03  1.000e+00  3.492e-78
1.414e+03  1.000e+00  1.558e-78
1.415e+03  1.000e+00  6.941e-79
1.416e+03  1.000e+00  3.086e-79
1.417e+03  1.000e+00  1.370e-79
1.418e+03  1.000e+00  6.068e-80
1.419e+03  1.000e+00  2.683e-80
1.420e+03  1.000e+00  1.185e-80
1.421e+03  1.000e+00  5.219e-81
1.422e+03  1.000e+00  2.296e-81
1.423e+03  1.000e+00  1.008e-81
1.424e+03  1.000e+00  4.416e-82
1.425e+03  1.000e+00  1.932e-82
1.426e+03  1.000e+00  8.436e-83
1.427e+03  1.000e+00  3.677e-83
1.428e+03  1.000e+00  1.600e-83
1.429e+03  1.000e+00  6.947e-84
1.430e+03  1.000e+00  3.011e-84
1.431e+03  1.000e+00  1.303e-84
1.432e+03  1.000e+00  5.628e-85
1.433e+03  1.000e+00  2.427e-85
1.434e+03  1.000e+00  1.044e-85
1.435e+03  1.000e+00  4.487e-86
1.436e+03  1.000e+00  1.924e-86
1.437e+03  1.000e+00  8.236e-87
1.438e+03  1.000e+00  3.519e-87
1.439e+03  1.000e+00  1.501e-87
1.440e+03  1.000e+00  6.390e-88
1.441e+03  1.000e+00  2.716e-88
1.442e+03  1.000e+00  1.152e-88
1.443e+03  1.000e+00  4.879e-89
1.444e+03  1.000e+00  2.062e-89
1.445e+03  1.000e+00  8.701e-90
1.446e+03  1.000e+00  3.665e-90
1.447e+03  1.000e+00  1.541e-90
1.448e+03  1.000e+00  6.466e-91
1.449e+03  1.000e+00  2.709e-91
1.450e+03  1.000e+00  1.133e-91
1.451e+03  1.000e+00  4.729e-92
1.452e+03  1.000e+00  1.970e-92
1.453e+03  1.000e+00  8.196e-93
1.454e+03  1.000e+00  3.403e-93
1.455e+03  1.000e+00  1.410e-93
1.456e+03  1.000e+00  5.835e-94
1.457e+03  1.000e+00  2.410e-94
1.458e+03  1.000e+00  9.933e-95
1.459e+03  1.000e+00  4.087e-95
1.460e+03  1.000e+00  1.679e-95
1.461e+03  1.000e+00  6.885e-96
1.462e+03  1.000e+00  2.818e-96
1.463e+03  1.000e+00  1.151e-96
1.464e+03  1.000e+00  4.696e-97
1.465e+03  1.000e+00  1.912e-97
1.466e+03  1.000e+00  7.770e-98
1.467e+03  1.000e+00  3.152e-98
1.468e+03  1.000e+00  1.277e-98
1.469e+03  1.000e+00  5.161e-99
1.470e+03  1.000e+00  2.083e-99
1.471e+03  1.000e+00  8.389e-100
1.472e+03  1.000e+00  3.373e-100
1.473e+03  1.000e+00  1.354e-100
1.474e+03  1.000e+00  5.425e-101
1.475e+03  1.000e+00  2.170e-101
1.476e+03  1.000e+00  8.665e-102
1.477e+03  1.000e+00  3.453e-102
1.478e+03  1.000e+00  1.374e-102
1.479e+03  1.000e+00  5.457e-103
1.480e+03  1.000e+00  2.164e-103
1.481e+03  1.000e+00  8.563e-104
1.482e+03  1.000e+00  3.383e-104
1.483e+03  1.000e+00  1.334e-104
1.484e+03  1.000e+00  5.252e-105
1.485e+03  1.000e+00  2.064e-105
1.486e+03  1.000e+00  8.097e-106
1.487e+03  1.000e+00  3.171e-106
1.488e+03  1.000e+00  1.240e-106
1.489e+03  1.000e+00  4.838e-107
1.490e+03  1.000e+00  1.885e-107
1.491e+03  1.000e+00  7.329e-108
1.492e+03  1.000e+00  2.845e-108
1.493e+03  1.000e+00  1.102e-108
1.494e+03  1.000e+00  4.265e-109
1.495e+03  1.000e+00  1.647e-109
1.496e+03  1.000e+00  6.349e-110
1.497e+03  1.000e+00  2.443e-110
1.498e+03  1.000e+00  9.385e-111
1.499e+03  1.000e+00  3.599e-111
1.500e+03  1.000e+00  1.378e-111
1.501e+03  1.000e+00  5.265e-112
1.502e+03  1.000e+00  2.009e-112
1.503e+03  1.000e+00  7.649e-113
1.504e+03  1.000e+00  2.908e-113
1.505e+03  1.000e+00  1.104e-113
1.506e+03  1.000e+00  4.181e-114
1.507e+03  1.000e+00  1.581e-114
1.508e+03  1.000e+00  5.969e-115
1.509e+03  1.000e+00  2.250e-115
1.510e+03  1.000e+00  8.463e-116
1.511e+03  1.000e+00  3.179e-116
1.512e+03  1.000e+00  1.192e-116
1.513e+03  1.000e+00  4.461e-117
1.514e+03  1.000e+00  1.667e-117
1.515e+03  1.000e+00  6.216e-118
1.516e+03  1.000e+00  2.315e-118
1.517e+03  1.000e+00  8.604e-119
1.518e+03  1.000e+00  3.193e-119
1.519e+03  1.000e+00  1.183e-119
1.520e+03  1.000e+00  4.373e-120
1.521e+03  1.000e+00  1.615e-120
1.522e+03  1.000e+00  5.950e-121
1.523e+03  1.000e+00  2.189e-121
1.524e+03  1.000e+00  8.040e-122
1.525e+03  1.000e+00  2.948e-122
1.526e+03  1.000e+00  1.079e-122
1.527e+03  1.000e+00  3.942e-123
1.528e+03  1.000e+00  1.438e-123
1.529e+03  1.000e+00  5.237e-124
1.530e+03  1.000e+00  1.904e-124
1.531e+03  1.000e+00  6.908e-125
1.532e+03  1.000e+00  2.503e-125
1.533e+03  1.000e+00  9.052e-126
1.534e+03  1.000e+00  3.269e-126
1.535e+03  1.000e+00  1.178e-126
1.536e+03  1.000e+00  4.240e-127
1.537e+03  1.000e+00  1.523e-127
1.538e+03  1.000e+00  5.462e-128
1.539e+03  1.000e+00  1.955e-128
1.540e+03  1.000e+00  6.989e-129
1.541e+03  1.000e+00  2.494e-129
1.542e+03  1.000e+00  8.883e-130
1.543e+03  1.000e+00  3.159e-130
1.544e+03  1.000e+00  1.122e-130
1.545e+03  1.000e+00  3.975e-131
1.546e+03  1.000e+00  1.406e-131
1.547e+03  1.000e+00  4.968e-132
1.548e+03  1.000e+00  1.752e-132
1.549e+03  1.000e+00  6.168e-133
1.550e+03  1.000e+00  2.168e-133
1.551e+03  1.000e+00  7.607e-134
1.552e+03  1.000e+00  2.665e-134
1.553e+03  1.000e+00  9.318e-135
1.554e+03  1.000e+00  3.253e-135
1.555e+03  1.000e+00  1.134e-135
1.556e+03  1.000e+00  3.946e-136
1.557e+03  1.000e+00  1.371e-136
1.558e+03  1.000e+00  4.754e-137
1.559e+03  1.000e+00  1.646e-137
1.560e+03  1.000e+00  5.691e-138
1.561e+03  1.000e+00  1.964e-138
1.562e+03  1.000e+00  6.767e-139
1.563e+03  1.000e+00  2.328e-139
1.564e+03  1.000e+00  7.993e-140
1.565e+03  1.000e+00  2.740e-140
1.566e+03  1.000e+00  9.380e-141
1.567e+03  1.000e+00  3.205e-141
1.568e+03  1.000e+00  1.094e-141
1.569e+03  1.000e+00  3.725e-142
1.570e+03  1.000e+00  1.267e-142
1.571e+03  1.000e+00  4.301e-143
1.572e+03  1.000e+00  1.458e-143
1.573e+03  1.000e+00  4.933e-144
1.574e+03  1.000e+00  1.667e-144
1.575e+03  1.000e+00  5.622e-145
1.576e+03  1.000e+00  1.893e-145
1.577e+03  1.000e+00  6.366e-146
1.578e+03  1.000e+00  2.137e-146
1.579e+03  1.000e+00  7.162e-147
1.580e+03  1.000e+00  2.397e-147
1.581e+03  1.000e+00  8.007e-148
1.582e+03  1.000e+00  2.671e-148
1.583e+03  1.000e+00  8.894e-149
1.584e+03  1.000e+00  2.957e-149
1.585e+03  1.000e+00  9.816e-150
1.586e+03  1.000e+00  3.253e-150
1.587e+03  1.000e+00  1.077e-150
1.588e+03  1.000e+00  3.557e-151
1.589e+03  1.000e+00  1.173e-151
1.590e+03  1.000e+00  3.865e-152
1.591e+03  1.000e+00  1.271e-152
1.592e+03  1.000e+00  4.173e-153
1.593e+03  1.000e+00  1.368e-153
1.594e+03  1.000e+00  4.477e-154
1.595e+03  1.000e+00  1.463e-154
1.596e+03  1.000e+00  4.774e-155
1.597e+03  1.000e+00  1.555e-155
1.598e+03  1.000e+00  5.059e-156
1.599e+03  1.000e+00  1.643e-156
1.600e+03  1.000e+00  5.329e-157
1.601e+03  1.000e+00  1.725e-157
1.602e+03  1.000e+00  5.579e-158
1.603e+03  1.000e+00  1.801e-158
1.604e+03  1.000e+00  5.805e-159
1.605e+03  1.000e+00  1.868e-159
1.606e+03  1.000e+00  6.004e-160
1.607e+03  1.000e+00  1.926e-160
1.608e+03  1.000e+00  6.172e-161
1.609e+03  1.000e+00  1.975e-161
1.610e+03  1.000e+00  6.308e-162
1.611e+03  1.000e+00  2.012e-162
1.612e+03  1.000e+00  6.409e-163
1.613e+03  1.000e+00  2.038e-163
1.614e+03  1.000e+00  6.474e-164
1.615e+03  1.000e+00  2.053e-164
1.616e+03  1.000e+00  6.501e-165
1.617e+03  1.000e+00  2.056e-165
1.618e+03  1.000e+00  6.491e-166
1.619e+03  1.000e+00  2.047e-166
1.620e+03  1.000e+00  6.444e-167
1.621e+03  1.000e+00  2.026e-167
1.622e+03  1.000e+00  6.362e-168
1.623e+03  1.000e+00  1.995e-168
1.624e+03  1.000e+00  6.245e-169
1.625e+03  1.000e+00  1.953e-169
1.626e+03  1.000e+00  6.097e-170
1.627e+03  1.000e+00  1.901e-170
1.628e+03  1.000e+00  5.920e-171
1.629e+03  1.000e+00  1.841e-171
1.630e+03  1.000e+00  5.717e-172
1.631e+03  1.000e+00  1.773e-172
1.632e+03  1.000e+00  5.492e-173
1.633e+03  1.000e+00  1.699e-173
1.634e+03  1.000e+00  5.248e-174
1.635e+03  1.000e+00  1.619e-174
1.636e+03  1.000e+00  4.989e-175
1.637e+03  1.000e+00  1.535e-175
1.638e+03  1.000e+00  4.718e-176
1.639e+03  1.000e+00  1.448e-176
1.640e+03  1.000e+00  4.441e-177
1.641e+03  1.000e+00  1.360e-177
1.642e+03  1.000e+00  4.159e-178
1.643e+03  1.000e+00  1.270e-178
1.644e+03  1.000e+00  3.876e-179
1.645e+03  1.000e+00  1.181e-179
1.646e+03  1.000e+00  3.595e-180
1.647e+03  1.000e+00  1.093e-180
1.648e+03  1.000e+00  3.320e-181
1.649e+03  1.000e+00  1.007e-181
1.650e+03  1.000e+00  3.052e-182
1.651e+03  1.000e+00  9.237e-183
1.652e+03  1.000e+00  2.793e-183
1.653e+03  1.000e+00  8.436e-184
1.654e+03  1.000e+00  2.545e-184
1.655e+03  1.000e+00  7.672e-185
1.656e+03  1.000e+00  2.310e-185
1.657e+03  1.000e+00  6.949e-186
1.658e+03  1.000e+00  2.088e-186
1.659e+03  1.000e+00  6.269e-187
1.660e+03  1.000e+00  1.880e-187
1.661e+03  1.000e+00  5.635e-188
1.662e+03  1.000e+00  1.687e-188
1.663e+03  1.000e+00  5.046e-189
1.664e+03  1.000e+00  1.508e-189
1.665e+03  1.000e+00  4.502e-190
1.666e+03  1.000e+00  1.343e-190
1.667e+03  1.000e+00  4.004e-191
1.668e+03  1.000e+00  1.193e-191
1.669e+03  1.000e+00  3.549e-192
1.670e+03  1.000e+00  1.056e-192
1.671e+03  1.000e+00  3.137e-193
1.672e+03  1.000e+00  9.315e-194
1.673e+03  1.000e+00  2.764e-194
1.674e+03  1.000e+00  8.197e-195
1.675e+03  1.000e+00  2.429e-195
1.676e+03  1.000e+00  7.194e-196
1.677e+03  1.000e+00  2.129e-196
1.678e+03  1.000e+00  6.298e-197
1.679e+03  1.000e+00  1.862e-197
1.680e+03  1.000e+00  5.501e-198
1.681e+03  1.000e+00  1.624e-198
1.682e+03  1.000e+00  4.794e-199
1.683e+03  1.000e+00  1.414e-199
1.684e+03  1.000e+00  4.170e-200
1.685e+03  1.000e+00  1.229e-200
1.686e+03  1.000e+00  3.620e-201
1.687e+03  1.000e+00  1.066e-201
1.688e+03  1.000e+00  3.137e-202
1.689e+03  1.000e+00  9.230e-203
1.690e+03  1.000e+00  2.714e-203
1.691e+03  1.000e+00  7.980e-204
1.692e+03  1.000e+00  2.345e-204
1.693e+03  1.000e+00  6.891e-205
1.694e+03  1.000e+00  2.024e-205
1.695e+03  1.000e+00  5.943e-206
1.696e+03  1.000e+00  1.745e-206
1.697e+03  1.000e+00  5.120e-207
1.698e+03  1.000e+00  1.502e-207
1.699e+03  1.000e+00  4.406e-208
1.700e+03  1.000e+00  1.292e-208
1.701e+03  1.000e+00  3.789e-209
1.702e+03  1.000e+00  1.111e-209
1.703e+03  1.000e+00  3.256e-210
1.704e+03  1.000e+00  9.541e-211
1.705e+03  1.000e+00  2.796e-211
1.706e+03  1.000e+00  8.190e-212
1.707e+03  1.000e+00  2.399e-212
1.708e+03  1.000e+00  7.027e-213
1.709e+03  1.000e+00  2.058e-213
1.710e+03  1.000e+00  6.026e-214
1.711e+03  1.000e+00  1.764e-214
1.712e+03  1.000e+00  5.166e-215
1.713e+03  1.000e+00  1.512e-215
1.714e+03  1.000e+00  4.427e-216
1.715e+03  1.000e+00  1.296e-216
1.716e+03  1.000e+00  3.793e-217
1.717e+03  1.000e+00  1.110e-217
1.718e+03  1.000e+00  3.248e-218
1.719e+03  1.000e+00  9.506e-219
1.720e+03  1.000e+00  2.782e-219
1.721e+03  1.000e+00  8.140e-220
1.722e+03  1.000e+00  2.382e-220
1.723e+03  1.000e+00  6.969e-221
1.724e+03  1.000e+00  2.039e-221
1.725e+03  1.000e+00  5.966e-222
1.726e+03  1.000e+00  1.745e-222
1.727e+03  1.000e+00  5.107e-223
1.728e+03  1.000e+00  1.494e-223
1.729e+03  1.000e+00  4.371e-224
1.730e+03  1.000e+00  1.279e-224
1.731e+03  1.000e+00  3.741e-225
1.732e+03  1.000e+00  1.094e-225
1.733e+03  1.000e+00  3.201e-226
1.734e+03  1.000e+00  9.365e-227
1.735e+03  1.000e+00  2.740e-227
1.736e+03  1.000e+00  8.015e-228
1.737e+03  1.000e+00  2.345e-228
1.738e+03  1.000e+00  6.858e-229
1.739e+03  1.000e+00  2.006e-229
1.740e+03  1.000e+00  5.869e-230
1.741e+03  1.000e+00  1.717e-230
1.742e+03  1.000e+00  5.022e-231
1.743e+03  1.000e+00  1.469e-231
1.744e+03  1.000e+00  4.298e-232
1.745e+03  1.000e+00  1.257e-232
1.746e+03  1.000e+00  3.677e-233
1.747e+03  1.000e+00  1.076e-233
1.748e+03  1.000e+00  3.147e-234
1.749e+03  1.000e+00  9.205e-235
1.750e+03  1.000e+00  2.693e-235
1.751e+03  1.000e+00  7.877e-236
1.752e+03  1.000e+00  2.304e-236
1.753e+03  1.000e+00  6.740e-237
1.754e+03  1.000e+00  1.972e-237
1.755e+03  1.000e+00  5.767e-238
1.756e+03  1.000e+00  1.687e-238
1.757e+03  1.000e+00  4.935e-239
1.758e+03  1.000e+00  1.444e-239
1.759e+03  1.000e+00  4.223e-240
1.760e+03  1.000e+00  1.235e-240
1.761e+03  1.000e+00  3.614e-241
1.762e+03  1.000e+00  1.057e-241
1.763e+03  1.000e+00  3.092e-242
1.764e+03  1.000e+00  9.045e-243
1.765e+03  1.000e+00  2.646e-243
1.766e+03  1.000e+00  7.740e-244
1.767e+03  1.000e+00  2.264e-244
1.768e+03  1.000e+00  6.623e-245
1.769e+03  1.000e+00  1.937e-245
1.770e+03  1.000e+00  5.667e-246
1.771e+03  1.000e+00  1.658e-246
1.772e+03  1.000e+00  4.850e-247
1.773e+03  1.000e+00  1.419e-247
1.774e+03  1.000e+00  4.150e-248
1.775e+03  1.000e+00  1.214e-248
1.776e+03  1.000e+00  3.551e-249
1.777e+03  1.000e+00  1.039e-249
1.778e+03  1.000e+00  3.039e-250
1.779e+03  1.000e+00  8.889e-251
1.780e+03  1.000e+00  2.600e-251
1.781e+03  1.000e+00  7.606e-252
1.782e+03  1.000e+00  2.225e-252
1.783e+03  1.000e+00  6.509e-253
1.784e+03  1.000e+00  1.904e-253
1.785e+03  1.000e+00  5.570e-254
1.786e+03  1.000e+00  1.629e-254
1.787e+03  1.000e+00  4.766e-255
1.788e+03  1.000e+00  1.394e-255
1.789e+03  1.000e+00  4.078e-256
1.790e+03  1.000e+00  1.193e-256
1.791e+03  1.000e+00  3.490e-257
1.792e+03  1.000e+00  1.021e-257
1.793e+03  1.000e+00  2.987e-258
1.794e+03  1.000e+00  8.736e-259
1.795e+03  1.000e+00  2.556e-259
1.796e+03  1.000e+00  7.476e-260
1.797e+03  1.000e+00  2.187e-260
1.798e+03  1.000e+00  6.397e-261
1.799e+03  1.000e+00  1.871e-261
1.800e+03  1.000e+00  5.474e-262
1.801e+03  1.000e+00  1.601e-262
1.802e+03  1.000e+00  4.685e-263
1.803e+03  1.000e+00  1.370e-263
1.804e+03  1.000e+00  4.009e-264
1.805e+03  1.000e+00  1.173e-264
1.806e+03  1.000e+00  3.431e-265
1.807e+03  1.000e+00  1.004e-265
1.808e+03  1.000e+00  2.936e-266
1.809e+03  1.000e+00  8.588e-267
1.810e+03  1.000e+00  2.512e-267
1.811e+03  1.000e+00  7.349e-268
1.812e+03  1.000e+00  2.150e-268
1.813e+03  1.000e+00  6.289e-269
1.814e+03  1.000e+00  1.840e-269
1.815e+03  1.000e+00  5.382e-270
1.816e+03  1.000e+00  1.574e-270
1.817e+03  1.000e+00  4.605e-271
1.818e+03  1.000e+00  1.347e-271
1.819e+03  1.000e+00  3.941e-272
1.820e+03  1.000e+00  1.153e-272
1.821e+03  1.000e+00  3.373e-273
1.822e+03  1.000e+00  9.866e-274
1.823e+03  1.000e+00  2.886e-274
1.824e+03  1.000e+00  8.443e-275
1.825e+03  1.000e+00  2.470e-275
1.826e+03  1.000e+00  7.225e-276
1.827e+03  1.000e+00  2.114e-276
1.828e+03  1.000e+00  6.183e-277
1.829e+03  1.000e+00  1.809e-277
1.830e+03  1.000e+00  5.291e-278
1.831e+03  1.000e+00  1.548e-278
1.832e+03  1.000e+00  4.528e-279
1.833e+03  1.000e+00  1.325e-279
1.834e+03  1.000e+00  3.875e-280
1.835e+03  1.000e+00  1.134e-280
1.836e+03  1.000e+00  3.316e-281
1.837e+03  1.000e+00  9.700e-282
1.838e+03  1.000e+00  2.838e-282
1.839e+03  1.000e+00  8.301e-283
1.840e+03  1.000e+00  2.428e-283
1.841e+03  1.000e+00  7.104e-284
1.842e+03  1.000e+00  2.078e-284
1.843e+03  1.000e+00  6.080e-285
1.844e+03  1.000e+00  1.778e-285
1.845e+03  1.000e+00  5.203e-286
1.846e+03  1.000e+00  1.522e-286
1.847e+03  1.000e+00  4.452e-287
1.848e+03  1.000e+00  1.303e-287
1.849e+03  1.000e+00  3.810e-288
1.850e+03  1.000e+00  1.115e-288
1.851e+03  1.000e+00  3.261e-289
1.852e+03  1.000e+00  9.539e-290
1.853e+03  1.000e+00  2.791e-290
1.854e+03  1.000e+00  8.164e-291
1.855e+03  1.000e+00  2.388e-291
1.856e+03  1.000e+00  6.986e-292
1.857e+03  1.000e+00  2.044e-292
1.858e+03  1.000e+00  5.979e-293
1.859e+03  1.000e+00  1.749e-293
1.860e+03  1.000e+00  5.117e-294
1.861e+03  1.000e+00  1.497e-294
1.862e+03  1.000e+00  4.379e-295
1.863e+03  1.000e+00  1.281e-295
1.864e+03  1.000e+00  3.748e-296
1.865e+03  1.000e+00  1.096e-296
1.866e+03  1.000e+00  3.207e-297
1.867e+03  1.000e+00  9.382e-298
1.868e+03  1.000e+00  2.745e-298
1.869e+03  1.000e+00  8.029e-299
1.870e+03  1.000e+00  2.349e-299
1.871e+03  1.000e+00  6.872e-300
1.872e+03  1.000e+00  2.010e-300
1.873e+03  1.000e+00  5.881e-301
1.874e+03  1.000e+00  1.720e-301
1.875e+03  1.000e+00  5.033e-302
1.876e+03  1.000e+00  1.472e-302
1.877e+03  1.000e+00  4.307e-303
1.878e+03  1.000e+00  1.260e-303
1.879e+03  1.000e+00  3.686e-304
1.880e+03  1.000e+00  1.078e-304
1.881e+03  1.000e+00  3.155e-305
1.882e+03  1.000e+00  9.229e-306
1.883e+03  1.000e+00  2.700e-306
1.884e+03  1.000e+00  7.899e-307
1.885e+03  1.000e+00  2.311e-307
1.886e+03  1.000e+00  6.760e-308
1.887e+03  1.000e+00  1.978e-308
1.888e+03  1.000e+00  5.785e-309
1.889e+03  1.000e+00  1.692e-309
1.890e+03  1.000e+00  4.951e-310
1.891e+03  1.000e+00  1.448e-310
1.892e+03  1.000e+00  4.238e-311
1.893e+03  1.000e+00  1.240e-311
1.894e+03  1.000e+00  3.627e-312
1.895e+03  1.000e+00  1.061e-312
1.896e+03  1.000e+00  3.104e-313
1.897e+03  1.000e+00  9.080e-314
1.898e+03  1.000e+00  2.656e-314
1.899e+03  1.000e+00  7.771e-315
1.900e+03  1.000e+00  2.273e-315
1.901e+03  1.000e+00  6.651e-316
1.902e+03  1.000e+00  1.946e-316
1.903e+03  1.000e+00  5.692e-317
1.904e+03  1.000e+00  1.665e-317
1.905e+03  1.000e+00  4.872e-318
1.906e+03  1.000e+00  1.425e-318
1.907e+03  1.000e+00  4.170e-319
1.908e+03  1.000e+00  1.220e-319
1.909e+03  1.000e+00  3.569e-320
1.910e+03  1.000e+00  1.044e-320
1.911e+03  1.000e+00  3.058e-321
1.912e+03  1.000e+00  8.943e-322
1.913e+03  1.000e+00  2.619e-322
1.914e+03  1.000e+00  6.917e-323
1.915e+03  1.000e+00  1.482e-323
1.916e+03  1.000e+00  0.000e+00
1.917e+03  1.000e+00  0.000e+00
1.918e+03  1.000e+00  0.000e+00
1.919e+03  1.000e+00  0.000e+00
1.920e+03  1.000e+00  0.000e+00
1.921e+03  1.000e+00  0.000e+00
1.922e+03  1.000e+00  0.000e+00
1.923e+03  1.000e+00  0.000e+00
1.924e+03  1.000e+00  0.000e+00
1.925e+03  1.000e+00  0.000e+00
1.926e+03  1.000e+00  0.000e+00
1.927e+03  1.000e+00  0.000e+00
1.928e+03  1.000e+00  0.000e+00
1.929e+03  1.000e+00  0.000e+00
1.930e+03  1.000e+00  0.000e+00
1.931e+03  1.000e+00  0.000e+00
1.932e+03  1.000e+00  0.000e+00
1.933e+03  1.000e+00  0.000e+00
1.934e+03  1.000e+00  0.000e+00
1.935e+03  1.000e+00  0.000e+00
1.936e+03  1.000e+00  0.000e+00
1.937e+03  1.000e+00  0.000e+00
1.938e+03  1.000e+00  0.000e+00
1.939e+03  1.000e+00  0.000e+00
1.940e+03  1.000e+00  0.000e+00
1.941e+03  1.000e+00  0.000e+00
1.942e+03  1.000e+00  0.000e+00
1.943e+03  1.000e+00  0.000e+00
1.944e+03  1.000e+00  0.000e+00
1.945e+03  1.000e+00  0.000e+00
1.946e+03  1.000e+00  0.000e+00
1.947e+03  1.000e+00  0.000e+00
1.948e+03  1.000e+00  0.000e+00
1.949e+03  1.000e+00  0.000e+00
1.950e+03  1.000e+00  0.000e+00
1.951e+03  1.000e+00  0.000e+00
1.952e+03  1.000e+00  0.000e+00
1.953e+03  1.000e+00  0.000e+00
1.954e+03  1.000e+00  0.000e+00
1.955e+03  1.000e+00  0.000e+00
1.956e+03  1.000e+00  0.000e+00
1.957e+03  1.000e+00  0.000e+00
1.958e+03  1.000e+00  0.000e+00
1.959e+03  1.000e+00  0.000e+00
1.960e+03  1.000e+00  0.000e+00
1.961e+03  1.000e+00  0.000e+00
1.962e+03  1.000e+00  0.000e+00
1.963e+03  1.000e+00  0.000e+00
1.964e+03  1.000e+00  0.000e+00
1.965e+03  1.000e+00  0.000e+00
1.966e+03  1.000e+00  0.000e+00
1.967e+03  1.000e+00  0.000e+00
1.968e+03  1.000e+00  0.000e+00
1.969e+03  1.000e+00  0.000e+00
1.970e+03  1.000e+00  0.000e+00
1.971e+03  1.000e+00  0.000e+00
1.972e+03  1.000e+00  0.000e+00
1.973e+03  1.000e+00  0.000e+00
1.974e+03  1.000e+00  0.000e+00
1.975e+03  1.000e+00  0.000e+00
1.976e+03  1.000e+00  0.000e+00
1.977e+03  1.000e+00  0.000e+00
1.978e+03  1.000e+00  0.000e+00
1.979e+03  1.000e+00  0.000e+00
1.980e+03  1.000e+00  0.000e+00
1.981e+03  1.000e+00  0.000e+00
1.982e+03  1.000e+00  0.000e+00
1.983e+03  1.000e+00  0.000e+00
1.984e+03  1.000e+00  0.000e+00
1.985e+03  1.000e+00  0.000e+00
1.986e+03  1.000e+00  0.000e+00
1.987e+03  1.000e+00  0.000e+00
1.988e+03  1.000e+00  0.000e+00
1.989e+03  1.000e+00  0.000e+00
1.990e+03  1.000e+00  0.000e+00
1.991e+03  1.000e+00  0.000e+00
1.992e+03  1.000e+00  0.000e+00
1.993e+03  1.000e+00  0.000e+00
1.994e+03  1.000e+00  0.000e+00
1.995e+03  1.000e+00  0.000e+00
1.996e+03  1.000e+00  0.000e+00
1.997e+03  1.000e+00  0.000e+00
1.998e+03  1.000e+00  0.000e+00
1.999e+03  1.000e+00  0.000e+00
2.000e+03  1.000e+00  0.000e+00
