0.000e+00  4.273e-225  4.556e-70
1.000e+00  1.825e-224  4.556e-70
2.000e+00  9.195e-224  4.556e-70
3.000e+00  4.665e-223  4.556e-70
4.000e+00  2.368e-222  4.556e-70
5.000e+00  1.202e-221  4.556e-70
6.000e+00  6.102e-221  4.556e-70
7.000e+00  3.098e-220  4.556e-70
8.000e+00  1.573e-219  4.556e-70
9.000e+00  7.986e-219  4.556e-70
1.000e+01  4.055e-218  4.556e-70
1.100e+01  2.060e-217  4.556e-70
1.200e+01  1.046e-216  4.556e-70
1.300e+01  5.313e-216  4.556e-70
1.400e+01  2.699e-215  4.556e-70
1.500e+01  1.371e-214  4.556e-70
1.600e+01  6.966e-214  4.556e-70
1.700e+01  3.539e-213  4.556e-70
1.800e+01  1.798e-212  4.556e-70
1.900e+01  9.139e-212  4.556e-70
2.000e+01  4.645e-211  4.556e-70
2.100e+01  2.361e-210  4.556e-70
2.200e+01  1.200e-209  4.556e-70
2.300e+01  6.099e-209  4.556e-70
2.400e+01  3.101e-208  4.556e-70
2.500e+01  1.576e-207  4.556e-70
2.600e+01  8.016e-207  4.556e-70
2.700e+01  4.076e-206  4.556e-70
2.800e+01  2.073e-205  4.556e-70
2.900e+01  1.054e-204  4.556e-70
3.000e+01  5.361e-204  4.556e-70
3.100e+01  2.727e-203  4.556e-70
3.200e+01  1.387e-202  4.556e-70
3.300e+01  7.058e-202  4.556e-70
3.400e+01  3.591e-201  4.556e-70
3.500e+01  1.827e-200  4.556e-70
3.600e+01  9.297e-200  4.556e-70
3.700e+01  4.731e-199  4.556e-70
3.800e+01  2.408e-198  4.556e-70
3.900e+01  1.226e-197  4.556e-70
4.000e+01  6.238e-197  4.556e-70
4.100e+01  3.175e-196  4.556e-70
4.200e+01  1.617e-195  4.556e-70
4.300e+01  8.231e-195  4.556e-70
4.400e+01  4.191e-194  4.556e-70
4.500e+01  2.134e-193  4.556e-70
4.600e+01  1.087e-192  4.556e-70
4.700e+01  5.535e-192  4.556e-70
4.800e+01  2.819e-191  4.556e-70
4.900e+01  1.436e-190  4.556e-70
5.000e+01  7.315e-190  4.556e-70
5.100e+01  3.727e-189  4.556e-70
5.200e+01  1.899e-188  4.556e-70
5.300e+01  9.674e-188  4.556e-70
5.400e+01  4.930e-187  4.556e-70
5.500e+01  2.512e-186  4.556e-70
5.600e+01  1.280e-185  4.556e-70
5.700e+01  6.526e-185  4.556e-70
5.800e+01  3.326e-184  4.556e-70
5.900e+01  1.696e-183  4.556e-70
6.000e+01  8.645e-183  4.556e-70
6.100e+01  4.408e-182  4.556e-70
6.200e+01  2.247e-181  4.556e-70
6.300e+01  1.146e-180  4.556e-70
6.400e+01  5.844e-180  4.556e-70
6.500e+01  2.981e-179  4.556e-70
6.600e+01  1.520e-178  4.556e-70
6.700e+01  7.754e-178  4.556e-70
6.800e+01  3.956e-177  4.556e-70
6.900e+01  2.018e-176  4.556e-70
7.000e+01  1.030e-175  4.556e-70
7.100e+01  5.254e-175  4.556e-70
7.200e+01  2.681e-174  4.556e-70
7.300e+01  1.368e-173  4.556e-70
7.400e+01  6.982e-173  4.556e-70
7.500e+01  3.564e-172  4.556e-70
7.600e+01  1.819e-171  4.556e-70
7.700e+01  9.286e-171  4.556e-70
7.800e+01  4.740e-170  4.556e-70
7.900e+01  2.420e-169  4.556e-70
8.000e+01  1.236e-168  4.556e-70
8.100e+01  6.310e-168  4.556e-70
8.200e+01  3.222e-167  4.556e-70
8.300e+01  1.646e-166  4.556e-70
8.400e+01  8.406e-166  4.556e-70
8.500e+01  4.294e-165  4.556e-70
8.600e+01  2.193e-164  4.556e-70
8.700e+01  1.120e-163  4.556e-70
8.800e+01  5.725e-163  4.556e-70
8.900e+01  2.925e-162  4.556e-70
9.000e+01  1.495e-161  4.556e-70
9.100e+01  7.638e-161  4.556e-70
9.200e+01  3.903e-160  4.556e-70
9.300e+01  1.995e-159  4.556e-70
9.400e+01  1.020e-158  4.556e-70
9.500e+01  5.213e-158  4.556e-70
9.600e+01  2.665e-157  4.556e-70
9.700e+01  1.362e-156  4.556e-70
9.800e+01  6.966e-156  4.556e-70
9.900e+01  3.562e-155  4.556e-70
1.000e+02  1.822e-154  4.556e-70
1.010e+02  9.316e-154  4.556e-70
1.020e+02  4.765e-153  4.556e-70
1.030e+02  2.437e-152  4.556e-70
1.040e+02  1.247e-151  4.556e-70
1.050e+02  6.377e-151  4.556e-70
1.060e+02  3.263e-150  4.556e-70
1.070e+02  1.669e-149  4.556e-70
1.080e+02  8.542e-149  4.556e-70
1.090e+02  4.371e-148  4.556e-70
1.100e+02  2.237e-147  4.556e-70
1.110e+02  1.145e-146  4.556e-70
1.120e+02  5.860e-146  4.556e-70
1.130e+02  3.000e-145  4.556e-70
1.140e+02  1.536e-144  4.556e-70
1.150e+02  7.861e-144  4.556e-70
1.160e+02  4.025e-143  4.556e-70
1.170e+02  2.061e-142  4.556e-70
1.180e+02  1.055e-141  4.556e-70
1.190e+02  5.404e-141  4.556e-70
1.200e+02  2.768e-140  4.556e-70
1.210e+02  1.418e-139  4.556e-70
1.220e+02  7.261e-139  4.556e-70
1.230e+02  3.720e-138  4.556e-70
1.240e+02  1.906e-137  4.556e-70
1.250e+02  9.763e-137  4.556e-70
1.260e+02  5.003e-136  4.556e-70
1.270e+02  2.563e-135  4.556e-70
1.280e+02  1.314e-134  4.556e-70
1.290e+02  6.732e-134  4.556e-70
1.300e+02  3.451e-133  4.556e-70
1.310e+02  1.769e-132  4.556e-70
1.320e+02  9.066e-132  4.556e-70
1.330e+02  4.648e-131  4.556e-70
1.340e+02  2.383e-130  4.556e-70
1.350e+02  1.222e-129  4.556e-70
1.360e+02  6.265e-129  4.556e-70
1.370e+02  3.213e-128  4.556e-70
1.380e+02  1.647e-127  4.556e-70
1.390e+02  8.450e-127  4.556e-70
1.400e+02  4.334e-126  4.556e-70
1.410e+02  2.223e-125  4.556e-70
1.420e+02  1.140e-124  4.556e-70
1.430e+02  5.851e-124  4.556e-70
1.440e+02  3.002e-123  4.556e-70
1.450e+02  1.540e-122  4.556e-70
1.460e+02  7.904e-122  4.556e-70
1.470e+02  4.056e-121  4.556e-70
1.480e+02  2.082e-120  4.556e-70
1.490e+02  1.068e-119  4.556e-70
1.500e+02  5.484e-119  4.556e-70
1.510e+02  2.815e-118  4.556e-70
1.520e+02  1.445e-117  4.556e-70
1.530e+02  7.420e-117  4.556e-70
1.540e+02  3.810e-116  4.556e-70
1.550e+02  1.956e-115  4.556e-70
1.560e+02  1.005e-114  4.556e-70
1.570e+02  5.159e-114  4.556e-70
1.580e+02  2.650e-113  4.556e-70
1.590e+02  1.361e-112  4.556e-70
1.600e+02  6.991e-112  4.556e-70
1.610e+02  3.591e-111  4.556e-70
1.620e+02  1.845e-110  4.556e-70
1.630e+02  9.480e-110  4.556e-70
1.640e+02  4.871e-109  4.556e-70
1.650e+02  2.503e-108  4.556e-70
1.660e+02  1.286e-107  4.556e-70
1.670e+02  6.611e-107  4.556e-70
1.680e+02  3.398e-106  4.556e-70
1.690e+02  1.747e-105  4.556e-70
1.700e+02  8.978e-105  4.556e-70
1.710e+02  4.616e-104  4.556e-70
1.720e+02  2.373e-103  4.556e-70
1.730e+02  1.220e-102  4.556e-70
1.740e+02  6.274e-102  4.556e-70
1.750e+02  3.226e-101  4.556e-70
1.760e+02  1.659e-100  4.556e-70
1.770e+02  8.534e-100  4.556e-70
1.780e+02  4.389e-99  4.556e-70
1.790e+02  2.258e-98  4.556e-70
1.800e+02  1.161e-97  4.556e-70
1.810e+02  5.975e-97  4.556e-70
1.820e+02  3.074e-96  4.556e-70
1.830e+02  1.582e-95  4.556e-70
1.840e+02  8.140e-95  4.556e-70
1.850e+02  4.189e-94  4.556e-70
1.860e+02  2.156e-93  4.556e-70
1.870e+02  1.110e-92  4.556e-70
1.880e+02  5.712e-92  4.556e-70
1.890e+02  2.940e-91  4.556e-70
1.900e+02  1.514e-90  4.556e-70
1.910e+02  7.792e-90  4.556e-70
1.920e+02  4.012e-89  4.556e-70
1.930e+02  2.066e-88  4.556e-70
1.940e+02  1.064e-87  4.556e-70
1.950e+02  5.479e-87  4.556e-70
1.960e+02  2.822e-86  4.556e-70
1.970e+02  1.453e-85  4.556e-70
1.980e+02  7.486e-85  4.556e-70
1.990e+02  3.856e-84  4.556e-70
2.000e+02  1.987e-83  4.556e-70
2.010e+02  1.024e-82  4.556e-70
2.020e+02  5.274e-82  4.556e-70
2.030e+02  2.718e-81  4.556e-70
2.040e+02  1.400e-80  4.556e-70
2.050e+02  7.218e-80  4.556e-70
2.060e+02  3.720e-79  4.556e-70
2.070e+02  1.917e-78  4.556e-70
2.080e+02  9.884e-78  4.556e-70
2.090e+02  5.095e-77  4.556e-70
2.100e+02  2.627e-76  4.556e-70
2.110e+02  1.354e-75  4.557e-70
2.120e+02  6.983e-75  4.557e-70
2.130e+02  3.600e-74  4.559e-70
2.140e+02  1.856e-73  4.566e-70
2.150e+02  9.557e-73  4.587e-70
2.160e+02  4.904e-72  4.654e-70
2.170e+02  2.486e-71  4.864e-70
2.180e+02  1.215e-70  5.499e-70
2.190e+02  5.463e-70  7.405e-70
2.200e+02  2.183e-69  1.298e-69
2.210e+02  7.799e-69  2.885e-69
2.220e+02  2.553e-68  7.321e-69
2.230e+02  7.840e-68  1.952e-68
2.240e+02  2.296e-67  5.256e-68
2.250e+02  6.484e-67  1.407e-67
2.260e+02  1.780e-66  3.725e-67
2.270e+02  4.776e-66  9.740e-67
2.280e+02  1.258e-65  2.516e-66
2.290e+02  3.261e-65  6.429e-66
2.300e+02  8.340e-65  1.626e-65
2.310e+02  2.108e-64  4.072e-65
2.320e+02  5.276e-64  1.011e-64
2.330e+02  1.309e-63  2.492e-64
2.340e+02  3.219e-63  6.098e-64
2.350e+02  7.861e-63  1.482e-63
2.360e+02  1.907e-62  3.582e-63
2.370e+02  4.599e-62  8.606e-63
2.380e+02  1.103e-61  2.057e-62
2.390e+02  2.630e-61  4.893e-62
2.400e+02  6.244e-61  1.158e-61
2.410e+02  1.476e-60  2.731e-61
2.420e+02  3.473e-60  6.413e-61
2.430e+02  8.139e-60  1.500e-60
2.440e+02  1.900e-59  3.496e-60
2.450e+02  4.421e-59  8.119e-60
2.460e+02  1.025e-58  1.879e-59
2.470e+02  2.369e-58  4.337e-59
2.480e+02  5.458e-58  9.976e-59
2.490e+02  1.254e-57  2.288e-58
2.500e+02  2.871e-57  5.234e-58
2.510e+02  6.558e-57  1.194e-57
2.520e+02  1.494e-56  2.716e-57
2.530e+02  3.394e-56  6.163e-57
2.540e+02  7.692e-56  1.395e-56
2.550e+02  1.739e-55  3.151e-56
2.560e+02  3.922e-55  7.099e-56
2.570e+02  8.826e-55  1.596e-55
2.580e+02  1.982e-54  3.579e-55
2.590e+02  4.440e-54  8.011e-55
2.600e+02  9.927e-54  1.789e-54
2.610e+02  2.215e-53  3.989e-54
2.620e+02  4.931e-53  8.873e-54
2.630e+02  1.096e-52  1.970e-53
2.640e+02  2.431e-52  4.365e-53
2.650e+02  5.380e-52  9.654e-53
2.660e+02  1.189e-51  2.131e-52
2.670e+02  2.622e-51  4.697e-52
2.680e+02  5.773e-51  1.033e-51
2.690e+02  1.269e-50  2.269e-51
2.700e+02  2.783e-50  4.973e-51
2.710e+02  6.096e-50  1.088e-50
2.720e+02  1.333e-49  2.378e-50
2.730e+02  2.909e-49  5.186e-50
2.740e+02  6.340e-49  1.129e-49
2.750e+02  1.380e-48  2.456e-49
2.760e+02  2.997e-48  5.330e-49
2.770e+02  6.500e-48  1.155e-48
2.780e+02  1.408e-47  2.500e-48
2.790e+02  3.044e-47  5.402e-48
2.800e+02  6.571e-47  1.165e-47
2.810e+02  1.417e-46  2.510e-47
2.820e+02  3.049e-46  5.400e-47
2.830e+02  6.554e-46  1.160e-46
2.840e+02  1.407e-45  2.488e-46
2.850e+02  3.015e-45  5.328e-46
2.860e+02  6.453e-45  1.140e-45
2.870e+02  1.379e-44  2.434e-45
2.880e+02  2.943e-44  5.191e-45
2.890e+02  6.273e-44  1.106e-44
2.900e+02  1.335e-43  2.351e-44
2.910e+02  2.838e-43  4.994e-44
2.920e+02  6.023e-43  1.059e-43
2.930e+02  1.277e-42  2.244e-43
2.940e+02  2.703e-42  4.747e-43
2.950e+02  5.714e-42  1.003e-42
2.960e+02  1.206e-41  2.116e-42
2.970e+02  2.544e-41  4.459e-42
2.980e+02  5.356e-41  9.385e-42
2.990e+02  1.127e-40  1.972e-41
3.000e+02  2.366e-40  4.140e-41
3.010e+02  4.963e-40  8.680e-41
3.020e+02  1.040e-39  1.817e-40
3.030e+02  2.176e-39  3.800e-40
3.040e+02  4.547e-39  7.937e-40
3.050e+02  9.491e-39  1.655e-39
3.060e+02  1.978e-38  3.449e-39
3.070e+02  4.119e-38  7.176e-39
3.080e+02  8.565e-38  1.491e-38
3.090e+02  1.779e-37  3.095e-38
3.100e+02  3.690e-37  6.417e-38
3.110e+02  7.645e-37  1.329e-37
3.120e+02  1.582e-36  2.748e-37
3.130e+02  3.270e-36  5.676e-37
3.140e+02  6.750e-36  1.171e-36
3.150e+02  1.392e-35  2.413e-36
3.160e+02  2.866e-35  4.966e-36
3.170e+02  5.895e-35  1.021e-35
3.180e+02  1.211e-34  2.096e-35
3.190e+02  2.485e-34  4.299e-35
3.200e+02  5.094e-34  8.805e-35
3.210e+02  1.043e-33  1.801e-34
3.220e+02  2.132e-33  3.681e-34
3.230e+02  4.355e-33  7.515e-34
3.240e+02  8.883e-33  1.532e-33
3.250e+02  1.810e-32  3.120e-33
3.260e+02  3.684e-32  6.346e-33
3.270e+02  7.489e-32  1.289e-32
3.280e+02  1.521e-31  2.616e-32
3.290e+02  3.084e-31  5.303e-32
3.300e+02  6.247e-31  1.074e-31
3.310e+02  1.264e-30  2.171e-31
3.320e+02  2.555e-30  4.386e-31
3.330e+02  5.157e-30  8.849e-31
3.340e+02  1.040e-29  1.783e-30
3.350e+02  2.095e-29  3.590e-30
3.360e+02  4.214e-29  7.218e-30
3.370e+02  8.468e-29  1.450e-29
3.380e+02  1.700e-28  2.908e-29
3.390e+02  3.408e-28  5.827e-29
3.400e+02  6.824e-28  1.166e-28
3.410e+02  1.365e-27  2.332e-28
3.420e+02  2.727e-27  4.656e-28
3.430e+02  5.443e-27  9.288e-28
3.440e+02  1.085e-26  1.851e-27
3.450e+02  2.161e-26  3.683e-27
3.460e+02  4.297e-26  7.321e-27
3.470e+02  8.537e-26  1.454e-26
3.480e+02  1.694e-25  2.883e-26
3.490e+02  3.358e-25  5.712e-26
3.500e+02  6.649e-25  1.130e-25
3.510e+02  1.315e-24  2.234e-25
3.520e+02  2.597e-24  4.411e-25
3.530e+02  5.125e-24  8.699e-25
3.540e+02  1.010e-23  1.714e-24
3.550e+02  1.989e-23  3.372e-24
3.560e+02  3.910e-23  6.627e-24
3.570e+02  7.680e-23  1.301e-23
3.580e+02  1.507e-22  2.551e-23
3.590e+02  2.953e-22  4.997e-23
3.600e+02  5.781e-22  9.776e-23
3.610e+02  1.130e-21  1.910e-22
3.620e+02  2.207e-21  3.729e-22
3.630e+02  4.306e-21  7.271e-22
3.640e+02  8.391e-21  1.416e-21
3.650e+02  1.633e-20  2.755e-21
3.660e+02  3.175e-20  5.353e-21
3.670e+02  6.166e-20  1.039e-20
3.680e+02  1.196e-19  2.014e-20
3.690e+02  2.317e-19  3.901e-20
3.700e+02  4.484e-19  7.546e-20
3.710e+02  8.668e-19  1.458e-19
3.720e+02  1.674e-18  2.813e-19
3.730e+02  3.228e-18  5.423e-19
3.740e+02  6.217e-18  1.044e-18
3.750e+02  1.196e-17  2.008e-18
3.760e+02  2.299e-17  3.858e-18
3.770e+02  4.414e-17  7.402e-18
3.780e+02  8.463e-17  1.419e-17
3.790e+02  1.621e-16  2.716e-17
3.800e+02  3.100e-16  5.192e-17
3.810e+02  5.924e-16  9.917e-17
3.820e+02  1.131e-15  1.892e-16
3.830e+02  2.155e-15  3.604e-16
3.840e+02  4.104e-15  6.860e-16
3.850e+02  7.804e-15  1.304e-15
3.860e+02  1.482e-14  2.476e-15
3.870e+02  2.812e-14  4.695e-15
3.880e+02  5.329e-14  8.893e-15
3.890e+02  1.009e-13  1.682e-14
3.900e+02  1.907e-13  3.179e-14
3.910e+02  3.600e-13  5.999e-14
3.920e+02  6.790e-13  1.131e-13
3.930e+02  1.279e-12  2.129e-13
3.940e+02  2.406e-12  4.004e-13
3.950e+02  4.520e-12  7.519e-13
3.960e+02  8.482e-12  1.410e-12
3.970e+02  1.590e-11  2.642e-12
3.980e+02  2.975e-11  4.943e-12
3.990e+02  5.562e-11  9.236e-12
4.000e+02  1.038e-10  1.724e-11
4.010e+02  1.936e-10  3.212e-11
4.020e+02  3.605e-10  5.979e-11
4.030e+02  6.703e-10  1.111e-10
4.040e+02  1.245e-09  2.063e-10
4.050e+02  2.308e-09  3.823e-10
4.060e+02  4.273e-09  7.077e-10
4.070e+02  7.901e-09  1.308e-09
4.080e+02  1.459e-08  2.414e-09
4.090e+02  2.689e-08  4.447e-09
4.100e+02  4.948e-08  8.181e-09
4.110e+02  9.090e-08  1.502e-08
4.120e+02  1.667e-07  2.755e-08
4.130e+02  3.052e-07  5.041e-08
4.140e+02  5.576e-07  9.207e-08
4.150e+02  1.017e-06  1.678e-07
4.160e+02  1.850e-06  3.052e-07
4.170e+02  3.358e-06  5.538e-07
4.180e+02  6.079e-06  1.002e-06
4.190e+02  1.097e-05  1.809e-06
4.200e+02  1.975e-05  3.254e-06
4.210e+02  3.541e-05  5.834e-06
4.220e+02  6.325e-05  1.042e-05
4.230e+02  1.125e-04  1.851e-05
4.240e+02  1.989e-04  3.273e-05
4.250e+02  3.496e-04  5.752e-05
4.260e+02  6.099e-04  1.003e-04
4.270e+02  1.055e-03  1.735e-04
4.280e+02  1.805e-03  2.968e-04
4.290e+02  3.050e-03  5.014e-04
4.300e+02  5.075e-03  8.342e-04
4.310e+02  8.290e-03  1.362e-03
4.320e+02  1.325e-02  2.177e-03
4.330e+02  2.062e-02  3.388e-03
4.340e+02  3.113e-02  5.115e-03
4.350e+02  4.541e-02  7.462e-03
4.360e+02  6.376e-02  1.048e-02
4.370e+02  8.596e-02  1.413e-02
4.380e+02  1.112e-01  1.828e-02
4.390e+02  1.380e-01  2.270e-02
4.400e+02  1.650e-01  2.714e-02
4.410e+02  1.904e-01  3.134e-02
4.420e+02  2.134e-01  3.514e-02
4.430e+02  2.332e-01  3.841e-02
4.440e+02  2.496e-01  4.115e-02
4.450e+02  2.629e-01  4.336e-02
4.460e+02  2.735e-01  4.512e-02
4.470e+02  2.816e-01  4.650e-02
4.480e+02  2.879e-01  4.756e-02
4.490e+02  2.926e-01  4.837e-02
4.500e+02  2.961e-01  4.898e-02
4.510e+02  2.988e-01  4.945e-02
4.520e+02  3.007e-01  4.980e-02
4.530e+02  3.021e-01  5.006e-02
4.540e+02  3.031e-01  5.027e-02
4.550e+02  3.039e-01  5.042e-02
4.560e+02  3.044e-01  5.054e-02
4.570e+02  3.048e-01  5.063e-02
4.580e+02  3.050e-01  5.070e-02
4.590e+02  3.051e-01  5.076e-02
4.600e+02  3.052e-01  5.080e-02
4.610e+02  3.053e-01  5.084e-02
4.620e+02  3.053e-01  5.087e-02
4.630e+02  3.052e-01  5.090e-02
4.640e+02  3.052e-01  5.093e-02
4.650e+02  3.051e-01  5.095e-02
4.660e+02  3.051e-01  5.097e-02
4.670e+02  3.050e-01  5.099e-02
4.680e+02  3.049e-01  5.101e-02
4.690e+02  3.048e-01  5.102e-02
4.700e+02  3.047e-01  5.104e-02
4.710e+02  3.046e-01  5.106e-02
4.720e+02  3.045e-01  5.107e-02
4.730e+02  3.044e-01  5.109e-02
4.740e+02  3.043e-01  5.110e-02
4.750e+02  3.042e-01  5.112e-02
4.760e+02  3.041e-01  5.113e-02
4.770e+02  3.040e-01  5.115e-02
4.780e+02  3.039e-01  5.116e-02
4.790e+02  3.038e-01  5.118e-02
4.800e+02  3.037e-01  5.119e-02
4.810e+02  3.036e-01  5.121e-02
4.820e+02  3.035e-01  5.122e-02
4.830e+02  3.034e-01  5.124e-02
4.840e+02  3.033e-01  5.125e-02
4.850e+02  3.032e-01  5.127e-02
4.860e+02  3.031e-01  5.129e-02
4.870e+02  3.030e-01  5.130e-02
4.880e+02  3.029e-01  5.132e-02
4.890e+02  3.028e-01  5.133e-02
4.900e+02  3.027e-01  5.135e-02
4.910e+02  3.026e-01  5.136e-02
4.920e+02  3.025e-01  5.138e-02
4.930e+02  3.024e-01  5.139e-02
4.940e+02  3.023e-01  5.141e-02
4.950e+02  3.022e-01  5.142e-02
4.960e+02  3.021e-01  5.144e-02
4.970e+02  3.020e-01  5.145e-02
4.980e+02  3.019e-01  5.147e-02
4.990e+02  3.018e-01  5.148e-02
5.000e+02  3.017e-01  5.150e-02
5.010e+02  3.016e-01  5.151e-02
5.020e+02  3.015e-01  5.153e-02
5.030e+02  3.014e-01  5.154e-02
5.040e+02  3.013e-01  5.156e-02
5.050e+02  3.012e-01  5.157e-02
5.060e+02  3.011e-01  5.158e-02
5.070e+02  3.011e-01  5.160e-02
5.080e+02  3.010e-01  5.161e-02
5.090e+02  3.009e-01  5.163e-02
5.100e+02  3.008e-01  5.164e-02
5.110e+02  3.007e-01  5.166e-02
5.120e+02  3.006e-01  5.167e-02
5.130e+02  3.005e-01  5.169e-02
5.140e+02  3.004e-01  5.170e-02
5.150e+02  3.003e-01  5.172e-02
5.160e+02  3.002e-01  5.173e-02
5.170e+02  3.001e-01  5.175e-02
5.180e+02  3.000e-01  5.176e-02
5.190e+02  2.999e-01  5.178e-02
5.200e+02  2.998e-01  5.179e-02
5.210e+02  2.997e-01  5.181e-02
5.220e+02  2.996e-01  5.182e-02
5.230e+02  2.995e-01  5.184e-02
5.240e+02  2.994e-01  5.185e-02
5.250e+02  2.993e-01  5.187e-02
5.260e+02  2.992e-01  5.188e-02
5.270e+02  2.991e-01  5.190e-02
5.280e+02  2.990e-01  5.191e-02
5.290e+02  2.989e-01  5.193e-02
5.300e+02  2.988e-01  5.194e-02
5.310e+02  2.987e-01  5.196e-02
5.320e+02  2.986e-01  5.197e-02
5.330e+02  2.985e-01  5.199e-02
5.340e+02  2.984e-01  5.200e-02
5.350e+02  2.983e-01  5.202e-02
5.360e+02  2.982e-01  5.203e-02
5.370e+02  2.981e-01  5.204e-02
5.380e+02  2.980e-01  5.206e-02
5.390e+02  2.979e-01  5.207e-02
5.400e+02  2.978e-01  5.209e-02
5.410e+02  2.977e-01  5.210e-02
5.420e+02  2.976e-01  5.212e-02
5.430e+02  2.975e-01  5.213e-02
5.440e+02  2.974e-01  5.215e-02
5.450e+02  2.973e-01  5.216e-02
5.460e+02  2.972e-01  5.218e-02
5.470e+02  2.971e-01  5.219e-02
5.480e+02  2.970e-01  5.221e-02
5.490e+02  2.969e-01  5.222e-02
5.500e+02  2.968e-01  5.224e-02
5.510e+02  2.967e-01  5.225e-02
5.520e+02  2.966e-01  5.226e-02
5.530e+02  2.966e-01  5.228e-02
5.540e+02  2.965e-01  5.229e-02
5.550e+02  2.964e-01  5.231e-02
5.560e+02  2.963e-01  5.232e-02
5.570e+02  2.962e-01  5.234e-02
5.580e+02  2.961e-01  5.235e-02
5.590e+02  2.960e-01  5.237e-02
5.600e+02  2.959e-01  5.238e-02
5.610e+02  2.958e-01  5.240e-02
5.620e+02  2.957e-01  5.241e-02
5.630e+02  2.956e-01  5.242e-02
5.640e+02  2.955e-01  5.244e-02
5.650e+02  2.954e-01  5.245e-02
5.660e+02  2.953e-01  5.247e-02
5.670e+02  2.952e-01  5.248e-02
5.680e+02  2.951e-01  5.250e-02
5.690e+02  2.950e-01  5.251e-02
5.700e+02  2.949e-01  5.253e-02
5.710e+02  2.948e-01  5.254e-02
5.720e+02  2.947e-01  5.256e-02
5.730e+02  2.946e-01  5.257e-02
5.740e+02  2.945e-01  5.258e-02
5.750e+02  2.944e-01  5.260e-02
5.760e+02  2.943e-01  5.261e-02
5.770e+02  2.942e-01  5.263e-02
5.780e+02  2.942e-01  5.264e-02
5.790e+02  2.941e-01  5.266e-02
5.800e+02  2.940e-01  5.267e-02
5.810e+02  2.939e-01  5.268e-02
5.820e+02  2.938e-01  5.270e-02
5.830e+02  2.937e-01  5.271e-02
5.840e+02  2.936e-01  5.273e-02
5.850e+02  2.935e-01  5.274e-02
5.860e+02  2.934e-01  5.276e-02
5.870e+02  2.933e-01  5.277e-02
5.880e+02  2.932e-01  5.279e-02
5.890e+02  2.931e-01  5.280e-02
5.900e+02  2.930e-01  5.281e-02
5.910e+02  2.929e-01  5.283e-02
5.920e+02  2.928e-01  5.284e-02
5.930e+02  2.927e-01  5.286e-02
5.940e+02  2.926e-01  5.287e-02
5.950e+02  2.925e-01  5.289e-02
5.960e+02  2.925e-01  5.290e-02
5.970e+02  2.924e-01  5.291e-02
5.980e+02  2.923e-01  5.293e-02
5.990e+02  2.922e-01  5.294e-02
6.000e+02  2.921e-01  5.296e-02
6.010e+02  2.920e-01  5.297e-02
6.020e+02  2.919e-01  5.298e-02
6.030e+02  2.918e-01  5.300e-02
6.040e+02  2.917e-01  5.301e-02
6.050e+02  2.916e-01  5.303e-02
6.060e+02  2.915e-01  5.304e-02
6.070e+02  2.914e-01  5.306e-02
6.080e+02  2.913e-01  5.307e-02
6.090e+02  2.912e-01  5.308e-02
6.100e+02  2.911e-01  5.310e-02
6.110e+02  2.910e-01  5.311e-02
6.120e+02  2.910e-01  5.313e-02
6.130e+02  2.909e-01  5.314e-02
6.140e+02  2.908e-01  5.315e-02
6.150e+02  2.907e-01  5.317e-02
6.160e+02  2.906e-01  5.318e-02
6.170e+02  2.905e-01  5.320e-02
6.180e+02  2.904e-01  5.321e-02
6.190e+02  2.903e-01  5.322e-02
6.200e+02  2.902e-01  5.324e-02
6.210e+02  2.901e-01  5.325e-02
6.220e+02  2.900e-01  5.327e-02
6.230e+02  2.899e-01  5.328e-02
6.240e+02  2.898e-01  5.329e-02
6.250e+02  2.898e-01  5.331e-02
6.260e+02  2.897e-01  5.332e-02
6.270e+02  2.896e-01  5.334e-02
6.280e+02  2.895e-01  5.335e-02
6.290e+02  2.894e-01  5.336e-02
6.300e+02  2.893e-01  5.338e-02
6.310e+02  2.892e-01  5.339e-02
6.320e+02  2.891e-01  5.341e-02
6.330e+02  2.890e-01  5.342e-02
6.340e+02  2.889e-01  5.343e-02
6.350e+02  2.888e-01  5.345e-02
6.360e+02  2.887e-01  5.346e-02
6.370e+02  2.887e-01  5.348e-02
6.380e+02  2.886e-01  5.349e-02
6.390e+02  2.885e-01  5.350e-02
6.400e+02  2.884e-01  5.352e-02
6.410e+02  2.883e-01  5.353e-02
6.420e+02  2.882e-01  5.354e-02
6.430e+02  2.881e-01  5.356e-02
6.440e+02  2.880e-01  5.357e-02
6.450e+02  2.879e-01  5.359e-02
6.460e+02  2.878e-01  5.360e-02
6.470e+02  2.877e-01  5.361e-02
6.480e+02  2.877e-01  5.363e-02
6.490e+02  2.876e-01  5.364e-02
6.500e+02  2.875e-01  5.365e-02
6.510e+02  2.874e-01  5.367e-02
6.520e+02  2.873e-01  5.368e-02
6.530e+02  2.872e-01  5.370e-02
6.540e+02  2.871e-01  5.371e-02
6.550e+02  2.870e-01  5.372e-02
6.560e+02  2.869e-01  5.374e-02
6.570e+02  2.868e-01  5.375e-02
6.580e+02  2.868e-01  5.376e-02
6.590e+02  2.867e-01  5.378e-02
6.600e+02  2.866e-01  5.379e-02
6.610e+02  2.865e-01  5.380e-02
6.620e+02  2.864e-01  5.382e-02
6.630e+02  2.863e-01  5.383e-02
6.640e+02  2.862e-01  5.385e-02
6.650e+02  2.861e-01  5.386e-02
6.660e+02  2.860e-01  5.387e-02
6.670e+02  2.860e-01  5.389e-02
6.680e+02  2.859e-01  5.390e-02
6.690e+02  2.858e-01  5.391e-02
6.700e+02  2.857e-01  5.393e-02
6.710e+02  2.856e-01  5.394e-02
6.720e+02  2.855e-01  5.395e-02
6.730e+02  2.854e-01  5.397e-02
6.740e+02  2.853e-01  5.398e-02
6.750e+02  2.852e-01  5.399e-02
6.760e+02  2.852e-01  5.401e-02
6.770e+02  2.851e-01  5.402e-02
6.780e+02  2.850e-01  5.403e-02
6.790e+02  2.849e-01  5.405e-02
6.800e+02  2.848e-01  5.406e-02
6.810e+02  2.847e-01  5.407e-02
6.820e+02  2.846e-01  5.409e-02
6.830e+02  2.845e-01  5.410e-02
6.840e+02  2.845e-01  5.411e-02
6.850e+02  2.844e-01  5.413e-02
6.860e+02  2.843e-01  5.414e-02
6.870e+02  2.842e-01  5.415e-02
6.880e+02  2.841e-01  5.417e-02
6.890e+02  2.840e-01  5.418e-02
6.900e+02  2.839e-01  5.419e-02
6.910e+02  2.838e-01  5.421e-02
6.920e+02  2.838e-01  5.422e-02
6.930e+02  2.837e-01  5.423e-02
6.940e+02  2.836e-01  5.425e-02
6.950e+02  2.835e-01  5.426e-02
6.960e+02  2.834e-01  5.427e-02
6.970e+02  2.833e-01  5.429e-02
6.980e+02  2.832e-01  5.430e-02
6.990e+02  2.832e-01  5.431e-02
7.000e+02  2.831e-01  5.432e-02
7.010e+02  2.830e-01  5.434e-02
7.020e+02  2.829e-01  5.435e-02
7.030e+02  2.828e-01  5.436e-02
7.040e+02  2.827e-01  5.438e-02
7.050e+02  2.826e-01  5.439e-02
7.060e+02  2.826e-01  5.440e-02
7.070e+02  2.825e-01  5.442e-02
7.080e+02  2.824e-01  5.443e-02
7.090e+02  2.823e-01  5.444e-02
7.100e+02  2.822e-01  5.445e-02
7.110e+02  2.821e-01  5.447e-02
7.120e+02  2.820e-01  5.448e-02
7.130e+02  2.820e-01  5.449e-02
7.140e+02  2.819e-01  5.451e-02
7.150e+02  2.818e-01  5.452e-02
7.160e+02  2.817e-01  5.453e-02
7.170e+02  2.816e-01  5.454e-02
7.180e+02  2.815e-01  5.456e-02
7.190e+02  2.815e-01  5.457e-02
7.200e+02  2.814e-01  5.458e-02
7.210e+02  2.813e-01  5.460e-02
7.220e+02  2.812e-01  5.461e-02
7.230e+02  2.811e-01  5.462e-02
7.240e+02  2.810e-01  5.463e-02
7.250e+02  2.810e-01  5.465e-02
7.260e+02  2.809e-01  5.466e-02
7.270e+02  2.808e-01  5.467e-02
7.280e+02  2.807e-01  5.468e-02
7.290e+02  2.806e-01  5.470e-02
7.300e+02  2.805e-01  5.471e-02
7.310e+02  2.805e-01  5.472e-02
7.320e+02  2.804e-01  5.473e-02
7.330e+02  2.803e-01  5.475e-02
7.340e+02  2.802e-01  5.476e-02
7.350e+02  2.801e-01  5.477e-02
7.360e+02  2.801e-01  5.478e-02
7.370e+02  2.800e-01  5.480e-02
7.380e+02  2.799e-01  5.481e-02
7.390e+02  2.798e-01  5.482e-02
7.400e+02  2.797e-01  5.483e-02
7.410e+02  2.796e-01  5.485e-02
7.420e+02  2.796e-01  5.486e-02
7.430e+02  2.795e-01  5.487e-02
7.440e+02  2.794e-01  5.488e-02
7.450e+02  2.793e-01  5.489e-02
7.460e+02  2.792e-01  5.491e-02
7.470e+02  2.792e-01  5.492e-02
7.480e+02  2.791e-01  5.493e-02
7.490e+02  2.790e-01  5.494e-02
7.500e+02  2.789e-01  5.496e-02
7.510e+02  2.788e-01  5.497e-02
7.520e+02  2.788e-01  5.498e-02
7.530e+02  2.787e-01  5.499e-02
7.540e+02  2.786e-01  5.500e-02
7.550e+02  2.785e-01  5.502e-02
7.560e+02  2.784e-01  5.503e-02
7.570e+02  2.784e-01  5.504e-02
7.580e+02  2.783e-01  5.505e-02
7.590e+02  2.782e-01  5.506e-02
7.600e+02  2.781e-01  5.508e-02
7.610e+02  2.781e-01  5.509e-02
7.620e+02  2.780e-01  5.510e-02
7.630e+02  2.779e-01  5.511e-02
7.640e+02  2.778e-01  5.512e-02
7.650e+02  2.777e-01  5.514e-02
7.660e+02  2.777e-01  5.515e-02
7.670e+02  2.776e-01  5.516e-02
7.680e+02  2.775e-01  5.517e-02
7.690e+02  2.774e-01  5.518e-02
7.700e+02  2.774e-01  5.519e-02
7.710e+02  2.773e-01  5.521e-02
7.720e+02  2.772e-01  5.522e-02
7.730e+02  2.771e-01  5.523e-02
7.740e+02  2.771e-01  5.524e-02
7.750e+02  2.770e-01  5.525e-02
7.760e+02  2.769e-01  5.526e-02
7.770e+02  2.768e-01  5.527e-02
7.780e+02  2.768e-01  5.529e-02
7.790e+02  2.767e-01  5.530e-02
7.800e+02  2.766e-01  5.531e-02
7.810e+02  2.765e-01  5.532e-02
7.820e+02  2.765e-01  5.533e-02
7.830e+02  2.764e-01  5.534e-02
7.840e+02  2.763e-01  5.535e-02
7.850e+02  2.762e-01  5.536e-02
7.860e+02  2.762e-01  5.538e-02
7.870e+02  2.761e-01  5.539e-02
7.880e+02  2.760e-01  5.540e-02
7.890e+02  2.759e-01  5.541e-02
7.900e+02  2.759e-01  5.542e-02
7.910e+02  2.758e-01  5.543e-02
7.920e+02  2.757e-01  5.544e-02
7.930e+02  2.757e-01  5.545e-02
7.940e+02  2.756e-01  5.546e-02
7.950e+02  2.755e-01  5.547e-02
7.960e+02  2.754e-01  5.549e-02
7.970e+02  2.754e-01  5.550e-02
7.980e+02  2.753e-01  5.551e-02
7.990e+02  2.752e-01  5.552e-02
8.000e+02  2.752e-01  5.553e-02
8.010e+02  2.751e-01  5.554e-02
8.020e+02  2.750e-01  5.555e-02
8.030e+02  2.750e-01  5.556e-02
8.040e+02  2.749e-01  5.557e-02
8.050e+02  2.748e-01  5.558e-02
8.060e+02  2.748e-01  5.559e-02
8.070e+02  2.747e-01  5.560e-02
8.080e+02  2.746e-01  5.561e-02
8.090e+02  2.746e-01  5.562e-02
8.100e+02  2.745e-01  5.563e-02
8.110e+02  2.744e-01  5.564e-02
8.120e+02  2.744e-01  5.565e-02
8.130e+02  2.743e-01  5.566e-02
8.140e+02  2.742e-01  5.567e-02
8.150e+02  2.742e-01  5.568e-02
8.160e+02  2.741e-01  5.569e-02
8.170e+02  2.740e-01  5.570e-02
8.180e+02  2.740e-01  5.571e-02
8.190e+02  2.739e-01  5.572e-02
8.200e+02  2.738e-01  5.573e-02
8.210e+02  2.738e-01  5.574e-02
8.220e+02  2.737e-01  5.575e-02
8.230e+02  2.737e-01  5.576e-02
8.240e+02  2.736e-01  5.577e-02
8.250e+02  2.735e-01  5.578e-02
8.260e+02  2.735e-01  5.579e-02
8.270e+02  2.734e-01  5.580e-02
8.280e+02  2.734e-01  5.580e-02
8.290e+02  2.733e-01  5.581e-02
8.300e+02  2.732e-01  5.582e-02
8.310e+02  2.732e-01  5.583e-02
8.320e+02  2.731e-01  5.584e-02
8.330e+02  2.731e-01  5.585e-02
8.340e+02  2.730e-01  5.586e-02
8.350e+02  2.730e-01  5.587e-02
8.360e+02  2.729e-01  5.587e-02
8.370e+02  2.728e-01  5.588e-02
8.380e+02  2.728e-01  5.589e-02
8.390e+02  2.727e-01  5.590e-02
8.400e+02  2.727e-01  5.591e-02
8.410e+02  2.726e-01  5.591e-02
8.420e+02  2.726e-01  5.592e-02
8.430e+02  2.725e-01  5.593e-02
8.440e+02  2.725e-01  5.594e-02
8.450e+02  2.724e-01  5.594e-02
8.460e+02  2.724e-01  5.595e-02
8.470e+02  2.723e-01  5.596e-02
8.480e+02  2.723e-01  5.597e-02
8.490e+02  2.723e-01  5.597e-02
8.500e+02  2.722e-01  5.598e-02
8.510e+02  2.722e-01  5.599e-02
8.520e+02  2.721e-01  5.599e-02
8.530e+02  2.721e-01  5.600e-02
8.540e+02  2.720e-01  5.600e-02
8.550e+02  2.720e-01  5.601e-02
8.560e+02  2.720e-01  5.602e-02
8.570e+02  2.719e-01  5.602e-02
8.580e+02  2.719e-01  5.603e-02
8.590e+02  2.719e-01  5.603e-02
8.600e+02  2.718e-01  5.604e-02
8.610e+02  2.718e-01  5.604e-02
8.620e+02  2.718e-01  5.605e-02
8.630e+02  2.717e-01  5.605e-02
8.640e+02  2.717e-01  5.605e-02
8.650e+02  2.717e-01  5.606e-02
8.660e+02  2.717e-01  5.606e-02
8.670e+02  2.717e-01  5.606e-02
8.680e+02  2.716e-01  5.607e-02
8.690e+02  2.716e-01  5.607e-02
8.700e+02  2.716e-01  5.607e-02
8.710e+02  2.716e-01  5.607e-02
8.720e+02  2.716e-01  5.607e-02
8.730e+02  2.716e-01  5.607e-02
8.740e+02  2.716e-01  5.607e-02
8.750e+02  2.716e-01  5.607e-02
8.760e+02  2.716e-01  5.607e-02
8.770e+02  2.716e-01  5.607e-02
8.780e+02  2.716e-01  5.607e-02
8.790e+02  2.717e-01  5.606e-02
8.800e+02  2.717e-01  5.606e-02
8.810e+02  2.717e-01  5.606e-02
8.820e+02  2.717e-01  5.605e-02
8.830e+02  2.718e-01  5.604e-02
8.840e+02  2.718e-01  5.604e-02
8.850e+02  2.719e-01  5.603e-02
8.860e+02  2.720e-01  5.602e-02
8.870e+02  2.720e-01  5.601e-02
8.880e+02  2.721e-01  5.599e-02
8.890e+02  2.722e-01  5.598e-02
8.900e+02  2.723e-01  5.597e-02
8.910e+02  2.724e-01  5.595e-02
8.920e+02  2.725e-01  5.593e-02
8.930e+02  2.727e-01  5.591e-02
8.940e+02  2.728e-01  5.589e-02
8.950e+02  2.730e-01  5.586e-02
8.960e+02  2.732e-01  5.583e-02
8.970e+02  2.734e-01  5.580e-02
8.980e+02  2.736e-01  5.577e-02
8.990e+02  2.738e-01  5.574e-02
9.000e+02  2.741e-01  5.570e-02
9.010e+02  2.743e-01  5.565e-02
9.020e+02  2.746e-01  5.561e-02
9.030e+02  2.750e-01  5.556e-02
9.040e+02  2.753e-01  5.550e-02
9.050e+02  2.757e-01  5.545e-02
9.060e+02  2.761e-01  5.538e-02
9.070e+02  2.766e-01  5.532e-02
9.080e+02  2.770e-01  5.524e-02
9.090e+02  2.776e-01  5.516e-02
9.100e+02  2.781e-01  5.508e-02
9.110e+02  2.787e-01  5.499e-02
9.120e+02  2.794e-01  5.489e-02
9.130e+02  2.801e-01  5.478e-02
9.140e+02  2.808e-01  5.467e-02
9.150e+02  2.816e-01  5.455e-02
9.160e+02  2.824e-01  5.442e-02
9.170e+02  2.833e-01  5.428e-02
9.180e+02  2.843e-01  5.414e-02
9.190e+02  2.853e-01  5.398e-02
9.200e+02  2.864e-01  5.381e-02
9.210e+02  2.876e-01  5.363e-02
9.220e+02  2.889e-01  5.344e-02
9.230e+02  2.902e-01  5.324e-02
9.240e+02  2.916e-01  5.303e-02
9.250e+02  2.931e-01  5.280e-02
9.260e+02  2.947e-01  5.256e-02
9.270e+02  2.964e-01  5.231e-02
9.280e+02  2.981e-01  5.204e-02
9.290e+02  3.000e-01  5.176e-02
9.300e+02  3.020e-01  5.146e-02
9.310e+02  3.041e-01  5.114e-02
9.320e+02  3.063e-01  5.081e-02
9.330e+02  3.086e-01  5.047e-02
9.340e+02  3.110e-01  5.010e-02
9.350e+02  3.135e-01  4.972e-02
9.360e+02  3.162e-01  4.933e-02
9.370e+02  3.190e-01  4.891e-02
9.380e+02  3.219e-01  4.847e-02
9.390e+02  3.250e-01  4.802e-02
9.400e+02  3.282e-01  4.755e-02
9.410e+02  3.315e-01  4.706e-02
9.420e+02  3.350e-01  4.655e-02
9.430e+02  3.386e-01  4.602e-02
9.440e+02  3.424e-01  4.548e-02
9.450e+02  3.463e-01  4.491e-02
9.460e+02  3.504e-01  4.433e-02
9.470e+02  3.546e-01  4.373e-02
9.480e+02  3.589e-01  4.311e-02
9.490e+02  3.635e-01  4.247e-02
9.500e+02  3.681e-01  4.182e-02
9.510e+02  3.729e-01  4.115e-02
9.520e+02  3.779e-01  4.046e-02
9.530e+02  3.830e-01  3.976e-02
9.540e+02  3.883e-01  3.904e-02
9.550e+02  3.937e-01  3.831e-02
9.560e+02  3.993e-01  3.757e-02
9.570e+02  4.050e-01  3.681e-02
9.580e+02  4.109e-01  3.604e-02
9.590e+02  4.169e-01  3.527e-02
9.600e+02  4.230e-01  3.448e-02
9.610e+02  4.293e-01  3.368e-02
9.620e+02  4.357e-01  3.288e-02
9.630e+02  4.423e-01  3.207e-02
9.640e+02  4.490e-01  3.125e-02
9.650e+02  4.558e-01  3.043e-02
9.660e+02  4.627e-01  2.961e-02
9.670e+02  4.698e-01  2.878e-02
9.680e+02  4.770e-01  2.796e-02
9.690e+02  4.843e-01  2.713e-02
9.700e+02  4.917e-01  2.631e-02
9.710e+02  4.992e-01  2.548e-02
9.720e+02  5.068e-01  2.467e-02
9.730e+02  5.145e-01  2.385e-02
9.740e+02  5.222e-01  2.304e-02
9.750e+02  5.301e-01  2.224e-02
9.760e+02  5.380e-01  2.145e-02
9.770e+02  5.460e-01  2.067e-02
9.780e+02  5.541e-01  1.989e-02
9.790e+02  5.622e-01  1.913e-02
9.800e+02  5.704e-01  1.838e-02
9.810e+02  5.786e-01  1.764e-02
9.820e+02  5.869e-01  1.692e-02
9.830e+02  5.952e-01  1.620e-02
9.840e+02  6.035e-01  1.551e-02
9.850e+02  6.118e-01  1.482e-02
9.860e+02  6.202e-01  1.416e-02
9.870e+02  6.285e-01  1.351e-02
9.880e+02  6.369e-01  1.287e-02
9.890e+02  6.453e-01  1.226e-02
9.900e+02  6.536e-01  1.166e-02
9.910e+02  6.619e-01  1.108e-02
9.920e+02  6.702e-01  1.051e-02
9.930e+02  6.785e-01  9.969e-03
9.940e+02  6.867e-01  9.442e-03
9.950e+02  6.949e-01  8.933e-03
9.960e+02  7.030e-01  8.443e-03
9.970e+02  7.111e-01  7.970e-03
9.980e+02  7.191e-01  7.516e-03
9.990e+02  7.271e-01  7.079e-03
1.000e+03  7.350e-01  6.661e-03
1.001e+03  7.428e-01  6.260e-03
1.002e+03  7.505e-01  5.877e-03
1.003e+03  7.581e-01  5.510e-03
1.004e+03  7.656e-01  5.161e-03
1.005e+03  7.731e-01  4.828e-03
1.006e+03  7.804e-01  4.511e-03
1.007e+03  7.876e-01  4.211e-03
1.008e+03  7.947e-01  3.925e-03
1.009e+03  8.017e-01  3.654e-03
1.010e+03  8.086e-01  3.398e-03
1.011e+03  8.154e-01  3.157e-03
1.012e+03  8.220e-01  2.928e-03
1.013e+03  8.285e-01  2.713e-03
1.014e+03  8.349e-01  2.511e-03
1.015e+03  8.411e-01  2.320e-03
1.016e+03  8.472e-01  2.142e-03
1.017e+03  8.532e-01  1.974e-03
1.018e+03  8.590e-01  1.818e-03
1.019e+03  8.647e-01  1.671e-03
1.020e+03  8.702e-01  1.535e-03
1.021e+03  8.756e-01  1.408e-03
1.022e+03  8.809e-01  1.289e-03
1.023e+03  8.860e-01  1.179e-03
1.024e+03  8.910e-01  1.077e-03
1.025e+03  8.958e-01  9.824e-04
1.026e+03  9.005e-01  8.950e-04
1.027e+03  9.050e-01  8.141e-04
1.028e+03  9.094e-01  7.396e-04
1.029e+03  9.137e-01  6.709e-04
1.030e+03  9.178e-01  6.078e-04
1.031e+03  9.218e-01  5.499e-04
1.032e+03  9.256e-01  4.967e-04
1.033e+03  9.293e-01  4.481e-04
1.034e+03  9.329e-01  4.036e-04
1.035e+03  9.363e-01  3.630e-04
1.036e+03  9.396e-01  3.261e-04
1.037e+03  9.428e-01  2.924e-04
1.038e+03  9.458e-01  2.619e-04
1.039e+03  9.488e-01  2.342e-04
1.040e+03  9.516e-01  2.091e-04
1.041e+03  9.543e-01  1.864e-04
1.042e+03  9.568e-01  1.659e-04
1.043e+03  9.593e-01  1.475e-04
1.044e+03  9.616e-01  1.309e-04
1.045e+03  9.639e-01  1.160e-04
1.046e+03  9.660e-01  1.026e-04
1.047e+03  9.681e-01  9.063e-05
1.048e+03  9.700e-01  7.993e-05
1.049e+03  9.718e-01  7.038e-05
1.050e+03  9.736e-01  6.188e-05
1.051e+03  9.753e-01  5.432e-05
1.052e+03  9.768e-01  4.761e-05
1.053e+03  9.783e-01  4.165e-05
1.054e+03  9.797e-01  3.639e-05
1.055e+03  9.811e-01  3.174e-05
1.056e+03  9.823e-01  2.764e-05
1.057e+03  9.835e-01  2.402e-05
1.058e+03  9.847e-01  2.085e-05
1.059e+03  9.857e-01  1.807e-05
1.060e+03  9.867e-01  1.563e-05
1.061e+03  9.877e-01  1.350e-05
1.062e+03  9.885e-01  1.164e-05
1.063e+03  9.894e-01  1.002e-05
1.064e+03  9.901e-01  8.606e-06
1.065e+03  9.909e-01  7.383e-06
1.066e+03  9.916e-01  6.323e-06
1.067e+03  9.922e-01  5.405e-06
1.068e+03  9.928e-01  4.613e-06
1.069e+03  9.933e-01  3.931e-06
1.070e+03  9.939e-01  3.343e-06
1.071e+03  9.943e-01  2.839e-06
1.072e+03  9.948e-01  2.406e-06
1.073e+03  9.952e-01  2.036e-06
1.074e+03  9.956e-01  1.720e-06
1.075e+03  9.960e-01  1.450e-06
1.076e+03  9.963e-01  1.221e-06
1.077e+03  9.966e-01  1.026e-06
1.078e+03  9.969e-01  8.603e-07
1.079e+03  9.972e-01  7.203e-07
1.080e+03  9.974e-01  6.021e-07
1.081e+03  9.976e-01  5.024e-07
1.082e+03  9.978e-01  4.184e-07
1.083e+03  9.980e-01  3.479e-07
1.084e+03  9.982e-01  2.887e-07
1.085e+03  9.984e-01  2.392e-07
1.086e+03  9.985e-01  1.978e-07
1.087e+03  9.986e-01  1.633e-07
1.088e+03  9.988e-01  1.345e-07
1.089e+03  9.989e-01  1.107e-07
1.090e+03  9.990e-01  9.086e-08
1.091e+03  9.991e-01  7.446e-08
1.092e+03  9.992e-01  6.092e-08
1.093e+03  9.993e-01  4.974e-08
1.094e+03  9.993e-01  4.055e-08
1.095e+03  9.994e-01  3.299e-08
1.096e+03  9.995e-01  2.679e-08
1.097e+03  9.995e-01  2.172e-08
1.098e+03  9.996e-01  1.758e-08
1.099e+03  9.996e-01  1.420e-08
1.100e+03  9.996e-01  1.145e-08
1.101e+03  9.997e-01  9.212e-09
1.102e+03  9.997e-01  7.400e-09
1.103e+03  9.997e-01  5.934e-09
1.104e+03  9.998e-01  4.749e-09
1.105e+03  9.998e-01  3.794e-09
1.106e+03  9.998e-01  3.025e-09
1.107e+03  9.998e-01  2.408e-09
1.108e+03  9.999e-01  1.913e-09
1.109e+03  9.999e-01  1.517e-09
1.110e+03  9.999e-01  1.201e-09
1.111e+03  9.999e-01  9.488e-10
1.112e+03  9.999e-01  7.482e-10
1.113e+03  9.999e-01  5.889e-10
1.114e+03  9.999e-01  4.627e-10
1.115e+03  9.999e-01  3.629e-10
1.116e+03  9.999e-01  2.840e-10
1.117e+03  1.000e+00  2.219e-10
1.118e+03  1.000e+00  1.731e-10
1.119e+03  1.000e+00  1.347e-10
1.120e+03  1.000e+00  1.047e-10
1.121e+03  1.000e+00  8.117e-11
1.122e+03  1.000e+00  6.283e-11
1.123e+03  1.000e+00  4.854e-11
1.124e+03  1.000e+00  3.743e-11
1.125e+03  1.000e+00  2.881e-11
1.126e+03  1.000e+00  2.214e-11
1.127e+03  1.000e+00  1.698e-11
1.128e+03  1.000e+00  1.299e-11
1.129e+03  1.000e+00  9.926e-12
1.130e+03  1.000e+00  7.569e-12
1.131e+03  1.000e+00  5.761e-12
1.132e+03  1.000e+00  4.376e-12
1.133e+03  1.000e+00  3.318e-12
1.134e+03  1.000e+00  2.511e-12
1.135e+03  1.000e+00  1.897e-12
1.136e+03  1.000e+00  1.430e-12
1.137e+03  1.000e+00  1.076e-12
1.138e+03  1.000e+00  8.084e-13
1.139e+03  1.000e+00  6.060e-13
1.140e+03  1.000e+00  4.535e-13
1.141e+03  1.000e+00  3.387e-13
1.142e+03  1.000e+00  2.525e-13
1.143e+03  1.000e+00  1.879e-13
1.144e+03  1.000e+00  1.395e-13
1.145e+03  1.000e+00  1.034e-13
1.146e+03  1.000e+00  7.651e-14
1.147e+03  1.000e+00  5.650e-14
1.148e+03  1.000e+00  4.164e-14
1.149e+03  1.000e+00  3.063e-14
1.150e+03  1.000e+00  2.249e-14
1.151e+03  1.000e+00  1.648e-14
1.152e+03  1.000e+00  1.206e-14
1.153e+03  1.000e+00  8.803e-15
1.154e+03  1.000e+00  6.414e-15
1.155e+03  1.000e+00  4.665e-15
1.156e+03  1.000e+00  3.387e-15
1.157e+03  1.000e+00  2.454e-15
1.158e+03  1.000e+00  1.775e-15
1.159e+03  1.000e+00  1.281e-15
1.160e+03  1.000e+00  9.228e-16
1.161e+03  1.000e+00  6.635e-16
1.162e+03  1.000e+00  4.762e-16
1.163e+03  1.000e+00  3.411e-16
1.164e+03  1.000e+00  2.439e-16
1.165e+03  1.000e+00  1.740e-16
1.166e+03  1.000e+00  1.240e-16
1.167e+03  1.000e+00  8.812e-17
1.168e+03  1.000e+00  6.253e-17
1.169e+03  1.000e+00  4.428e-17
1.170e+03  1.000e+00  3.130e-17
1.171e+03  1.000e+00  2.208e-17
1.172e+03  1.000e+00  1.555e-17
1.173e+03  1.000e+00  1.093e-17
1.174e+03  1.000e+00  7.665e-18
1.175e+03  1.000e+00  5.367e-18
1.176e+03  1.000e+00  3.750e-18
1.177e+03  1.000e+00  2.616e-18
1.178e+03  1.000e+00  1.821e-18
1.179e+03  1.000e+00  1.265e-18
1.180e+03  1.000e+00  8.773e-19
1.181e+03  1.000e+00  6.072e-19
1.182e+03  1.000e+00  4.195e-19
1.183e+03  1.000e+00  2.892e-19
1.184e+03  1.000e+00  1.991e-19
1.185e+03  1.000e+00  1.367e-19
1.186e+03  1.000e+00  9.374e-20
1.187e+03  1.000e+00  6.414e-20
1.188e+03  1.000e+00  4.381e-20
1.189e+03  1.000e+00  2.986e-20
1.190e+03  1.000e+00  2.032e-20
1.191e+03  1.000e+00  1.380e-20
1.192e+03  1.000e+00  9.350e-21
1.193e+03  1.000e+00  6.325e-21
1.194e+03  1.000e+00  4.271e-21
1.195e+03  1.000e+00  2.878e-21
1.196e+03  1.000e+00  1.936e-21
1.197e+03  1.000e+00  1.299e-21
1.198e+03  1.000e+00  8.706e-22
1.199e+03  1.000e+00  5.822e-22
1.200e+03  1.000e+00  3.886e-22
1.201e+03  1.000e+00  2.589e-22
1.202e+03  1.000e+00  1.722e-22
1.203e+03  1.000e+00  1.142e-22
1.204e+03  1.000e+00  7.568e-23
1.205e+03  1.000e+00  5.003e-23
1.206e+03  1.000e+00  3.301e-23
1.207e+03  1.000e+00  2.174e-23
1.208e+03  1.000e+00  1.429e-23
1.209e+03  1.000e+00  9.377e-24
1.210e+03  1.000e+00  6.140e-24
1.211e+03  1.000e+00  4.013e-24
1.212e+03  1.000e+00  2.618e-24
1.213e+03  1.000e+00  1.704e-24
1.214e+03  1.000e+00  1.108e-24
1.215e+03  1.000e+00  7.184e-25
1.216e+03  1.000e+00  4.651e-25
1.217e+03  1.000e+00  3.005e-25
1.218e+03  1.000e+00  1.938e-25
1.219e+03  1.000e+00  1.247e-25
1.220e+03  1.000e+00  8.013e-26
1.221e+03  1.000e+00  5.138e-26
1.222e+03  1.000e+00  3.288e-26
1.223e+03  1.000e+00  2.100e-26
1.224e+03  1.000e+00  1.339e-26
1.225e+03  1.000e+00  8.521e-27
1.226e+03  1.000e+00  5.412e-27
1.227e+03  1.000e+00  3.430e-27
1.228e+03  1.000e+00  2.170e-27
1.229e+03  1.000e+00  1.370e-27
1.230e+03  1.000e+00  8.638e-28
1.231e+03  1.000e+00  5.434e-28
1.232e+03  1.000e+00  3.412e-28
1.233e+03  1.000e+00  2.138e-28
1.234e+03  1.000e+00  1.337e-28
1.235e+03  1.000e+00  8.348e-29
1.236e+03  1.000e+00  5.202e-29
1.237e+03  1.000e+00  3.235e-29
1.238e+03  1.000e+00  2.008e-29
1.239e+03  1.000e+00  1.244e-29
1.240e+03  1.000e+00  7.692e-30
1.241e+03  1.000e+00  4.747e-30
1.242e+03  1.000e+00  2.924e-30
1.243e+03  1.000e+00  1.798e-30
1.244e+03  1.000e+00  1.103e-30
1.245e+03  1.000e+00  6.758e-31
1.246e+03  1.000e+00  4.131e-31
1.247e+03  1.000e+00  2.521e-31
1.248e+03  1.000e+00  1.535e-31
1.249e+03  1.000e+00  9.330e-32
1.250e+03  1.000e+00  5.660e-32
1.251e+03  1.000e+00  3.427e-32
1.252e+03  1.000e+00  2.071e-32
1.253e+03  1.000e+00  1.249e-32
1.254e+03  1.000e+00  7.522e-33
1.255e+03  1.000e+00  4.520e-33
1.256e+03  1.000e+00  2.711e-33
1.257e+03  1.000e+00  1.623e-33
1.258e+03  1.000e+00  9.697e-34
1.259e+03  1.000e+00  5.783e-34
1.260e+03  1.000e+00  3.442e-34
1.261e+03  1.000e+00  2.045e-34
1.262e+03  1.000e+00  1.213e-34
1.263e+03  1.000e+00  7.176e-35
1.264e+03  1.000e+00  4.239e-35
1.265e+03  1.000e+00  2.499e-35
1.266e+03  1.000e+00  1.471e-35
1.267e+03  1.000e+00  8.638e-36
1.268e+03  1.000e+00  5.064e-36
1.269e+03  1.000e+00  2.963e-36
1.270e+03  1.000e+00  1.730e-36
1.271e+03  1.000e+00  1.009e-36
1.272e+03  1.000e+00  5.869e-37
1.273e+03  1.000e+00  3.408e-37
1.274e+03  1.000e+00  1.975e-37
1.275e+03  1.000e+00  1.143e-37
1.276e+03  1.000e+00  6.597e-38
1.277e+03  1.000e+00  3.802e-38
1.278e+03  1.000e+00  2.187e-38
1.279e+03  1.000e+00  1.256e-38
1.280e+03  1.000e+00  7.194e-39
1.281e+03  1.000e+00  4.115e-39
1.282e+03  1.000e+00  2.349e-39
1.283e+03  1.000e+00  1.338e-39
1.284e+03  1.000e+00  7.611e-40
1.285e+03  1.000e+00  4.320e-40
1.286e+03  1.000e+00  2.448e-40
1.287e+03  1.000e+00  1.384e-40
1.288e+03  1.000e+00  7.812e-41
1.289e+03  1.000e+00  4.401e-41
1.290e+03  1.000e+00  2.474e-41
1.291e+03  1.000e+00  1.389e-41
1.292e+03  1.000e+00  7.778e-42
1.293e+03  1.000e+00  4.349e-42
1.294e+03  1.000e+00  2.427e-42
1.295e+03  1.000e+00  1.352e-42
1.296e+03  1.000e+00  7.514e-43
1.297e+03  1.000e+00  4.169e-43
1.298e+03  1.000e+00  2.309e-43
1.299e+03  1.000e+00  1.276e-43
1.300e+03  1.000e+00  7.043e-44
1.301e+03  1.000e+00  3.878e-44
1.302e+03  1.000e+00  2.132e-44
1.303e+03  1.000e+00  1.170e-44
1.304e+03  1.000e+00  6.405e-45
1.305e+03  1.000e+00  3.500e-45
1.306e+03  1.000e+00  1.910e-45
1.307e+03  1.000e+00  1.040e-45
1.308e+03  1.000e+00  5.651e-46
1.309e+03  1.000e+00  3.065e-46
1.310e+03  1.000e+00  1.660e-46
1.311e+03  1.000e+00  8.969e-47
1.312e+03  1.000e+00  4.838e-47
1.313e+03  1.000e+00  2.605e-47
1.314e+03  1.000e+00  1.400e-47
1.315e+03  1.000e+00  7.507e-48
1.316e+03  1.000e+00  4.019e-48
1.317e+03  1.000e+00  2.147e-48
1.318e+03  1.000e+00  1.145e-48
1.319e+03  1.000e+00  6.097e-49
1.320e+03  1.000e+00  3.240e-49
1.321e+03  1.000e+00  1.718e-49
1.322e+03  1.000e+00  9.095e-50
1.323e+03  1.000e+00  4.805e-50
1.324e+03  1.000e+00  2.534e-50
1.325e+03  1.000e+00  1.334e-50
1.326e+03  1.000e+00  7.008e-51
1.327e+03  1.000e+00  3.675e-51
1.328e+03  1.000e+00  1.924e-51
1.329e+03  1.000e+00  1.005e-51
1.330e+03  1.000e+00  5.240e-52
1.331e+03  1.000e+00  2.728e-52
1.332e+03  1.000e+00  1.417e-52
1.333e+03  1.000e+00  7.348e-53
1.334e+03  1.000e+00  3.803e-53
1.335e+03  1.000e+00  1.965e-53
1.336e+03  1.000e+00  1.013e-53
1.337e+03  1.000e+00  5.214e-54
1.338e+03  1.000e+00  2.678e-54
1.339e+03  1.000e+00  1.373e-54
1.340e+03  1.000e+00  7.029e-55
1.341e+03  1.000e+00  3.590e-55
1.342e+03  1.000e+00  1.831e-55
1.343e+03  1.000e+00  9.317e-56
1.344e+03  1.000e+00  4.733e-56
1.345e+03  1.000e+00  2.400e-56
1.346e+03  1.000e+00  1.215e-56
1.347e+03  1.000e+00  6.135e-57
1.348e+03  1.000e+00  3.093e-57
1.349e+03  1.000e+00  1.557e-57
1.350e+03  1.000e+00  7.820e-58
1.351e+03  1.000e+00  3.921e-58
1.352e+03  1.000e+00  1.962e-58
1.353e+03  1.000e+00  9.803e-59
1.354e+03  1.000e+00  4.888e-59
1.355e+03  1.000e+00  2.433e-59
1.356e+03  1.000e+00  1.208e-59
1.357e+03  1.000e+00  5.992e-60
1.358e+03  1.000e+00  2.965e-60
1.359e+03  1.000e+00  1.465e-60
1.360e+03  1.000e+00  7.223e-61
1.361e+03  1.000e+00  3.555e-61
1.362e+03  1.000e+00  1.746e-61
1.363e+03  1.000e+00  8.563e-62
1.364e+03  1.000e+00  4.191e-62
1.365e+03  1.000e+00  2.047e-62
1.366e+03  1.000e+00  9.983e-63
1.367e+03  1.000e+00  4.859e-63
1.368e+03  1.000e+00  2.361e-63
1.369e+03  1.000e+00  1.145e-63
1.370e+03  1.000e+00  5.540e-64
1.371e+03  1.000e+00  2.677e-64
1.372e+03  1.000e+00  1.291e-64
1.373e+03  1.000e+00  6.213e-65
1.374e+03  1.000e+00  2.985e-65
1.375e+03  1.000e+00  1.432e-65
1.376e+03  1.000e+00  6.853e-66
1.377e+03  1.000e+00  3.274e-66
1.378e+03  1.000e+00  1.562e-66
1.379e+03  1.000e+00  7.433e-67
1.380e+03  1.000e+00  3.532e-67
1.381e+03  1.000e+00  1.675e-67
1.382e+03  1.000e+00  7.930e-68
1.383e+03  1.000e+00  3.747e-68
1.384e+03  1.000e+00  1.768e-68
1.385e+03  1.000e+00  8.322e-69
1.386e+03  1.000e+00  3.911e-69
1.387e+03  1.000e+00  1.834e-69
1.388e+03  1.000e+00  8.589e-70
1.389e+03  1.000e+00  4.014e-70
1.390e+03  1.000e+00  1.872e-70
1.391e+03  1.000e+00  8.719e-71
1.392e+03  1.000e+00  4.052e-71
1.393e+03  1.000e+00  1.880e-71
1.394e+03  1.000e+00  8.706e-72
1.395e+03  1.000e+00  4.024e-72
1.396e+03  1.000e+00  1.857e-72
1.397e+03  1.000e+00  8.551e-73
1.398e+03  1.000e+00  3.931e-73
1.399e+03  1.000e+00  1.804e-73
1.400e+03  1.000e+00  8.261e-74
1.401e+03  1.000e+00  3.777e-74
1.402e+03  1.000e+00  1.723e-74
1.403e+03  1.000e+00  7.850e-75
1.404e+03  1.000e+00  3.569e-75
1.405e+03  1.000e+00  1.620e-75
1.406e+03  1.000e+00  7.338e-76
1.407e+03  1.000e+00  3.318e-76
1.408e+03  1.000e+00  1.498e-76
1.409e+03  1.000e+00  6.748e-77
1.410e+03  1.000e+00  3.035e-77
1.411e+03  1.000e+00  1.362e-77
1.412e+03  1.000e+00  6.104e-78
1.413e+03  1.000e+00  2.730e-78
1.414e+03  1.000e+00  1.219e-78
1.415e+03  1.000e+00  5.432e-79
1.416e+03  1.000e+00  2.416e-79
1.417e+03  1.000e+00  1.073e-79
1.418e+03  1.000e+00  4.755e-80
1.419e+03  1.000e+00  2.104e-80
1.420e+03  1.000e+00  9.291e-81
1.421e+03  1.000e+00  4.096e-81
1.422e+03  1.000e+00  1.802e-81
1.423e+03  1.000e+00  7.915e-82
1.424e+03  1.000e+00  3.470e-82
1.425e+03  1.000e+00  1.519e-82
1.426e+03  1.000e+00  6.634e-83
1.427e+03  1.000e+00  2.893e-83
1.428e+03  1.000e+00  1.259e-83
1.429e+03  1.000e+00  5.470e-84
1.430e+03  1.000e+00  2.372e-84
1.431e+03  1.000e+00  1.027e-84
1.432e+03  1.000e+00  4.437e-85
1.433e+03  1.000e+00  1.914e-85
1.434e+03  1.000e+00  8.241e-86
1.435e+03  1.000e+00  3.542e-86
1.436e+03  1.000e+00  1.519e-86
1.437e+03  1.000e+00  6.507e-87
1.438e+03  1.000e+00  2.782e-87
1.439e+03  1.000e+00  1.187e-87
1.440e+03  1.000e+00  5.055e-88
1.441e+03  1.000e+00  2.149e-88
1.442e+03  1.000e+00  9.121e-89
1.443e+03  1.000e+00  3.864e-89
1.444e+03  1.000e+00  1.634e-89
1.445e+03  1.000e+00  6.897e-90
1.446e+03  1.000e+00  2.906e-90
1.447e+03  1.000e+00  1.222e-90
1.448e+03  1.000e+00  5.132e-91
1.449e+03  1.000e+00  2.151e-91
1.450e+03  1.000e+00  8.998e-92
1.451e+03  1.000e+00  3.758e-92
1.452e+03  1.000e+00  1.566e-92
1.453e+03  1.000e+00  6.518e-93
1.454e+03  1.000e+00  2.707e-93
1.455e+03  1.000e+00  1.122e-93
1.456e+03  1.000e+00  4.646e-94
1.457e+03  1.000e+00  1.919e-94
1.458e+03  1.000e+00  7.915e-95
1.459e+03  1.000e+00  3.259e-95
1.460e+03  1.000e+00  1.339e-95
1.461e+03  1.000e+00  5.493e-96
1.462e+03  1.000e+00  2.249e-96
1.463e+03  1.000e+00  9.193e-97
1.464e+03  1.000e+00  3.751e-97
1.465e+03  1.000e+00  1.528e-97
1.466e+03  1.000e+00  6.212e-98
1.467e+03  1.000e+00  2.521e-98
1.468e+03  1.000e+00  1.021e-98
1.469e+03  1.000e+00  4.130e-99
1.470e+03  1.000e+00  1.667e-99
1.471e+03  1.000e+00  6.719e-100
1.472e+03  1.000e+00  2.703e-100
1.473e+03  1.000e+00  1.085e-100
1.474e+03  1.000e+00  4.351e-101
1.475e+03  1.000e+00  1.741e-101
1.476e+03  1.000e+00  6.953e-102
1.477e+03  1.000e+00  2.772e-102
1.478e+03  1.000e+00  1.103e-102
1.479e+03  1.000e+00  4.384e-103
1.480e+03  1.000e+00  1.739e-103
1.481e+03  1.000e+00  6.885e-104
1.482e+03  1.000e+00  2.721e-104
1.483e+03  1.000e+00  1.073e-104
1.484e+03  1.000e+00  4.228e-105
1.485e+03  1.000e+00  1.662e-105
1.486e+03  1.000e+00  6.523e-106
1.487e+03  1.000e+00  2.555e-106
1.488e+03  1.000e+00  9.994e-107
1.489e+03  1.000e+00  3.901e-107
1.490e+03  1.000e+00  1.520e-107
1.491e+03  1.000e+00  5.915e-108
1.492e+03  1.000e+00  2.297e-108
1.493e+03  1.000e+00  8.904e-109
1.494e+03  1.000e+00  3.446e-109
1.495e+03  1.000e+00  1.331e-109
1.496e+03  1.000e+00  5.133e-110
1.497e+03  1.000e+00  1.976e-110
1.498e+03  1.000e+00  7.594e-111
1.499e+03  1.000e+00  2.913e-111
1.500e+03  1.000e+00  1.116e-111
1.501e+03  1.000e+00  4.265e-112
1.502e+03  1.000e+00  1.628e-112
1.503e+03  1.000e+00  6.200e-113
1.504e+03  1.000e+00  2.358e-113
1.505e+03  1.000e+00  8.952e-114
1.506e+03  1.000e+00  3.392e-114
1.507e+03  1.000e+00  1.283e-114
1.508e+03  1.000e+00  4.847e-115
1.509e+03  1.000e+00  1.827e-115
1.510e+03  1.000e+00  6.878e-116
1.511e+03  1.000e+00  2.584e-116
1.512e+03  1.000e+00  9.691e-117
1.513e+03  1.000e+00  3.629e-117
1.514e+03  1.000e+00  1.356e-117
1.515e+03  1.000e+00  5.060e-118
1.516e+03  1.000e+00  1.885e-118
1.517e+03  1.000e+00  7.009e-119
1.518e+03  1.000e+00  2.602e-119
1.519e+03  1.000e+00  9.641e-120
1.520e+03  1.000e+00  3.566e-120
1.521e+03  1.000e+00  1.317e-120
1.522e+03  1.000e+00  4.855e-121
1.523e+03  1.000e+00  1.787e-121
1.524e+03  1.000e+00  6.565e-122
1.525e+03  1.000e+00  2.408e-122
1.526e+03  1.000e+00  8.816e-123
1.527e+03  1.000e+00  3.223e-123
1.528e+03  1.000e+00  1.176e-123
1.529e+03  1.000e+00  4.283e-124
1.530e+03  1.000e+00  1.558e-124
1.531e+03  1.000e+00  5.655e-125
1.532e+03  1.000e+00  2.049e-125
1.533e+03  1.000e+00  7.415e-126
1.534e+03  1.000e+00  2.678e-126
1.535e+03  1.000e+00  9.657e-127
1.536e+03  1.000e+00  3.476e-127
1.537e+03  1.000e+00  1.249e-127
1.538e+03  1.000e+00  4.481e-128
1.539e+03  1.000e+00  1.605e-128
1.540e+03  1.000e+00  5.738e-129
1.541e+03  1.000e+00  2.048e-129
1.542e+03  1.000e+00  7.298e-130
1.543e+03  1.000e+00  2.596e-130
1.544e+03  1.000e+00  9.220e-131
1.545e+03  1.000e+00  3.269e-131
1.546e+03  1.000e+00  1.157e-131
1.547e+03  1.000e+00  4.088e-132
1.548e+03  1.000e+00  1.442e-132
1.549e+03  1.000e+00  5.079e-133
1.550e+03  1.000e+00  1.786e-133
1.551e+03  1.000e+00  6.267e-134
1.552e+03  1.000e+00  2.196e-134
1.553e+03  1.000e+00  7.683e-135
1.554e+03  1.000e+00  2.683e-135
1.555e+03  1.000e+00  9.355e-136
1.556e+03  1.000e+00  3.256e-136
1.557e+03  1.000e+00  1.132e-136
1.558e+03  1.000e+00  3.926e-137
1.559e+03  1.000e+00  1.360e-137
1.560e+03  1.000e+00  4.702e-138
1.561e+03  1.000e+00  1.623e-138
1.562e+03  1.000e+00  5.594e-139
1.563e+03  1.000e+00  1.925e-139
1.564e+03  1.000e+00  6.613e-140
1.565e+03  1.000e+00  2.268e-140
1.566e+03  1.000e+00  7.765e-141
1.567e+03  1.000e+00  2.654e-141
1.568e+03  1.000e+00  9.059e-142
1.569e+03  1.000e+00  3.086e-142
1.570e+03  1.000e+00  1.050e-142
1.571e+03  1.000e+00  3.566e-143
1.572e+03  1.000e+00  1.209e-143
1.573e+03  1.000e+00  4.092e-144
1.574e+03  1.000e+00  1.383e-144
1.575e+03  1.000e+00  4.667e-145
1.576e+03  1.000e+00  1.572e-145
1.577e+03  1.000e+00  5.287e-146
1.578e+03  1.000e+00  1.775e-146
1.579e+03  1.000e+00  5.952e-147
1.580e+03  1.000e+00  1.992e-147
1.581e+03  1.000e+00  6.658e-148
1.582e+03  1.000e+00  2.221e-148
1.583e+03  1.000e+00  7.400e-149
1.584e+03  1.000e+00  2.461e-149
1.585e+03  1.000e+00  8.172e-150
1.586e+03  1.000e+00  2.709e-150
1.587e+03  1.000e+00  8.968e-151
1.588e+03  1.000e+00  2.964e-151
1.589e+03  1.000e+00  9.779e-152
1.590e+03  1.000e+00  3.222e-152
1.591e+03  1.000e+00  1.060e-152
1.592e+03  1.000e+00  3.480e-153
1.593e+03  1.000e+00  1.141e-153
1.594e+03  1.000e+00  3.736e-154
1.595e+03  1.000e+00  1.221e-154
1.596e+03  1.000e+00  3.987e-155
1.597e+03  1.000e+00  1.299e-155
1.598e+03  1.000e+00  4.227e-156
1.599e+03  1.000e+00  1.373e-156
1.600e+03  1.000e+00  4.455e-157
1.601e+03  1.000e+00  1.443e-157
1.602e+03  1.000e+00  4.666e-158
1.603e+03  1.000e+00  1.507e-158
1.604e+03  1.000e+00  4.858e-159
1.605e+03  1.000e+00  1.564e-159
1.606e+03  1.000e+00  5.027e-160
1.607e+03  1.000e+00  1.613e-160
1.608e+03  1.000e+00  5.171e-161
1.609e+03  1.000e+00  1.655e-161
1.610e+03  1.000e+00  5.288e-162
1.611e+03  1.000e+00  1.687e-162
1.612e+03  1.000e+00  5.375e-163
1.613e+03  1.000e+00  1.710e-163
1.614e+03  1.000e+00  5.432e-164
1.615e+03  1.000e+00  1.723e-164
1.616e+03  1.000e+00  5.457e-165
1.617e+03  1.000e+00  1.726e-165
1.618e+03  1.000e+00  5.452e-166
1.619e+03  1.000e+00  1.719e-166
1.620e+03  1.000e+00  5.415e-167
1.621e+03  1.000e+00  1.703e-167
1.622e+03  1.000e+00  5.348e-168
1.623e+03  1.000e+00  1.677e-168
1.624e+03  1.000e+00  5.253e-169
1.625e+03  1.000e+00  1.643e-169
1.626e+03  1.000e+00  5.131e-170
1.627e+03  1.000e+00  1.600e-170
1.628e+03  1.000e+00  4.984e-171
1.629e+03  1.000e+00  1.550e-171
1.630e+03  1.000e+00  4.815e-172
1.631e+03  1.000e+00  1.494e-172
1.632e+03  1.000e+00  4.628e-173
1.633e+03  1.000e+00  1.432e-173
1.634e+03  1.000e+00  4.424e-174
1.635e+03  1.000e+00  1.365e-174
1.636e+03  1.000e+00  4.207e-175
1.637e+03  1.000e+00  1.295e-175
1.638e+03  1.000e+00  3.981e-176
1.639e+03  1.000e+00  1.222e-176
1.640e+03  1.000e+00  3.748e-177
1.641e+03  1.000e+00  1.148e-177
1.642e+03  1.000e+00  3.512e-178
1.643e+03  1.000e+00  1.073e-178
1.644e+03  1.000e+00  3.274e-179
1.645e+03  1.000e+00  9.980e-180
1.646e+03  1.000e+00  3.039e-180
1.647e+03  1.000e+00  9.240e-181
1.648e+03  1.000e+00  2.807e-181
1.649e+03  1.000e+00  8.516e-182
1.650e+03  1.000e+00  2.581e-182
1.651e+03  1.000e+00  7.814e-183
1.652e+03  1.000e+00  2.363e-183
1.653e+03  1.000e+00  7.139e-184
1.654e+03  1.000e+00  2.154e-184
1.655e+03  1.000e+00  6.494e-185
1.656e+03  1.000e+00  1.956e-185
1.657e+03  1.000e+00  5.884e-186
1.658e+03  1.000e+00  1.769e-186
1.659e+03  1.000e+00  5.310e-187
1.660e+03  1.000e+00  1.593e-187
1.661e+03  1.000e+00  4.774e-188
1.662e+03  1.000e+00  1.429e-188
1.663e+03  1.000e+00  4.276e-189
1.664e+03  1.000e+00  1.278e-189
1.665e+03  1.000e+00  3.817e-190
1.666e+03  1.000e+00  1.139e-190
1.667e+03  1.000e+00  3.395e-191
1.668e+03  1.000e+00  1.011e-191
1.669e+03  1.000e+00  3.011e-192
1.670e+03  1.000e+00  8.955e-193
1.671e+03  1.000e+00  2.661e-193
1.672e+03  1.000e+00  7.904e-194
1.673e+03  1.000e+00  2.346e-194
1.674e+03  1.000e+00  6.957e-195
1.675e+03  1.000e+00  2.062e-195
1.676e+03  1.000e+00  6.107e-196
1.677e+03  1.000e+00  1.808e-196
1.678e+03  1.000e+00  5.348e-197
1.679e+03  1.000e+00  1.581e-197
1.680e+03  1.000e+00  4.672e-198
1.681e+03  1.000e+00  1.380e-198
1.682e+03  1.000e+00  4.072e-199
1.683e+03  1.000e+00  1.201e-199
1.684e+03  1.000e+00  3.542e-200
1.685e+03  1.000e+00  1.044e-200
1.686e+03  1.000e+00  3.075e-201
1.687e+03  1.000e+00  9.056e-202
1.688e+03  1.000e+00  2.666e-202
1.689e+03  1.000e+00  7.843e-203
1.690e+03  1.000e+00  2.307e-203
1.691e+03  1.000e+00  6.782e-204
1.692e+03  1.000e+00  1.993e-204
1.693e+03  1.000e+00  5.857e-205
1.694e+03  1.000e+00  1.720e-205
1.695e+03  1.000e+00  5.052e-206
1.696e+03  1.000e+00  1.483e-206
1.697e+03  1.000e+00  4.352e-207
1.698e+03  1.000e+00  1.277e-207
1.699e+03  1.000e+00  3.746e-208
1.700e+03  1.000e+00  1.099e-208
1.701e+03  1.000e+00  3.221e-209
1.702e+03  1.000e+00  9.444e-210
1.703e+03  1.000e+00  2.768e-210
1.704e+03  1.000e+00  8.113e-211
1.705e+03  1.000e+00  2.377e-211
1.706e+03  1.000e+00  6.964e-212
1.707e+03  1.000e+00  2.040e-212
1.708e+03  1.000e+00  5.975e-213
1.709e+03  1.000e+00  1.750e-213
1.710e+03  1.000e+00  5.125e-214
1.711e+03  1.000e+00  1.501e-214
1.712e+03  1.000e+00  4.393e-215
1.713e+03  1.000e+00  1.286e-215
1.714e+03  1.000e+00  3.765e-216
1.715e+03  1.000e+00  1.102e-216
1.716e+03  1.000e+00  3.225e-217
1.717e+03  1.000e+00  9.440e-218
1.718e+03  1.000e+00  2.763e-218
1.719e+03  1.000e+00  8.085e-219
1.720e+03  1.000e+00  2.366e-219
1.721e+03  1.000e+00  6.923e-220
1.722e+03  1.000e+00  2.026e-220
1.723e+03  1.000e+00  5.927e-221
1.724e+03  1.000e+00  1.734e-221
1.725e+03  1.000e+00  5.074e-222
1.726e+03  1.000e+00  1.485e-222
1.727e+03  1.000e+00  4.343e-223
1.728e+03  1.000e+00  1.271e-223
1.729e+03  1.000e+00  3.717e-224
1.730e+03  1.000e+00  1.088e-224
1.731e+03  1.000e+00  3.182e-225
1.732e+03  1.000e+00  9.308e-226
1.733e+03  1.000e+00  2.723e-226
1.734e+03  1.000e+00  7.965e-227
1.735e+03  1.000e+00  2.330e-227
1.736e+03  1.000e+00  6.817e-228
1.737e+03  1.000e+00  1.994e-228
1.738e+03  1.000e+00  5.833e-229
1.739e+03  1.000e+00  1.706e-229
1.740e+03  1.000e+00  4.992e-230
1.741e+03  1.000e+00  1.460e-230
1.742e+03  1.000e+00  4.271e-231
1.743e+03  1.000e+00  1.250e-231
1.744e+03  1.000e+00  3.655e-232
1.745e+03  1.000e+00  1.069e-232
1.746e+03  1.000e+00  3.128e-233
1.747e+03  1.000e+00  9.149e-234
1.748e+03  1.000e+00  2.676e-234
1.749e+03  1.000e+00  7.829e-235
1.750e+03  1.000e+00  2.290e-235
1.751e+03  1.000e+00  6.699e-236
1.752e+03  1.000e+00  1.960e-236
1.753e+03  1.000e+00  5.733e-237
1.754e+03  1.000e+00  1.677e-237
1.755e+03  1.000e+00  4.905e-238
1.756e+03  1.000e+00  1.435e-238
1.757e+03  1.000e+00  4.197e-239
1.758e+03  1.000e+00  1.228e-239
1.759e+03  1.000e+00  3.592e-240
1.760e+03  1.000e+00  1.051e-240
1.761e+03  1.000e+00  3.073e-241
1.762e+03  1.000e+00  8.990e-242
1.763e+03  1.000e+00  2.630e-242
1.764e+03  1.000e+00  7.693e-243
1.765e+03  1.000e+00  2.250e-243
1.766e+03  1.000e+00  6.583e-244
1.767e+03  1.000e+00  1.926e-244
1.768e+03  1.000e+00  5.633e-245
1.769e+03  1.000e+00  1.648e-245
1.770e+03  1.000e+00  4.820e-246
1.771e+03  1.000e+00  1.410e-246
1.772e+03  1.000e+00  4.125e-247
1.773e+03  1.000e+00  1.207e-247
1.774e+03  1.000e+00  3.530e-248
1.775e+03  1.000e+00  1.032e-248
1.776e+03  1.000e+00  3.020e-249
1.777e+03  1.000e+00  8.835e-250
1.778e+03  1.000e+00  2.584e-250
1.779e+03  1.000e+00  7.560e-251
1.780e+03  1.000e+00  2.212e-251
1.781e+03  1.000e+00  6.469e-252
1.782e+03  1.000e+00  1.892e-252
1.783e+03  1.000e+00  5.536e-253
1.784e+03  1.000e+00  1.619e-253
1.785e+03  1.000e+00  4.737e-254
1.786e+03  1.000e+00  1.386e-254
1.787e+03  1.000e+00  4.054e-255
1.788e+03  1.000e+00  1.186e-255
1.789e+03  1.000e+00  3.469e-256
1.790e+03  1.000e+00  1.015e-256
1.791e+03  1.000e+00  2.968e-257
1.792e+03  1.000e+00  8.683e-258
1.793e+03  1.000e+00  2.540e-258
1.794e+03  1.000e+00  7.431e-259
1.795e+03  1.000e+00  2.174e-259
1.796e+03  1.000e+00  6.359e-260
1.797e+03  1.000e+00  1.860e-260
1.798e+03  1.000e+00  5.441e-261
1.799e+03  1.000e+00  1.592e-261
1.800e+03  1.000e+00  4.656e-262
1.801e+03  1.000e+00  1.362e-262
1.802e+03  1.000e+00  3.984e-263
1.803e+03  1.000e+00  1.166e-263
1.804e+03  1.000e+00  3.410e-264
1.805e+03  1.000e+00  9.974e-265
1.806e+03  1.000e+00  2.918e-265
1.807e+03  1.000e+00  8.535e-266
1.808e+03  1.000e+00  2.497e-266
1.809e+03  1.000e+00  7.304e-267
1.810e+03  1.000e+00  2.137e-267
1.811e+03  1.000e+00  6.250e-268
1.812e+03  1.000e+00  1.828e-268
1.813e+03  1.000e+00  5.349e-269
1.814e+03  1.000e+00  1.565e-269
1.815e+03  1.000e+00  4.577e-270
1.816e+03  1.000e+00  1.339e-270
1.817e+03  1.000e+00  3.917e-271
1.818e+03  1.000e+00  1.146e-271
1.819e+03  1.000e+00  3.352e-272
1.820e+03  1.000e+00  9.806e-273
1.821e+03  1.000e+00  2.868e-273
1.822e+03  1.000e+00  8.391e-274
1.823e+03  1.000e+00  2.455e-274
1.824e+03  1.000e+00  7.181e-275
1.825e+03  1.000e+00  2.101e-275
1.826e+03  1.000e+00  6.145e-276
1.827e+03  1.000e+00  1.798e-276
1.828e+03  1.000e+00  5.259e-277
1.829e+03  1.000e+00  1.538e-277
1.830e+03  1.000e+00  4.500e-278
1.831e+03  1.000e+00  1.316e-278
1.832e+03  1.000e+00  3.851e-279
1.833e+03  1.000e+00  1.127e-279
1.834e+03  1.000e+00  3.296e-280
1.835e+03  1.000e+00  9.641e-281
1.836e+03  1.000e+00  2.820e-281
1.837e+03  1.000e+00  8.251e-282
1.838e+03  1.000e+00  2.414e-282
1.839e+03  1.000e+00  7.061e-283
1.840e+03  1.000e+00  2.065e-283
1.841e+03  1.000e+00  6.042e-284
1.842e+03  1.000e+00  1.768e-284
1.843e+03  1.000e+00  5.171e-285
1.844e+03  1.000e+00  1.513e-285
1.845e+03  1.000e+00  4.425e-286
1.846e+03  1.000e+00  1.295e-286
1.847e+03  1.000e+00  3.787e-287
1.848e+03  1.000e+00  1.108e-287
1.849e+03  1.000e+00  3.241e-288
1.850e+03  1.000e+00  9.481e-289
1.851e+03  1.000e+00  2.773e-289
1.852e+03  1.000e+00  8.113e-290
1.853e+03  1.000e+00  2.374e-290
1.854e+03  1.000e+00  6.943e-291
1.855e+03  1.000e+00  2.031e-291
1.856e+03  1.000e+00  5.942e-292
1.857e+03  1.000e+00  1.738e-292
1.858e+03  1.000e+00  5.085e-293
1.859e+03  1.000e+00  1.488e-293
1.860e+03  1.000e+00  4.352e-294
1.861e+03  1.000e+00  1.273e-294
1.862e+03  1.000e+00  3.724e-295
1.863e+03  1.000e+00  1.090e-295
1.864e+03  1.000e+00  3.187e-296
1.865e+03  1.000e+00  9.324e-297
1.866e+03  1.000e+00  2.728e-297
1.867e+03  1.000e+00  7.980e-298
1.868e+03  1.000e+00  2.334e-298
1.869e+03  1.000e+00  6.829e-299
1.870e+03  1.000e+00  1.998e-299
1.871e+03  1.000e+00  5.845e-300
1.872e+03  1.000e+00  1.710e-300
1.873e+03  1.000e+00  5.002e-301
1.874e+03  1.000e+00  1.463e-301
1.875e+03  1.000e+00  4.281e-302
1.876e+03  1.000e+00  1.252e-302
1.877e+03  1.000e+00  3.664e-303
1.878e+03  1.000e+00  1.072e-303
1.879e+03  1.000e+00  3.135e-304
1.880e+03  1.000e+00  9.172e-305
1.881e+03  1.000e+00  2.683e-305
1.882e+03  1.000e+00  7.850e-306
1.883e+03  1.000e+00  2.296e-306
1.884e+03  1.000e+00  6.718e-307
1.885e+03  1.000e+00  1.965e-307
1.886e+03  1.000e+00  5.750e-308
1.887e+03  1.000e+00  1.682e-308
1.888e+03  1.000e+00  4.921e-309
1.889e+03  1.000e+00  1.440e-309
1.890e+03  1.000e+00  4.211e-310
1.891e+03  1.000e+00  1.232e-310
1.892e+03  1.000e+00  3.604e-311
1.893e+03  1.000e+00  1.054e-311
1.894e+03  1.000e+00  3.085e-312
1.895e+03  1.000e+00  9.024e-313
1.896e+03  1.000e+00  2.640e-313
1.897e+03  1.000e+00  7.723e-314
1.898e+03  1.000e+00  2.259e-314
1.899e+03  1.000e+00  6.610e-315
1.900e+03  1.000e+00  1.934e-315
1.901e+03  1.000e+00  5.657e-316
1.902e+03  1.000e+00  1.655e-316
1.903e+03  1.000e+00  4.842e-317
1.904e+03  1.000e+00  1.416e-317
1.905e+03  1.000e+00  4.144e-318
1.906e+03  1.000e+00  1.212e-318
1.907e+03  1.000e+00  3.547e-319
1.908e+03  1.000e+00  1.038e-319
1.909e+03  1.000e+00  3.036e-320
1.910e+03  1.000e+00  8.888e-321
1.911e+03  1.000e+00  2.609e-321
1.912e+03  1.000e+00  7.658e-322
1.913e+03  1.000e+00  2.223e-322
1.914e+03  1.000e+00  5.929e-323
1.915e+03  1.000e+00  1.482e-323
1.916e+03  1.000e+00  0.000e+00
1.917e+03  1.000e+00  0.000e+00
1.918e+03  1.000e+00  0.000e+00
1.919e+03  1.000e+00  0.000e+00
1.920e+03  1.000e+00  0.000e+00
1.921e+03  1.000e+00  0.000e+00
1.922e+03  1.000e+00  0.000e+00
1.923e+03  1.000e+00  0.000e+00
1.924e+03  1.000e+00  0.000e+00
1.925e+03  1.000e+00  0.000e+00
1.926e+03  1.000e+00  0.000e+00
1.927e+03  1.000e+00  0.000e+00
1.928e+03  1.000e+00  0.000e+00
1.929e+03  1.000e+00  0.000e+00
1.930e+03  1.000e+00  0.000e+00
1.931e+03  1.000e+00  0.000e+00
1.932e+03  1.000e+00  0.000e+00
1.933e+03  1.000e+00  0.000e+00
1.934e+03  1.000e+00  0.000e+00
1.935e+03  1.000e+00  0.000e+00
1.936e+03  1.000e+00  0.000e+00
1.937e+03  1.000e+00  0.000e+00
1.938e+03  1.000e+00  0.000e+00
1.939e+03  1.000e+00  0.000e+00
1.940e+03  1.000e+00  0.000e+00
1.941e+03  1.000e+00  0.000e+00
1.942e+03  1.000e+00  0.000e+00
1.943e+03  1.000e+00  0.000e+00
1.944e+03  1.000e+00  0.000e+00
1.945e+03  1.000e+00  0.000e+00
1.946e+03  1.000e+00  0.000e+00
1.947e+03  1.000e+00  0.000e+00
1.948e+03  1.000e+00  0.000e+00
1.949e+03  1.000e+00  0.000e+00
1.950e+03  1.000e+00  0.000e+00
1.951e+03  1.000e+00  0.000e+00
1.952e+03  1.000e+00  0.000e+00
1.953e+03  1.000e+00  0.000e+00
1.954e+03  1.000e+00  0.000e+00
1.955e+03  1.000e+00  0.000e+00
1.956e+03  1.000e+00  0.000e+00
1.957e+03  1.000e+00  0.000e+00
1.958e+03  1.000e+00  0.000e+00
1.959e+03  1.000e+00  0.000e+00
1.960e+03  1.000e+00  0.000e+00
1.961e+03  1.000e+00  0.000e+00
1.962e+03  1.000e+00  0.000e+00
1.963e+03  1.000e+00  0.000e+00
1.964e+03  1.000e+00  0.000e+00
1.965e+03  1.000e+00  0.000e+00
1.966e+03  1.000e+00  0.000e+00
1.967e+03  1.000e+00  0.000e+00
1.968e+03  1.000e+00  0.000e+00
1.969e+03  1.000e+00  0.000e+00
1.970e+03  1.000e+00  0.000e+00
1.971e+03  1.000e+00  0.000e+00
1.972e+03  1.000e+00  0.000e+00
1.973e+03  1.000e+00  0.000e+00
1.974e+03  1.000e+00  0.000e+00
1.975e+03  1.000e+00  0.000e+00
1.976e+03  1.000e+00  0.000e+00
1.977e+03  1.000e+00  0.000e+00
1.978e+03  1.000e+00  0.000e+00
1.979e+03  1.000e+00  0.000e+00
1.980e+03  1.000e+00  0.000e+00
1.981e+03  1.000e+00  0.000e+00
1.982e+03  1.000e+00  0.000e+00
1.983e+03  1.000e+00  0.000e+00
1.984e+03  1.000e+00  0.000e+00
1.985e+03  1.000e+00  0.000e+00
1.986e+03  1.000e+00  0.000e+00
1.987e+03  1.000e+00  0.000e+00
1.988e+03  1.000e+00  0.000e+00
1.989e+03  1.000e+00  0.000e+00
1.990e+03  1.000e+00  0.000e+00
1.991e+03  1.000e+00  0.000e+00
1.992e+03  1.000e+00  0.000e+00
1.993e+03  1.000e+00  0.000e+00
1.994e+03  1.000e+00  0.000e+00
1.995e+03  1.000e+00  0.000e+00
1.996e+03  1.000e+00  0.000e+00
1.997e+03  1.000e+00  0.000e+00
1.998e+03  1.000e+00  0.000e+00
1.999e+03  1.000e+00  0.000e+00
2.000e+03  1.000e+00  0.000e+00
