1.808452113028257147e+00
1.778444611152788513e+00
1.748437109277319434e+00
1.719429857464366274e+00
1.688422105526381500e+00
1.657414353588397171e+00
1.625406351587896925e+00
1.593398349587397123e+00
1.560390097524381181e+00
1.525381345336334071e+00
1.490372593148286962e+00
1.454363590897724379e+00
1.418354588647161796e+00
1.381345336334083518e+00
1.341335333833458376e+00
1.302325581395348930e+00
1.260315078769692176e+00
1.218304576144036089e+00
1.173293323330832694e+00
1.127281820455113825e+00
1.079269817454363567e+00
1.028257064266066445e+00
9.752438109527381549e-01
9.182295573893473062e-01
8.582145536384095941e-01
7.941985496374093234e-01
7.241810452613153259e-01
6.481620405101274907e-01
5.721430357589397664e-01
5.021255313828456579e-01
4.401100275068767220e-01
3.850962740685171526e-01
3.340835208802199752e-01
2.880720180045011070e-01
2.440610152538134903e-01
2.040510127531883211e-01
1.650412603150787638e-01
1.280320080020005136e-01
9.202300575143786132e-02
5.901475368842210717e-02
2.600650162540635302e-02
-6.001500375093773640e-03
-3.700925231307827107e-02
-6.701675418854713406e-02
-9.702425606401600400e-02
-1.260315078769692343e-01
-1.540385096274068388e-01
-1.820455113778444434e-01
-2.100525131282821034e-01
-2.380595148787197080e-01
