1.808452113028257147e+00
1.783445861465366322e+00
1.757439359839960025e+00
1.730432608152038254e+00
1.703425856464116039e+00
1.676419104776194047e+00
1.648412103025756359e+00
1.619404851212803420e+00
1.590397599399850037e+00
1.561390347586896654e+00
1.530382595648912547e+00
1.500375093773443469e+00
1.468367091772943223e+00
1.436359089772443198e+00
1.402350587646911784e+00
1.369342335583895842e+00
1.334333583395848732e+00
1.298324581145286372e+00
1.262315578894723789e+00
1.223305826456614120e+00
1.184296074018504674e+00
1.143285821455363838e+00
1.101275318829707528e+00
1.058264566141535301e+00
1.012253063265816433e+00
9.642410602650663964e-01
9.132283070767691635e-01
8.602150537634408733e-01
8.032008002000501357e-01
7.441860465116278966e-01
6.851712928232057687e-01
6.281570392598149200e-01
5.771442860715179091e-01
5.301325331332833457e-01
4.861215303825956457e-01
4.451112778194549202e-01
4.061015253813453629e-01
3.700925231307826690e-01
3.350837709427356703e-01
3.020755188797199509e-01
2.700675168792198155e-01
2.390597649412353198e-01
2.100525131282821034e-01
1.810452613153288315e-01
1.530382595648912269e-01
1.260315078769692343e-01
9.902475618904726939e-02
7.301825456364091638e-02
4.801200300075018912e-02
2.300575143785946533e-02
