1.805451362840710283e+00
1.772443110777694342e+00
1.739434858714678622e+00
1.705426356589147208e+00
1.669417354338584847e+00
1.633408352088022042e+00
1.596399099774943764e+00
1.558389597399350013e+00
1.520380095023756040e+00
1.480370092523130676e+00
1.439359839959990062e+00
1.397349337334333308e+00
1.353338334583645830e+00
1.308327081770442435e+00
1.261315328832208094e+00
1.212303075768942140e+00
1.161290322580645240e+00
1.108277069267316728e+00
1.052263065766441574e+00
9.922480620155038622e-01
9.292323080770192867e-01
8.622155538884721526e-01
7.881970492623155966e-01
7.071767941985496186e-01
6.141535383845961871e-01
5.071267816954238006e-01
3.880970242560640160e-01
2.880720180045011070e-01
2.080520130032508241e-01
1.400350087521880504e-01
8.002000500125031057e-02
2.600650162540635302e-02
-2.500625156289072379e-02
-7.101775443860965098e-02
-1.150287571892973232e-01
-1.560390097524381181e-01
-1.970492623155788992e-01
-2.360590147536884287e-01
-2.730682670667666789e-01
-3.100775193798449569e-01
-3.460865216304075398e-01
-3.810952738184545940e-01
-4.161040260065016483e-01
-4.501125281320330074e-01
-4.851212803200800061e-01
-5.191297824456113652e-01
-5.541385346336583639e-01
-5.871467866966741944e-01
-6.221555388847211931e-01
-6.571642910727681919e-01
