1.809452363090772620e+00
1.784446111527882017e+00
1.759439859964991193e+00
1.733433358339584895e+00
1.707426856714178598e+00
1.680420105026256827e+00
1.653413353338334613e+00
1.626406601650412620e+00
1.598399599899974932e+00
1.569392348087021993e+00
1.541385346336584083e+00
1.511377844461115227e+00
1.480370092523130676e+00
1.449362340585146347e+00
1.418354588647161796e+00
1.385346336584146076e+00
1.351337834458614662e+00
1.318329582395598942e+00
1.283320830207551833e+00
1.247311827956989250e+00
1.209302325581395277e+00
1.171292823205801525e+00
1.131282820705176384e+00
1.090272568142035547e+00
1.046261565391347848e+00
1.002250562640660148e+00
9.542385596399100001e-01
9.062265566391597416e-01
8.532133033258315624e-01
7.991997999499874661e-01
7.421855463865965064e-01
6.871717929482370479e-01
6.351587896974243419e-01
5.881470367591897785e-01
5.431357839459864945e-01
5.031257814453613531e-01
4.641160290072518513e-01
4.271067766941735733e-01
3.930982745686421587e-01
3.600900225056263837e-01
3.270817704426106087e-01
2.970742685671418082e-01
2.680670167541885363e-01
2.390597649412353198e-01
2.120530132533133272e-01
1.850462615653913345e-01
1.590397599399850093e-01
1.330332583145786562e-01
1.080270067516879151e-01
8.402100525131282749e-02
