1.809452363090772620e+00
1.785446361590397490e+00
1.761440360090022583e+00
1.736434108527131759e+00
1.711427856964241156e+00
1.685421355338834637e+00
1.659414853713428339e+00
1.633408352088022042e+00
1.606401600400100271e+00
1.578394598649662361e+00
1.550387596899224896e+00
1.522380595148787208e+00
1.492373093273318352e+00
1.462365591397849496e+00
1.432358089522380418e+00
1.401350337584396089e+00
1.369342335583895842e+00
1.337334333583395818e+00
1.304326081520380098e+00
1.269317329332332989e+00
1.233308327081770406e+00
1.197299324831207823e+00
1.159289822455613850e+00
1.121280320080020099e+00
1.080270067516879262e+00
1.039259814953738426e+00
9.942485621405351415e-01
9.482370592648161622e-01
9.012253063265815989e-01
8.502125531382845880e-01
7.981995498874718820e-01
7.441860465116278966e-01
6.941735433858464699e-01
6.461615403850963224e-01
6.021505376344086224e-01
5.601400350087522018e-01
5.211302825706426445e-01
4.841210302575643665e-01
4.501125281320330074e-01
4.171042760690172324e-01
3.860965241310327367e-01
3.550887721930482410e-01
3.260815203800950246e-01
2.970742685671418082e-01
2.690672668167041759e-01
2.430607651912978229e-01
2.170542635658914699e-01
1.920480120030007565e-01
1.670417604401099876e-01
1.430357589397349416e-01
