1.747183979974968659e+00
1.737171464330413029e+00
1.732165206508135213e+00
1.722152690863579583e+00
1.712140175219023730e+00
1.702127659574468099e+00
1.694618272841051265e+00
1.684605757196495635e+00
1.677096370463078800e+00
1.667083854818523170e+00
1.657071339173967539e+00
1.647058823529411686e+00
1.637046307884856056e+00
1.629536921151439222e+00
1.617021276595744572e+00
1.609511889862327960e+00
1.599499374217772107e+00
1.589486858573216477e+00
1.579474342928660846e+00
1.566958698372966197e+00
1.556946182728410566e+00
1.546933667083854713e+00
1.536921151439299082e+00
1.526908635794743452e+00
1.516896120150187821e+00
1.504380475594493172e+00
1.494367959949937319e+00
1.481852315394242892e+00
1.471839799749687039e+00
1.459324155193992389e+00
1.449311639549436759e+00
1.439299123904881128e+00
1.426783479349186479e+00
1.416770963704630848e+00
1.404255319148936199e+00
1.394242803504380568e+00
1.381727158948685918e+00
1.369211514392991269e+00
1.356695869837296620e+00
1.344180225281601970e+00
1.331664580725907321e+00
1.319148936170212671e+00
1.306633291614518244e+00
1.294117647058823595e+00
1.279098873591989927e+00
1.269086357947434296e+00
1.254067584480600850e+00
1.241551939924906200e+00
1.226533166458072532e+00
1.214017521902377883e+00
