1.747183979974968659e+00
1.737171464330413029e+00
1.727158948685857398e+00
1.719649561952440564e+00
1.709637046307884933e+00
1.697121401752190284e+00
1.689612015018773450e+00
1.679599499374217819e+00
1.667083854818523170e+00
1.657071339173967539e+00
1.649561952440550705e+00
1.637046307884856056e+00
1.627033792240300425e+00
1.617021276595744572e+00
1.607008760951188941e+00
1.596996245306633311e+00
1.584480600750938661e+00
1.574468085106383031e+00
1.564455569461827178e+00
1.551939924906132751e+00
1.539424280350438101e+00
1.529411764705882248e+00
1.516896120150187821e+00
1.506883604505631968e+00
1.494367959949937319e+00
1.484355444305381688e+00
1.471839799749687039e+00
1.459324155193992389e+00
1.446808510638297962e+00
1.434292866082603313e+00
1.424280350438047460e+00
1.411764705882353033e+00
1.399249061326658383e+00
1.386733416770963734e+00
1.371714643304130066e+00
1.359198998748435638e+00
1.346683354192740989e+00
1.334167709637046340e+00
1.319148936170212671e+00
1.306633291614518244e+00
1.291614518147684576e+00
1.279098873591989927e+00
1.264080100125156481e+00
1.246558197747184016e+00
1.234042553191489366e+00
1.219023779724655920e+00
1.204005006257822252e+00
1.188986232790988806e+00
1.171464330413016341e+00
1.158948685857321692e+00
