1.752190237797246475e+00
1.744680851063829863e+00
1.737171464330413029e+00
1.732165206508135213e+00
1.727158948685857398e+00
1.719649561952440564e+00
1.714643304130162749e+00
1.707133917396745915e+00
1.699624530663329081e+00
1.694618272841051265e+00
1.689612015018773450e+00
1.682102628285356616e+00
1.674593241551940004e+00
1.669586983729662188e+00
1.662077596996245354e+00
1.654568210262828520e+00
1.649561952440550705e+00
1.644555694618272890e+00
1.634543178973717037e+00
1.629536921151439222e+00
1.624530663329161406e+00
1.614518147684605776e+00
1.607008760951188941e+00
1.602002503128911126e+00
1.594493116395494292e+00
1.586983729662077680e+00
1.579474342928660846e+00
1.571964956195244012e+00
1.566958698372966197e+00
1.559449311639549363e+00
1.551939924906132751e+00
1.546933667083854713e+00
1.536921151439299082e+00
1.531914893617021267e+00
1.521902377972465636e+00
1.516896120150187821e+00
1.509386733416770987e+00
1.501877346683354153e+00
1.491864831038798522e+00
1.486858573216520707e+00
1.476846057571964854e+00
1.471839799749687039e+00
1.464330413016270427e+00
1.456821026282853593e+00
1.446808510638297962e+00
1.441802252816019925e+00
1.431789737171464294e+00
1.424280350438047460e+00
1.416770963704630848e+00
1.409261576971214014e+00
