1.749687108886107678e+00
1.742177722152690844e+00
1.732165206508135213e+00
1.727158948685857398e+00
1.719649561952440564e+00
1.712140175219023730e+00
1.702127659574468099e+00
1.697121401752190284e+00
1.687108886107634653e+00
1.682102628285356616e+00
1.672090112640800985e+00
1.664580725907384151e+00
1.657071339173967539e+00
1.649561952440550705e+00
1.642052565707133871e+00
1.632040050062578240e+00
1.624530663329161406e+00
1.614518147684605776e+00
1.607008760951188941e+00
1.599499374217772107e+00
1.589486858573216477e+00
1.581977471839799643e+00
1.571964956195244012e+00
1.564455569461827178e+00
1.556946182728410566e+00
1.546933667083854713e+00
1.539424280350438101e+00
1.529411764705882248e+00
1.519399249061326618e+00
1.511889862327909784e+00
1.501877346683354153e+00
1.494367959949937319e+00
1.484355444305381688e+00
1.474342928660826058e+00
1.466833541927409224e+00
1.456821026282853593e+00
1.446808510638297962e+00
1.436795994993742109e+00
1.426783479349186479e+00
1.416770963704630848e+00
1.406758448060074995e+00
1.396745932415519365e+00
1.386733416770963734e+00
1.376720901126408103e+00
1.366708385481852250e+00
1.356695869837296620e+00
1.349186483103879786e+00
1.336670838548185136e+00
1.326658322903629506e+00
1.314142678347934856e+00
