1.722152690863579583e+00
1.689612015018773450e+00
1.657071339173967539e+00
1.619524405506883591e+00
1.584480600750938661e+00
1.546933667083854713e+00
1.506883604505631968e+00
1.466833541927409224e+00
1.424280350438047460e+00
1.381727158948685918e+00
1.336670838548185136e+00
1.289111389236545779e+00
1.239048811013767182e+00
1.188986232790988806e+00
1.133917396745932393e+00
1.078848560700876202e+00
1.016270337922402955e+00
9.511889862327910228e-01
8.811013767209011638e-01
8.035043804755944707e-01
7.158948685857321470e-01
6.132665832290362662e-01
4.931163954943679761e-01
3.270777479892761352e-01
-4.704663212435233000e+00
-4.743935309973045911e+00
-4.737704918032786594e+00
-4.743801652892561727e+00
-4.742382271468144062e+00
-4.744444444444444464e+00
-4.743016759776536695e+00
-4.745098039215686292e+00
-4.747191011235955216e+00
-4.738028169014084412e+00
-4.743661971830985813e+00
-4.745762711864406569e+00
-4.740112994350282882e+00
-4.742209631728044883e+00
-4.736543909348442050e+00
-4.747875354107648604e+00
-4.744318181818181657e+00
-4.744318181818181657e+00
-4.738636363636363313e+00
-4.740740740740740478e+00
-4.746438746438746747e+00
-4.746438746438746747e+00
-4.740740740740740478e+00
-4.746438746438746747e+00
-4.740740740740740478e+00
-4.742857142857142883e+00
