1.734668335419274010e+00
1.709637046307884933e+00
1.684605757196495635e+00
1.657071339173967539e+00
1.632040050062578240e+00
1.607008760951188941e+00
1.579474342928660846e+00
1.551939924906132751e+00
1.524405506883604433e+00
1.494367959949937319e+00
1.466833541927409224e+00
1.436795994993742109e+00
1.404255319148936199e+00
1.371714643304130066e+00
1.339173967459324155e+00
1.304130162703379225e+00
1.269086357947434296e+00
1.234042553191489366e+00
1.196495619524405418e+00
1.158948685857321692e+00
1.116395494367959929e+00
1.076345431789737184e+00
1.031289111389236623e+00
9.837296620775970446e-01
9.361702127659574657e-01
8.836045056320400715e-01
8.285356695869837695e-01
7.684605757196495412e-01
7.033792240300374976e-01
6.357947434292866573e-01
5.732165206508135213e-01
5.106382978723403854e-01
4.580725907384230466e-01
4.055068836045056524e-01
3.604505632040049812e-01
3.153942428035043655e-01
2.728410513141426574e-01
2.327909887359199126e-01
1.952440550688360477e-01
1.576971214017521827e-01
1.226533166458072532e-01
8.760951188986232374e-02
5.506883604505632274e-02
2.252816020025031132e-02
-7.509386733416770730e-03
-3.754693366708385799e-02
-7.008760951188985899e-02
-1.001251564455569454e-01
-1.276595744680850963e-01
-1.551939924906132751e-01
