1.754693366708385494e+00
1.749687108886107678e+00
1.744680851063829863e+00
1.739674593241552047e+00
1.737171464330413029e+00
1.732165206508135213e+00
1.729662077596996195e+00
1.724655819774718379e+00
1.719649561952440564e+00
1.717146433041301545e+00
1.712140175219023730e+00
1.707133917396745915e+00
1.702127659574468099e+00
1.699624530663329081e+00
1.694618272841051265e+00
1.689612015018773450e+00
1.684605757196495635e+00
1.682102628285356616e+00
1.677096370463078800e+00
1.674593241551940004e+00
1.669586983729662188e+00
1.664580725907384151e+00
1.662077596996245354e+00
1.657071339173967539e+00
1.652065081351689502e+00
1.647058823529411686e+00
1.644555694618272890e+00
1.639549436795995074e+00
1.634543178973717037e+00
1.629536921151439222e+00
1.624530663329161406e+00
1.619524405506883591e+00
1.617021276595744572e+00
1.612015018773466757e+00
1.607008760951188941e+00
1.602002503128911126e+00
1.599499374217772107e+00
1.591989987484355495e+00
1.586983729662077680e+00
1.584480600750938661e+00
1.579474342928660846e+00
1.574468085106383031e+00
1.569461827284105215e+00
1.564455569461827178e+00
1.559449311639549363e+00
1.556946182728410566e+00
1.549436795994993732e+00
1.546933667083854713e+00
1.539424280350438101e+00
1.536921151439299082e+00
