1.500000000000000000e+00
1.500000000000000000e+00
1.500000000000000000e+00
1.500000000000000000e+00
0.000000000000000000e+00
0.000000000000000000e+00
1.200000000000000178e+00
1.200000000000000178e+00
1.200000000000000178e+00
1.200000000000000178e+00
1.000000000000000000e+00
1.000000000000000000e+00
1.000000000000000000e+00
1.000000000000000000e+00
1.000000000000000000e+00
8.571428571428570953e-01
8.571428571428570953e-01
8.571428571428570953e-01
1.714285714285714191e+00
8.571428571428570953e-01
7.500000000000000000e-01
7.500000000000000000e-01
7.500000000000000000e-01
1.500000000000000000e+00
1.500000000000000000e+00
1.333333333333333259e+00
1.333333333333333259e+00
6.666666666666666297e-01
1.333333333333333259e+00
1.333333333333333259e+00
1.200000000000000178e+00
1.200000000000000178e+00
1.200000000000000178e+00
1.200000000000000178e+00
1.200000000000000178e+00
1.090909090909091050e+00
1.090909090909091050e+00
1.636363636363636243e+00
1.636363636363636243e+00
1.090909090909091050e+00
1.000000000000000000e+00
1.000000000000000000e+00
1.500000000000000000e+00
1.500000000000000000e+00
1.500000000000000000e+00
1.384615384615384803e+00
9.230769230769231282e-01
1.384615384615384803e+00
1.384615384615384803e+00
1.384615384615384803e+00
1.285714285714285809e+00
1.285714285714285809e+00
1.285714285714285809e+00
1.285714285714285809e+00
1.285714285714285809e+00
1.200000000000000178e+00
1.600000000000000089e+00
1.200000000000000178e+00
1.200000000000000178e+00
1.200000000000000178e+00
1.500000000000000000e+00
1.500000000000000000e+00
1.500000000000000000e+00
1.125000000000000000e+00
1.125000000000000000e+00
1.411764705882353033e+00
1.411764705882353033e+00
1.411764705882353033e+00
1.058823529411764941e+00
1.411764705882353033e+00
1.333333333333333259e+00
1.333333333333333259e+00
1.333333333333333259e+00
1.666666666666666741e+00
1.333333333333333259e+00
1.263157894736842035e+00
1.263157894736842035e+00
1.263157894736842035e+00
1.578947368421052655e+00
1.263157894736842035e+00
1.200000000000000178e+00
1.200000000000000178e+00
1.500000000000000000e+00
1.500000000000000000e+00
1.500000000000000000e+00
1.428571428571428603e+00
1.142857142857142794e+00
1.428571428571428603e+00
1.428571428571428603e+00
1.428571428571428603e+00
1.363636363636363757e+00
1.363636363636363757e+00
1.363636363636363757e+00
1.363636363636363757e+00
1.363636363636363757e+00
1.565217391304347894e+00
1.304347826086956541e+00
1.304347826086956541e+00
1.304347826086956541e+00
1.565217391304347894e+00
1.500000000000000000e+00
1.500000000000000000e+00
1.250000000000000222e+00
1.250000000000000222e+00
1.500000000000000000e+00
1.439999999999999947e+00
1.439999999999999947e+00
1.200000000000000178e+00
1.439999999999999947e+00
1.439999999999999947e+00
1.384615384615384803e+00
1.384615384615384803e+00
1.615384615384615419e+00
1.384615384615384803e+00
1.384615384615384803e+00
1.333333333333333259e+00
1.555555555555555580e+00
1.555555555555555580e+00
1.333333333333333259e+00
1.333333333333333259e+00
1.285714285714285809e+00
1.500000000000000000e+00
1.500000000000000000e+00
1.285714285714285809e+00
1.285714285714285809e+00
1.448275862068965747e+00
1.448275862068965747e+00
1.448275862068965747e+00
1.241379310344827624e+00
1.448275862068965747e+00
1.400000000000000133e+00
1.400000000000000133e+00
1.400000000000000133e+00
1.600000000000000089e+00
1.400000000000000133e+00
1.354838709677419484e+00
1.354838709677419484e+00
1.548387096774193505e+00
1.548387096774193505e+00
1.354838709677419484e+00
1.312500000000000000e+00
1.312500000000000000e+00
1.500000000000000000e+00
1.500000000000000000e+00
1.312500000000000000e+00
1.272727272727272929e+00
1.454545454545454586e+00
1.454545454545454586e+00
1.454545454545454586e+00
1.272727272727272929e+00
1.411764705882353033e+00
1.411764705882353033e+00
1.411764705882353033e+00
1.411764705882353033e+00
1.588235294117647189e+00
1.542857142857142705e+00
1.371428571428571441e+00
1.371428571428571441e+00
1.542857142857142705e+00
1.542857142857142705e+00
1.500000000000000000e+00
1.333333333333333259e+00
1.500000000000000000e+00
1.500000000000000000e+00
1.500000000000000000e+00
1.459459459459459651e+00
1.297297297297297369e+00
1.459459459459459651e+00
1.459459459459459651e+00
1.459459459459459651e+00
1.421052631578947345e+00
1.421052631578947345e+00
1.421052631578947345e+00
1.421052631578947345e+00
1.421052631578947345e+00
1.538461538461538325e+00
1.384615384615384803e+00
1.384615384615384803e+00
1.384615384615384803e+00
1.538461538461538325e+00
1.500000000000000000e+00
1.500000000000000000e+00
1.350000000000000089e+00
1.500000000000000000e+00
1.500000000000000000e+00
1.463414634146341431e+00
1.463414634146341431e+00
1.463414634146341431e+00
1.463414634146341431e+00
1.463414634146341431e+00
1.428571428571428603e+00
1.571428571428571619e+00
1.428571428571428603e+00
1.428571428571428603e+00
1.428571428571428603e+00
1.534883720930232620e+00
1.534883720930232620e+00
1.395348837209302362e+00
1.395348837209302362e+00
1.395348837209302362e+00
1.500000000000000000e+00
1.500000000000000000e+00
1.363636363636363757e+00
1.363636363636363757e+00
1.500000000000000000e+00
1.466666666666666785e+00
1.466666666666666785e+00
1.333333333333333259e+00
1.466666666666666785e+00
1.466666666666666785e+00
1.434782608695652328e+00
1.434782608695652328e+00
1.565217391304347894e+00
1.434782608695652328e+00
1.434782608695652328e+00
1.404255319148936199e+00
1.531914893617021267e+00
1.531914893617021267e+00
1.404255319148936199e+00
1.404255319148936199e+00
1.500000000000000000e+00
1.500000000000000000e+00
1.500000000000000000e+00
1.375000000000000000e+00
1.500000000000000000e+00
1.469387755102040893e+00
1.469387755102040893e+00
1.469387755102040893e+00
1.469387755102040893e+00
1.469387755102040893e+00
1.439999999999999947e+00
1.439999999999999947e+00
1.560000000000000053e+00
1.439999999999999947e+00
1.439999999999999947e+00
1.411764705882353033e+00
1.529411764705882248e+00
1.529411764705882248e+00
1.411764705882353033e+00
1.411764705882353033e+00
1.384615384615384803e+00
1.500000000000000000e+00
1.500000000000000000e+00
1.384615384615384803e+00
1.384615384615384803e+00
1.471698113207547287e+00
1.471698113207547287e+00
1.471698113207547287e+00
1.358490566037735992e+00
1.471698113207547287e+00
1.444444444444444420e+00
1.444444444444444420e+00
1.444444444444444420e+00
1.555555555555555580e+00
1.444444444444444420e+00
1.418181818181818210e+00
1.418181818181818210e+00
1.527272727272727115e+00
1.527272727272727115e+00
1.418181818181818210e+00
1.392857142857143016e+00
1.500000000000000000e+00
1.500000000000000000e+00
1.500000000000000000e+00
1.392857142857143016e+00
1.473684210526315708e+00
1.473684210526315708e+00
1.473684210526315708e+00
1.473684210526315708e+00
1.473684210526315708e+00
1.448275862068965747e+00
1.448275862068965747e+00
1.448275862068965747e+00
1.551724137931034697e+00
1.448275862068965747e+00
1.423728813559322237e+00
1.423728813559322237e+00
1.525423728813559254e+00
1.525423728813559254e+00
1.423728813559322237e+00
