1.716430358632193620e+00
1.681401167639699601e+00
1.651376146788990917e+00
1.616346955796497342e+00
1.576313594662218653e+00
1.541284403669724856e+00
1.501251042535446167e+00
1.461217681401167701e+00
1.421184320266889234e+00
1.381150959132610545e+00
1.336113427856547187e+00
1.291075896580483828e+00
1.241034195162635578e+00
1.190992493744787328e+00
1.140950792326939300e+00
1.085904920767306159e+00
1.030859049207673239e+00
9.708090075062552060e-01
9.207673060884070670e-01
8.607172643869891449e-01
8.056713928273561143e-01
7.556296914095079753e-01
7.005838198498749447e-01
6.455379482902419142e-01
5.904920767306088836e-01
5.404503753127606336e-01
4.854045037531276030e-01
4.353628023352794085e-01
3.853211009174312141e-01
3.352793994995830196e-01
2.752293577981651529e-01
2.251876563803169307e-01
1.701417848206839278e-01
1.100917431192660612e-01
5.504587155963303058e-02
-5.004170141784820489e-03
-6.505421184320267503e-02
-1.301084236864053501e-01
-2.001668056713928334e-01
-2.752293577981651529e-01
-3.502919099249374724e-01
-4.353628023352794085e-01
-5.254378648874062918e-01
-6.355296080066722419e-01
-7.556296914095079753e-01
-9.057547956630525032e-01
-1.095913261050875942e+00
-1.361134278565471423e+00
-1.781484570475396323e+00
-2.671823204419889741e+00
