1.716430358632193620e+00
1.681401167639699601e+00
1.651376146788990917e+00
1.611342785654712229e+00
1.576313594662218653e+00
1.541284403669724856e+00
1.501251042535446167e+00
1.466221851542952592e+00
1.421184320266889234e+00
1.376146788990825875e+00
1.336113427856547187e+00
1.291075896580483828e+00
1.241034195162635578e+00
1.190992493744787328e+00
1.140950792326939300e+00
1.085904920767306159e+00
1.030859049207673239e+00
9.658048373644704254e-01
9.007506255212677226e-01
8.306922435362803503e-01
7.506255212677230837e-01
6.705587989991660391e-01
5.904920767306088836e-01
5.054211843202669474e-01
4.203502919099249002e-01
3.252710592160133474e-01
2.151793160967472862e-01
1.000834028356964167e-01
-4.503753127606338613e-02
-2.452043369474562196e-01
-1.776480400333611431e+00
-1.776480400333611431e+00
-1.776480400333611431e+00
-1.771476230191826762e+00
-1.776480400333611431e+00
-1.771476230191826762e+00
-1.771476230191826762e+00
-1.776480400333611431e+00
-1.771476230191826762e+00
-1.771476230191826762e+00
-1.776480400333611431e+00
-1.771476230191826762e+00
-1.771476230191826762e+00
-1.776480400333611431e+00
-1.776480400333611431e+00
-1.771476230191826762e+00
-1.776480400333611431e+00
-1.771476230191826762e+00
-1.776480400333611431e+00
-1.776480400333611431e+00
