1.716430358632193620e+00
1.681401167639699601e+00
1.651376146788990917e+00
1.611342785654712229e+00
1.576313594662218653e+00
1.541284403669724856e+00
1.506255212677231281e+00
1.461217681401167701e+00
1.421184320266889234e+00
1.376146788990825875e+00
1.331109257714762295e+00
1.291075896580483828e+00
1.241034195162635578e+00
1.190992493744787328e+00
1.140950792326939300e+00
1.085904920767306159e+00
1.030859049207673239e+00
9.658048373644704254e-01
9.057547956630525032e-01
8.457047539616346921e-01
7.856547122602167699e-01
7.256046705587990697e-01
6.655546288573811475e-01
6.055045871559633364e-01
5.454545454545455252e-01
4.854045037531276030e-01
4.253544620517097363e-01
3.603002502085070891e-01
3.002502085070892779e-01
2.351959966638866029e-01
1.651376146788990917e-01
9.507923269391159449e-02
2.001668056713928195e-02
-6.005004170141784586e-02
-1.451209341117598306e-01
-2.452043369474562196e-01
-3.603002502085070891e-01
-5.004170141784820558e-01
-7.055879899916597253e-01
-1.070892410341951706e+00
-2.085642317380352662e+00
-3.135531135531135938e+00
-3.155107187894072851e+00
-3.157088122605364422e+00
-3.154241645244216130e+00
-3.158709677419355266e+00
-3.159120310478654936e+00
-3.159533073929961411e+00
-3.155844155844155896e+00
-3.159947984395318876e+00
