1.716430358632193620e+00
1.681401167639699601e+00
1.651376146788990917e+00
1.616346955796497342e+00
1.576313594662218653e+00
1.541284403669724856e+00
1.501251042535446167e+00
1.461217681401167701e+00
1.421184320266889234e+00
1.381150959132610545e+00
1.336113427856547187e+00
1.291075896580483828e+00
1.241034195162635578e+00
1.190992493744787328e+00
1.140950792326939300e+00
1.085904920767306159e+00
1.030859049207673239e+00
9.758131776480400976e-01
9.157631359466221754e-01
8.607172643869891449e-01
8.056713928273561143e-01
7.506255212677230837e-01
7.005838198498749447e-01
6.455379482902419142e-01
5.954962468723936642e-01
5.454545454545455252e-01
4.904086738949124391e-01
4.403669724770642446e-01
3.903252710592160502e-01
3.352793994995830196e-01
2.852376980817348251e-01
2.301918265221017668e-01
1.751459549624687362e-01
1.201000834028356917e-01
6.005004170141784586e-02
0.000000000000000000e+00
-6.005004170141784586e-02
-1.201000834028356917e-01
-1.901584653878231890e-01
-2.602168473728107001e-01
-3.352793994995830196e-01
-4.203502919099249002e-01
-5.054211843202669474e-01
-6.055045871559633364e-01
-7.206005004170141781e-01
-8.607172643869891449e-01
-1.030859049207673239e+00
-1.261050875729774923e+00
-1.606338615512927559e+00
-2.217511520737327047e+00
