1.716430358632193620e+00
1.681401167639699601e+00
1.651376146788990917e+00
1.616346955796497342e+00
1.576313594662218653e+00
1.541284403669724856e+00
1.501251042535446167e+00
1.461217681401167701e+00
1.421184320266889234e+00
1.376146788990825875e+00
1.336113427856547187e+00
1.291075896580483828e+00
1.241034195162635578e+00
1.195996663886572220e+00
1.140950792326939300e+00
1.085904920767306159e+00
1.030859049207673239e+00
9.758131776480400976e-01
9.107589658048373948e-01
8.557130942452043643e-01
8.006672226855713337e-01
7.406171809841535225e-01
6.855713094245204919e-01
6.305254378648874614e-01
5.754795663052544308e-01
5.204336947456214002e-01
4.653878231859883696e-01
4.103419516263553390e-01
3.552960800667223085e-01
2.952460383653044418e-01
2.351959966638866029e-01
1.801501251042535445e-01
1.150959132610508834e-01
5.504587155963303058e-02
-1.000834028356964098e-02
-8.006672226855712782e-02
-1.551292743953294473e-01
-2.301918265221017668e-01
-3.202668890742285113e-01
-4.103419516263553390e-01
-5.204336947456214002e-01
-6.455379482902419142e-01
-8.056713928273561143e-01
-1.020850708924103456e+00
-1.346121768140116748e+00
-1.956630525437864865e+00
-3.872968980797636629e+00
-3.955835962145110685e+00
-3.951923076923077094e+00
-3.954765751211631652e+00
