1.716430358632193620e+00
1.681401167639699601e+00
1.651376146788990917e+00
1.616346955796497342e+00
1.576313594662218653e+00
1.541284403669724856e+00
1.501251042535446167e+00
1.461217681401167701e+00
1.421184320266889234e+00
1.381150959132610545e+00
1.336113427856547187e+00
1.291075896580483828e+00
1.241034195162635578e+00
1.190992493744787328e+00
1.140950792326939300e+00
1.085904920767306159e+00
1.030859049207673239e+00
9.758131776480400976e-01
9.207673060884070670e-01
8.607172643869891449e-01
8.056713928273561143e-01
7.506255212677230837e-01
7.005838198498749447e-01
6.505421184320266947e-01
6.005004170141785558e-01
5.454545454545455252e-01
4.954128440366972752e-01
4.453711426188490807e-01
3.953294412010008307e-01
3.402835696413678557e-01
2.852376980817348251e-01
2.351959966638866029e-01
1.801501251042535445e-01
1.251042535446205139e-01
7.005838198498749725e-02
1.501251042535446147e-02
-5.004170141784820836e-02
-1.100917431192660612e-01
-1.801501251042535445e-01
-2.452043369474562196e-01
-3.202668890742285113e-01
-3.953294412010008307e-01
-4.804003336113427669e-01
-5.804837364470393224e-01
-6.855713094245204919e-01
-8.106755629691410059e-01
-9.708090075062552060e-01
-1.165971643035863314e+00
-1.446205170975813248e+00
-1.901584653878231723e+00
