1.716430358632193620e+00
1.681401167639699601e+00
1.651376146788990917e+00
1.611342785654712229e+00
1.576313594662218653e+00
1.541284403669724856e+00
1.501251042535446167e+00
1.461217681401167701e+00
1.421184320266889234e+00
1.381150959132610545e+00
1.336113427856547187e+00
1.291075896580483828e+00
1.246038365304420470e+00
1.195996663886572220e+00
1.140950792326939300e+00
1.085904920767306159e+00
1.030859049207673239e+00
9.658048373644704254e-01
9.057547956630525032e-01
8.356964136780651309e-01
7.756463719766473197e-01
7.105921601334446169e-01
6.455379482902419142e-01
5.804837364470393224e-01
5.154295246038366196e-01
4.503753127606338613e-01
3.803169307756463779e-01
3.102585487906588946e-01
2.351959966638866029e-01
1.601334445371142556e-01
8.006672226855712782e-02
-1.501251042535446147e-02
-1.150959132610508834e-01
-2.402001668056713835e-01
-4.253544620517097363e-01
-1.426188490408674125e+00
-2.645096056622851410e+00
-2.661034846884899885e+00
-2.665236051502145820e+00
-2.665945945945946249e+00
-2.667391304347826342e+00
-2.669574700109051513e+00
-2.668852459016393563e+00
-2.668127053669222537e+00
-2.671052631578947345e+00
-2.667398463227223182e+00
-2.663736263736263599e+00
-2.666666666666666519e+00
-2.666666666666666519e+00
-2.669603524229075209e+00
