1.716430358632193620e+00
1.681401167639699601e+00
1.651376146788990917e+00
1.616346955796497342e+00
1.576313594662218653e+00
1.541284403669724856e+00
1.501251042535446167e+00
1.461217681401167701e+00
1.421184320266889234e+00
1.376146788990825875e+00
1.336113427856547187e+00
1.291075896580483828e+00
1.246038365304420470e+00
1.195996663886572220e+00
1.145954962468723970e+00
1.085904920767306159e+00
1.030859049207673239e+00
9.708090075062552060e-01
9.157631359466221754e-01
8.557130942452043643e-01
7.956630525437864421e-01
7.456213511259383031e-01
6.855713094245204919e-01
6.355296080066722419e-01
5.804837364470393224e-01
5.204336947456214002e-01
4.703919933277732057e-01
4.153461217681401751e-01
3.603002502085070891e-01
3.002502085070892779e-01
2.502085070892410279e-01
1.901584653878231890e-01
1.301084236864053501e-01
7.005838198498749725e-02
5.004170141784820489e-03
-6.505421184320267503e-02
-1.351125938281901584e-01
-2.101751459549624501e-01
-2.902418682235196612e-01
-3.803169307756463779e-01
-4.804003336113427669e-01
-5.904920767306088836e-01
-7.306088407005838503e-01
-9.007506255212677226e-01
-1.145954962468723970e+00
-1.536280233527939965e+00
-2.328530259365994226e+00
-4.069730586370840619e+00
-4.092257001647446657e+00
-4.100000000000000533e+00
