1.716430358632193620e+00
1.681401167639699601e+00
1.651376146788990917e+00
1.616346955796497342e+00
1.576313594662218653e+00
1.541284403669724856e+00
1.501251042535446167e+00
1.461217681401167701e+00
1.421184320266889234e+00
1.376146788990825875e+00
1.336113427856547187e+00
1.291075896580483828e+00
1.246038365304420470e+00
1.195996663886572220e+00
1.140950792326939300e+00
1.090909090909091050e+00
1.030859049207673239e+00
9.708090075062552060e-01
9.157631359466221754e-01
8.557130942452043643e-01
8.006672226855713337e-01
7.506255212677230837e-01
6.955796497080900531e-01
6.405337781484570225e-01
5.854879065888239920e-01
5.354462051709758530e-01
4.804003336113427669e-01
4.303586321934945724e-01
3.753127606338615418e-01
3.202668890742285113e-01
2.652210175145954807e-01
2.101751459549624501e-01
1.501251042535446389e-01
9.507923269391159449e-02
3.502919099249374862e-02
-3.002502085070892293e-02
-9.507923269391159449e-02
-1.651376146788990917e-01
-2.402001668056713835e-01
-3.152627189324437307e-01
-4.003336113427856668e-01
-5.004170141784820558e-01
-6.055045871559633364e-01
-7.306088407005838503e-01
-8.807339449541284893e-01
-1.085904920767306159e+00
-1.381150959132610545e+00
-1.866555462885738148e+00
-3.442489851150202895e+00
-4.478723404255319451e+00
