1.716430358632193620e+00
1.681401167639699601e+00
1.651376146788990917e+00
1.611342785654712229e+00
1.576313594662218653e+00
1.541284403669724856e+00
1.506255212677231281e+00
1.461217681401167701e+00
1.421184320266889234e+00
1.381150959132610545e+00
1.331109257714762295e+00
1.291075896580483828e+00
1.241034195162635578e+00
1.195996663886572220e+00
1.140950792326939300e+00
1.090909090909091050e+00
1.025854879065888348e+00
9.658048373644704254e-01
9.057547956630525032e-01
8.457047539616346921e-01
7.806505421184321003e-01
7.155963302752293975e-01
6.555462885738115864e-01
5.954962468723936642e-01
5.354462051709758530e-01
4.653878231859883696e-01
4.053377814845705029e-01
3.402835696413678557e-01
2.752293577981651529e-01
2.051709758131776695e-01
1.301084236864053501e-01
5.504587155963303058e-02
-3.002502085070892293e-02
-1.251042535446205139e-01
-2.251876563803169307e-01
-3.552960800667223085e-01
-5.354462051709758530e-01
-8.807339449541284893e-01
-2.311733800350262769e+00
-2.908059023836549795e+00
-2.926315789473684426e+00
-2.925443786982248717e+00
-2.928571428571428825e+00
-2.928229665071770516e+00
-2.928057553956834980e+00
-2.927884615384615419e+00
-2.931407942238267506e+00
-2.927710843373494409e+00
-2.924004825090470661e+00
-2.927536231884058093e+00
