0.000e+00  9.812e-213  8.889e-01
1.000e+00  4.540e-212  8.889e-01
2.000e+00  2.452e-211  8.889e-01
3.000e+00  1.329e-210  8.889e-01
4.000e+00  7.193e-210  8.889e-01
5.000e+00  3.885e-209  8.889e-01
6.000e+00  2.094e-208  8.889e-01
7.000e+00  1.127e-207  8.889e-01
8.000e+00  6.052e-207  8.889e-01
9.000e+00  3.244e-206  8.889e-01
1.000e+01  1.735e-205  8.889e-01
1.100e+01  9.264e-205  8.889e-01
1.200e+01  4.937e-204  8.889e-01
1.300e+01  2.625e-203  8.889e-01
1.400e+01  1.393e-202  8.889e-01
1.500e+01  7.381e-202  8.889e-01
1.600e+01  3.902e-201  8.889e-01
1.700e+01  2.059e-200  8.889e-01
1.800e+01  1.084e-199  8.889e-01
1.900e+01  5.697e-199  8.889e-01
2.000e+01  2.988e-198  8.889e-01
2.100e+01  1.564e-197  8.889e-01
2.200e+01  8.168e-197  8.889e-01
2.300e+01  4.258e-196  8.889e-01
2.400e+01  2.215e-195  8.889e-01
2.500e+01  1.150e-194  8.889e-01
2.600e+01  5.957e-194  8.889e-01
2.700e+01  3.080e-193  8.889e-01
2.800e+01  1.589e-192  8.889e-01
2.900e+01  8.182e-192  8.889e-01
3.000e+01  4.204e-191  8.889e-01
3.100e+01  2.156e-190  8.889e-01
3.200e+01  1.103e-189  8.889e-01
3.300e+01  5.632e-189  8.889e-01
3.400e+01  2.869e-188  8.889e-01
3.500e+01  1.459e-187  8.889e-01
3.600e+01  7.402e-187  8.889e-01
3.700e+01  3.748e-186  8.889e-01
3.800e+01  1.893e-185  8.889e-01
3.900e+01  9.545e-185  8.889e-01
4.000e+01  4.801e-184  8.889e-01
4.100e+01  2.410e-183  8.889e-01
4.200e+01  1.207e-182  8.889e-01
4.300e+01  6.033e-182  8.889e-01
4.400e+01  3.009e-181  8.889e-01
4.500e+01  1.497e-180  8.889e-01
4.600e+01  7.434e-180  8.889e-01
4.700e+01  3.683e-179  8.889e-01
4.800e+01  1.821e-178  8.889e-01
4.900e+01  8.980e-178  8.889e-01
5.000e+01  4.420e-177  8.889e-01
5.100e+01  2.170e-176  8.889e-01
5.200e+01  1.063e-175  8.889e-01
5.300e+01  5.198e-175  8.889e-01
5.400e+01  2.535e-174  8.889e-01
5.500e+01  1.234e-173  8.889e-01
5.600e+01  5.991e-173  8.889e-01
5.700e+01  2.902e-172  8.889e-01
5.800e+01  1.403e-171  8.889e-01
5.900e+01  6.765e-171  8.889e-01
6.000e+01  3.255e-170  8.889e-01
6.100e+01  1.562e-169  8.889e-01
6.200e+01  7.483e-169  8.889e-01
6.300e+01  3.575e-168  8.889e-01
6.400e+01  1.704e-167  8.889e-01
6.500e+01  8.106e-167  8.889e-01
6.600e+01  3.846e-166  8.889e-01
6.700e+01  1.821e-165  8.889e-01
6.800e+01  8.598e-165  8.889e-01
6.900e+01  4.051e-164  8.889e-01
7.000e+01  1.904e-163  8.889e-01
7.100e+01  8.928e-163  8.889e-01
7.200e+01  4.176e-162  8.889e-01
7.300e+01  1.949e-161  8.889e-01
7.400e+01  9.073e-161  8.889e-01
7.500e+01  4.214e-160  8.889e-01
7.600e+01  1.952e-159  8.889e-01
7.700e+01  9.024e-159  8.889e-01
7.800e+01  4.161e-158  8.889e-01
7.900e+01  1.914e-157  8.889e-01
8.000e+01  8.780e-157  8.889e-01
8.100e+01  4.019e-156  8.889e-01
8.200e+01  1.835e-155  8.889e-01
8.300e+01  8.357e-155  8.889e-01
8.400e+01  3.797e-154  8.889e-01
8.500e+01  1.721e-153  8.889e-01
8.600e+01  7.779e-153  8.889e-01
8.700e+01  3.508e-152  8.889e-01
8.800e+01  1.578e-151  8.889e-01
8.900e+01  7.081e-151  8.889e-01
9.000e+01  3.169e-150  8.889e-01
9.100e+01  1.415e-149  8.889e-01
9.200e+01  6.301e-149  8.889e-01
9.300e+01  2.799e-148  8.889e-01
9.400e+01  1.240e-147  8.889e-01
9.500e+01  5.480e-147  8.889e-01
9.600e+01  2.416e-146  8.889e-01
9.700e+01  1.062e-145  8.889e-01
9.800e+01  4.658e-145  8.889e-01
9.900e+01  2.038e-144  8.889e-01
1.000e+02  8.891e-144  8.889e-01
1.010e+02  3.869e-143  8.889e-01
1.020e+02  1.679e-142  8.889e-01
1.030e+02  7.271e-142  8.889e-01
1.040e+02  3.140e-141  8.889e-01
1.050e+02  1.352e-140  8.889e-01
1.060e+02  5.809e-140  8.889e-01
1.070e+02  2.489e-139  8.889e-01
1.080e+02  1.063e-138  8.889e-01
1.090e+02  4.533e-138  8.889e-01
1.100e+02  1.927e-137  8.889e-01
1.110e+02  8.169e-137  8.889e-01
1.120e+02  3.454e-136  8.889e-01
1.130e+02  1.457e-135  8.889e-01
1.140e+02  6.128e-135  8.889e-01
1.150e+02  2.571e-134  8.889e-01
1.160e+02  1.076e-133  8.889e-01
1.170e+02  4.489e-133  8.889e-01
1.180e+02  1.868e-132  8.889e-01
1.190e+02  7.756e-132  8.889e-01
1.200e+02  3.211e-131  8.889e-01
1.210e+02  1.326e-130  8.889e-01
1.220e+02  5.460e-130  8.889e-01
1.230e+02  2.243e-129  8.889e-01
1.240e+02  9.188e-129  8.889e-01
1.250e+02  3.754e-128  8.889e-01
1.260e+02  1.530e-127  8.889e-01
1.270e+02  6.217e-127  8.889e-01
1.280e+02  2.520e-126  8.889e-01
1.290e+02  1.019e-125  8.889e-01
1.300e+02  4.109e-125  8.889e-01
1.310e+02  1.653e-124  8.889e-01
1.320e+02  6.629e-124  8.889e-01
1.330e+02  2.653e-123  8.889e-01
1.340e+02  1.059e-122  8.889e-01
1.350e+02  4.214e-122  8.889e-01
1.360e+02  1.673e-121  8.889e-01
1.370e+02  6.626e-121  8.889e-01
1.380e+02  2.618e-120  8.889e-01
1.390e+02  1.031e-119  8.889e-01
1.400e+02  4.054e-119  8.889e-01
1.410e+02  1.590e-118  8.889e-01
1.420e+02  6.218e-118  8.889e-01
1.430e+02  2.426e-117  8.889e-01
1.440e+02  9.445e-117  8.889e-01
1.450e+02  3.668e-116  8.889e-01
1.460e+02  1.421e-115  8.889e-01
1.470e+02  5.494e-115  8.889e-01
1.480e+02  2.119e-114  8.889e-01
1.490e+02  8.155e-114  8.889e-01
1.500e+02  3.131e-113  8.889e-01
1.510e+02  1.200e-112  8.889e-01
1.520e+02  4.588e-112  8.889e-01
1.530e+02  1.751e-111  8.889e-01
1.540e+02  6.669e-111  8.889e-01
1.550e+02  2.535e-110  8.889e-01
1.560e+02  9.618e-110  8.889e-01
1.570e+02  3.643e-109  8.889e-01
1.580e+02  1.377e-108  8.889e-01
1.590e+02  5.199e-108  8.889e-01
1.600e+02  1.959e-107  8.889e-01
1.610e+02  7.372e-107  8.889e-01
1.620e+02  2.770e-106  8.889e-01
1.630e+02  1.039e-105  8.889e-01
1.640e+02  3.896e-105  8.889e-01
1.650e+02  1.458e-104  8.889e-01
1.660e+02  5.454e-104  8.889e-01
1.670e+02  2.037e-103  8.889e-01
1.680e+02  7.604e-103  8.889e-01
1.690e+02  2.836e-102  8.889e-01
1.700e+02  1.057e-101  8.889e-01
1.710e+02  3.937e-101  8.889e-01
1.720e+02  1.466e-100  8.889e-01
1.730e+02  5.454e-100  8.889e-01
1.740e+02  2.029e-99  8.889e-01
1.750e+02  7.545e-99  8.889e-01
1.760e+02  2.806e-98  8.889e-01
1.770e+02  1.043e-97  8.889e-01
1.780e+02  3.880e-97  8.889e-01
1.790e+02  1.443e-96  8.889e-01
1.800e+02  5.366e-96  8.889e-01
1.810e+02  1.996e-95  8.889e-01
1.820e+02  7.429e-95  8.889e-01
1.830e+02  2.765e-94  8.889e-01
1.840e+02  1.030e-93  8.889e-01
1.850e+02  3.836e-93  8.889e-01
1.860e+02  1.430e-92  8.889e-01
1.870e+02  5.331e-92  8.889e-01
1.880e+02  1.989e-91  8.889e-01
1.890e+02  7.423e-91  8.889e-01
1.900e+02  2.772e-90  8.889e-01
1.910e+02  1.036e-89  8.889e-01
1.920e+02  3.871e-89  8.889e-01
1.930e+02  1.448e-88  8.889e-01
1.940e+02  5.417e-88  8.889e-01
1.950e+02  2.028e-87  8.889e-01
1.960e+02  7.595e-87  8.889e-01
1.970e+02  2.846e-86  8.889e-01
1.980e+02  1.067e-85  8.889e-01
1.990e+02  4.001e-85  8.889e-01
2.000e+02  1.501e-84  8.889e-01
2.010e+02  5.634e-84  8.889e-01
2.020e+02  2.115e-83  8.889e-01
2.030e+02  7.945e-83  8.889e-01
2.040e+02  2.985e-82  8.889e-01
2.050e+02  1.122e-81  8.889e-01
2.060e+02  4.218e-81  8.889e-01
2.070e+02  1.586e-80  8.889e-01
2.080e+02  5.967e-80  8.889e-01
2.090e+02  2.245e-79  8.889e-01
2.100e+02  8.450e-79  8.889e-01
2.110e+02  3.181e-78  8.889e-01
2.120e+02  1.198e-77  8.889e-01
2.130e+02  4.510e-77  8.889e-01
2.140e+02  1.699e-76  8.889e-01
2.150e+02  6.401e-76  8.889e-01
2.160e+02  2.412e-75  8.889e-01
2.170e+02  9.090e-75  8.889e-01
2.180e+02  3.426e-74  8.889e-01
2.190e+02  1.292e-73  8.889e-01
2.200e+02  4.870e-73  8.889e-01
2.210e+02  1.837e-72  8.889e-01
2.220e+02  6.927e-72  8.889e-01
2.230e+02  2.613e-71  8.889e-01
2.240e+02  9.856e-71  8.889e-01
2.250e+02  3.719e-70  8.889e-01
2.260e+02  1.403e-69  8.889e-01
2.270e+02  5.295e-69  8.889e-01
2.280e+02  1.999e-68  8.889e-01
2.290e+02  7.544e-68  8.889e-01
2.300e+02  2.848e-67  8.889e-01
2.310e+02  1.075e-66  8.889e-01
2.320e+02  4.059e-66  8.889e-01
2.330e+02  1.533e-65  8.889e-01
2.340e+02  5.788e-65  8.889e-01
2.350e+02  2.186e-64  8.889e-01
2.360e+02  8.256e-64  8.889e-01
2.370e+02  3.119e-63  8.889e-01
2.380e+02  1.178e-62  8.889e-01
2.390e+02  4.450e-62  8.889e-01
2.400e+02  1.681e-61  8.889e-01
2.410e+02  6.353e-61  8.889e-01
2.420e+02  2.401e-60  8.889e-01
2.430e+02  9.072e-60  8.889e-01
2.440e+02  3.428e-59  8.889e-01
2.450e+02  1.296e-58  8.889e-01
2.460e+02  4.897e-58  8.889e-01
2.470e+02  1.851e-57  8.889e-01
2.480e+02  6.997e-57  8.889e-01
2.490e+02  2.645e-56  8.889e-01
2.500e+02  1.000e-55  8.889e-01
2.510e+02  3.781e-55  8.889e-01
2.520e+02  1.429e-54  8.889e-01
2.530e+02  5.405e-54  8.889e-01
2.540e+02  2.044e-53  8.889e-01
2.550e+02  7.729e-53  8.889e-01
2.560e+02  2.923e-52  8.889e-01
2.570e+02  1.105e-51  8.889e-01
2.580e+02  4.181e-51  8.889e-01
2.590e+02  1.581e-50  8.889e-01
2.600e+02  5.981e-50  8.889e-01
2.610e+02  2.262e-49  8.889e-01
2.620e+02  8.558e-49  8.889e-01
2.630e+02  3.237e-48  8.889e-01
2.640e+02  1.225e-47  8.889e-01
2.650e+02  4.633e-47  8.889e-01
2.660e+02  1.753e-46  8.889e-01
2.670e+02  6.632e-46  8.889e-01
2.680e+02  2.509e-45  8.889e-01
2.690e+02  9.495e-45  8.889e-01
2.700e+02  3.593e-44  8.889e-01
2.710e+02  1.360e-43  8.889e-01
2.720e+02  5.145e-43  8.889e-01
2.730e+02  1.947e-42  8.889e-01
2.740e+02  7.368e-42  8.889e-01
2.750e+02  2.788e-41  8.889e-01
2.760e+02  1.055e-40  8.889e-01
2.770e+02  3.993e-40  8.889e-01
2.780e+02  1.511e-39  8.889e-01
2.790e+02  5.718e-39  8.889e-01
2.800e+02  2.164e-38  8.889e-01
2.810e+02  8.185e-38  8.889e-01
2.820e+02  3.096e-37  8.889e-01
2.830e+02  1.171e-36  8.889e-01
2.840e+02  4.425e-36  8.889e-01
2.850e+02  1.672e-35  8.889e-01
2.860e+02  6.314e-35  8.889e-01
2.870e+02  2.383e-34  8.889e-01
2.880e+02  8.983e-34  8.889e-01
2.890e+02  3.383e-33  8.889e-01
2.900e+02  1.272e-32  8.889e-01
2.910e+02  4.777e-32  8.889e-01
2.920e+02  1.790e-31  8.889e-01
2.930e+02  6.695e-31  8.889e-01
2.940e+02  2.497e-30  8.889e-01
2.950e+02  9.287e-30  8.889e-01
2.960e+02  3.442e-29  8.889e-01
2.970e+02  1.271e-28  8.889e-01
2.980e+02  4.676e-28  8.889e-01
2.990e+02  1.712e-27  8.889e-01
3.000e+02  6.236e-27  8.889e-01
3.010e+02  2.259e-26  8.889e-01
3.020e+02  8.138e-26  8.889e-01
3.030e+02  2.913e-25  8.889e-01
3.040e+02  1.036e-24  8.889e-01
3.050e+02  3.658e-24  8.889e-01
3.060e+02  1.282e-23  8.889e-01
3.070e+02  4.457e-23  8.889e-01
3.080e+02  1.537e-22  8.889e-01
3.090e+02  5.256e-22  8.889e-01
3.100e+02  1.781e-21  8.889e-01
3.110e+02  5.982e-21  8.889e-01
3.120e+02  1.990e-20  8.889e-01
3.130e+02  6.554e-20  8.889e-01
3.140e+02  2.137e-19  8.889e-01
3.150e+02  6.896e-19  8.889e-01
3.160e+02  2.202e-18  8.889e-01
3.170e+02  6.955e-18  8.889e-01
3.180e+02  2.172e-17  8.889e-01
3.190e+02  6.709e-17  8.889e-01
3.200e+02  2.048e-16  8.889e-01
3.210e+02  6.180e-16  8.889e-01
3.220e+02  1.843e-15  8.889e-01
3.230e+02  5.427e-15  8.889e-01
3.240e+02  1.579e-14  8.889e-01
3.250e+02  4.534e-14  8.889e-01
3.260e+02  1.286e-13  8.889e-01
3.270e+02  3.599e-13  8.889e-01
3.280e+02  9.944e-13  8.889e-01
3.290e+02  2.710e-12  8.889e-01
3.300e+02  7.288e-12  8.889e-01
3.310e+02  1.933e-11  8.889e-01
3.320e+02  5.053e-11  8.889e-01
3.330e+02  1.303e-10  8.889e-01
3.340e+02  3.309e-10  8.889e-01
3.350e+02  8.282e-10  8.889e-01
3.360e+02  2.042e-09  8.888e-01
3.370e+02  4.958e-09  8.888e-01
3.380e+02  1.185e-08  8.888e-01
3.390e+02  2.787e-08  8.887e-01
3.400e+02  6.447e-08  8.886e-01
3.410e+02  1.467e-07  8.884e-01
3.420e+02  3.279e-07  8.882e-01
3.430e+02  7.201e-07  8.878e-01
3.440e+02  1.553e-06  8.873e-01
3.450e+02  3.285e-06  8.866e-01
3.460e+02  6.815e-06  8.856e-01
3.470e+02  1.385e-05  8.841e-01
3.480e+02  2.757e-05  8.821e-01
3.490e+02  5.366e-05  8.793e-01
3.500e+02  1.021e-04  8.756e-01
3.510e+02  1.897e-04  8.707e-01
3.520e+02  3.437e-04  8.642e-01
3.530e+02  6.069e-04  8.559e-01
3.540e+02  1.044e-03  8.455e-01
3.550e+02  1.746e-03  8.326e-01
3.560e+02  2.840e-03  8.170e-01
3.570e+02  4.489e-03  7.984e-01
3.580e+02  6.895e-03  7.769e-01
3.590e+02  1.029e-02  7.524e-01
3.600e+02  1.493e-02  7.251e-01
3.610e+02  2.106e-02  6.953e-01
3.620e+02  2.893e-02  6.635e-01
3.630e+02  3.872e-02  6.302e-01
3.640e+02  5.057e-02  5.959e-01
3.650e+02  6.456e-02  5.612e-01
3.660e+02  8.067e-02  5.266e-01
3.670e+02  9.883e-02  4.925e-01
3.680e+02  1.189e-01  4.594e-01
3.690e+02  1.407e-01  4.275e-01
3.700e+02  1.640e-01  3.971e-01
3.710e+02  1.885e-01  3.683e-01
3.720e+02  2.140e-01  3.412e-01
3.730e+02  2.403e-01  3.158e-01
3.740e+02  2.672e-01  2.922e-01
3.750e+02  2.943e-01  2.702e-01
3.760e+02  3.216e-01  2.498e-01
3.770e+02  3.489e-01  2.310e-01
3.780e+02  3.760e-01  2.135e-01
3.790e+02  4.027e-01  1.974e-01
3.800e+02  4.292e-01  1.826e-01
3.810e+02  4.551e-01  1.688e-01
3.820e+02  4.805e-01  1.561e-01
3.830e+02  5.054e-01  1.444e-01
3.840e+02  5.297e-01  1.336e-01
3.850e+02  5.534e-01  1.235e-01
3.860e+02  5.764e-01  1.142e-01
3.870e+02  5.988e-01  1.055e-01
3.880e+02  6.206e-01  9.745e-02
3.890e+02  6.418e-01  8.995e-02
3.900e+02  6.624e-01  8.297e-02
3.910e+02  6.824e-01  7.646e-02
3.920e+02  7.017e-01  7.038e-02
3.930e+02  7.205e-01  6.470e-02
3.940e+02  7.386e-01  5.939e-02
3.950e+02  7.562e-01  5.442e-02
3.960e+02  7.732e-01  4.978e-02
3.970e+02  7.895e-01  4.544e-02
3.980e+02  8.053e-01  4.139e-02
3.990e+02  8.204e-01  3.760e-02
4.000e+02  8.350e-01  3.407e-02
4.010e+02  8.488e-01  3.078e-02
4.020e+02  8.621e-01  2.773e-02
4.030e+02  8.746e-01  2.490e-02
4.040e+02  8.865e-01  2.228e-02
4.050e+02  8.977e-01  1.986e-02
4.060e+02  9.082e-01  1.764e-02
4.070e+02  9.181e-01  1.560e-02
4.080e+02  9.272e-01  1.374e-02
4.090e+02  9.356e-01  1.205e-02
4.100e+02  9.434e-01  1.052e-02
4.110e+02  9.504e-01  9.145e-03
4.120e+02  9.569e-01  7.908e-03
4.130e+02  9.627e-01  6.804e-03
4.140e+02  9.679e-01  5.824e-03
4.150e+02  9.725e-01  4.959e-03
4.160e+02  9.767e-01  4.199e-03
4.170e+02  9.803e-01  3.536e-03
4.180e+02  9.834e-01  2.961e-03
4.190e+02  9.862e-01  2.465e-03
4.200e+02  9.885e-01  2.040e-03
4.210e+02  9.905e-01  1.678e-03
4.220e+02  9.923e-01  1.371e-03
4.230e+02  9.937e-01  1.114e-03
4.240e+02  9.949e-01  8.996e-04
4.250e+02  9.959e-01  7.217e-04
4.260e+02  9.967e-01  5.753e-04
4.270e+02  9.974e-01  4.556e-04
4.280e+02  9.980e-01  3.585e-04
4.290e+02  9.984e-01  2.802e-04
4.300e+02  9.988e-01  2.176e-04
4.310e+02  9.990e-01  1.679e-04
4.320e+02  9.993e-01  1.286e-04
4.330e+02  9.994e-01  9.790e-05
4.340e+02  9.996e-01  7.401e-05
4.350e+02  9.997e-01  5.558e-05
4.360e+02  9.998e-01  4.146e-05
4.370e+02  9.998e-01  3.071e-05
4.380e+02  9.999e-01  2.260e-05
4.390e+02  9.999e-01  1.652e-05
4.400e+02  9.999e-01  1.199e-05
4.410e+02  1.000e+00  8.646e-06
4.420e+02  1.000e+00  6.191e-06
4.430e+02  1.000e+00  4.404e-06
4.440e+02  1.000e+00  3.111e-06
4.450e+02  1.000e+00  2.183e-06
4.460e+02  1.000e+00  1.521e-06
4.470e+02  1.000e+00  1.053e-06
4.480e+02  1.000e+00  7.240e-07
4.490e+02  1.000e+00  4.944e-07
4.500e+02  1.000e+00  3.353e-07
4.510e+02  1.000e+00  2.259e-07
4.520e+02  1.000e+00  1.512e-07
4.530e+02  1.000e+00  1.005e-07
4.540e+02  1.000e+00  6.634e-08
4.550e+02  1.000e+00  4.350e-08
4.560e+02  1.000e+00  2.834e-08
4.570e+02  1.000e+00  1.834e-08
4.580e+02  1.000e+00  1.179e-08
4.590e+02  1.000e+00  7.524e-09
4.600e+02  1.000e+00  4.772e-09
4.610e+02  1.000e+00  3.006e-09
4.620e+02  1.000e+00  1.882e-09
4.630e+02  1.000e+00  1.170e-09
4.640e+02  1.000e+00  7.225e-10
4.650e+02  1.000e+00  4.433e-10
4.660e+02  1.000e+00  2.702e-10
4.670e+02  1.000e+00  1.636e-10
4.680e+02  1.000e+00  9.844e-11
4.690e+02  1.000e+00  5.884e-11
4.700e+02  1.000e+00  3.494e-11
4.710e+02  1.000e+00  2.061e-11
4.720e+02  1.000e+00  1.208e-11
4.730e+02  1.000e+00  7.037e-12
4.740e+02  1.000e+00  4.072e-12
4.750e+02  1.000e+00  2.341e-12
4.760e+02  1.000e+00  1.338e-12
4.770e+02  1.000e+00  7.593e-13
4.780e+02  1.000e+00  4.283e-13
4.790e+02  1.000e+00  2.400e-13
4.800e+02  1.000e+00  1.337e-13
4.810e+02  1.000e+00  7.399e-14
4.820e+02  1.000e+00  4.070e-14
4.830e+02  1.000e+00  2.224e-14
4.840e+02  1.000e+00  1.208e-14
4.850e+02  1.000e+00  6.521e-15
4.860e+02  1.000e+00  3.498e-15
4.870e+02  1.000e+00  1.865e-15
4.880e+02  1.000e+00  9.882e-16
4.890e+02  1.000e+00  5.204e-16
4.900e+02  1.000e+00  2.724e-16
4.910e+02  1.000e+00  1.417e-16
4.920e+02  1.000e+00  7.327e-17
4.930e+02  1.000e+00  3.765e-17
4.940e+02  1.000e+00  1.924e-17
4.950e+02  1.000e+00  9.768e-18
4.960e+02  1.000e+00  4.930e-18
4.970e+02  1.000e+00  2.474e-18
4.980e+02  1.000e+00  1.234e-18
4.990e+02  1.000e+00  6.117e-19
5.000e+02  1.000e+00  3.015e-19
5.010e+02  1.000e+00  1.477e-19
5.020e+02  1.000e+00  7.197e-20
5.030e+02  1.000e+00  3.486e-20
5.040e+02  1.000e+00  1.678e-20
5.050e+02  1.000e+00  8.034e-21
5.060e+02  1.000e+00  3.824e-21
5.070e+02  1.000e+00  1.809e-21
5.080e+02  1.000e+00  8.513e-22
5.090e+02  1.000e+00  3.983e-22
5.100e+02  1.000e+00  1.853e-22
5.110e+02  1.000e+00  8.569e-23
5.120e+02  1.000e+00  3.941e-23
5.130e+02  1.000e+00  1.803e-23
5.140e+02  1.000e+00  8.198e-24
5.150e+02  1.000e+00  3.708e-24
5.160e+02  1.000e+00  1.668e-24
5.170e+02  1.000e+00  7.459e-25
5.180e+02  1.000e+00  3.318e-25
5.190e+02  1.000e+00  1.468e-25
5.200e+02  1.000e+00  6.458e-26
5.210e+02  1.000e+00  2.826e-26
5.220e+02  1.000e+00  1.230e-26
5.230e+02  1.000e+00  5.323e-27
5.240e+02  1.000e+00  2.292e-27
5.250e+02  1.000e+00  9.814e-28
5.260e+02  1.000e+00  4.180e-28
5.270e+02  1.000e+00  1.771e-28
5.280e+02  1.000e+00  7.465e-29
5.290e+02  1.000e+00  3.129e-29
5.300e+02  1.000e+00  1.305e-29
5.310e+02  1.000e+00  5.414e-30
5.320e+02  1.000e+00  2.234e-30
5.330e+02  1.000e+00  9.173e-31
5.340e+02  1.000e+00  3.747e-31
5.350e+02  1.000e+00  1.522e-31
5.360e+02  1.000e+00  6.155e-32
5.370e+02  1.000e+00  2.476e-32
5.380e+02  1.000e+00  9.906e-33
5.390e+02  1.000e+00  3.944e-33
5.400e+02  1.000e+00  1.562e-33
5.410e+02  1.000e+00  6.158e-34
5.420e+02  1.000e+00  2.415e-34
5.430e+02  1.000e+00  9.425e-35
5.440e+02  1.000e+00  3.660e-35
5.450e+02  1.000e+00  1.414e-35
5.460e+02  1.000e+00  5.438e-36
5.470e+02  1.000e+00  2.081e-36
5.480e+02  1.000e+00  7.922e-37
5.490e+02  1.000e+00  3.002e-37
5.500e+02  1.000e+00  1.132e-37
5.510e+02  1.000e+00  4.248e-38
5.520e+02  1.000e+00  1.586e-38
5.530e+02  1.000e+00  5.896e-39
5.540e+02  1.000e+00  2.181e-39
5.550e+02  1.000e+00  8.031e-40
5.560e+02  1.000e+00  2.943e-40
5.570e+02  1.000e+00  1.073e-40
5.580e+02  1.000e+00  3.897e-41
5.590e+02  1.000e+00  1.408e-41
5.600e+02  1.000e+00  5.064e-42
5.610e+02  1.000e+00  1.813e-42
5.620e+02  1.000e+00  6.462e-43
5.630e+02  1.000e+00  2.292e-43
5.640e+02  1.000e+00  8.094e-44
5.650e+02  1.000e+00  2.845e-44
5.660e+02  1.000e+00  9.957e-45
5.670e+02  1.000e+00  3.469e-45
5.680e+02  1.000e+00  1.203e-45
5.690e+02  1.000e+00  4.154e-46
5.700e+02  1.000e+00  1.428e-46
5.710e+02  1.000e+00  4.886e-47
5.720e+02  1.000e+00  1.665e-47
5.730e+02  1.000e+00  5.647e-48
5.740e+02  1.000e+00  1.907e-48
5.750e+02  1.000e+00  6.413e-49
5.760e+02  1.000e+00  2.147e-49
5.770e+02  1.000e+00  7.158e-50
5.780e+02  1.000e+00  2.376e-50
5.790e+02  1.000e+00  7.853e-51
5.800e+02  1.000e+00  2.585e-51
5.810e+02  1.000e+00  8.471e-52
5.820e+02  1.000e+00  2.764e-52
5.830e+02  1.000e+00  8.984e-53
5.840e+02  1.000e+00  2.907e-53
5.850e+02  1.000e+00  9.369e-54
5.860e+02  1.000e+00  3.007e-54
5.870e+02  1.000e+00  9.610e-55
5.880e+02  1.000e+00  3.059e-55
5.890e+02  1.000e+00  9.696e-56
5.900e+02  1.000e+00  3.061e-56
5.910e+02  1.000e+00  9.624e-57
5.920e+02  1.000e+00  3.014e-57
5.930e+02  1.000e+00  9.399e-58
5.940e+02  1.000e+00  2.920e-58
5.950e+02  1.000e+00  9.033e-59
5.960e+02  1.000e+00  2.784e-59
5.970e+02  1.000e+00  8.544e-60
5.980e+02  1.000e+00  2.612e-60
5.990e+02  1.000e+00  7.955e-61
6.000e+02  1.000e+00  2.413e-61
6.010e+02  1.000e+00  7.292e-62
6.020e+02  1.000e+00  2.195e-62
6.030e+02  1.000e+00  6.580e-63
6.040e+02  1.000e+00  1.965e-63
6.050e+02  1.000e+00  5.848e-64
6.060e+02  1.000e+00  1.733e-64
6.070e+02  1.000e+00  5.118e-65
6.080e+02  1.000e+00  1.505e-65
6.090e+02  1.000e+00  4.412e-66
6.100e+02  1.000e+00  1.288e-66
6.110e+02  1.000e+00  3.746e-67
6.120e+02  1.000e+00  1.086e-67
6.130e+02  1.000e+00  3.134e-68
6.140e+02  1.000e+00  9.015e-69
6.150e+02  1.000e+00  2.584e-69
6.160e+02  1.000e+00  7.377e-70
6.170e+02  1.000e+00  2.099e-70
6.180e+02  1.000e+00  5.950e-71
6.190e+02  1.000e+00  1.680e-71
6.200e+02  1.000e+00  4.729e-72
6.210e+02  1.000e+00  1.326e-72
6.220e+02  1.000e+00  3.706e-73
6.230e+02  1.000e+00  1.032e-73
6.240e+02  1.000e+00  2.863e-74
6.250e+02  1.000e+00  7.915e-75
6.260e+02  1.000e+00  2.180e-75
6.270e+02  1.000e+00  5.986e-76
6.280e+02  1.000e+00  1.638e-76
6.290e+02  1.000e+00  4.465e-77
6.300e+02  1.000e+00  1.213e-77
6.310e+02  1.000e+00  3.285e-78
6.320e+02  1.000e+00  8.863e-79
6.330e+02  1.000e+00  2.384e-79
6.340e+02  1.000e+00  6.388e-80
6.350e+02  1.000e+00  1.706e-80
6.360e+02  1.000e+00  4.542e-81
6.370e+02  1.000e+00  1.205e-81
6.380e+02  1.000e+00  3.186e-82
6.390e+02  1.000e+00  8.398e-83
6.400e+02  1.000e+00  2.206e-83
6.410e+02  1.000e+00  5.775e-84
6.420e+02  1.000e+00  1.507e-84
6.430e+02  1.000e+00  3.920e-85
6.440e+02  1.000e+00  1.016e-85
6.450e+02  1.000e+00  2.626e-86
6.460e+02  1.000e+00  6.763e-87
6.470e+02  1.000e+00  1.736e-87
6.480e+02  1.000e+00  4.444e-88
6.490e+02  1.000e+00  1.134e-88
6.500e+02  1.000e+00  2.883e-89
6.510e+02  1.000e+00  7.308e-90
6.520e+02  1.000e+00  1.847e-90
6.530e+02  1.000e+00  4.651e-91
6.540e+02  1.000e+00  1.168e-91
6.550e+02  1.000e+00  2.924e-92
6.560e+02  1.000e+00  7.297e-93
6.570e+02  1.000e+00  1.815e-93
6.580e+02  1.000e+00  4.502e-94
6.590e+02  1.000e+00  1.113e-94
6.600e+02  1.000e+00  2.744e-95
6.610e+02  1.000e+00  6.743e-96
6.620e+02  1.000e+00  1.652e-96
6.630e+02  1.000e+00  4.036e-97
6.640e+02  1.000e+00  9.829e-98
6.650e+02  1.000e+00  2.386e-98
6.660e+02  1.000e+00  5.777e-99
6.670e+02  1.000e+00  1.394e-99
6.680e+02  1.000e+00  3.356e-100
6.690e+02  1.000e+00  8.052e-101
6.700e+02  1.000e+00  1.926e-101
6.710e+02  1.000e+00  4.595e-102
6.720e+02  1.000e+00  1.093e-102
6.730e+02  1.000e+00  2.592e-103
6.740e+02  1.000e+00  6.130e-104
6.750e+02  1.000e+00  1.445e-104
6.760e+02  1.000e+00  3.398e-105
6.770e+02  1.000e+00  7.968e-106
6.780e+02  1.000e+00  1.863e-106
6.790e+02  1.000e+00  4.343e-107
6.800e+02  1.000e+00  1.010e-107
6.810e+02  1.000e+00  2.340e-108
6.820e+02  1.000e+00  5.410e-109
6.830e+02  1.000e+00  1.247e-109
6.840e+02  1.000e+00  2.867e-110
6.850e+02  1.000e+00  6.573e-111
6.860e+02  1.000e+00  1.503e-111
6.870e+02  1.000e+00  3.426e-112
6.880e+02  1.000e+00  7.790e-113
6.890e+02  1.000e+00  1.766e-113
6.900e+02  1.000e+00  3.994e-114
6.910e+02  1.000e+00  9.008e-115
6.920e+02  1.000e+00  2.026e-115
6.930e+02  1.000e+00  4.545e-116
6.940e+02  1.000e+00  1.017e-116
6.950e+02  1.000e+00  2.269e-117
6.960e+02  1.000e+00  5.049e-118
6.970e+02  1.000e+00  1.121e-118
6.980e+02  1.000e+00  2.481e-119
6.990e+02  1.000e+00  5.478e-120
7.000e+02  1.000e+00  1.206e-120
7.010e+02  1.000e+00  2.650e-121
7.020e+02  1.000e+00  5.805e-122
7.030e+02  1.000e+00  1.268e-122
7.040e+02  1.000e+00  2.765e-123
7.050e+02  1.000e+00  6.010e-124
7.060e+02  1.000e+00  1.303e-124
7.070e+02  1.000e+00  2.819e-125
7.080e+02  1.000e+00  6.082e-126
7.090e+02  1.000e+00  1.309e-126
7.100e+02  1.000e+00  2.810e-127
7.110e+02  1.000e+00  6.016e-128
7.120e+02  1.000e+00  1.285e-128
7.130e+02  1.000e+00  2.738e-129
7.140e+02  1.000e+00  5.819e-130
7.150e+02  1.000e+00  1.234e-130
7.160e+02  1.000e+00  2.610e-131
7.170e+02  1.000e+00  5.506e-132
7.180e+02  1.000e+00  1.159e-132
7.190e+02  1.000e+00  2.433e-133
7.200e+02  1.000e+00  5.096e-134
7.210e+02  1.000e+00  1.065e-134
7.220e+02  1.000e+00  2.220e-135
7.230e+02  1.000e+00  4.616e-136
7.240e+02  1.000e+00  9.577e-137
7.250e+02  1.000e+00  1.982e-137
7.260e+02  1.000e+00  4.093e-138
7.270e+02  1.000e+00  8.432e-139
7.280e+02  1.000e+00  1.733e-139
7.290e+02  1.000e+00  3.553e-140
7.300e+02  1.000e+00  7.268e-141
7.310e+02  1.000e+00  1.483e-141
7.320e+02  1.000e+00  3.020e-142
7.330e+02  1.000e+00  6.136e-143
7.340e+02  1.000e+00  1.244e-143
7.350e+02  1.000e+00  2.515e-144
7.360e+02  1.000e+00  5.075e-145
7.370e+02  1.000e+00  1.022e-145
7.380e+02  1.000e+00  2.052e-146
7.390e+02  1.000e+00  4.112e-147
7.400e+02  1.000e+00  8.222e-148
7.410e+02  1.000e+00  1.640e-148
7.420e+02  1.000e+00  3.266e-149
7.430e+02  1.000e+00  6.487e-150
7.440e+02  1.000e+00  1.286e-150
7.450e+02  1.000e+00  2.542e-151
7.460e+02  1.000e+00  5.017e-152
7.470e+02  1.000e+00  9.877e-153
7.480e+02  1.000e+00  1.941e-153
7.490e+02  1.000e+00  3.804e-154
7.500e+02  1.000e+00  7.442e-155
7.510e+02  1.000e+00  1.453e-155
7.520e+02  1.000e+00  2.829e-156
7.530e+02  1.000e+00  5.499e-157
7.540e+02  1.000e+00  1.067e-157
7.550e+02  1.000e+00  2.064e-158
7.560e+02  1.000e+00  3.987e-159
7.570e+02  1.000e+00  7.684e-160
7.580e+02  1.000e+00  1.478e-160
7.590e+02  1.000e+00  2.836e-161
7.600e+02  1.000e+00  5.432e-162
7.610e+02  1.000e+00  1.038e-162
7.620e+02  1.000e+00  1.980e-163
7.630e+02  1.000e+00  3.770e-164
7.640e+02  1.000e+00  7.160e-165
7.650e+02  1.000e+00  1.357e-165
7.660e+02  1.000e+00  2.568e-166
7.670e+02  1.000e+00  4.848e-167
7.680e+02  1.000e+00  9.135e-168
7.690e+02  1.000e+00  1.718e-168
7.700e+02  1.000e+00  3.223e-169
7.710e+02  1.000e+00  6.037e-170
7.720e+02  1.000e+00  1.128e-170
7.730e+02  1.000e+00  2.105e-171
7.740e+02  1.000e+00  3.919e-172
7.750e+02  1.000e+00  7.282e-173
7.760e+02  1.000e+00  1.350e-173
7.770e+02  1.000e+00  2.499e-174
7.780e+02  1.000e+00  4.617e-175
7.790e+02  1.000e+00  8.512e-176
7.800e+02  1.000e+00  1.566e-176
7.810e+02  1.000e+00  2.876e-177
7.820e+02  1.000e+00  5.272e-178
7.830e+02  1.000e+00  9.646e-179
7.840e+02  1.000e+00  1.761e-179
7.850e+02  1.000e+00  3.210e-180
7.860e+02  1.000e+00  5.840e-181
7.870e+02  1.000e+00  1.060e-181
7.880e+02  1.000e+00  1.922e-182
7.890e+02  1.000e+00  3.476e-183
7.900e+02  1.000e+00  6.275e-184
7.910e+02  1.000e+00  1.131e-184
7.920e+02  1.000e+00  2.034e-185
7.930e+02  1.000e+00  3.653e-186
7.940e+02  1.000e+00  6.546e-187
7.950e+02  1.000e+00  1.171e-187
7.960e+02  1.000e+00  2.091e-188
7.970e+02  1.000e+00  3.727e-189
7.980e+02  1.000e+00  6.632e-190
7.990e+02  1.000e+00  1.184e-190
8.000e+02  1.000e+00  2.457e-191
