0.000000000000000000e+00
0.000000000000000000e+00
0.000000000000000000e+00
0.000000000000000000e+00
0.000000000000000000e+00
0.000000000000000000e+00
0.000000000000000000e+00
0.000000000000000000e+00
0.000000000000000000e+00
0.000000000000000000e+00
0.000000000000000000e+00
0.000000000000000000e+00
0.000000000000000000e+00
0.000000000000000000e+00
0.000000000000000000e+00
0.000000000000000000e+00
0.000000000000000000e+00
0.000000000000000000e+00
0.000000000000000000e+00
0.000000000000000000e+00
0.000000000000000000e+00
0.000000000000000000e+00
0.000000000000000000e+00
0.000000000000000000e+00
0.000000000000000000e+00
0.000000000000000000e+00
0.000000000000000000e+00
0.000000000000000000e+00
0.000000000000000000e+00
0.000000000000000000e+00
0.000000000000000000e+00
0.000000000000000000e+00
0.000000000000000000e+00
0.000000000000000000e+00
0.000000000000000000e+00
0.000000000000000000e+00
0.000000000000000000e+00
0.000000000000000000e+00
0.000000000000000000e+00
0.000000000000000000e+00
0.000000000000000000e+00
0.000000000000000000e+00
0.000000000000000000e+00
0.000000000000000000e+00
0.000000000000000000e+00
0.000000000000000000e+00
0.000000000000000000e+00
0.000000000000000000e+00
0.000000000000000000e+00
0.000000000000000000e+00
0.000000000000000000e+00
0.000000000000000000e+00
0.000000000000000000e+00
0.000000000000000000e+00
0.000000000000000000e+00
0.000000000000000000e+00
0.000000000000000000e+00
0.000000000000000000e+00
0.000000000000000000e+00
0.000000000000000000e+00
0.000000000000000000e+00
0.000000000000000000e+00
0.000000000000000000e+00
0.000000000000000000e+00
0.000000000000000000e+00
0.000000000000000000e+00
0.000000000000000000e+00
0.000000000000000000e+00
0.000000000000000000e+00
0.000000000000000000e+00
0.000000000000000000e+00
0.000000000000000000e+00
0.000000000000000000e+00
0.000000000000000000e+00
0.000000000000000000e+00
0.000000000000000000e+00
0.000000000000000000e+00
0.000000000000000000e+00
0.000000000000000000e+00
0.000000000000000000e+00
0.000000000000000000e+00
0.000000000000000000e+00
0.000000000000000000e+00
0.000000000000000000e+00
0.000000000000000000e+00
0.000000000000000000e+00
2.857142857142856984e-01
2.857142857142856984e-01
2.857142857142856984e-01
2.857142857142856984e-01
2.727272727272727626e-01
2.727272727272727626e-01
2.727272727272727626e-01
2.727272727272727626e-01
2.727272727272727626e-01
2.608695652173912971e-01
2.608695652173912971e-01
2.608695652173912971e-01
2.608695652173912971e-01
2.608695652173912971e-01
2.500000000000000000e-01
2.500000000000000000e-01
2.500000000000000000e-01
2.500000000000000000e-01
2.500000000000000000e-01
2.400000000000000189e-01
2.400000000000000189e-01
2.400000000000000189e-01
2.400000000000000189e-01
2.400000000000000189e-01
2.307692307692307820e-01
2.307692307692307820e-01
0.000000000000000000e+00
0.000000000000000000e+00
0.000000000000000000e+00
0.000000000000000000e+00
0.000000000000000000e+00
0.000000000000000000e+00
0.000000000000000000e+00
0.000000000000000000e+00
0.000000000000000000e+00
0.000000000000000000e+00
0.000000000000000000e+00
0.000000000000000000e+00
0.000000000000000000e+00
0.000000000000000000e+00
0.000000000000000000e+00
0.000000000000000000e+00
0.000000000000000000e+00
0.000000000000000000e+00
0.000000000000000000e+00
0.000000000000000000e+00
0.000000000000000000e+00
0.000000000000000000e+00
0.000000000000000000e+00
0.000000000000000000e+00
1.935483870967741882e-01
1.935483870967741882e-01
1.935483870967741882e-01
1.935483870967741882e-01
1.875000000000000000e-01
1.875000000000000000e-01
1.875000000000000000e-01
1.875000000000000000e-01
1.875000000000000000e-01
1.818181818181818232e-01
1.818181818181818232e-01
1.818181818181818232e-01
1.818181818181818232e-01
1.818181818181818232e-01
1.764705882352941291e-01
1.764705882352941291e-01
1.764705882352941291e-01
1.764705882352941291e-01
1.764705882352941291e-01
1.714285714285714302e-01
1.714285714285714302e-01
1.714285714285714302e-01
1.714285714285714302e-01
1.714285714285714302e-01
1.666666666666666574e-01
1.666666666666666574e-01
1.666666666666666574e-01
1.666666666666666574e-01
1.666666666666666574e-01
1.621621621621621712e-01
1.621621621621621712e-01
1.621621621621621712e-01
1.621621621621621712e-01
1.621621621621621712e-01
1.578947368421052544e-01
1.578947368421052544e-01
1.578947368421052544e-01
1.578947368421052544e-01
0.000000000000000000e+00
0.000000000000000000e+00
0.000000000000000000e+00
0.000000000000000000e+00
0.000000000000000000e+00
0.000000000000000000e+00
0.000000000000000000e+00
0.000000000000000000e+00
0.000000000000000000e+00
0.000000000000000000e+00
1.500000000000000222e-01
1.463414634146341653e-01
1.463414634146341653e-01
1.463414634146341653e-01
1.463414634146341653e-01
1.463414634146341653e-01
1.428571428571428492e-01
1.428571428571428492e-01
1.428571428571428492e-01
1.428571428571428492e-01
1.428571428571428492e-01
1.395348837209302306e-01
1.395348837209302306e-01
1.395348837209302306e-01
1.395348837209302306e-01
1.395348837209302306e-01
1.363636363636363813e-01
1.363636363636363813e-01
1.363636363636363813e-01
1.363636363636363813e-01
1.363636363636363813e-01
1.333333333333333592e-01
1.333333333333333592e-01
1.333333333333333592e-01
1.333333333333333592e-01
1.333333333333333592e-01
1.304347826086956486e-01
1.304347826086956486e-01
1.304347826086956486e-01
1.304347826086956486e-01
1.304347826086956486e-01
1.276595744680851241e-01
1.276595744680851241e-01
1.276595744680851241e-01
1.276595744680851241e-01
1.276595744680851241e-01
1.250000000000000000e-01
1.250000000000000000e-01
1.250000000000000000e-01
1.250000000000000000e-01
1.250000000000000000e-01
1.224489795918367319e-01
1.224489795918367319e-01
1.224489795918367319e-01
1.224489795918367319e-01
1.224489795918367319e-01
1.200000000000000094e-01
1.200000000000000094e-01
1.200000000000000094e-01
1.200000000000000094e-01
1.200000000000000094e-01
1.176470588235294101e-01
1.176470588235294101e-01
1.176470588235294101e-01
1.176470588235294101e-01
1.176470588235294101e-01
1.153846153846153910e-01
1.153846153846153910e-01
1.153846153846153910e-01
1.153846153846153910e-01
1.153846153846153910e-01
1.132075471698113234e-01
1.132075471698113234e-01
1.132075471698113234e-01
1.132075471698113234e-01
1.132075471698113234e-01
1.111111111111111049e-01
1.111111111111111049e-01
1.111111111111111049e-01
1.111111111111111049e-01
1.111111111111111049e-01
1.090909090909090856e-01
1.090909090909090856e-01
1.090909090909090856e-01
1.090909090909090856e-01
1.090909090909090856e-01
1.071428571428571369e-01
1.071428571428571369e-01
1.071428571428571369e-01
1.071428571428571369e-01
1.071428571428571369e-01
1.052631578947368363e-01
1.052631578947368363e-01
1.052631578947368363e-01
1.052631578947368363e-01
1.052631578947368363e-01
1.034482758620689641e-01
1.034482758620689641e-01
1.034482758620689641e-01
1.034482758620689641e-01
1.034482758620689641e-01
1.016949152542372947e-01
1.016949152542372947e-01
1.016949152542372947e-01
1.016949152542372947e-01
1.016949152542372947e-01
1.000000000000000056e-01
1.000000000000000056e-01
1.000000000000000056e-01
1.000000000000000056e-01
1.000000000000000056e-01
9.836065573770493009e-02
1.967213114754098602e-01
1.967213114754098602e-01
1.967213114754098602e-01
1.967213114754098602e-01
1.935483870967741882e-01
1.935483870967741882e-01
1.935483870967741882e-01
1.935483870967741882e-01
1.935483870967741882e-01
1.904761904761904656e-01
1.904761904761904656e-01
9.523809523809523281e-02
9.523809523809523281e-02
9.523809523809523281e-02
9.375000000000000000e-02
9.375000000000000000e-02
9.375000000000000000e-02
9.375000000000000000e-02
9.375000000000000000e-02
9.230769230769231282e-02
9.230769230769231282e-02
9.230769230769231282e-02
9.230769230769231282e-02
9.230769230769231282e-02
9.090909090909091161e-02
9.090909090909091161e-02
9.090909090909091161e-02
9.090909090909091161e-02
9.090909090909091161e-02
8.955223880597015795e-02
8.955223880597015795e-02
8.955223880597015795e-02
8.955223880597015795e-02
8.955223880597015795e-02
8.823529411764706454e-02
8.823529411764706454e-02
8.823529411764706454e-02
8.823529411764706454e-02
8.823529411764706454e-02
8.695652173913044625e-02
8.695652173913044625e-02
8.695652173913044625e-02
8.695652173913044625e-02
8.695652173913044625e-02
8.571428571428571508e-02
8.571428571428571508e-02
8.571428571428571508e-02
8.571428571428571508e-02
8.571428571428571508e-02
8.450704225352113907e-02
8.450704225352113907e-02
8.450704225352113907e-02
8.450704225352113907e-02
8.450704225352113907e-02
8.333333333333332871e-02
1.666666666666666574e-01
1.666666666666666574e-01
1.666666666666666574e-01
1.666666666666666574e-01
1.643835616438356073e-01
1.643835616438356073e-01
1.643835616438356073e-01
1.643835616438356073e-01
1.643835616438356073e-01
1.621621621621621712e-01
1.621621621621621712e-01
1.621621621621621712e-01
1.621621621621621712e-01
1.621621621621621712e-01
1.600000000000000311e-01
1.600000000000000311e-01
1.600000000000000311e-01
1.600000000000000311e-01
1.600000000000000311e-01
1.578947368421052544e-01
1.578947368421052544e-01
7.894736842105262720e-02
7.894736842105262720e-02
7.894736842105262720e-02
7.792207792207793415e-02
7.792207792207793415e-02
7.792207792207793415e-02
7.792207792207793415e-02
7.792207792207793415e-02
7.692307692307692735e-02
7.692307692307692735e-02
7.692307692307692735e-02
7.692307692307692735e-02
7.692307692307692735e-02
7.594936708860759722e-02
7.594936708860759722e-02
7.594936708860759722e-02
7.594936708860759722e-02
7.594936708860759722e-02
7.500000000000001110e-02
7.500000000000001110e-02
7.500000000000001110e-02
7.500000000000001110e-02
7.500000000000001110e-02
7.407407407407406996e-02
7.407407407407406996e-02
7.407407407407406996e-02
7.407407407407406996e-02
7.407407407407406996e-02
7.317073170731708265e-02
7.317073170731708265e-02
7.317073170731708265e-02
7.317073170731708265e-02
7.317073170731708265e-02
7.228915662650603480e-02
7.228915662650603480e-02
7.228915662650603480e-02
1.445783132530120696e-01
1.445783132530120696e-01
1.428571428571428492e-01
1.428571428571428492e-01
1.428571428571428492e-01
1.428571428571428492e-01
1.428571428571428492e-01
1.411764705882352922e-01
1.411764705882352922e-01
1.411764705882352922e-01
1.411764705882352922e-01
1.411764705882352922e-01
1.395348837209302306e-01
1.395348837209302306e-01
1.395348837209302306e-01
1.395348837209302306e-01
1.395348837209302306e-01
1.379310344827586188e-01
1.379310344827586188e-01
1.379310344827586188e-01
1.379310344827586188e-01
1.379310344827586188e-01
1.363636363636363813e-01
1.363636363636363813e-01
1.363636363636363813e-01
1.363636363636363813e-01
1.363636363636363813e-01
1.348314606741572996e-01
1.348314606741572996e-01
1.348314606741572996e-01
1.348314606741572996e-01
1.348314606741572996e-01
1.333333333333333592e-01
6.666666666666667962e-02
6.666666666666667962e-02
6.666666666666667962e-02
6.666666666666667962e-02
6.593406593406594962e-02
6.593406593406594962e-02
6.593406593406594962e-02
6.593406593406594962e-02
6.593406593406594962e-02
6.521739130434782428e-02
6.521739130434782428e-02
6.521739130434782428e-02
6.521739130434782428e-02
6.521739130434782428e-02
6.451612903225807660e-02
6.451612903225807660e-02
6.451612903225807660e-02
6.451612903225807660e-02
6.451612903225807660e-02
6.382978723404256205e-02
6.382978723404256205e-02
6.382978723404256205e-02
6.382978723404256205e-02
6.382978723404256205e-02
6.315789473684210731e-02
6.315789473684210731e-02
6.315789473684210731e-02
1.263157894736842146e-01
1.263157894736842146e-01
1.250000000000000000e-01
1.250000000000000000e-01
1.250000000000000000e-01
1.250000000000000000e-01
1.250000000000000000e-01
1.237113402061855716e-01
1.237113402061855716e-01
1.237113402061855716e-01
1.237113402061855716e-01
1.237113402061855716e-01
1.224489795918367319e-01
1.224489795918367319e-01
1.224489795918367319e-01
1.224489795918367319e-01
1.224489795918367319e-01
1.212121212121212294e-01
1.212121212121212294e-01
1.212121212121212294e-01
1.212121212121212294e-01
1.212121212121212294e-01
1.200000000000000094e-01
1.200000000000000094e-01
1.200000000000000094e-01
1.200000000000000094e-01
1.200000000000000094e-01
1.188118811881188203e-01
1.188118811881188203e-01
1.188118811881188203e-01
1.188118811881188203e-01
1.188118811881188203e-01
1.176470588235294101e-01
1.176470588235294101e-01
1.176470588235294101e-01
1.176470588235294101e-01
1.176470588235294101e-01
1.165048543689320287e-01
1.165048543689320287e-01
1.165048543689320287e-01
1.165048543689320287e-01
1.165048543689320287e-01
1.153846153846153910e-01
1.153846153846153910e-01
5.769230769230769551e-02
5.769230769230769551e-02
5.769230769230769551e-02
5.714285714285714801e-02
5.714285714285714801e-02
5.714285714285714801e-02
5.714285714285714801e-02
5.714285714285714801e-02
5.660377358490566169e-02
5.660377358490566169e-02
5.660377358490566169e-02
5.660377358490566169e-02
5.660377358490566169e-02
5.607476635514018620e-02
5.607476635514018620e-02
5.607476635514018620e-02
5.607476635514018620e-02
5.607476635514018620e-02
1.111111111111111049e-01
1.111111111111111049e-01
1.111111111111111049e-01
1.111111111111111049e-01
1.111111111111111049e-01
1.100917431192660612e-01
1.100917431192660612e-01
1.100917431192660612e-01
1.100917431192660612e-01
1.100917431192660612e-01
1.090909090909090856e-01
1.090909090909090856e-01
1.090909090909090856e-01
1.090909090909090856e-01
1.090909090909090856e-01
1.081081081081081141e-01
1.081081081081081141e-01
1.081081081081081141e-01
1.081081081081081141e-01
1.081081081081081141e-01
1.071428571428571369e-01
1.071428571428571369e-01
1.071428571428571369e-01
1.071428571428571369e-01
1.071428571428571369e-01
1.061946902654867242e-01
1.061946902654867242e-01
1.061946902654867242e-01
1.061946902654867242e-01
1.061946902654867242e-01
1.052631578947368363e-01
1.052631578947368363e-01
1.052631578947368363e-01
1.052631578947368363e-01
1.052631578947368363e-01
1.043478260869565299e-01
1.043478260869565299e-01
1.043478260869565299e-01
1.043478260869565299e-01
1.043478260869565299e-01
1.034482758620689641e-01
1.034482758620689641e-01
1.034482758620689641e-01
1.034482758620689641e-01
1.034482758620689641e-01
1.025641025641025744e-01
1.025641025641025744e-01
1.025641025641025744e-01
1.025641025641025744e-01
1.025641025641025744e-01
1.016949152542372947e-01
1.016949152542372947e-01
1.016949152542372947e-01
1.016949152542372947e-01
1.016949152542372947e-01
1.008403361344537841e-01
1.008403361344537841e-01
5.042016806722689204e-02
5.042016806722689204e-02
5.042016806722689204e-02
5.000000000000000278e-02
5.000000000000000278e-02
5.000000000000000278e-02
5.000000000000000278e-02
1.000000000000000056e-01
9.917355371900826722e-02
9.917355371900826722e-02
9.917355371900826722e-02
9.917355371900826722e-02
9.917355371900826722e-02
9.836065573770493009e-02
9.836065573770493009e-02
9.836065573770493009e-02
9.836065573770493009e-02
9.836065573770493009e-02
9.756097560975611482e-02
9.756097560975611482e-02
9.756097560975611482e-02
9.756097560975611482e-02
9.756097560975611482e-02
9.677419354838709409e-02
9.677419354838709409e-02
9.677419354838709409e-02
9.677419354838709409e-02
9.677419354838709409e-02
9.600000000000000200e-02
9.600000000000000200e-02
9.600000000000000200e-02
9.600000000000000200e-02
9.600000000000000200e-02
9.523809523809523281e-02
9.523809523809523281e-02
9.523809523809523281e-02
9.523809523809523281e-02
9.523809523809523281e-02
9.448818897637795144e-02
9.448818897637795144e-02
9.448818897637795144e-02
9.448818897637795144e-02
9.448818897637795144e-02
9.375000000000000000e-02
9.375000000000000000e-02
9.375000000000000000e-02
9.375000000000000000e-02
9.375000000000000000e-02
9.302325581395348708e-02
9.302325581395348708e-02
9.302325581395348708e-02
9.302325581395348708e-02
9.302325581395348708e-02
9.230769230769231282e-02
9.230769230769231282e-02
9.230769230769231282e-02
9.230769230769231282e-02
9.230769230769231282e-02
9.160305343511450371e-02
9.160305343511450371e-02
9.160305343511450371e-02
9.160305343511450371e-02
9.160305343511450371e-02
9.090909090909091161e-02
9.090909090909091161e-02
9.090909090909091161e-02
9.090909090909091161e-02
9.090909090909091161e-02
9.022556390977443108e-02
9.022556390977443108e-02
9.022556390977443108e-02
9.022556390977443108e-02
9.022556390977443108e-02
8.955223880597015795e-02
1.343283582089552231e-01
1.343283582089552231e-01
1.343283582089552231e-01
8.955223880597015795e-02
8.888888888888889228e-02
8.888888888888889228e-02
8.888888888888889228e-02
8.888888888888889228e-02
8.888888888888889228e-02
8.823529411764706454e-02
8.823529411764706454e-02
8.823529411764706454e-02
8.823529411764706454e-02
8.823529411764706454e-02
8.759124087591241281e-02
8.759124087591241281e-02
8.759124087591241281e-02
8.759124087591241281e-02
8.759124087591241281e-02
8.695652173913044625e-02
8.695652173913044625e-02
8.695652173913044625e-02
8.695652173913044625e-02
8.695652173913044625e-02
8.633093525179856564e-02
8.633093525179856564e-02
8.633093525179856564e-02
8.633093525179856564e-02
8.633093525179856564e-02
8.571428571428571508e-02
8.571428571428571508e-02
8.571428571428571508e-02
8.571428571428571508e-02
8.571428571428571508e-02
8.510638297872340219e-02
8.510638297872340219e-02
8.510638297872340219e-02
8.510638297872340219e-02
8.510638297872340219e-02
8.450704225352113907e-02
8.450704225352113907e-02
8.450704225352113907e-02
8.450704225352113907e-02
8.450704225352113907e-02
8.391608391608391948e-02
8.391608391608391948e-02
8.391608391608391948e-02
8.391608391608391948e-02
8.391608391608391948e-02
8.333333333333332871e-02
8.333333333333332871e-02
8.333333333333332871e-02
8.333333333333332871e-02
8.333333333333332871e-02
8.275862068965517127e-02
8.275862068965517127e-02
8.275862068965517127e-02
8.275862068965517127e-02
8.275862068965517127e-02
8.219178082191780366e-02
8.219178082191780366e-02
8.219178082191780366e-02
8.219178082191780366e-02
8.219178082191780366e-02
8.163265306122449716e-02
8.163265306122449716e-02
8.163265306122449716e-02
8.163265306122449716e-02
1.224489795918367319e-01
1.216216216216216284e-01
1.216216216216216284e-01
1.216216216216216284e-01
1.216216216216216284e-01
1.216216216216216284e-01
1.208053691275167707e-01
1.208053691275167707e-01
1.208053691275167707e-01
1.208053691275167707e-01
1.208053691275167707e-01
1.200000000000000094e-01
1.200000000000000094e-01
1.200000000000000094e-01
1.200000000000000094e-01
8.000000000000001554e-02
7.947019867549669214e-02
7.947019867549669214e-02
7.947019867549669214e-02
7.947019867549669214e-02
7.947019867549669214e-02
7.894736842105262720e-02
7.894736842105262720e-02
7.894736842105262720e-02
7.894736842105262720e-02
7.894736842105262720e-02
7.843137254901962063e-02
7.843137254901962063e-02
7.843137254901962063e-02
7.843137254901962063e-02
7.843137254901962063e-02
7.792207792207793415e-02
7.792207792207793415e-02
7.792207792207793415e-02
7.792207792207793415e-02
7.792207792207793415e-02
7.741935483870968082e-02
7.741935483870968082e-02
7.741935483870968082e-02
7.741935483870968082e-02
7.741935483870968082e-02
7.692307692307692735e-02
7.692307692307692735e-02
7.692307692307692735e-02
7.692307692307692735e-02
7.692307692307692735e-02
7.643312101910829104e-02
7.643312101910829104e-02
7.643312101910829104e-02
7.643312101910829104e-02
7.643312101910829104e-02
7.594936708860759722e-02
7.594936708860759722e-02
7.594936708860759722e-02
7.594936708860759722e-02
7.594936708860759722e-02
7.547169811320755817e-02
7.547169811320755817e-02
7.547169811320755817e-02
7.547169811320755817e-02
7.547169811320755817e-02
7.500000000000001110e-02
7.500000000000001110e-02
7.500000000000001110e-02
7.500000000000001110e-02
7.500000000000001110e-02
7.453416149068323171e-02
7.453416149068323171e-02
7.453416149068323171e-02
1.118012422360248476e-01
1.118012422360248476e-01
1.111111111111111049e-01
1.111111111111111049e-01
1.111111111111111049e-01
1.111111111111111049e-01
1.111111111111111049e-01
1.104294478527607509e-01
1.104294478527607509e-01
1.104294478527607509e-01
1.104294478527607509e-01
1.104294478527607509e-01
1.097560975609756101e-01
1.097560975609756101e-01
1.097560975609756101e-01
1.097560975609756101e-01
1.097560975609756101e-01
1.090909090909090856e-01
1.090909090909090856e-01
1.090909090909090856e-01
1.090909090909090856e-01
1.090909090909090856e-01
1.084337349397590383e-01
1.084337349397590383e-01
1.084337349397590383e-01
1.084337349397590383e-01
1.084337349397590383e-01
1.077844311377245540e-01
1.077844311377245540e-01
1.077844311377245540e-01
7.185628742514971190e-02
7.185628742514971190e-02
7.142857142857142461e-02
7.142857142857142461e-02
7.142857142857142461e-02
7.142857142857142461e-02
7.142857142857142461e-02
7.100591715976331542e-02
7.100591715976331542e-02
7.100591715976331542e-02
7.100591715976331542e-02
7.100591715976331542e-02
7.058823529411764608e-02
7.058823529411764608e-02
7.058823529411764608e-02
7.058823529411764608e-02
7.058823529411764608e-02
7.017543859649122417e-02
7.017543859649122417e-02
7.017543859649122417e-02
7.017543859649122417e-02
7.017543859649122417e-02
6.976744186046511531e-02
6.976744186046511531e-02
6.976744186046511531e-02
6.976744186046511531e-02
6.976744186046511531e-02
6.936416184971098964e-02
6.936416184971098964e-02
6.936416184971098964e-02
6.936416184971098964e-02
6.936416184971098964e-02
6.896551724137930939e-02
6.896551724137930939e-02
6.896551724137930939e-02
6.896551724137930939e-02
6.896551724137930939e-02
6.857142857142857484e-02
6.857142857142857484e-02
6.857142857142857484e-02
6.857142857142857484e-02
1.028571428571428692e-01
1.022727272727272652e-01
1.022727272727272652e-01
1.022727272727272652e-01
1.022727272727272652e-01
1.022727272727272652e-01
1.016949152542372947e-01
1.016949152542372947e-01
1.016949152542372947e-01
1.016949152542372947e-01
1.016949152542372947e-01
1.011235955056179747e-01
1.011235955056179747e-01
1.011235955056179747e-01
1.011235955056179747e-01
1.011235955056179747e-01
1.005586592178770999e-01
1.005586592178770999e-01
1.005586592178770999e-01
1.005586592178770999e-01
1.005586592178770999e-01
1.000000000000000056e-01
1.000000000000000056e-01
1.000000000000000056e-01
1.000000000000000056e-01
1.000000000000000056e-01
9.944751381215469199e-02
9.944751381215469199e-02
9.944751381215469199e-02
9.944751381215469199e-02
9.944751381215469199e-02
9.890109890109891055e-02
9.890109890109891055e-02
9.890109890109891055e-02
9.890109890109891055e-02
9.890109890109891055e-02
9.836065573770493009e-02
9.836065573770493009e-02
9.836065573770493009e-02
9.836065573770493009e-02
9.836065573770493009e-02
9.782608695652174335e-02
9.782608695652174335e-02
9.782608695652174335e-02
6.521739130434782428e-02
6.521739130434782428e-02
6.486486486486486847e-02
6.486486486486486847e-02
6.486486486486486847e-02
6.486486486486486847e-02
6.486486486486486847e-02
6.451612903225807660e-02
6.451612903225807660e-02
6.451612903225807660e-02
6.451612903225807660e-02
6.451612903225807660e-02
6.417112299465241310e-02
6.417112299465241310e-02
6.417112299465241310e-02
6.417112299465241310e-02
6.417112299465241310e-02
6.382978723404256205e-02
6.382978723404256205e-02
6.382978723404256205e-02
6.382978723404256205e-02
6.382978723404256205e-02
6.349206349206348854e-02
6.349206349206348854e-02
6.349206349206348854e-02
6.349206349206348854e-02
6.349206349206348854e-02
6.315789473684210731e-02
9.473684210526316096e-02
9.473684210526316096e-02
9.473684210526316096e-02
9.473684210526316096e-02
9.424083769633508079e-02
9.424083769633508079e-02
9.424083769633508079e-02
9.424083769633508079e-02
9.424083769633508079e-02
9.375000000000000000e-02
9.375000000000000000e-02
9.375000000000000000e-02
9.375000000000000000e-02
9.375000000000000000e-02
9.326424870466321071e-02
9.326424870466321071e-02
9.326424870466321071e-02
9.326424870466321071e-02
9.326424870466321071e-02
9.278350515463917869e-02
9.278350515463917869e-02
9.278350515463917869e-02
9.278350515463917869e-02
9.278350515463917869e-02
9.230769230769231282e-02
9.230769230769231282e-02
9.230769230769231282e-02
9.230769230769231282e-02
9.230769230769231282e-02
9.183673469387755584e-02
9.183673469387755584e-02
9.183673469387755584e-02
9.183673469387755584e-02
9.183673469387755584e-02
9.137055837563452798e-02
9.137055837563452798e-02
9.137055837563452798e-02
9.137055837563452798e-02
9.137055837563452798e-02
9.090909090909091161e-02
9.090909090909091161e-02
9.090909090909091161e-02
9.090909090909091161e-02
9.090909090909091161e-02
9.045226130653266639e-02
9.045226130653266639e-02
9.045226130653266639e-02
9.045226130653266639e-02
9.045226130653266639e-02
8.999999999999999667e-02
8.999999999999999667e-02
8.999999999999999667e-02
8.999999999999999667e-02
8.999999999999999667e-02
8.955223880597015795e-02
8.955223880597015795e-02
8.955223880597015795e-02
8.955223880597015795e-02
5.970149253731343170e-02
5.940594059405941013e-02
5.940594059405941013e-02
5.940594059405941013e-02
5.940594059405941013e-02
5.940594059405941013e-02
5.911330049261084157e-02
5.911330049261084157e-02
5.911330049261084157e-02
5.911330049261084157e-02
5.911330049261084157e-02
5.882352941176470507e-02
5.882352941176470507e-02
5.882352941176470507e-02
5.882352941176470507e-02
5.882352941176470507e-02
8.780487804878049640e-02
8.780487804878049640e-02
8.780487804878049640e-02
8.780487804878049640e-02
8.780487804878049640e-02
8.737864077669903196e-02
8.737864077669903196e-02
8.737864077669903196e-02
8.737864077669903196e-02
8.737864077669903196e-02
8.695652173913044625e-02
8.695652173913044625e-02
8.695652173913044625e-02
8.695652173913044625e-02
8.695652173913044625e-02
8.653846153846155020e-02
8.653846153846155020e-02
8.653846153846155020e-02
8.653846153846155020e-02
8.653846153846155020e-02
8.612440191387560340e-02
8.612440191387560340e-02
8.612440191387560340e-02
8.612440191387560340e-02
8.612440191387560340e-02
8.571428571428571508e-02
8.571428571428571508e-02
8.571428571428571508e-02
8.571428571428571508e-02
8.571428571428571508e-02
8.530805687203792120e-02
8.530805687203792120e-02
8.530805687203792120e-02
8.530805687203792120e-02
8.530805687203792120e-02
8.490566037735849947e-02
8.490566037735849947e-02
8.490566037735849947e-02
8.490566037735849947e-02
8.490566037735849947e-02
8.450704225352113907e-02
8.450704225352113907e-02
8.450704225352113907e-02
8.450704225352113907e-02
8.450704225352113907e-02
8.411214953271028971e-02
8.411214953271028971e-02
8.411214953271028971e-02
8.411214953271028971e-02
8.411214953271028971e-02
8.372093023255813837e-02
8.372093023255813837e-02
8.372093023255813837e-02
8.372093023255813837e-02
8.372093023255813837e-02
8.333333333333332871e-02
8.333333333333332871e-02
8.333333333333332871e-02
8.333333333333332871e-02
8.333333333333332871e-02
8.294930875576038420e-02
8.294930875576038420e-02
8.294930875576038420e-02
8.294930875576038420e-02
8.294930875576038420e-02
8.256880733944954587e-02
8.256880733944954587e-02
8.256880733944954587e-02
8.256880733944954587e-02
8.256880733944954587e-02
8.219178082191780366e-02
8.219178082191780366e-02
8.219178082191780366e-02
5.479452054794520244e-02
8.219178082191780366e-02
8.181818181818181768e-02
8.181818181818181768e-02
8.181818181818181768e-02
8.181818181818181768e-02
8.181818181818181768e-02
8.144796380090497945e-02
8.144796380090497945e-02
8.144796380090497945e-02
8.144796380090497945e-02
8.144796380090497945e-02
8.108108108108108558e-02
8.108108108108108558e-02
8.108108108108108558e-02
8.108108108108108558e-02
8.108108108108108558e-02
8.071748878923767911e-02
8.071748878923767911e-02
8.071748878923767911e-02
8.071748878923767911e-02
8.071748878923767911e-02
8.035714285714286309e-02
8.035714285714286309e-02
8.035714285714286309e-02
8.035714285714286309e-02
8.035714285714286309e-02
8.000000000000001554e-02
8.000000000000001554e-02
8.000000000000001554e-02
8.000000000000001554e-02
8.000000000000001554e-02
7.964601769911504314e-02
7.964601769911504314e-02
7.964601769911504314e-02
7.964601769911504314e-02
7.964601769911504314e-02
7.929515418502203206e-02
7.929515418502203206e-02
7.929515418502203206e-02
7.929515418502203206e-02
7.929515418502203206e-02
7.894736842105262720e-02
7.894736842105262720e-02
7.894736842105262720e-02
7.894736842105262720e-02
7.894736842105262720e-02
7.860262008733624739e-02
7.860262008733624739e-02
7.860262008733624739e-02
7.860262008733624739e-02
7.860262008733624739e-02
7.826086956521739746e-02
7.826086956521739746e-02
7.826086956521739746e-02
7.826086956521739746e-02
7.826086956521739746e-02
7.792207792207793415e-02
7.792207792207793415e-02
7.792207792207793415e-02
7.792207792207793415e-02
7.792207792207793415e-02
7.758620689655172653e-02
7.758620689655172653e-02
7.758620689655172653e-02
7.758620689655172653e-02
7.758620689655172653e-02
7.725321888412017834e-02
7.725321888412017834e-02
7.725321888412017834e-02
7.725321888412017834e-02
7.725321888412017834e-02
7.692307692307692735e-02
7.692307692307692735e-02
7.692307692307692735e-02
7.692307692307692735e-02
1.025641025641025744e-01
1.021276595744680937e-01
1.021276595744680937e-01
1.021276595744680937e-01
1.021276595744680937e-01
1.021276595744680937e-01
1.016949152542372947e-01
1.016949152542372947e-01
1.016949152542372947e-01
1.016949152542372947e-01
1.016949152542372947e-01
1.012658227848101250e-01
1.012658227848101250e-01
1.012658227848101250e-01
7.594936708860759722e-02
7.594936708860759722e-02
7.563025210084034500e-02
7.563025210084034500e-02
7.563025210084034500e-02
7.563025210084034500e-02
7.563025210084034500e-02
7.531380753138075534e-02
7.531380753138075534e-02
7.531380753138075534e-02
7.531380753138075534e-02
7.531380753138075534e-02
