0.000e+00  7.070e-01  6.852e-02
1.000e+00  7.070e-01  6.852e-02
2.000e+00  7.070e-01  6.852e-02
3.000e+00  7.070e-01  6.852e-02
4.000e+00  7.070e-01  6.852e-02
5.000e+00  7.070e-01  6.852e-02
6.000e+00  7.070e-01  6.852e-02
7.000e+00  7.070e-01  6.852e-02
8.000e+00  7.070e-01  6.852e-02
9.000e+00  7.070e-01  6.852e-02
1.000e+01  7.070e-01  6.852e-02
1.100e+01  7.070e-01  6.852e-02
1.200e+01  7.070e-01  6.852e-02
1.300e+01  7.070e-01  6.852e-02
1.400e+01  7.070e-01  6.852e-02
1.500e+01  7.070e-01  6.852e-02
1.600e+01  7.070e-01  6.852e-02
1.700e+01  7.070e-01  6.852e-02
1.800e+01  7.070e-01  6.852e-02
1.900e+01  7.070e-01  6.852e-02
2.000e+01  7.070e-01  6.852e-02
2.100e+01  7.070e-01  6.852e-02
2.200e+01  7.070e-01  6.852e-02
2.300e+01  7.070e-01  6.852e-02
2.400e+01  7.070e-01  6.852e-02
2.500e+01  7.070e-01  6.852e-02
2.600e+01  7.070e-01  6.852e-02
2.700e+01  7.070e-01  6.852e-02
2.800e+01  7.070e-01  6.852e-02
2.900e+01  7.070e-01  6.852e-02
3.000e+01  7.070e-01  6.852e-02
3.100e+01  7.070e-01  6.852e-02
3.200e+01  7.070e-01  6.852e-02
3.300e+01  7.070e-01  6.852e-02
3.400e+01  7.070e-01  6.852e-02
3.500e+01  7.070e-01  6.852e-02
3.600e+01  7.070e-01  6.852e-02
3.700e+01  7.070e-01  6.852e-02
3.800e+01  7.070e-01  6.852e-02
3.900e+01  7.070e-01  6.852e-02
4.000e+01  7.070e-01  6.852e-02
4.100e+01  7.070e-01  6.852e-02
4.200e+01  7.070e-01  6.852e-02
4.300e+01  7.070e-01  6.852e-02
4.400e+01  7.070e-01  6.852e-02
4.500e+01  7.070e-01  6.852e-02
4.600e+01  7.070e-01  6.852e-02
4.700e+01  7.070e-01  6.852e-02
4.800e+01  7.070e-01  6.852e-02
4.900e+01  7.070e-01  6.852e-02
5.000e+01  7.070e-01  6.852e-02
5.100e+01  7.070e-01  6.852e-02
5.200e+01  7.070e-01  6.852e-02
5.300e+01  7.070e-01  6.852e-02
5.400e+01  7.070e-01  6.852e-02
5.500e+01  7.070e-01  6.852e-02
5.600e+01  7.070e-01  6.852e-02
5.700e+01  7.070e-01  6.852e-02
5.800e+01  7.070e-01  6.852e-02
5.900e+01  7.070e-01  6.852e-02
6.000e+01  7.070e-01  6.852e-02
6.100e+01  7.070e-01  6.852e-02
6.200e+01  7.070e-01  6.852e-02
6.300e+01  7.070e-01  6.852e-02
6.400e+01  7.070e-01  6.852e-02
6.500e+01  7.070e-01  6.852e-02
6.600e+01  7.070e-01  6.852e-02
6.700e+01  7.070e-01  6.852e-02
6.800e+01  7.070e-01  6.852e-02
6.900e+01  7.070e-01  6.852e-02
7.000e+01  7.070e-01  6.852e-02
7.100e+01  7.070e-01  6.852e-02
7.200e+01  7.070e-01  6.852e-02
7.300e+01  7.070e-01  6.852e-02
7.400e+01  7.070e-01  6.852e-02
7.500e+01  7.070e-01  6.852e-02
7.600e+01  7.070e-01  6.852e-02
7.700e+01  7.070e-01  6.852e-02
7.800e+01  7.070e-01  6.852e-02
7.900e+01  7.070e-01  6.852e-02
8.000e+01  7.070e-01  6.852e-02
8.100e+01  7.070e-01  6.852e-02
8.200e+01  7.070e-01  6.852e-02
8.300e+01  7.070e-01  6.852e-02
8.400e+01  7.070e-01  6.852e-02
8.500e+01  7.070e-01  6.852e-02
8.600e+01  7.070e-01  6.852e-02
8.700e+01  7.070e-01  6.852e-02
8.800e+01  7.070e-01  6.852e-02
8.900e+01  7.070e-01  6.852e-02
9.000e+01  7.070e-01  6.852e-02
9.100e+01  7.070e-01  6.852e-02
9.200e+01  7.070e-01  6.852e-02
9.300e+01  7.070e-01  6.852e-02
9.400e+01  7.070e-01  6.852e-02
9.500e+01  7.070e-01  6.852e-02
9.600e+01  7.070e-01  6.852e-02
9.700e+01  7.070e-01  6.852e-02
9.800e+01  7.070e-01  6.852e-02
9.900e+01  7.070e-01  6.852e-02
1.000e+02  7.070e-01  6.852e-02
1.010e+02  7.070e-01  6.852e-02
1.020e+02  7.070e-01  6.852e-02
1.030e+02  7.070e-01  6.852e-02
1.040e+02  7.070e-01  6.852e-02
1.050e+02  7.070e-01  6.852e-02
1.060e+02  7.070e-01  6.852e-02
1.070e+02  7.070e-01  6.852e-02
1.080e+02  7.070e-01  6.852e-02
1.090e+02  7.070e-01  6.852e-02
1.100e+02  7.070e-01  6.852e-02
1.110e+02  7.070e-01  6.852e-02
1.120e+02  7.070e-01  6.852e-02
1.130e+02  7.070e-01  6.852e-02
1.140e+02  7.070e-01  6.852e-02
1.150e+02  7.070e-01  6.852e-02
1.160e+02  7.070e-01  6.852e-02
1.170e+02  7.070e-01  6.852e-02
1.180e+02  7.070e-01  6.852e-02
1.190e+02  7.070e-01  6.852e-02
1.200e+02  7.070e-01  6.852e-02
1.210e+02  7.070e-01  6.852e-02
1.220e+02  7.070e-01  6.852e-02
1.230e+02  7.070e-01  6.852e-02
1.240e+02  7.070e-01  6.852e-02
1.250e+02  7.070e-01  6.852e-02
1.260e+02  7.070e-01  6.852e-02
1.270e+02  7.070e-01  6.852e-02
1.280e+02  7.070e-01  6.852e-02
1.290e+02  7.070e-01  6.852e-02
1.300e+02  7.070e-01  6.852e-02
1.310e+02  7.070e-01  6.852e-02
1.320e+02  7.070e-01  6.852e-02
1.330e+02  7.070e-01  6.852e-02
1.340e+02  7.070e-01  6.852e-02
1.350e+02  7.070e-01  6.852e-02
1.360e+02  7.070e-01  6.852e-02
1.370e+02  7.070e-01  6.852e-02
1.380e+02  7.070e-01  6.852e-02
1.390e+02  7.070e-01  6.852e-02
1.400e+02  7.070e-01  6.852e-02
1.410e+02  7.070e-01  6.852e-02
1.420e+02  7.070e-01  6.852e-02
1.430e+02  7.070e-01  6.852e-02
1.440e+02  7.070e-01  6.852e-02
1.450e+02  7.070e-01  6.852e-02
1.460e+02  7.070e-01  6.852e-02
1.470e+02  7.070e-01  6.852e-02
1.480e+02  7.070e-01  6.852e-02
1.490e+02  7.070e-01  6.852e-02
1.500e+02  7.070e-01  6.852e-02
1.510e+02  7.070e-01  6.852e-02
1.520e+02  7.070e-01  6.852e-02
1.530e+02  7.070e-01  6.852e-02
1.540e+02  7.070e-01  6.852e-02
1.550e+02  7.070e-01  6.852e-02
1.560e+02  7.070e-01  6.852e-02
1.570e+02  7.070e-01  6.852e-02
1.580e+02  7.070e-01  6.852e-02
1.590e+02  7.070e-01  6.852e-02
1.600e+02  7.070e-01  6.852e-02
1.610e+02  7.070e-01  6.852e-02
1.620e+02  7.070e-01  6.852e-02
1.630e+02  7.070e-01  6.852e-02
1.640e+02  7.070e-01  6.852e-02
1.650e+02  7.070e-01  6.852e-02
1.660e+02  7.070e-01  6.852e-02
1.670e+02  7.070e-01  6.852e-02
1.680e+02  7.070e-01  6.852e-02
1.690e+02  7.070e-01  6.852e-02
1.700e+02  7.070e-01  6.852e-02
1.710e+02  7.070e-01  6.852e-02
1.720e+02  7.070e-01  6.852e-02
1.730e+02  7.070e-01  6.852e-02
1.740e+02  7.070e-01  6.852e-02
1.750e+02  7.070e-01  6.852e-02
1.760e+02  7.070e-01  6.852e-02
1.770e+02  7.070e-01  6.852e-02
1.780e+02  7.070e-01  6.852e-02
1.790e+02  7.070e-01  6.852e-02
1.800e+02  7.070e-01  6.852e-02
1.810e+02  7.070e-01  6.852e-02
1.820e+02  7.070e-01  6.852e-02
1.830e+02  7.070e-01  6.852e-02
1.840e+02  7.070e-01  6.852e-02
1.850e+02  7.070e-01  6.852e-02
1.860e+02  7.070e-01  6.852e-02
1.870e+02  7.070e-01  6.852e-02
1.880e+02  7.070e-01  6.852e-02
1.890e+02  7.070e-01  6.852e-02
1.900e+02  7.070e-01  6.852e-02
1.910e+02  7.070e-01  6.852e-02
1.920e+02  7.070e-01  6.852e-02
1.930e+02  7.070e-01  6.852e-02
1.940e+02  7.070e-01  6.852e-02
1.950e+02  7.070e-01  6.852e-02
1.960e+02  7.070e-01  6.852e-02
1.970e+02  7.070e-01  6.852e-02
1.980e+02  7.070e-01  6.852e-02
1.990e+02  7.070e-01  6.852e-02
2.000e+02  7.070e-01  6.852e-02
2.010e+02  7.070e-01  6.852e-02
2.020e+02  7.070e-01  6.852e-02
2.030e+02  7.070e-01  6.852e-02
2.040e+02  7.070e-01  6.852e-02
2.050e+02  7.070e-01  6.852e-02
2.060e+02  7.070e-01  6.852e-02
2.070e+02  7.070e-01  6.852e-02
2.080e+02  7.070e-01  6.852e-02
2.090e+02  7.070e-01  6.852e-02
2.100e+02  7.070e-01  6.852e-02
2.110e+02  7.070e-01  6.852e-02
2.120e+02  7.070e-01  6.852e-02
2.130e+02  7.070e-01  6.852e-02
2.140e+02  7.070e-01  6.852e-02
2.150e+02  7.070e-01  6.852e-02
2.160e+02  7.070e-01  6.852e-02
2.170e+02  7.070e-01  6.852e-02
2.180e+02  7.070e-01  6.852e-02
2.190e+02  7.070e-01  6.852e-02
2.200e+02  7.070e-01  6.852e-02
2.210e+02  7.070e-01  6.852e-02
2.220e+02  7.070e-01  6.852e-02
2.230e+02  7.070e-01  6.852e-02
2.240e+02  7.070e-01  6.852e-02
2.250e+02  7.070e-01  6.852e-02
2.260e+02  7.070e-01  6.852e-02
2.270e+02  7.070e-01  6.852e-02
2.280e+02  7.070e-01  6.852e-02
2.290e+02  7.070e-01  6.852e-02
2.300e+02  7.070e-01  6.852e-02
2.310e+02  7.070e-01  6.852e-02
2.320e+02  7.070e-01  6.852e-02
2.330e+02  7.070e-01  6.852e-02
2.340e+02  7.070e-01  6.852e-02
2.350e+02  7.070e-01  6.852e-02
2.360e+02  7.070e-01  6.852e-02
2.370e+02  7.070e-01  6.852e-02
2.380e+02  7.070e-01  6.852e-02
2.390e+02  7.070e-01  6.852e-02
2.400e+02  7.070e-01  6.852e-02
2.410e+02  7.070e-01  6.852e-02
2.420e+02  7.070e-01  6.852e-02
2.430e+02  7.070e-01  6.852e-02
2.440e+02  7.070e-01  6.852e-02
2.450e+02  7.070e-01  6.852e-02
2.460e+02  7.070e-01  6.852e-02
2.470e+02  7.070e-01  6.852e-02
2.480e+02  7.070e-01  6.852e-02
2.490e+02  7.070e-01  6.852e-02
2.500e+02  7.070e-01  6.852e-02
2.510e+02  7.070e-01  6.852e-02
2.520e+02  7.070e-01  6.852e-02
2.530e+02  7.070e-01  6.852e-02
2.540e+02  7.070e-01  6.852e-02
2.550e+02  7.070e-01  6.852e-02
2.560e+02  7.070e-01  6.852e-02
2.570e+02  7.070e-01  6.852e-02
2.580e+02  7.070e-01  6.852e-02
2.590e+02  7.070e-01  6.852e-02
2.600e+02  7.070e-01  6.852e-02
2.610e+02  7.070e-01  6.852e-02
2.620e+02  7.070e-01  6.852e-02
2.630e+02  7.070e-01  6.852e-02
2.640e+02  7.070e-01  6.852e-02
2.650e+02  7.070e-01  6.852e-02
2.660e+02  7.070e-01  6.852e-02
2.670e+02  7.070e-01  6.852e-02
2.680e+02  7.070e-01  6.852e-02
2.690e+02  7.070e-01  6.852e-02
2.700e+02  7.070e-01  6.852e-02
2.710e+02  7.070e-01  6.852e-02
2.720e+02  7.070e-01  6.852e-02
2.730e+02  7.070e-01  6.852e-02
2.740e+02  7.070e-01  6.852e-02
2.750e+02  7.070e-01  6.852e-02
2.760e+02  7.070e-01  6.852e-02
2.770e+02  7.070e-01  6.852e-02
2.780e+02  7.070e-01  6.852e-02
2.790e+02  7.070e-01  6.852e-02
2.800e+02  7.070e-01  6.852e-02
2.810e+02  7.070e-01  6.852e-02
2.820e+02  7.070e-01  6.852e-02
2.830e+02  7.070e-01  6.852e-02
2.840e+02  7.070e-01  6.852e-02
2.850e+02  7.070e-01  6.852e-02
2.860e+02  7.070e-01  6.852e-02
2.870e+02  7.070e-01  6.852e-02
2.880e+02  7.070e-01  6.852e-02
2.890e+02  7.070e-01  6.852e-02
2.900e+02  7.070e-01  6.852e-02
2.910e+02  7.070e-01  6.852e-02
2.920e+02  7.070e-01  6.852e-02
2.930e+02  7.070e-01  6.852e-02
2.940e+02  7.070e-01  6.852e-02
2.950e+02  7.070e-01  6.852e-02
2.960e+02  7.070e-01  6.852e-02
2.970e+02  7.070e-01  6.852e-02
2.980e+02  7.070e-01  6.852e-02
2.990e+02  7.070e-01  6.852e-02
3.000e+02  7.070e-01  6.852e-02
3.010e+02  7.070e-01  6.852e-02
3.020e+02  7.070e-01  6.852e-02
3.030e+02  7.070e-01  6.852e-02
3.040e+02  7.070e-01  6.852e-02
3.050e+02  7.070e-01  6.852e-02
3.060e+02  7.070e-01  6.852e-02
3.070e+02  7.070e-01  6.852e-02
3.080e+02  7.070e-01  6.852e-02
3.090e+02  7.070e-01  6.852e-02
3.100e+02  7.070e-01  6.852e-02
3.110e+02  7.070e-01  6.852e-02
3.120e+02  7.070e-01  6.852e-02
3.130e+02  7.070e-01  6.852e-02
3.140e+02  7.070e-01  6.852e-02
3.150e+02  7.070e-01  6.852e-02
3.160e+02  7.070e-01  6.852e-02
3.170e+02  7.070e-01  6.852e-02
3.180e+02  7.070e-01  6.852e-02
3.190e+02  7.070e-01  6.852e-02
3.200e+02  7.070e-01  6.852e-02
3.210e+02  7.070e-01  6.852e-02
3.220e+02  7.070e-01  6.852e-02
3.230e+02  7.070e-01  6.852e-02
3.240e+02  7.070e-01  6.852e-02
3.250e+02  7.070e-01  6.852e-02
3.260e+02  7.070e-01  6.852e-02
3.270e+02  7.070e-01  6.852e-02
3.280e+02  7.070e-01  6.852e-02
3.290e+02  7.070e-01  6.852e-02
3.300e+02  7.070e-01  6.852e-02
3.310e+02  7.070e-01  6.852e-02
3.320e+02  7.070e-01  6.852e-02
3.330e+02  7.070e-01  6.852e-02
3.340e+02  7.070e-01  6.852e-02
3.350e+02  7.070e-01  6.852e-02
3.360e+02  7.070e-01  6.852e-02
3.370e+02  7.070e-01  6.852e-02
3.380e+02  7.070e-01  6.852e-02
3.390e+02  7.070e-01  6.852e-02
3.400e+02  7.070e-01  6.852e-02
3.410e+02  7.070e-01  6.852e-02
3.420e+02  7.070e-01  6.852e-02
3.430e+02  7.070e-01  6.852e-02
3.440e+02  7.070e-01  6.852e-02
3.450e+02  7.070e-01  6.852e-02
3.460e+02  7.070e-01  6.852e-02
3.470e+02  7.070e-01  6.852e-02
3.480e+02  7.070e-01  6.852e-02
3.490e+02  7.070e-01  6.852e-02
3.500e+02  7.070e-01  6.852e-02
3.510e+02  7.070e-01  6.852e-02
3.520e+02  7.070e-01  6.852e-02
3.530e+02  7.070e-01  6.852e-02
3.540e+02  7.070e-01  6.851e-02
3.550e+02  7.071e-01  6.851e-02
3.560e+02  7.071e-01  6.851e-02
3.570e+02  7.071e-01  6.850e-02
3.580e+02  7.071e-01  6.849e-02
3.590e+02  7.072e-01  6.848e-02
3.600e+02  7.072e-01  6.846e-02
3.610e+02  7.073e-01  6.844e-02
3.620e+02  7.074e-01  6.841e-02
3.630e+02  7.075e-01  6.837e-02
3.640e+02  7.077e-01  6.833e-02
3.650e+02  7.078e-01  6.827e-02
3.660e+02  7.081e-01  6.819e-02
3.670e+02  7.084e-01  6.810e-02
3.680e+02  7.088e-01  6.798e-02
3.690e+02  7.093e-01  6.784e-02
3.700e+02  7.099e-01  6.766e-02
3.710e+02  7.106e-01  6.744e-02
3.720e+02  7.114e-01  6.718e-02
3.730e+02  7.125e-01  6.687e-02
3.740e+02  7.137e-01  6.650e-02
3.750e+02  7.152e-01  6.607e-02
3.760e+02  7.169e-01  6.556e-02
3.770e+02  7.188e-01  6.497e-02
3.780e+02  7.211e-01  6.430e-02
3.790e+02  7.237e-01  6.353e-02
3.800e+02  7.267e-01  6.266e-02
3.810e+02  7.300e-01  6.168e-02
3.820e+02  7.338e-01  6.060e-02
3.830e+02  7.380e-01  5.939e-02
3.840e+02  7.426e-01  5.808e-02
3.850e+02  7.477e-01  5.664e-02
3.860e+02  7.532e-01  5.510e-02
3.870e+02  7.592e-01  5.344e-02
3.880e+02  7.657e-01  5.168e-02
3.890e+02  7.726e-01  4.981e-02
3.900e+02  7.799e-01  4.786e-02
3.910e+02  7.876e-01  4.583e-02
3.920e+02  7.958e-01  4.373e-02
3.930e+02  8.042e-01  4.157e-02
3.940e+02  8.130e-01  3.937e-02
3.950e+02  8.220e-01  3.715e-02
3.960e+02  8.312e-01  3.491e-02
3.970e+02  8.406e-01  3.267e-02
3.980e+02  8.501e-01  3.045e-02
3.990e+02  8.596e-01  2.826e-02
4.000e+02  8.691e-01  2.611e-02
4.010e+02  8.785e-01  2.402e-02
4.020e+02  8.877e-01  2.199e-02
4.030e+02  8.968e-01  2.005e-02
4.040e+02  9.056e-01  1.819e-02
4.050e+02  9.140e-01  1.642e-02
4.060e+02  9.222e-01  1.475e-02
4.070e+02  9.299e-01  1.318e-02
4.080e+02  9.372e-01  1.173e-02
4.090e+02  9.441e-01  1.037e-02
4.100e+02  9.505e-01  9.128e-03
4.110e+02  9.564e-01  7.989e-03
4.120e+02  9.619e-01  6.954e-03
4.130e+02  9.669e-01  6.019e-03
4.140e+02  9.713e-01  5.180e-03
4.150e+02  9.754e-01  4.433e-03
4.160e+02  9.790e-01  3.771e-03
4.170e+02  9.822e-01  3.188e-03
4.180e+02  9.850e-01  2.680e-03
4.190e+02  9.874e-01  2.238e-03
4.200e+02  9.895e-01  1.858e-03
4.210e+02  9.914e-01  1.533e-03
4.220e+02  9.929e-01  1.257e-03
4.230e+02  9.942e-01  1.023e-03
4.240e+02  9.953e-01  8.282e-04
4.250e+02  9.962e-01  6.658e-04
4.260e+02  9.970e-01  5.317e-04
4.270e+02  9.976e-01  4.219e-04
4.280e+02  9.981e-01  3.325e-04
4.290e+02  9.985e-01  2.603e-04
4.300e+02  9.988e-01  2.024e-04
4.310e+02  9.991e-01  1.564e-04
4.320e+02  9.993e-01  1.200e-04
4.330e+02  9.995e-01  9.140e-05
4.340e+02  9.996e-01  6.918e-05
4.350e+02  9.997e-01  5.200e-05
4.360e+02  9.998e-01  3.882e-05
4.370e+02  9.998e-01  2.879e-05
4.380e+02  9.999e-01  2.120e-05
4.390e+02  9.999e-01  1.551e-05
4.400e+02  9.999e-01  1.127e-05
4.410e+02  1.000e+00  8.128e-06
4.420e+02  1.000e+00  5.824e-06
4.430e+02  1.000e+00  4.145e-06
4.440e+02  1.000e+00  2.930e-06
4.450e+02  1.000e+00  2.057e-06
4.460e+02  1.000e+00  1.434e-06
4.470e+02  1.000e+00  9.933e-07
4.480e+02  1.000e+00  6.832e-07
4.490e+02  1.000e+00  4.668e-07
4.500e+02  1.000e+00  3.167e-07
4.510e+02  1.000e+00  2.135e-07
4.520e+02  1.000e+00  1.429e-07
4.530e+02  1.000e+00  9.501e-08
4.540e+02  1.000e+00  6.274e-08
4.550e+02  1.000e+00  4.116e-08
4.560e+02  1.000e+00  2.682e-08
4.570e+02  1.000e+00  1.736e-08
4.580e+02  1.000e+00  1.116e-08
4.590e+02  1.000e+00  7.127e-09
4.600e+02  1.000e+00  4.521e-09
4.610e+02  1.000e+00  2.849e-09
4.620e+02  1.000e+00  1.783e-09
4.630e+02  1.000e+00  1.109e-09
4.640e+02  1.000e+00  6.851e-10
4.650e+02  1.000e+00  4.204e-10
4.660e+02  1.000e+00  2.563e-10
4.670e+02  1.000e+00  1.552e-10
4.680e+02  1.000e+00  9.341e-11
4.690e+02  1.000e+00  5.584e-11
4.700e+02  1.000e+00  3.316e-11
4.710e+02  1.000e+00  1.957e-11
4.720e+02  1.000e+00  1.147e-11
4.730e+02  1.000e+00  6.682e-12
4.740e+02  1.000e+00  3.867e-12
4.750e+02  1.000e+00  2.224e-12
4.760e+02  1.000e+00  1.271e-12
4.770e+02  1.000e+00  7.214e-13
4.780e+02  1.000e+00  4.069e-13
4.790e+02  1.000e+00  2.281e-13
4.800e+02  1.000e+00  1.271e-13
4.810e+02  1.000e+00  7.033e-14
4.820e+02  1.000e+00  3.868e-14
4.830e+02  1.000e+00  2.114e-14
4.840e+02  1.000e+00  1.149e-14
4.850e+02  1.000e+00  6.200e-15
4.860e+02  1.000e+00  3.326e-15
4.870e+02  1.000e+00  1.774e-15
4.880e+02  1.000e+00  9.398e-16
4.890e+02  1.000e+00  4.950e-16
4.900e+02  1.000e+00  2.591e-16
4.910e+02  1.000e+00  1.348e-16
4.920e+02  1.000e+00  6.970e-17
4.930e+02  1.000e+00  3.582e-17
4.940e+02  1.000e+00  1.830e-17
4.950e+02  1.000e+00  9.294e-18
4.960e+02  1.000e+00  4.691e-18
4.970e+02  1.000e+00  2.354e-18
4.980e+02  1.000e+00  1.174e-18
4.990e+02  1.000e+00  5.822e-19
5.000e+02  1.000e+00  2.870e-19
5.010e+02  1.000e+00  1.406e-19
5.020e+02  1.000e+00  6.850e-20
5.030e+02  1.000e+00  3.318e-20
5.040e+02  1.000e+00  1.598e-20
5.050e+02  1.000e+00  7.648e-21
5.060e+02  1.000e+00  3.640e-21
5.070e+02  1.000e+00  1.723e-21
5.080e+02  1.000e+00  8.105e-22
5.090e+02  1.000e+00  3.792e-22
5.100e+02  1.000e+00  1.764e-22
5.110e+02  1.000e+00  8.159e-23
5.120e+02  1.000e+00  3.753e-23
5.130e+02  1.000e+00  1.716e-23
5.140e+02  1.000e+00  7.807e-24
5.150e+02  1.000e+00  3.531e-24
5.160e+02  1.000e+00  1.588e-24
5.170e+02  1.000e+00  7.103e-25
5.180e+02  1.000e+00  3.160e-25
5.190e+02  1.000e+00  1.398e-25
5.200e+02  1.000e+00  6.150e-26
5.210e+02  1.000e+00  2.691e-26
5.220e+02  1.000e+00  1.171e-26
5.230e+02  1.000e+00  5.070e-27
5.240e+02  1.000e+00  2.183e-27
5.250e+02  1.000e+00  9.348e-28
5.260e+02  1.000e+00  3.982e-28
5.270e+02  1.000e+00  1.687e-28
5.280e+02  1.000e+00  7.111e-29
5.290e+02  1.000e+00  2.981e-29
5.300e+02  1.000e+00  1.243e-29
5.310e+02  1.000e+00  5.158e-30
5.320e+02  1.000e+00  2.129e-30
5.330e+02  1.000e+00  8.739e-31
5.340e+02  1.000e+00  3.570e-31
5.350e+02  1.000e+00  1.450e-31
5.360e+02  1.000e+00  5.864e-32
5.370e+02  1.000e+00  2.359e-32
5.380e+02  1.000e+00  9.438e-33
5.390e+02  1.000e+00  3.758e-33
5.400e+02  1.000e+00  1.489e-33
5.410e+02  1.000e+00  5.868e-34
5.420e+02  1.000e+00  2.301e-34
5.430e+02  1.000e+00  8.981e-35
5.440e+02  1.000e+00  3.487e-35
5.450e+02  1.000e+00  1.347e-35
5.460e+02  1.000e+00  5.181e-36
5.470e+02  1.000e+00  1.982e-36
5.480e+02  1.000e+00  7.548e-37
5.490e+02  1.000e+00  2.860e-37
5.500e+02  1.000e+00  1.079e-37
5.510e+02  1.000e+00  4.047e-38
5.520e+02  1.000e+00  1.512e-38
5.530e+02  1.000e+00  5.619e-39
5.540e+02  1.000e+00  2.079e-39
5.550e+02  1.000e+00  7.653e-40
5.560e+02  1.000e+00  2.804e-40
5.570e+02  1.000e+00  1.023e-40
5.580e+02  1.000e+00  3.713e-41
5.590e+02  1.000e+00  1.342e-41
5.600e+02  1.000e+00  4.826e-42
5.610e+02  1.000e+00  1.728e-42
5.620e+02  1.000e+00  6.158e-43
5.630e+02  1.000e+00  2.184e-43
5.640e+02  1.000e+00  7.714e-44
5.650e+02  1.000e+00  2.712e-44
5.660e+02  1.000e+00  9.489e-45
5.670e+02  1.000e+00  3.306e-45
5.680e+02  1.000e+00  1.146e-45
5.690e+02  1.000e+00  3.958e-46
5.700e+02  1.000e+00  1.361e-46
5.710e+02  1.000e+00  4.656e-47
5.720e+02  1.000e+00  1.586e-47
5.730e+02  1.000e+00  5.381e-48
5.740e+02  1.000e+00  1.818e-48
5.750e+02  1.000e+00  6.112e-49
5.760e+02  1.000e+00  2.046e-49
5.770e+02  1.000e+00  6.822e-50
5.780e+02  1.000e+00  2.265e-50
5.790e+02  1.000e+00  7.485e-51
5.800e+02  1.000e+00  2.463e-51
5.810e+02  1.000e+00  8.073e-52
5.820e+02  1.000e+00  2.635e-52
5.830e+02  1.000e+00  8.562e-53
5.840e+02  1.000e+00  2.771e-53
5.850e+02  1.000e+00  8.929e-54
5.860e+02  1.000e+00  2.866e-54
5.870e+02  1.000e+00  9.159e-55
5.880e+02  1.000e+00  2.915e-55
5.890e+02  1.000e+00  9.241e-56
5.900e+02  1.000e+00  2.917e-56
5.910e+02  1.000e+00  9.172e-57
5.920e+02  1.000e+00  2.872e-57
5.930e+02  1.000e+00  8.958e-58
5.940e+02  1.000e+00  2.783e-58
5.950e+02  1.000e+00  8.609e-59
5.960e+02  1.000e+00  2.653e-59
5.970e+02  1.000e+00  8.144e-60
5.980e+02  1.000e+00  2.490e-60
5.990e+02  1.000e+00  7.582e-61
6.000e+02  1.000e+00  2.300e-61
6.010e+02  1.000e+00  6.950e-62
6.020e+02  1.000e+00  2.092e-62
6.030e+02  1.000e+00  6.272e-63
6.040e+02  1.000e+00  1.873e-63
6.050e+02  1.000e+00  5.573e-64
6.060e+02  1.000e+00  1.652e-64
6.070e+02  1.000e+00  4.878e-65
6.080e+02  1.000e+00  1.435e-65
6.090e+02  1.000e+00  4.205e-66
6.100e+02  1.000e+00  1.228e-66
6.110e+02  1.000e+00  3.571e-67
6.120e+02  1.000e+00  1.035e-67
6.130e+02  1.000e+00  2.987e-68
6.140e+02  1.000e+00  8.593e-69
6.150e+02  1.000e+00  2.463e-69
6.160e+02  1.000e+00  7.031e-70
6.170e+02  1.000e+00  2.000e-70
6.180e+02  1.000e+00  5.671e-71
6.190e+02  1.000e+00  1.602e-71
6.200e+02  1.000e+00  4.508e-72
6.210e+02  1.000e+00  1.264e-72
6.220e+02  1.000e+00  3.532e-73
6.230e+02  1.000e+00  9.834e-74
6.240e+02  1.000e+00  2.728e-74
6.250e+02  1.000e+00  7.543e-75
6.260e+02  1.000e+00  2.078e-75
6.270e+02  1.000e+00  5.706e-76
6.280e+02  1.000e+00  1.561e-76
6.290e+02  1.000e+00  4.256e-77
6.300e+02  1.000e+00  1.156e-77
6.310e+02  1.000e+00  3.131e-78
6.320e+02  1.000e+00  8.448e-79
6.330e+02  1.000e+00  2.272e-79
6.340e+02  1.000e+00  6.088e-80
6.350e+02  1.000e+00  1.626e-80
6.360e+02  1.000e+00  4.329e-81
6.370e+02  1.000e+00  1.149e-81
6.380e+02  1.000e+00  3.037e-82
6.390e+02  1.000e+00  8.004e-83
6.400e+02  1.000e+00  2.102e-83
6.410e+02  1.000e+00  5.504e-84
6.420e+02  1.000e+00  1.436e-84
6.430e+02  1.000e+00  3.736e-85
6.440e+02  1.000e+00  9.685e-86
6.450e+02  1.000e+00  2.503e-86
6.460e+02  1.000e+00  6.446e-87
6.470e+02  1.000e+00  1.655e-87
6.480e+02  1.000e+00  4.235e-88
6.490e+02  1.000e+00  1.080e-88
6.500e+02  1.000e+00  2.748e-89
6.510e+02  1.000e+00  6.965e-90
6.520e+02  1.000e+00  1.760e-90
6.530e+02  1.000e+00  4.433e-91
6.540e+02  1.000e+00  1.113e-91
6.550e+02  1.000e+00  2.787e-92
6.560e+02  1.000e+00  6.954e-93
6.570e+02  1.000e+00  1.730e-93
6.580e+02  1.000e+00  4.291e-94
6.590e+02  1.000e+00  1.061e-94
6.600e+02  1.000e+00  2.615e-95
6.610e+02  1.000e+00  6.427e-96
6.620e+02  1.000e+00  1.575e-96
6.630e+02  1.000e+00  3.846e-97
6.640e+02  1.000e+00  9.367e-98
6.650e+02  1.000e+00  2.274e-98
6.660e+02  1.000e+00  5.506e-99
6.670e+02  1.000e+00  1.329e-99
6.680e+02  1.000e+00  3.198e-100
6.690e+02  1.000e+00  7.674e-101
6.700e+02  1.000e+00  1.836e-101
6.710e+02  1.000e+00  4.380e-102
6.720e+02  1.000e+00  1.042e-102
6.730e+02  1.000e+00  2.470e-103
6.740e+02  1.000e+00  5.842e-104
6.750e+02  1.000e+00  1.378e-104
6.760e+02  1.000e+00  3.239e-105
6.770e+02  1.000e+00  7.594e-106
6.780e+02  1.000e+00  1.775e-106
6.790e+02  1.000e+00  4.139e-107
6.800e+02  1.000e+00  9.621e-108
6.810e+02  1.000e+00  2.230e-108
6.820e+02  1.000e+00  5.156e-109
6.830e+02  1.000e+00  1.189e-109
6.840e+02  1.000e+00  2.732e-110
6.850e+02  1.000e+00  6.264e-111
6.860e+02  1.000e+00  1.432e-111
6.870e+02  1.000e+00  3.265e-112
6.880e+02  1.000e+00  7.424e-113
6.890e+02  1.000e+00  1.683e-113
6.900e+02  1.000e+00  3.807e-114
6.910e+02  1.000e+00  8.585e-115
6.920e+02  1.000e+00  1.931e-115
6.930e+02  1.000e+00  4.332e-116
6.940e+02  1.000e+00  9.691e-117
6.950e+02  1.000e+00  2.162e-117
6.960e+02  1.000e+00  4.812e-118
6.970e+02  1.000e+00  1.068e-118
6.980e+02  1.000e+00  2.364e-119
6.990e+02  1.000e+00  5.220e-120
7.000e+02  1.000e+00  1.150e-120
7.010e+02  1.000e+00  2.525e-121
7.020e+02  1.000e+00  5.532e-122
7.030e+02  1.000e+00  1.209e-122
7.040e+02  1.000e+00  2.635e-123
7.050e+02  1.000e+00  5.727e-124
7.060e+02  1.000e+00  1.242e-124
7.070e+02  1.000e+00  2.686e-125
7.080e+02  1.000e+00  5.796e-126
7.090e+02  1.000e+00  1.247e-126
7.100e+02  1.000e+00  2.677e-127
7.110e+02  1.000e+00  5.733e-128
7.120e+02  1.000e+00  1.225e-128
7.130e+02  1.000e+00  2.609e-129
7.140e+02  1.000e+00  5.546e-130
7.150e+02  1.000e+00  1.176e-130
7.160e+02  1.000e+00  2.487e-131
7.170e+02  1.000e+00  5.247e-132
7.180e+02  1.000e+00  1.104e-132
7.190e+02  1.000e+00  2.319e-133
7.200e+02  1.000e+00  4.857e-134
7.210e+02  1.000e+00  1.015e-134
7.220e+02  1.000e+00  2.115e-135
7.230e+02  1.000e+00  4.399e-136
7.240e+02  1.000e+00  9.127e-137
7.250e+02  1.000e+00  1.889e-137
7.260e+02  1.000e+00  3.900e-138
7.270e+02  1.000e+00  8.035e-139
7.280e+02  1.000e+00  1.651e-139
7.290e+02  1.000e+00  3.386e-140
7.300e+02  1.000e+00  6.926e-141
7.310e+02  1.000e+00  1.414e-141
7.320e+02  1.000e+00  2.878e-142
7.330e+02  1.000e+00  5.847e-143
7.340e+02  1.000e+00  1.185e-143
7.350e+02  1.000e+00  2.397e-144
7.360e+02  1.000e+00  4.836e-145
7.370e+02  1.000e+00  9.734e-146
7.380e+02  1.000e+00  1.955e-146
7.390e+02  1.000e+00  3.918e-147
7.400e+02  1.000e+00  7.835e-148
7.410e+02  1.000e+00  1.563e-148
7.420e+02  1.000e+00  3.112e-149
7.430e+02  1.000e+00  6.181e-150
7.440e+02  1.000e+00  1.225e-150
7.450e+02  1.000e+00  2.423e-151
7.460e+02  1.000e+00  4.780e-152
7.470e+02  1.000e+00  9.412e-153
7.480e+02  1.000e+00  1.849e-153
7.490e+02  1.000e+00  3.625e-154
7.500e+02  1.000e+00  7.091e-155
7.510e+02  1.000e+00  1.384e-155
7.520e+02  1.000e+00  2.696e-156
7.530e+02  1.000e+00  5.240e-157
7.540e+02  1.000e+00  1.016e-157
7.550e+02  1.000e+00  1.967e-158
7.560e+02  1.000e+00  3.799e-159
7.570e+02  1.000e+00  7.322e-160
7.580e+02  1.000e+00  1.408e-160
7.590e+02  1.000e+00  2.703e-161
7.600e+02  1.000e+00  5.176e-162
7.610e+02  1.000e+00  9.893e-163
7.620e+02  1.000e+00  1.887e-163
7.630e+02  1.000e+00  3.592e-164
7.640e+02  1.000e+00  6.823e-165
7.650e+02  1.000e+00  1.293e-165
7.660e+02  1.000e+00  2.447e-166
7.670e+02  1.000e+00  4.619e-167
7.680e+02  1.000e+00  8.704e-168
7.690e+02  1.000e+00  1.637e-168
7.700e+02  1.000e+00  3.071e-169
7.710e+02  1.000e+00  5.752e-170
7.720e+02  1.000e+00  1.075e-170
7.730e+02  1.000e+00  2.006e-171
7.740e+02  1.000e+00  3.734e-172
7.750e+02  1.000e+00  6.938e-173
7.760e+02  1.000e+00  1.287e-173
7.770e+02  1.000e+00  2.381e-174
7.780e+02  1.000e+00  4.399e-175
7.790e+02  1.000e+00  8.110e-176
7.800e+02  1.000e+00  1.492e-176
7.810e+02  1.000e+00  2.741e-177
7.820e+02  1.000e+00  5.024e-178
7.830e+02  1.000e+00  9.191e-179
7.840e+02  1.000e+00  1.678e-179
7.850e+02  1.000e+00  3.059e-180
7.860e+02  1.000e+00  5.564e-181
7.870e+02  1.000e+00  1.010e-181
7.880e+02  1.000e+00  1.831e-182
7.890e+02  1.000e+00  3.312e-183
7.900e+02  1.000e+00  5.979e-184
7.910e+02  1.000e+00  1.078e-184
7.920e+02  1.000e+00  1.938e-185
7.930e+02  1.000e+00  3.480e-186
7.940e+02  1.000e+00  6.237e-187
7.950e+02  1.000e+00  1.116e-187
7.960e+02  1.000e+00  1.992e-188
7.970e+02  1.000e+00  3.551e-189
7.980e+02  1.000e+00  6.319e-190
7.990e+02  1.000e+00  1.128e-190
8.000e+02  1.000e+00  2.341e-191
