0.000e+00  9.498e-01  9.248e-03
1.000e+00  9.498e-01  9.248e-03
2.000e+00  9.498e-01  9.248e-03
3.000e+00  9.498e-01  9.248e-03
4.000e+00  9.498e-01  9.248e-03
5.000e+00  9.498e-01  9.248e-03
6.000e+00  9.498e-01  9.248e-03
7.000e+00  9.498e-01  9.248e-03
8.000e+00  9.498e-01  9.248e-03
9.000e+00  9.498e-01  9.248e-03
1.000e+01  9.498e-01  9.248e-03
1.100e+01  9.498e-01  9.248e-03
1.200e+01  9.498e-01  9.248e-03
1.300e+01  9.498e-01  9.248e-03
1.400e+01  9.498e-01  9.248e-03
1.500e+01  9.498e-01  9.248e-03
1.600e+01  9.498e-01  9.248e-03
1.700e+01  9.498e-01  9.248e-03
1.800e+01  9.498e-01  9.248e-03
1.900e+01  9.498e-01  9.248e-03
2.000e+01  9.498e-01  9.248e-03
2.100e+01  9.498e-01  9.248e-03
2.200e+01  9.498e-01  9.248e-03
2.300e+01  9.498e-01  9.248e-03
2.400e+01  9.498e-01  9.248e-03
2.500e+01  9.498e-01  9.248e-03
2.600e+01  9.498e-01  9.248e-03
2.700e+01  9.498e-01  9.248e-03
2.800e+01  9.498e-01  9.248e-03
2.900e+01  9.498e-01  9.248e-03
3.000e+01  9.498e-01  9.248e-03
3.100e+01  9.498e-01  9.248e-03
3.200e+01  9.498e-01  9.248e-03
3.300e+01  9.498e-01  9.248e-03
3.400e+01  9.498e-01  9.248e-03
3.500e+01  9.498e-01  9.248e-03
3.600e+01  9.498e-01  9.248e-03
3.700e+01  9.498e-01  9.248e-03
3.800e+01  9.498e-01  9.248e-03
3.900e+01  9.498e-01  9.248e-03
4.000e+01  9.498e-01  9.248e-03
4.100e+01  9.498e-01  9.248e-03
4.200e+01  9.498e-01  9.248e-03
4.300e+01  9.498e-01  9.248e-03
4.400e+01  9.498e-01  9.248e-03
4.500e+01  9.498e-01  9.248e-03
4.600e+01  9.498e-01  9.248e-03
4.700e+01  9.498e-01  9.248e-03
4.800e+01  9.498e-01  9.248e-03
4.900e+01  9.498e-01  9.248e-03
5.000e+01  9.498e-01  9.248e-03
5.100e+01  9.498e-01  9.248e-03
5.200e+01  9.498e-01  9.248e-03
5.300e+01  9.498e-01  9.248e-03
5.400e+01  9.498e-01  9.248e-03
5.500e+01  9.498e-01  9.248e-03
5.600e+01  9.498e-01  9.248e-03
5.700e+01  9.498e-01  9.248e-03
5.800e+01  9.498e-01  9.248e-03
5.900e+01  9.498e-01  9.248e-03
6.000e+01  9.498e-01  9.248e-03
6.100e+01  9.498e-01  9.248e-03
6.200e+01  9.498e-01  9.248e-03
6.300e+01  9.498e-01  9.248e-03
6.400e+01  9.498e-01  9.248e-03
6.500e+01  9.498e-01  9.248e-03
6.600e+01  9.498e-01  9.248e-03
6.700e+01  9.498e-01  9.248e-03
6.800e+01  9.498e-01  9.248e-03
6.900e+01  9.498e-01  9.248e-03
7.000e+01  9.498e-01  9.248e-03
7.100e+01  9.498e-01  9.248e-03
7.200e+01  9.498e-01  9.248e-03
7.300e+01  9.498e-01  9.248e-03
7.400e+01  9.498e-01  9.248e-03
7.500e+01  9.498e-01  9.248e-03
7.600e+01  9.498e-01  9.248e-03
7.700e+01  9.498e-01  9.248e-03
7.800e+01  9.498e-01  9.248e-03
7.900e+01  9.498e-01  9.248e-03
8.000e+01  9.498e-01  9.248e-03
8.100e+01  9.498e-01  9.248e-03
8.200e+01  9.498e-01  9.248e-03
8.300e+01  9.498e-01  9.248e-03
8.400e+01  9.498e-01  9.248e-03
8.500e+01  9.498e-01  9.248e-03
8.600e+01  9.498e-01  9.248e-03
8.700e+01  9.498e-01  9.248e-03
8.800e+01  9.498e-01  9.248e-03
8.900e+01  9.498e-01  9.248e-03
9.000e+01  9.498e-01  9.248e-03
9.100e+01  9.498e-01  9.248e-03
9.200e+01  9.498e-01  9.248e-03
9.300e+01  9.498e-01  9.248e-03
9.400e+01  9.498e-01  9.248e-03
9.500e+01  9.498e-01  9.248e-03
9.600e+01  9.498e-01  9.248e-03
9.700e+01  9.498e-01  9.248e-03
9.800e+01  9.498e-01  9.248e-03
9.900e+01  9.498e-01  9.248e-03
1.000e+02  9.498e-01  9.248e-03
1.010e+02  9.498e-01  9.248e-03
1.020e+02  9.498e-01  9.248e-03
1.030e+02  9.498e-01  9.248e-03
1.040e+02  9.498e-01  9.248e-03
1.050e+02  9.498e-01  9.248e-03
1.060e+02  9.498e-01  9.248e-03
1.070e+02  9.498e-01  9.248e-03
1.080e+02  9.498e-01  9.248e-03
1.090e+02  9.498e-01  9.248e-03
1.100e+02  9.498e-01  9.248e-03
1.110e+02  9.498e-01  9.248e-03
1.120e+02  9.498e-01  9.248e-03
1.130e+02  9.498e-01  9.248e-03
1.140e+02  9.498e-01  9.248e-03
1.150e+02  9.498e-01  9.248e-03
1.160e+02  9.498e-01  9.248e-03
1.170e+02  9.498e-01  9.248e-03
1.180e+02  9.498e-01  9.248e-03
1.190e+02  9.498e-01  9.248e-03
1.200e+02  9.498e-01  9.248e-03
1.210e+02  9.498e-01  9.248e-03
1.220e+02  9.498e-01  9.248e-03
1.230e+02  9.498e-01  9.248e-03
1.240e+02  9.498e-01  9.248e-03
1.250e+02  9.498e-01  9.248e-03
1.260e+02  9.498e-01  9.248e-03
1.270e+02  9.498e-01  9.248e-03
1.280e+02  9.498e-01  9.248e-03
1.290e+02  9.498e-01  9.248e-03
1.300e+02  9.498e-01  9.248e-03
1.310e+02  9.498e-01  9.248e-03
1.320e+02  9.498e-01  9.248e-03
1.330e+02  9.498e-01  9.248e-03
1.340e+02  9.498e-01  9.248e-03
1.350e+02  9.498e-01  9.248e-03
1.360e+02  9.498e-01  9.248e-03
1.370e+02  9.498e-01  9.248e-03
1.380e+02  9.498e-01  9.248e-03
1.390e+02  9.498e-01  9.248e-03
1.400e+02  9.498e-01  9.248e-03
1.410e+02  9.498e-01  9.248e-03
1.420e+02  9.498e-01  9.248e-03
1.430e+02  9.498e-01  9.248e-03
1.440e+02  9.498e-01  9.248e-03
1.450e+02  9.498e-01  9.248e-03
1.460e+02  9.498e-01  9.248e-03
1.470e+02  9.498e-01  9.248e-03
1.480e+02  9.498e-01  9.248e-03
1.490e+02  9.498e-01  9.248e-03
1.500e+02  9.498e-01  9.248e-03
1.510e+02  9.498e-01  9.248e-03
1.520e+02  9.498e-01  9.248e-03
1.530e+02  9.498e-01  9.248e-03
1.540e+02  9.498e-01  9.248e-03
1.550e+02  9.498e-01  9.248e-03
1.560e+02  9.498e-01  9.248e-03
1.570e+02  9.498e-01  9.248e-03
1.580e+02  9.498e-01  9.248e-03
1.590e+02  9.498e-01  9.248e-03
1.600e+02  9.498e-01  9.248e-03
1.610e+02  9.498e-01  9.248e-03
1.620e+02  9.498e-01  9.248e-03
1.630e+02  9.498e-01  9.248e-03
1.640e+02  9.498e-01  9.248e-03
1.650e+02  9.498e-01  9.248e-03
1.660e+02  9.498e-01  9.248e-03
1.670e+02  9.498e-01  9.248e-03
1.680e+02  9.498e-01  9.248e-03
1.690e+02  9.498e-01  9.248e-03
1.700e+02  9.498e-01  9.248e-03
1.710e+02  9.498e-01  9.248e-03
1.720e+02  9.498e-01  9.248e-03
1.730e+02  9.498e-01  9.248e-03
1.740e+02  9.498e-01  9.248e-03
1.750e+02  9.498e-01  9.248e-03
1.760e+02  9.498e-01  9.248e-03
1.770e+02  9.498e-01  9.248e-03
1.780e+02  9.498e-01  9.248e-03
1.790e+02  9.498e-01  9.248e-03
1.800e+02  9.498e-01  9.248e-03
1.810e+02  9.498e-01  9.248e-03
1.820e+02  9.498e-01  9.248e-03
1.830e+02  9.498e-01  9.248e-03
1.840e+02  9.498e-01  9.248e-03
1.850e+02  9.498e-01  9.248e-03
1.860e+02  9.498e-01  9.248e-03
1.870e+02  9.498e-01  9.248e-03
1.880e+02  9.498e-01  9.248e-03
1.890e+02  9.498e-01  9.248e-03
1.900e+02  9.498e-01  9.248e-03
1.910e+02  9.498e-01  9.248e-03
1.920e+02  9.498e-01  9.248e-03
1.930e+02  9.498e-01  9.248e-03
1.940e+02  9.498e-01  9.248e-03
1.950e+02  9.498e-01  9.248e-03
1.960e+02  9.498e-01  9.248e-03
1.970e+02  9.498e-01  9.248e-03
1.980e+02  9.498e-01  9.248e-03
1.990e+02  9.498e-01  9.248e-03
2.000e+02  9.498e-01  9.248e-03
2.010e+02  9.498e-01  9.248e-03
2.020e+02  9.498e-01  9.248e-03
2.030e+02  9.498e-01  9.248e-03
2.040e+02  9.498e-01  9.248e-03
2.050e+02  9.498e-01  9.248e-03
2.060e+02  9.498e-01  9.248e-03
2.070e+02  9.498e-01  9.248e-03
2.080e+02  9.498e-01  9.248e-03
2.090e+02  9.498e-01  9.248e-03
2.100e+02  9.498e-01  9.248e-03
2.110e+02  9.498e-01  9.248e-03
2.120e+02  9.498e-01  9.248e-03
2.130e+02  9.498e-01  9.248e-03
2.140e+02  9.498e-01  9.248e-03
2.150e+02  9.498e-01  9.248e-03
2.160e+02  9.498e-01  9.248e-03
2.170e+02  9.498e-01  9.248e-03
2.180e+02  9.498e-01  9.248e-03
2.190e+02  9.498e-01  9.248e-03
2.200e+02  9.498e-01  9.248e-03
2.210e+02  9.498e-01  9.248e-03
2.220e+02  9.498e-01  9.248e-03
2.230e+02  9.498e-01  9.248e-03
2.240e+02  9.498e-01  9.248e-03
2.250e+02  9.498e-01  9.248e-03
2.260e+02  9.498e-01  9.248e-03
2.270e+02  9.498e-01  9.248e-03
2.280e+02  9.498e-01  9.248e-03
2.290e+02  9.498e-01  9.248e-03
2.300e+02  9.498e-01  9.248e-03
2.310e+02  9.498e-01  9.248e-03
2.320e+02  9.498e-01  9.248e-03
2.330e+02  9.498e-01  9.248e-03
2.340e+02  9.498e-01  9.248e-03
2.350e+02  9.498e-01  9.248e-03
2.360e+02  9.498e-01  9.248e-03
2.370e+02  9.498e-01  9.248e-03
2.380e+02  9.498e-01  9.248e-03
2.390e+02  9.498e-01  9.248e-03
2.400e+02  9.498e-01  9.248e-03
2.410e+02  9.498e-01  9.248e-03
2.420e+02  9.498e-01  9.248e-03
2.430e+02  9.498e-01  9.248e-03
2.440e+02  9.498e-01  9.248e-03
2.450e+02  9.498e-01  9.248e-03
2.460e+02  9.498e-01  9.248e-03
2.470e+02  9.498e-01  9.248e-03
2.480e+02  9.498e-01  9.248e-03
2.490e+02  9.498e-01  9.248e-03
2.500e+02  9.498e-01  9.248e-03
2.510e+02  9.498e-01  9.248e-03
2.520e+02  9.498e-01  9.248e-03
2.530e+02  9.498e-01  9.248e-03
2.540e+02  9.498e-01  9.248e-03
2.550e+02  9.498e-01  9.248e-03
2.560e+02  9.498e-01  9.248e-03
2.570e+02  9.498e-01  9.248e-03
2.580e+02  9.498e-01  9.248e-03
2.590e+02  9.498e-01  9.248e-03
2.600e+02  9.498e-01  9.248e-03
2.610e+02  9.498e-01  9.248e-03
2.620e+02  9.498e-01  9.248e-03
2.630e+02  9.498e-01  9.248e-03
2.640e+02  9.498e-01  9.248e-03
2.650e+02  9.498e-01  9.248e-03
2.660e+02  9.498e-01  9.248e-03
2.670e+02  9.498e-01  9.248e-03
2.680e+02  9.498e-01  9.248e-03
2.690e+02  9.498e-01  9.248e-03
2.700e+02  9.498e-01  9.248e-03
2.710e+02  9.498e-01  9.248e-03
2.720e+02  9.498e-01  9.248e-03
2.730e+02  9.498e-01  9.248e-03
2.740e+02  9.498e-01  9.248e-03
2.750e+02  9.498e-01  9.248e-03
2.760e+02  9.498e-01  9.248e-03
2.770e+02  9.498e-01  9.248e-03
2.780e+02  9.498e-01  9.248e-03
2.790e+02  9.498e-01  9.248e-03
2.800e+02  9.498e-01  9.248e-03
2.810e+02  9.498e-01  9.248e-03
2.820e+02  9.498e-01  9.248e-03
2.830e+02  9.498e-01  9.248e-03
2.840e+02  9.498e-01  9.248e-03
2.850e+02  9.498e-01  9.248e-03
2.860e+02  9.498e-01  9.248e-03
2.870e+02  9.498e-01  9.248e-03
2.880e+02  9.498e-01  9.248e-03
2.890e+02  9.498e-01  9.248e-03
2.900e+02  9.498e-01  9.248e-03
2.910e+02  9.498e-01  9.248e-03
2.920e+02  9.498e-01  9.248e-03
2.930e+02  9.498e-01  9.248e-03
2.940e+02  9.498e-01  9.248e-03
2.950e+02  9.498e-01  9.248e-03
2.960e+02  9.498e-01  9.248e-03
2.970e+02  9.498e-01  9.248e-03
2.980e+02  9.498e-01  9.248e-03
2.990e+02  9.498e-01  9.248e-03
3.000e+02  9.498e-01  9.248e-03
3.010e+02  9.498e-01  9.248e-03
3.020e+02  9.498e-01  9.248e-03
3.030e+02  9.498e-01  9.248e-03
3.040e+02  9.498e-01  9.248e-03
3.050e+02  9.498e-01  9.248e-03
3.060e+02  9.498e-01  9.248e-03
3.070e+02  9.498e-01  9.248e-03
3.080e+02  9.498e-01  9.248e-03
3.090e+02  9.498e-01  9.248e-03
3.100e+02  9.498e-01  9.248e-03
3.110e+02  9.498e-01  9.248e-03
3.120e+02  9.498e-01  9.248e-03
3.130e+02  9.498e-01  9.248e-03
3.140e+02  9.498e-01  9.248e-03
3.150e+02  9.498e-01  9.248e-03
3.160e+02  9.498e-01  9.248e-03
3.170e+02  9.498e-01  9.248e-03
3.180e+02  9.498e-01  9.248e-03
3.190e+02  9.498e-01  9.248e-03
3.200e+02  9.498e-01  9.248e-03
3.210e+02  9.498e-01  9.248e-03
3.220e+02  9.498e-01  9.248e-03
3.230e+02  9.498e-01  9.248e-03
3.240e+02  9.498e-01  9.248e-03
3.250e+02  9.498e-01  9.248e-03
3.260e+02  9.498e-01  9.248e-03
3.270e+02  9.498e-01  9.248e-03
3.280e+02  9.498e-01  9.248e-03
3.290e+02  9.498e-01  9.248e-03
3.300e+02  9.498e-01  9.248e-03
3.310e+02  9.498e-01  9.248e-03
3.320e+02  9.498e-01  9.248e-03
3.330e+02  9.498e-01  9.248e-03
3.340e+02  9.498e-01  9.248e-03
3.350e+02  9.498e-01  9.248e-03
3.360e+02  9.498e-01  9.247e-03
3.370e+02  9.498e-01  9.247e-03
3.380e+02  9.498e-01  9.247e-03
3.390e+02  9.498e-01  9.247e-03
3.400e+02  9.498e-01  9.246e-03
3.410e+02  9.498e-01  9.246e-03
3.420e+02  9.498e-01  9.245e-03
3.430e+02  9.498e-01  9.244e-03
3.440e+02  9.498e-01  9.243e-03
3.450e+02  9.498e-01  9.242e-03
3.460e+02  9.499e-01  9.240e-03
3.470e+02  9.499e-01  9.239e-03
3.480e+02  9.499e-01  9.237e-03
3.490e+02  9.499e-01  9.234e-03
3.500e+02  9.499e-01  9.231e-03
3.510e+02  9.499e-01  9.227e-03
3.520e+02  9.499e-01  9.223e-03
3.530e+02  9.500e-01  9.218e-03
3.540e+02  9.500e-01  9.212e-03
3.550e+02  9.500e-01  9.205e-03
3.560e+02  9.501e-01  9.197e-03
3.570e+02  9.501e-01  9.188e-03
3.580e+02  9.502e-01  9.177e-03
3.590e+02  9.503e-01  9.164e-03
3.600e+02  9.503e-01  9.150e-03
3.610e+02  9.504e-01  9.133e-03
3.620e+02  9.505e-01  9.114e-03
3.630e+02  9.506e-01  9.092e-03
3.640e+02  9.508e-01  9.067e-03
3.650e+02  9.509e-01  9.039e-03
3.660e+02  9.511e-01  9.008e-03
3.670e+02  9.512e-01  8.973e-03
3.680e+02  9.515e-01  8.933e-03
3.690e+02  9.517e-01  8.889e-03
3.700e+02  9.519e-01  8.841e-03
3.710e+02  9.522e-01  8.787e-03
3.720e+02  9.525e-01  8.727e-03
3.730e+02  9.529e-01  8.662e-03
3.740e+02  9.532e-01  8.591e-03
3.750e+02  9.536e-01  8.513e-03
3.760e+02  9.541e-01  8.428e-03
3.770e+02  9.546e-01  8.336e-03
3.780e+02  9.551e-01  8.237e-03
3.790e+02  9.556e-01  8.131e-03
3.800e+02  9.562e-01  8.017e-03
3.810e+02  9.569e-01  7.895e-03
3.820e+02  9.576e-01  7.765e-03
3.830e+02  9.583e-01  7.627e-03
3.840e+02  9.590e-01  7.482e-03
3.850e+02  9.599e-01  7.329e-03
3.860e+02  9.607e-01  7.168e-03
3.870e+02  9.616e-01  7.000e-03
3.880e+02  9.625e-01  6.825e-03
3.890e+02  9.635e-01  6.643e-03
3.900e+02  9.645e-01  6.455e-03
3.910e+02  9.655e-01  6.261e-03
3.920e+02  9.666e-01  6.061e-03
3.930e+02  9.677e-01  5.857e-03
3.940e+02  9.688e-01  5.648e-03
3.950e+02  9.699e-01  5.436e-03
3.960e+02  9.711e-01  5.221e-03
3.970e+02  9.723e-01  5.004e-03
3.980e+02  9.734e-01  4.785e-03
3.990e+02  9.746e-01  4.566e-03
4.000e+02  9.758e-01  4.347e-03
4.010e+02  9.770e-01  4.128e-03
4.020e+02  9.782e-01  3.912e-03
4.030e+02  9.794e-01  3.697e-03
4.040e+02  9.805e-01  3.486e-03
4.050e+02  9.817e-01  3.279e-03
4.060e+02  9.828e-01  3.076e-03
4.070e+02  9.839e-01  2.878e-03
4.080e+02  9.849e-01  2.685e-03
4.090e+02  9.860e-01  2.499e-03
4.100e+02  9.870e-01  2.319e-03
4.110e+02  9.879e-01  2.147e-03
4.120e+02  9.888e-01  1.981e-03
4.130e+02  9.897e-01  1.823e-03
4.140e+02  9.906e-01  1.673e-03
4.150e+02  9.914e-01  1.531e-03
4.160e+02  9.921e-01  1.397e-03
4.170e+02  9.928e-01  1.271e-03
4.180e+02  9.935e-01  1.152e-03
4.190e+02  9.941e-01  1.042e-03
4.200e+02  9.947e-01  9.391e-04
4.210e+02  9.952e-01  8.438e-04
4.220e+02  9.957e-01  7.559e-04
4.230e+02  9.962e-01  6.750e-04
4.240e+02  9.966e-01  6.009e-04
4.250e+02  9.970e-01  5.332e-04
4.260e+02  9.973e-01  4.716e-04
4.270e+02  9.976e-01  4.157e-04
4.280e+02  9.979e-01  3.653e-04
4.290e+02  9.982e-01  3.200e-04
4.300e+02  9.984e-01  2.794e-04
4.310e+02  9.986e-01  2.431e-04
4.320e+02  9.988e-01  2.108e-04
4.330e+02  9.990e-01  1.822e-04
4.340e+02  9.991e-01  1.570e-04
4.350e+02  9.992e-01  1.348e-04
4.360e+02  9.993e-01  1.153e-04
4.370e+02  9.994e-01  9.835e-05
4.380e+02  9.995e-01  8.359e-05
4.390e+02  9.996e-01  7.080e-05
4.400e+02  9.997e-01  5.976e-05
4.410e+02  9.997e-01  5.027e-05
4.420e+02  9.998e-01  4.215e-05
4.430e+02  9.998e-01  3.521e-05
4.440e+02  9.998e-01  2.932e-05
4.450e+02  9.999e-01  2.433e-05
4.460e+02  9.999e-01  2.011e-05
4.470e+02  9.999e-01  1.657e-05
4.480e+02  9.999e-01  1.361e-05
4.490e+02  9.999e-01  1.114e-05
4.500e+02  9.999e-01  9.080e-06
4.510e+02  1.000e+00  7.378e-06
4.520e+02  1.000e+00  5.975e-06
4.530e+02  1.000e+00  4.821e-06
4.540e+02  1.000e+00  3.877e-06
4.550e+02  1.000e+00  3.106e-06
4.560e+02  1.000e+00  2.480e-06
4.570e+02  1.000e+00  1.974e-06
4.580e+02  1.000e+00  1.565e-06
4.590e+02  1.000e+00  1.237e-06
4.600e+02  1.000e+00  9.737e-07
4.610e+02  1.000e+00  7.639e-07
4.620e+02  1.000e+00  5.973e-07
4.630e+02  1.000e+00  4.654e-07
4.640e+02  1.000e+00  3.613e-07
4.650e+02  1.000e+00  2.795e-07
4.660e+02  1.000e+00  2.155e-07
4.670e+02  1.000e+00  1.656e-07
4.680e+02  1.000e+00  1.267e-07
4.690e+02  1.000e+00  9.668e-08
4.700e+02  1.000e+00  7.350e-08
4.710e+02  1.000e+00  5.568e-08
4.720e+02  1.000e+00  4.203e-08
4.730e+02  1.000e+00  3.161e-08
4.740e+02  1.000e+00  2.370e-08
4.750e+02  1.000e+00  1.770e-08
4.760e+02  1.000e+00  1.317e-08
4.770e+02  1.000e+00  9.771e-09
4.780e+02  1.000e+00  7.222e-09
4.790e+02  1.000e+00  5.319e-09
4.800e+02  1.000e+00  3.904e-09
4.810e+02  1.000e+00  2.855e-09
4.820e+02  1.000e+00  2.081e-09
4.830e+02  1.000e+00  1.511e-09
4.840e+02  1.000e+00  1.094e-09
4.850e+02  1.000e+00  7.889e-10
4.860e+02  1.000e+00  5.670e-10
4.870e+02  1.000e+00  4.061e-10
4.880e+02  1.000e+00  2.898e-10
4.890e+02  1.000e+00  2.061e-10
4.900e+02  1.000e+00  1.461e-10
4.910e+02  1.000e+00  1.032e-10
4.920e+02  1.000e+00  7.261e-11
4.930e+02  1.000e+00  5.093e-11
4.940e+02  1.000e+00  3.560e-11
4.950e+02  1.000e+00  2.479e-11
4.960e+02  1.000e+00  1.721e-11
4.970e+02  1.000e+00  1.190e-11
4.980e+02  1.000e+00  8.205e-12
4.990e+02  1.000e+00  5.636e-12
5.000e+02  1.000e+00  3.858e-12
5.010e+02  1.000e+00  2.632e-12
5.020e+02  1.000e+00  1.789e-12
5.030e+02  1.000e+00  1.212e-12
5.040e+02  1.000e+00  8.186e-13
5.050e+02  1.000e+00  5.508e-13
5.060e+02  1.000e+00  3.693e-13
5.070e+02  1.000e+00  2.468e-13
5.080e+02  1.000e+00  1.644e-13
5.090e+02  1.000e+00  1.091e-13
5.100e+02  1.000e+00  7.215e-14
5.110e+02  1.000e+00  4.756e-14
5.120e+02  1.000e+00  3.124e-14
5.130e+02  1.000e+00  2.045e-14
5.140e+02  1.000e+00  1.334e-14
5.150e+02  1.000e+00  8.676e-15
5.160e+02  1.000e+00  5.622e-15
5.170e+02  1.000e+00  3.631e-15
5.180e+02  1.000e+00  2.337e-15
5.190e+02  1.000e+00  1.499e-15
5.200e+02  1.000e+00  9.583e-16
5.210e+02  1.000e+00  6.106e-16
5.220e+02  1.000e+00  3.877e-16
5.230e+02  1.000e+00  2.454e-16
5.240e+02  1.000e+00  1.548e-16
5.250e+02  1.000e+00  9.728e-17
5.260e+02  1.000e+00  6.094e-17
5.270e+02  1.000e+00  3.805e-17
5.280e+02  1.000e+00  2.368e-17
5.290e+02  1.000e+00  1.469e-17
5.300e+02  1.000e+00  9.079e-18
5.310e+02  1.000e+00  5.594e-18
5.320e+02  1.000e+00  3.435e-18
5.330e+02  1.000e+00  2.102e-18
5.340e+02  1.000e+00  1.282e-18
5.350e+02  1.000e+00  7.796e-19
5.360e+02  1.000e+00  4.724e-19
5.370e+02  1.000e+00  2.853e-19
5.380e+02  1.000e+00  1.717e-19
5.390e+02  1.000e+00  1.030e-19
5.400e+02  1.000e+00  6.162e-20
5.410e+02  1.000e+00  3.673e-20
5.420e+02  1.000e+00  2.182e-20
5.430e+02  1.000e+00  1.292e-20
5.440e+02  1.000e+00  7.626e-21
5.450e+02  1.000e+00  4.486e-21
5.460e+02  1.000e+00  2.631e-21
5.470e+02  1.000e+00  1.537e-21
5.480e+02  1.000e+00  8.957e-22
5.490e+02  1.000e+00  5.201e-22
5.500e+02  1.000e+00  3.010e-22
5.510e+02  1.000e+00  1.737e-22
5.520e+02  1.000e+00  9.987e-23
5.530e+02  1.000e+00  5.724e-23
5.540e+02  1.000e+00  3.271e-23
5.550e+02  1.000e+00  1.863e-23
5.560e+02  1.000e+00  1.057e-23
5.570e+02  1.000e+00  5.984e-24
5.580e+02  1.000e+00  3.375e-24
5.590e+02  1.000e+00  1.898e-24
5.600e+02  1.000e+00  1.064e-24
5.610e+02  1.000e+00  5.942e-25
5.620e+02  1.000e+00  3.309e-25
5.630e+02  1.000e+00  1.837e-25
5.640e+02  1.000e+00  1.017e-25
5.650e+02  1.000e+00  5.608e-26
5.660e+02  1.000e+00  3.084e-26
5.670e+02  1.000e+00  1.691e-26
5.680e+02  1.000e+00  9.238e-27
5.690e+02  1.000e+00  5.032e-27
5.700e+02  1.000e+00  2.733e-27
5.710e+02  1.000e+00  1.479e-27
5.720e+02  1.000e+00  7.982e-28
5.730e+02  1.000e+00  4.294e-28
5.740e+02  1.000e+00  2.303e-28
5.750e+02  1.000e+00  1.231e-28
5.760e+02  1.000e+00  6.561e-29
5.770e+02  1.000e+00  3.486e-29
5.780e+02  1.000e+00  1.846e-29
5.790e+02  1.000e+00  9.749e-30
5.800e+02  1.000e+00  5.132e-30
5.810e+02  1.000e+00  2.693e-30
5.820e+02  1.000e+00  1.409e-30
5.830e+02  1.000e+00  7.348e-31
5.840e+02  1.000e+00  3.821e-31
5.850e+02  1.000e+00  1.981e-31
5.860e+02  1.000e+00  1.024e-31
5.870e+02  1.000e+00  5.274e-32
5.880e+02  1.000e+00  2.709e-32
5.890e+02  1.000e+00  1.387e-32
5.900e+02  1.000e+00  7.083e-33
5.910e+02  1.000e+00  3.605e-33
5.920e+02  1.000e+00  1.830e-33
5.930e+02  1.000e+00  9.257e-34
5.940e+02  1.000e+00  4.669e-34
5.950e+02  1.000e+00  2.348e-34
5.960e+02  1.000e+00  1.177e-34
5.970e+02  1.000e+00  5.886e-35
5.980e+02  1.000e+00  2.934e-35
5.990e+02  1.000e+00  1.458e-35
6.000e+02  1.000e+00  7.224e-36
6.010e+02  1.000e+00  3.569e-36
6.020e+02  1.000e+00  1.758e-36
6.030e+02  1.000e+00  8.632e-37
6.040e+02  1.000e+00  4.227e-37
6.050e+02  1.000e+00  2.063e-37
6.060e+02  1.000e+00  1.004e-37
6.070e+02  1.000e+00  4.875e-38
6.080e+02  1.000e+00  2.359e-38
6.090e+02  1.000e+00  1.138e-38
6.100e+02  1.000e+00  5.476e-39
6.110e+02  1.000e+00  2.627e-39
6.120e+02  1.000e+00  1.257e-39
6.130e+02  1.000e+00  5.993e-40
6.140e+02  1.000e+00  2.850e-40
6.150e+02  1.000e+00  1.351e-40
6.160e+02  1.000e+00  6.389e-41
6.170e+02  1.000e+00  3.012e-41
6.180e+02  1.000e+00  1.416e-41
6.190e+02  1.000e+00  6.637e-42
6.200e+02  1.000e+00  3.102e-42
6.210e+02  1.000e+00  1.446e-42
6.220e+02  1.000e+00  6.720e-43
6.230e+02  1.000e+00  3.114e-43
6.240e+02  1.000e+00  1.439e-43
6.250e+02  1.000e+00  6.632e-44
6.260e+02  1.000e+00  3.047e-44
6.270e+02  1.000e+00  1.396e-44
6.280e+02  1.000e+00  6.381e-45
6.290e+02  1.000e+00  2.907e-45
6.300e+02  1.000e+00  1.321e-45
6.310e+02  1.000e+00  5.985e-46
6.320e+02  1.000e+00  2.704e-46
6.330e+02  1.000e+00  1.218e-46
6.340e+02  1.000e+00  5.475e-47
6.350e+02  1.000e+00  2.453e-47
6.360e+02  1.000e+00  1.096e-47
6.370e+02  1.000e+00  4.885e-48
6.380e+02  1.000e+00  2.171e-48
6.390e+02  1.000e+00  9.619e-49
6.400e+02  1.000e+00  4.251e-49
6.410e+02  1.000e+00  1.873e-49
6.420e+02  1.000e+00  8.234e-50
6.430e+02  1.000e+00  3.609e-50
6.440e+02  1.000e+00  1.578e-50
6.450e+02  1.000e+00  6.878e-51
6.460e+02  1.000e+00  2.990e-51
6.470e+02  1.000e+00  1.296e-51
6.480e+02  1.000e+00  5.606e-52
6.490e+02  1.000e+00  2.417e-52
6.500e+02  1.000e+00  1.040e-52
6.510e+02  1.000e+00  4.459e-53
6.520e+02  1.000e+00  1.908e-53
6.530e+02  1.000e+00  8.138e-54
6.540e+02  1.000e+00  3.463e-54
6.550e+02  1.000e+00  1.469e-54
6.560e+02  1.000e+00  6.219e-55
6.570e+02  1.000e+00  2.625e-55
6.580e+02  1.000e+00  1.105e-55
6.590e+02  1.000e+00  4.640e-56
6.600e+02  1.000e+00  1.943e-56
6.610e+02  1.000e+00  8.117e-57
6.620e+02  1.000e+00  3.381e-57
6.630e+02  1.000e+00  1.405e-57
6.640e+02  1.000e+00  5.821e-58
6.650e+02  1.000e+00  2.406e-58
6.660e+02  1.000e+00  9.919e-59
6.670e+02  1.000e+00  4.078e-59
6.680e+02  1.000e+00  1.673e-59
6.690e+02  1.000e+00  6.841e-60
6.700e+02  1.000e+00  2.791e-60
6.710e+02  1.000e+00  1.136e-60
6.720e+02  1.000e+00  4.610e-61
6.730e+02  1.000e+00  1.866e-61
6.740e+02  1.000e+00  7.537e-62
6.750e+02  1.000e+00  3.036e-62
6.760e+02  1.000e+00  1.220e-62
6.770e+02  1.000e+00  4.887e-63
6.780e+02  1.000e+00  1.953e-63
6.790e+02  1.000e+00  7.788e-64
6.800e+02  1.000e+00  3.097e-64
6.810e+02  1.000e+00  1.229e-64
6.820e+02  1.000e+00  4.862e-65
6.830e+02  1.000e+00  1.919e-65
6.840e+02  1.000e+00  7.555e-66
6.850e+02  1.000e+00  2.967e-66
6.860e+02  1.000e+00  1.162e-66
6.870e+02  1.000e+00  4.542e-67
6.880e+02  1.000e+00  1.770e-67
6.890e+02  1.000e+00  6.883e-68
6.900e+02  1.000e+00  2.670e-68
6.910e+02  1.000e+00  1.033e-68
6.920e+02  1.000e+00  3.987e-69
6.930e+02  1.000e+00  1.535e-69
6.940e+02  1.000e+00  5.895e-70
6.950e+02  1.000e+00  2.258e-70
6.960e+02  1.000e+00  8.631e-71
6.970e+02  1.000e+00  3.290e-71
6.980e+02  1.000e+00  1.251e-71
6.990e+02  1.000e+00  4.748e-72
7.000e+02  1.000e+00  1.797e-72
7.010e+02  1.000e+00  6.784e-73
7.020e+02  1.000e+00  2.555e-73
7.030e+02  1.000e+00  9.601e-74
7.040e+02  1.000e+00  3.599e-74
7.050e+02  1.000e+00  1.346e-74
7.060e+02  1.000e+00  5.020e-75
7.070e+02  1.000e+00  1.868e-75
7.080e+02  1.000e+00  6.936e-76
7.090e+02  1.000e+00  2.569e-76
7.100e+02  1.000e+00  9.492e-77
7.110e+02  1.000e+00  3.499e-77
7.120e+02  1.000e+00  1.287e-77
7.130e+02  1.000e+00  4.721e-78
7.140e+02  1.000e+00  1.728e-78
7.150e+02  1.000e+00  6.310e-79
7.160e+02  1.000e+00  2.299e-79
7.170e+02  1.000e+00  8.354e-80
7.180e+02  1.000e+00  3.029e-80
7.190e+02  1.000e+00  1.096e-80
7.200e+02  1.000e+00  3.955e-81
7.210e+02  1.000e+00  1.424e-81
7.220e+02  1.000e+00  5.117e-82
7.230e+02  1.000e+00  1.834e-82
7.240e+02  1.000e+00  6.558e-83
7.250e+02  1.000e+00  2.340e-83
7.260e+02  1.000e+00  8.328e-84
7.270e+02  1.000e+00  2.958e-84
7.280e+02  1.000e+00  1.048e-84
7.290e+02  1.000e+00  3.705e-85
7.300e+02  1.000e+00  1.307e-85
7.310e+02  1.000e+00  4.599e-86
7.320e+02  1.000e+00  1.615e-86
7.330e+02  1.000e+00  5.657e-87
7.340e+02  1.000e+00  1.977e-87
7.350e+02  1.000e+00  6.895e-88
7.360e+02  1.000e+00  2.399e-88
7.370e+02  1.000e+00  8.330e-89
7.380e+02  1.000e+00  2.886e-89
7.390e+02  1.000e+00  9.974e-90
7.400e+02  1.000e+00  3.440e-90
7.410e+02  1.000e+00  1.184e-90
7.420e+02  1.000e+00  4.064e-91
7.430e+02  1.000e+00  1.392e-91
7.440e+02  1.000e+00  4.758e-92
7.450e+02  1.000e+00  1.623e-92
7.460e+02  1.000e+00  5.523e-93
7.470e+02  1.000e+00  1.875e-93
7.480e+02  1.000e+00  6.355e-94
7.490e+02  1.000e+00  2.148e-94
7.500e+02  1.000e+00  7.248e-95
7.510e+02  1.000e+00  2.440e-95
7.520e+02  1.000e+00  8.194e-96
7.530e+02  1.000e+00  2.746e-96
7.540e+02  1.000e+00  9.185e-97
7.550e+02  1.000e+00  3.065e-97
7.560e+02  1.000e+00  1.021e-97
7.570e+02  1.000e+00  3.391e-98
7.580e+02  1.000e+00  1.124e-98
7.590e+02  1.000e+00  3.720e-99
7.600e+02  1.000e+00  1.228e-99
7.610e+02  1.000e+00  4.046e-100
7.620e+02  1.000e+00  1.330e-100
7.630e+02  1.000e+00  4.364e-101
7.640e+02  1.000e+00  1.429e-101
7.650e+02  1.000e+00  4.666e-102
7.660e+02  1.000e+00  1.521e-102
7.670e+02  1.000e+00  4.948e-103
7.680e+02  1.000e+00  1.606e-103
7.690e+02  1.000e+00  5.203e-104
7.700e+02  1.000e+00  1.682e-104
7.710e+02  1.000e+00  5.425e-105
7.720e+02  1.000e+00  1.746e-105
7.730e+02  1.000e+00  5.610e-106
7.740e+02  1.000e+00  1.798e-106
7.750e+02  1.000e+00  5.753e-107
7.760e+02  1.000e+00  1.837e-107
7.770e+02  1.000e+00  5.852e-108
7.780e+02  1.000e+00  1.860e-108
7.790e+02  1.000e+00  5.903e-109
7.800e+02  1.000e+00  1.869e-109
7.810e+02  1.000e+00  5.906e-110
7.820e+02  1.000e+00  1.863e-110
7.830e+02  1.000e+00  5.861e-111
7.840e+02  1.000e+00  1.841e-111
7.850e+02  1.000e+00  5.770e-112
7.860e+02  1.000e+00  1.805e-112
7.870e+02  1.000e+00  5.634e-113
7.880e+02  1.000e+00  1.755e-113
7.890e+02  1.000e+00  5.457e-114
7.900e+02  1.000e+00  1.693e-114
7.910e+02  1.000e+00  5.244e-115
7.920e+02  1.000e+00  1.621e-115
7.930e+02  1.000e+00  4.999e-116
7.940e+02  1.000e+00  1.539e-116
7.950e+02  1.000e+00  4.727e-117
7.960e+02  1.000e+00  1.449e-117
7.970e+02  1.000e+00  4.436e-118
7.980e+02  1.000e+00  1.358e-118
7.990e+02  1.000e+00  4.244e-119
8.000e+02  1.000e+00  1.637e-119
