0.000e+00  9.906e-01  1.663e-03
1.000e+00  9.906e-01  1.663e-03
2.000e+00  9.906e-01  1.663e-03
3.000e+00  9.906e-01  1.663e-03
4.000e+00  9.906e-01  1.663e-03
5.000e+00  9.906e-01  1.663e-03
6.000e+00  9.906e-01  1.663e-03
7.000e+00  9.906e-01  1.663e-03
8.000e+00  9.906e-01  1.663e-03
9.000e+00  9.906e-01  1.663e-03
1.000e+01  9.906e-01  1.663e-03
1.100e+01  9.906e-01  1.663e-03
1.200e+01  9.906e-01  1.663e-03
1.300e+01  9.906e-01  1.663e-03
1.400e+01  9.906e-01  1.663e-03
1.500e+01  9.906e-01  1.663e-03
1.600e+01  9.906e-01  1.663e-03
1.700e+01  9.906e-01  1.663e-03
1.800e+01  9.906e-01  1.663e-03
1.900e+01  9.906e-01  1.663e-03
2.000e+01  9.906e-01  1.663e-03
2.100e+01  9.906e-01  1.663e-03
2.200e+01  9.906e-01  1.663e-03
2.300e+01  9.906e-01  1.663e-03
2.400e+01  9.906e-01  1.663e-03
2.500e+01  9.906e-01  1.663e-03
2.600e+01  9.906e-01  1.663e-03
2.700e+01  9.906e-01  1.663e-03
2.800e+01  9.906e-01  1.663e-03
2.900e+01  9.906e-01  1.663e-03
3.000e+01  9.906e-01  1.663e-03
3.100e+01  9.906e-01  1.663e-03
3.200e+01  9.906e-01  1.663e-03
3.300e+01  9.906e-01  1.663e-03
3.400e+01  9.906e-01  1.663e-03
3.500e+01  9.906e-01  1.663e-03
3.600e+01  9.906e-01  1.663e-03
3.700e+01  9.906e-01  1.663e-03
3.800e+01  9.906e-01  1.663e-03
3.900e+01  9.906e-01  1.663e-03
4.000e+01  9.906e-01  1.663e-03
4.100e+01  9.906e-01  1.663e-03
4.200e+01  9.906e-01  1.663e-03
4.300e+01  9.906e-01  1.663e-03
4.400e+01  9.906e-01  1.663e-03
4.500e+01  9.906e-01  1.663e-03
4.600e+01  9.906e-01  1.663e-03
4.700e+01  9.906e-01  1.663e-03
4.800e+01  9.906e-01  1.663e-03
4.900e+01  9.906e-01  1.663e-03
5.000e+01  9.906e-01  1.663e-03
5.100e+01  9.906e-01  1.663e-03
5.200e+01  9.906e-01  1.663e-03
5.300e+01  9.906e-01  1.663e-03
5.400e+01  9.906e-01  1.663e-03
5.500e+01  9.906e-01  1.663e-03
5.600e+01  9.906e-01  1.663e-03
5.700e+01  9.906e-01  1.663e-03
5.800e+01  9.906e-01  1.663e-03
5.900e+01  9.906e-01  1.663e-03
6.000e+01  9.906e-01  1.663e-03
6.100e+01  9.906e-01  1.663e-03
6.200e+01  9.906e-01  1.663e-03
6.300e+01  9.906e-01  1.663e-03
6.400e+01  9.906e-01  1.663e-03
6.500e+01  9.906e-01  1.663e-03
6.600e+01  9.906e-01  1.663e-03
6.700e+01  9.906e-01  1.663e-03
6.800e+01  9.906e-01  1.663e-03
6.900e+01  9.906e-01  1.663e-03
7.000e+01  9.906e-01  1.663e-03
7.100e+01  9.906e-01  1.663e-03
7.200e+01  9.906e-01  1.663e-03
7.300e+01  9.906e-01  1.663e-03
7.400e+01  9.906e-01  1.663e-03
7.500e+01  9.906e-01  1.663e-03
7.600e+01  9.906e-01  1.663e-03
7.700e+01  9.906e-01  1.663e-03
7.800e+01  9.906e-01  1.663e-03
7.900e+01  9.906e-01  1.663e-03
8.000e+01  9.906e-01  1.663e-03
8.100e+01  9.906e-01  1.663e-03
8.200e+01  9.906e-01  1.663e-03
8.300e+01  9.906e-01  1.663e-03
8.400e+01  9.906e-01  1.663e-03
8.500e+01  9.906e-01  1.663e-03
8.600e+01  9.906e-01  1.663e-03
8.700e+01  9.906e-01  1.663e-03
8.800e+01  9.906e-01  1.663e-03
8.900e+01  9.906e-01  1.663e-03
9.000e+01  9.906e-01  1.663e-03
9.100e+01  9.906e-01  1.663e-03
9.200e+01  9.906e-01  1.663e-03
9.300e+01  9.906e-01  1.663e-03
9.400e+01  9.906e-01  1.663e-03
9.500e+01  9.906e-01  1.663e-03
9.600e+01  9.906e-01  1.663e-03
9.700e+01  9.906e-01  1.663e-03
9.800e+01  9.906e-01  1.663e-03
9.900e+01  9.906e-01  1.663e-03
1.000e+02  9.906e-01  1.663e-03
1.010e+02  9.906e-01  1.663e-03
1.020e+02  9.906e-01  1.663e-03
1.030e+02  9.906e-01  1.663e-03
1.040e+02  9.906e-01  1.663e-03
1.050e+02  9.906e-01  1.663e-03
1.060e+02  9.906e-01  1.663e-03
1.070e+02  9.906e-01  1.663e-03
1.080e+02  9.906e-01  1.663e-03
1.090e+02  9.906e-01  1.663e-03
1.100e+02  9.906e-01  1.663e-03
1.110e+02  9.906e-01  1.663e-03
1.120e+02  9.906e-01  1.663e-03
1.130e+02  9.906e-01  1.663e-03
1.140e+02  9.906e-01  1.663e-03
1.150e+02  9.906e-01  1.663e-03
1.160e+02  9.906e-01  1.663e-03
1.170e+02  9.906e-01  1.663e-03
1.180e+02  9.906e-01  1.663e-03
1.190e+02  9.906e-01  1.663e-03
1.200e+02  9.906e-01  1.663e-03
1.210e+02  9.906e-01  1.663e-03
1.220e+02  9.906e-01  1.663e-03
1.230e+02  9.906e-01  1.663e-03
1.240e+02  9.906e-01  1.663e-03
1.250e+02  9.906e-01  1.663e-03
1.260e+02  9.906e-01  1.663e-03
1.270e+02  9.906e-01  1.663e-03
1.280e+02  9.906e-01  1.663e-03
1.290e+02  9.906e-01  1.663e-03
1.300e+02  9.906e-01  1.663e-03
1.310e+02  9.906e-01  1.663e-03
1.320e+02  9.906e-01  1.663e-03
1.330e+02  9.906e-01  1.663e-03
1.340e+02  9.906e-01  1.663e-03
1.350e+02  9.906e-01  1.663e-03
1.360e+02  9.906e-01  1.663e-03
1.370e+02  9.906e-01  1.663e-03
1.380e+02  9.906e-01  1.663e-03
1.390e+02  9.906e-01  1.663e-03
1.400e+02  9.906e-01  1.663e-03
1.410e+02  9.906e-01  1.663e-03
1.420e+02  9.906e-01  1.663e-03
1.430e+02  9.906e-01  1.663e-03
1.440e+02  9.906e-01  1.663e-03
1.450e+02  9.906e-01  1.663e-03
1.460e+02  9.906e-01  1.663e-03
1.470e+02  9.906e-01  1.663e-03
1.480e+02  9.906e-01  1.663e-03
1.490e+02  9.906e-01  1.663e-03
1.500e+02  9.906e-01  1.663e-03
1.510e+02  9.906e-01  1.663e-03
1.520e+02  9.906e-01  1.663e-03
1.530e+02  9.906e-01  1.663e-03
1.540e+02  9.906e-01  1.663e-03
1.550e+02  9.906e-01  1.663e-03
1.560e+02  9.906e-01  1.663e-03
1.570e+02  9.906e-01  1.663e-03
1.580e+02  9.906e-01  1.663e-03
1.590e+02  9.906e-01  1.663e-03
1.600e+02  9.906e-01  1.663e-03
1.610e+02  9.906e-01  1.663e-03
1.620e+02  9.906e-01  1.663e-03
1.630e+02  9.906e-01  1.663e-03
1.640e+02  9.906e-01  1.663e-03
1.650e+02  9.906e-01  1.663e-03
1.660e+02  9.906e-01  1.663e-03
1.670e+02  9.906e-01  1.663e-03
1.680e+02  9.906e-01  1.663e-03
1.690e+02  9.906e-01  1.663e-03
1.700e+02  9.906e-01  1.663e-03
1.710e+02  9.906e-01  1.663e-03
1.720e+02  9.906e-01  1.663e-03
1.730e+02  9.906e-01  1.663e-03
1.740e+02  9.906e-01  1.663e-03
1.750e+02  9.906e-01  1.663e-03
1.760e+02  9.906e-01  1.663e-03
1.770e+02  9.906e-01  1.663e-03
1.780e+02  9.906e-01  1.663e-03
1.790e+02  9.906e-01  1.663e-03
1.800e+02  9.906e-01  1.663e-03
1.810e+02  9.906e-01  1.663e-03
1.820e+02  9.906e-01  1.663e-03
1.830e+02  9.906e-01  1.663e-03
1.840e+02  9.906e-01  1.663e-03
1.850e+02  9.906e-01  1.663e-03
1.860e+02  9.906e-01  1.663e-03
1.870e+02  9.906e-01  1.663e-03
1.880e+02  9.906e-01  1.663e-03
1.890e+02  9.906e-01  1.663e-03
1.900e+02  9.906e-01  1.663e-03
1.910e+02  9.906e-01  1.663e-03
1.920e+02  9.906e-01  1.663e-03
1.930e+02  9.906e-01  1.663e-03
1.940e+02  9.906e-01  1.663e-03
1.950e+02  9.906e-01  1.663e-03
1.960e+02  9.906e-01  1.663e-03
1.970e+02  9.906e-01  1.663e-03
1.980e+02  9.906e-01  1.663e-03
1.990e+02  9.906e-01  1.663e-03
2.000e+02  9.906e-01  1.663e-03
2.010e+02  9.906e-01  1.663e-03
2.020e+02  9.906e-01  1.663e-03
2.030e+02  9.906e-01  1.663e-03
2.040e+02  9.906e-01  1.663e-03
2.050e+02  9.906e-01  1.663e-03
2.060e+02  9.906e-01  1.663e-03
2.070e+02  9.906e-01  1.663e-03
2.080e+02  9.906e-01  1.663e-03
2.090e+02  9.906e-01  1.663e-03
2.100e+02  9.906e-01  1.663e-03
2.110e+02  9.906e-01  1.663e-03
2.120e+02  9.906e-01  1.663e-03
2.130e+02  9.906e-01  1.663e-03
2.140e+02  9.906e-01  1.663e-03
2.150e+02  9.906e-01  1.663e-03
2.160e+02  9.906e-01  1.663e-03
2.170e+02  9.906e-01  1.663e-03
2.180e+02  9.906e-01  1.663e-03
2.190e+02  9.906e-01  1.663e-03
2.200e+02  9.906e-01  1.663e-03
2.210e+02  9.906e-01  1.663e-03
2.220e+02  9.906e-01  1.663e-03
2.230e+02  9.906e-01  1.663e-03
2.240e+02  9.906e-01  1.663e-03
2.250e+02  9.906e-01  1.663e-03
2.260e+02  9.906e-01  1.663e-03
2.270e+02  9.906e-01  1.663e-03
2.280e+02  9.906e-01  1.663e-03
2.290e+02  9.906e-01  1.663e-03
2.300e+02  9.906e-01  1.663e-03
2.310e+02  9.906e-01  1.663e-03
2.320e+02  9.906e-01  1.663e-03
2.330e+02  9.906e-01  1.663e-03
2.340e+02  9.906e-01  1.663e-03
2.350e+02  9.906e-01  1.663e-03
2.360e+02  9.906e-01  1.663e-03
2.370e+02  9.906e-01  1.663e-03
2.380e+02  9.906e-01  1.663e-03
2.390e+02  9.906e-01  1.663e-03
2.400e+02  9.906e-01  1.663e-03
2.410e+02  9.906e-01  1.663e-03
2.420e+02  9.906e-01  1.663e-03
2.430e+02  9.906e-01  1.663e-03
2.440e+02  9.906e-01  1.663e-03
2.450e+02  9.906e-01  1.663e-03
2.460e+02  9.906e-01  1.663e-03
2.470e+02  9.906e-01  1.663e-03
2.480e+02  9.906e-01  1.663e-03
2.490e+02  9.906e-01  1.663e-03
2.500e+02  9.906e-01  1.663e-03
2.510e+02  9.906e-01  1.663e-03
2.520e+02  9.906e-01  1.663e-03
2.530e+02  9.906e-01  1.663e-03
2.540e+02  9.906e-01  1.663e-03
2.550e+02  9.906e-01  1.663e-03
2.560e+02  9.906e-01  1.663e-03
2.570e+02  9.906e-01  1.663e-03
2.580e+02  9.906e-01  1.663e-03
2.590e+02  9.906e-01  1.663e-03
2.600e+02  9.906e-01  1.663e-03
2.610e+02  9.906e-01  1.663e-03
2.620e+02  9.906e-01  1.663e-03
2.630e+02  9.906e-01  1.663e-03
2.640e+02  9.906e-01  1.663e-03
2.650e+02  9.906e-01  1.663e-03
2.660e+02  9.906e-01  1.663e-03
2.670e+02  9.906e-01  1.663e-03
2.680e+02  9.906e-01  1.663e-03
2.690e+02  9.906e-01  1.663e-03
2.700e+02  9.906e-01  1.663e-03
2.710e+02  9.906e-01  1.663e-03
2.720e+02  9.906e-01  1.663e-03
2.730e+02  9.906e-01  1.663e-03
2.740e+02  9.906e-01  1.663e-03
2.750e+02  9.906e-01  1.663e-03
2.760e+02  9.906e-01  1.663e-03
2.770e+02  9.906e-01  1.663e-03
2.780e+02  9.906e-01  1.663e-03
2.790e+02  9.906e-01  1.663e-03
2.800e+02  9.906e-01  1.663e-03
2.810e+02  9.906e-01  1.663e-03
2.820e+02  9.906e-01  1.663e-03
2.830e+02  9.906e-01  1.663e-03
2.840e+02  9.906e-01  1.663e-03
2.850e+02  9.906e-01  1.663e-03
2.860e+02  9.906e-01  1.663e-03
2.870e+02  9.906e-01  1.663e-03
2.880e+02  9.906e-01  1.663e-03
2.890e+02  9.906e-01  1.663e-03
2.900e+02  9.906e-01  1.663e-03
2.910e+02  9.906e-01  1.663e-03
2.920e+02  9.906e-01  1.663e-03
2.930e+02  9.906e-01  1.663e-03
2.940e+02  9.906e-01  1.663e-03
2.950e+02  9.906e-01  1.663e-03
2.960e+02  9.906e-01  1.663e-03
2.970e+02  9.906e-01  1.663e-03
2.980e+02  9.906e-01  1.663e-03
2.990e+02  9.906e-01  1.663e-03
3.000e+02  9.906e-01  1.663e-03
3.010e+02  9.906e-01  1.663e-03
3.020e+02  9.906e-01  1.663e-03
3.030e+02  9.906e-01  1.663e-03
3.040e+02  9.906e-01  1.663e-03
3.050e+02  9.906e-01  1.663e-03
3.060e+02  9.906e-01  1.663e-03
3.070e+02  9.906e-01  1.663e-03
3.080e+02  9.906e-01  1.663e-03
3.090e+02  9.906e-01  1.663e-03
3.100e+02  9.906e-01  1.663e-03
3.110e+02  9.906e-01  1.663e-03
3.120e+02  9.906e-01  1.663e-03
3.130e+02  9.906e-01  1.663e-03
3.140e+02  9.906e-01  1.663e-03
3.150e+02  9.906e-01  1.663e-03
3.160e+02  9.906e-01  1.663e-03
3.170e+02  9.906e-01  1.663e-03
3.180e+02  9.906e-01  1.663e-03
3.190e+02  9.906e-01  1.663e-03
3.200e+02  9.906e-01  1.663e-03
3.210e+02  9.906e-01  1.663e-03
3.220e+02  9.906e-01  1.663e-03
3.230e+02  9.906e-01  1.663e-03
3.240e+02  9.906e-01  1.663e-03
3.250e+02  9.906e-01  1.663e-03
3.260e+02  9.906e-01  1.663e-03
3.270e+02  9.906e-01  1.663e-03
3.280e+02  9.906e-01  1.663e-03
3.290e+02  9.906e-01  1.662e-03
3.300e+02  9.906e-01  1.662e-03
3.310e+02  9.906e-01  1.662e-03
3.320e+02  9.906e-01  1.662e-03
3.330e+02  9.906e-01  1.662e-03
3.340e+02  9.906e-01  1.662e-03
3.350e+02  9.906e-01  1.662e-03
3.360e+02  9.906e-01  1.661e-03
3.370e+02  9.906e-01  1.661e-03
3.380e+02  9.906e-01  1.661e-03
3.390e+02  9.906e-01  1.660e-03
3.400e+02  9.906e-01  1.660e-03
3.410e+02  9.906e-01  1.659e-03
3.420e+02  9.906e-01  1.659e-03
3.430e+02  9.906e-01  1.658e-03
3.440e+02  9.907e-01  1.657e-03
3.450e+02  9.907e-01  1.656e-03
3.460e+02  9.907e-01  1.655e-03
3.470e+02  9.907e-01  1.654e-03
3.480e+02  9.907e-01  1.653e-03
3.490e+02  9.907e-01  1.651e-03
3.500e+02  9.907e-01  1.650e-03
3.510e+02  9.907e-01  1.648e-03
3.520e+02  9.907e-01  1.646e-03
3.530e+02  9.907e-01  1.643e-03
3.540e+02  9.907e-01  1.641e-03
3.550e+02  9.908e-01  1.638e-03
3.560e+02  9.908e-01  1.635e-03
3.570e+02  9.908e-01  1.631e-03
3.580e+02  9.908e-01  1.627e-03
3.590e+02  9.908e-01  1.623e-03
3.600e+02  9.909e-01  1.618e-03
3.610e+02  9.909e-01  1.612e-03
3.620e+02  9.909e-01  1.606e-03
3.630e+02  9.910e-01  1.600e-03
3.640e+02  9.910e-01  1.593e-03
3.650e+02  9.911e-01  1.586e-03
3.660e+02  9.911e-01  1.577e-03
3.670e+02  9.911e-01  1.568e-03
3.680e+02  9.912e-01  1.559e-03
3.690e+02  9.913e-01  1.548e-03
3.700e+02  9.913e-01  1.537e-03
3.710e+02  9.914e-01  1.525e-03
3.720e+02  9.915e-01  1.512e-03
3.730e+02  9.915e-01  1.499e-03
3.740e+02  9.916e-01  1.484e-03
3.750e+02  9.917e-01  1.469e-03
3.760e+02  9.918e-01  1.452e-03
3.770e+02  9.919e-01  1.435e-03
3.780e+02  9.920e-01  1.417e-03
3.790e+02  9.921e-01  1.397e-03
3.800e+02  9.922e-01  1.377e-03
3.810e+02  9.923e-01  1.356e-03
3.820e+02  9.925e-01  1.334e-03
3.830e+02  9.926e-01  1.311e-03
3.840e+02  9.927e-01  1.287e-03
3.850e+02  9.929e-01  1.262e-03
3.860e+02  9.930e-01  1.236e-03
3.870e+02  9.932e-01  1.210e-03
3.880e+02  9.933e-01  1.182e-03
3.890e+02  9.935e-01  1.154e-03
3.900e+02  9.936e-01  1.125e-03
3.910e+02  9.938e-01  1.096e-03
3.920e+02  9.940e-01  1.065e-03
3.930e+02  9.941e-01  1.035e-03
3.940e+02  9.943e-01  1.004e-03
3.950e+02  9.945e-01  9.719e-04
3.960e+02  9.947e-01  9.400e-04
3.970e+02  9.949e-01  9.077e-04
3.980e+02  9.950e-01  8.753e-04
3.990e+02  9.952e-01  8.427e-04
4.000e+02  9.954e-01  8.101e-04
4.010e+02  9.956e-01  7.776e-04
4.020e+02  9.958e-01  7.451e-04
4.030e+02  9.960e-01  7.129e-04
4.040e+02  9.961e-01  6.809e-04
4.050e+02  9.963e-01  6.493e-04
4.060e+02  9.965e-01  6.181e-04
4.070e+02  9.967e-01  5.873e-04
4.080e+02  9.968e-01  5.571e-04
4.090e+02  9.970e-01  5.276e-04
4.100e+02  9.972e-01  4.987e-04
4.110e+02  9.973e-01  4.705e-04
4.120e+02  9.975e-01  4.431e-04
4.130e+02  9.976e-01  4.165e-04
4.140e+02  9.978e-01  3.908e-04
4.150e+02  9.979e-01  3.660e-04
4.160e+02  9.981e-01  3.421e-04
4.170e+02  9.982e-01  3.191e-04
4.180e+02  9.983e-01  2.971e-04
4.190e+02  9.984e-01  2.761e-04
4.200e+02  9.985e-01  2.560e-04
4.210e+02  9.987e-01  2.369e-04
4.220e+02  9.988e-01  2.188e-04
4.230e+02  9.989e-01  2.017e-04
4.240e+02  9.989e-01  1.855e-04
4.250e+02  9.990e-01  1.703e-04
4.260e+02  9.991e-01  1.560e-04
4.270e+02  9.992e-01  1.426e-04
4.280e+02  9.993e-01  1.301e-04
4.290e+02  9.993e-01  1.184e-04
4.300e+02  9.994e-01  1.076e-04
4.310e+02  9.994e-01  9.750e-05
4.320e+02  9.995e-01  8.818e-05
4.330e+02  9.995e-01  7.958e-05
4.340e+02  9.996e-01  7.166e-05
4.350e+02  9.996e-01  6.439e-05
4.360e+02  9.997e-01  5.773e-05
4.370e+02  9.997e-01  5.165e-05
4.380e+02  9.997e-01  4.610e-05
4.390e+02  9.998e-01  4.106e-05
4.400e+02  9.998e-01  3.649e-05
4.410e+02  9.998e-01  3.235e-05
4.420e+02  9.998e-01  2.862e-05
4.430e+02  9.999e-01  2.527e-05
4.440e+02  9.999e-01  2.225e-05
4.450e+02  9.999e-01  1.955e-05
4.460e+02  9.999e-01  1.714e-05
4.470e+02  9.999e-01  1.500e-05
4.480e+02  9.999e-01  1.309e-05
4.490e+02  9.999e-01  1.140e-05
4.500e+02  9.999e-01  9.900e-06
4.510e+02  1.000e+00  8.581e-06
4.520e+02  1.000e+00  7.420e-06
4.530e+02  1.000e+00  6.402e-06
4.540e+02  1.000e+00  5.511e-06
4.550e+02  1.000e+00  4.733e-06
4.560e+02  1.000e+00  4.055e-06
4.570e+02  1.000e+00  3.466e-06
4.580e+02  1.000e+00  2.956e-06
4.590e+02  1.000e+00  2.515e-06
4.600e+02  1.000e+00  2.135e-06
4.610e+02  1.000e+00  1.808e-06
4.620e+02  1.000e+00  1.528e-06
4.630e+02  1.000e+00  1.288e-06
4.640e+02  1.000e+00  1.083e-06
4.650e+02  1.000e+00  9.087e-07
4.660e+02  1.000e+00  7.606e-07
4.670e+02  1.000e+00  6.352e-07
4.680e+02  1.000e+00  5.292e-07
4.690e+02  1.000e+00  4.398e-07
4.700e+02  1.000e+00  3.647e-07
4.710e+02  1.000e+00  3.017e-07
4.720e+02  1.000e+00  2.490e-07
4.730e+02  1.000e+00  2.050e-07
4.740e+02  1.000e+00  1.684e-07
4.750e+02  1.000e+00  1.380e-07
4.760e+02  1.000e+00  1.128e-07
4.770e+02  1.000e+00  9.202e-08
4.780e+02  1.000e+00  7.487e-08
4.790e+02  1.000e+00  6.078e-08
4.800e+02  1.000e+00  4.922e-08
4.810e+02  1.000e+00  3.977e-08
4.820e+02  1.000e+00  3.205e-08
4.830e+02  1.000e+00  2.577e-08
4.840e+02  1.000e+00  2.068e-08
4.850e+02  1.000e+00  1.655e-08
4.860e+02  1.000e+00  1.321e-08
4.870e+02  1.000e+00  1.052e-08
4.880e+02  1.000e+00  8.362e-09
4.890e+02  1.000e+00  6.629e-09
4.900e+02  1.000e+00  5.243e-09
4.910e+02  1.000e+00  4.136e-09
4.920e+02  1.000e+00  3.256e-09
4.930e+02  1.000e+00  2.557e-09
4.940e+02  1.000e+00  2.003e-09
4.950e+02  1.000e+00  1.565e-09
4.960e+02  1.000e+00  1.220e-09
4.970e+02  1.000e+00  9.493e-10
4.980e+02  1.000e+00  7.367e-10
4.990e+02  1.000e+00  5.703e-10
5.000e+02  1.000e+00  4.405e-10
5.010e+02  1.000e+00  3.394e-10
5.020e+02  1.000e+00  2.609e-10
5.030e+02  1.000e+00  2.000e-10
5.040e+02  1.000e+00  1.530e-10
5.050e+02  1.000e+00  1.168e-10
5.060e+02  1.000e+00  8.894e-11
5.070e+02  1.000e+00  6.756e-11
5.080e+02  1.000e+00  5.120e-11
5.090e+02  1.000e+00  3.871e-11
5.100e+02  1.000e+00  2.919e-11
5.110e+02  1.000e+00  2.197e-11
5.120e+02  1.000e+00  1.649e-11
5.130e+02  1.000e+00  1.235e-11
5.140e+02  1.000e+00  9.227e-12
5.150e+02  1.000e+00  6.877e-12
5.160e+02  1.000e+00  5.114e-12
5.170e+02  1.000e+00  3.794e-12
5.180e+02  1.000e+00  2.808e-12
5.190e+02  1.000e+00  2.073e-12
5.200e+02  1.000e+00  1.527e-12
5.210e+02  1.000e+00  1.122e-12
5.220e+02  1.000e+00  8.228e-13
5.230e+02  1.000e+00  6.019e-13
5.240e+02  1.000e+00  4.392e-13
5.250e+02  1.000e+00  3.197e-13
5.260e+02  1.000e+00  2.322e-13
5.270e+02  1.000e+00  1.683e-13
5.280e+02  1.000e+00  1.216e-13
5.290e+02  1.000e+00  8.771e-14
5.300e+02  1.000e+00  6.311e-14
5.310e+02  1.000e+00  4.530e-14
5.320e+02  1.000e+00  3.244e-14
5.330e+02  1.000e+00  2.318e-14
5.340e+02  1.000e+00  1.652e-14
5.350e+02  1.000e+00  1.175e-14
5.360e+02  1.000e+00  8.334e-15
5.370e+02  1.000e+00  5.899e-15
5.380e+02  1.000e+00  4.165e-15
5.390e+02  1.000e+00  2.934e-15
5.400e+02  1.000e+00  2.062e-15
5.410e+02  1.000e+00  1.446e-15
5.420e+02  1.000e+00  1.012e-15
5.430e+02  1.000e+00  7.060e-16
5.440e+02  1.000e+00  4.916e-16
5.450e+02  1.000e+00  3.415e-16
5.460e+02  1.000e+00  2.367e-16
5.470e+02  1.000e+00  1.637e-16
5.480e+02  1.000e+00  1.129e-16
5.490e+02  1.000e+00  7.771e-17
5.500e+02  1.000e+00  5.336e-17
5.510e+02  1.000e+00  3.656e-17
5.520e+02  1.000e+00  2.499e-17
5.530e+02  1.000e+00  1.704e-17
5.540e+02  1.000e+00  1.159e-17
5.550e+02  1.000e+00  7.868e-18
5.560e+02  1.000e+00  5.328e-18
5.570e+02  1.000e+00  3.600e-18
5.580e+02  1.000e+00  2.427e-18
5.590e+02  1.000e+00  1.632e-18
5.600e+02  1.000e+00  1.095e-18
5.610e+02  1.000e+00  7.330e-19
5.620e+02  1.000e+00  4.896e-19
5.630e+02  1.000e+00  3.262e-19
5.640e+02  1.000e+00  2.169e-19
5.650e+02  1.000e+00  1.439e-19
5.660e+02  1.000e+00  9.521e-20
5.670e+02  1.000e+00  6.286e-20
5.680e+02  1.000e+00  4.141e-20
5.690e+02  1.000e+00  2.722e-20
5.700e+02  1.000e+00  1.785e-20
5.710e+02  1.000e+00  1.168e-20
5.720e+02  1.000e+00  7.622e-21
5.730e+02  1.000e+00  4.964e-21
5.740e+02  1.000e+00  3.226e-21
5.750e+02  1.000e+00  2.091e-21
5.760e+02  1.000e+00  1.353e-21
5.770e+02  1.000e+00  8.730e-22
5.780e+02  1.000e+00  5.621e-22
5.790e+02  1.000e+00  3.611e-22
5.800e+02  1.000e+00  2.315e-22
5.810e+02  1.000e+00  1.480e-22
5.820e+02  1.000e+00  9.447e-23
5.830e+02  1.000e+00  6.014e-23
5.840e+02  1.000e+00  3.820e-23
5.850e+02  1.000e+00  2.421e-23
5.860e+02  1.000e+00  1.531e-23
5.870e+02  1.000e+00  9.661e-24
5.880e+02  1.000e+00  6.082e-24
5.890e+02  1.000e+00  3.820e-24
5.900e+02  1.000e+00  2.394e-24
5.910e+02  1.000e+00  1.497e-24
5.920e+02  1.000e+00  9.339e-25
5.930e+02  1.000e+00  5.813e-25
5.940e+02  1.000e+00  3.611e-25
5.950e+02  1.000e+00  2.238e-25
5.960e+02  1.000e+00  1.384e-25
5.970e+02  1.000e+00  8.536e-26
5.980e+02  1.000e+00  5.254e-26
5.990e+02  1.000e+00  3.227e-26
6.000e+02  1.000e+00  1.978e-26
6.010e+02  1.000e+00  1.209e-26
6.020e+02  1.000e+00  7.378e-27
6.030e+02  1.000e+00  4.492e-27
6.040e+02  1.000e+00  2.728e-27
6.050e+02  1.000e+00  1.654e-27
6.060e+02  1.000e+00  1.000e-27
6.070e+02  1.000e+00  6.034e-28
6.080e+02  1.000e+00  3.633e-28
6.090e+02  1.000e+00  2.182e-28
6.100e+02  1.000e+00  1.308e-28
6.110e+02  1.000e+00  7.824e-29
6.120e+02  1.000e+00  4.669e-29
6.130e+02  1.000e+00  2.780e-29
6.140e+02  1.000e+00  1.652e-29
6.150e+02  1.000e+00  9.794e-30
6.160e+02  1.000e+00  5.794e-30
6.170e+02  1.000e+00  3.420e-30
6.180e+02  1.000e+00  2.014e-30
6.190e+02  1.000e+00  1.184e-30
6.200e+02  1.000e+00  6.942e-31
6.210e+02  1.000e+00  4.062e-31
6.220e+02  1.000e+00  2.372e-31
6.230e+02  1.000e+00  1.382e-31
6.240e+02  1.000e+00  8.033e-32
6.250e+02  1.000e+00  4.660e-32
6.260e+02  1.000e+00  2.697e-32
6.270e+02  1.000e+00  1.558e-32
6.280e+02  1.000e+00  8.977e-33
6.290e+02  1.000e+00  5.163e-33
6.300e+02  1.000e+00  2.963e-33
6.310e+02  1.000e+00  1.696e-33
6.320e+02  1.000e+00  9.692e-34
6.330e+02  1.000e+00  5.526e-34
6.340e+02  1.000e+00  3.144e-34
6.350e+02  1.000e+00  1.785e-34
6.360e+02  1.000e+00  1.011e-34
6.370e+02  1.000e+00  5.715e-35
6.380e+02  1.000e+00  3.224e-35
6.390e+02  1.000e+00  1.814e-35
6.400e+02  1.000e+00  1.019e-35
6.410e+02  1.000e+00  5.711e-36
6.420e+02  1.000e+00  3.194e-36
6.430e+02  1.000e+00  1.783e-36
6.440e+02  1.000e+00  9.927e-37
6.450e+02  1.000e+00  5.517e-37
6.460e+02  1.000e+00  3.059e-37
6.470e+02  1.000e+00  1.693e-37
6.480e+02  1.000e+00  9.347e-38
6.490e+02  1.000e+00  5.151e-38
6.500e+02  1.000e+00  2.832e-38
6.510e+02  1.000e+00  1.554e-38
6.520e+02  1.000e+00  8.509e-39
6.530e+02  1.000e+00  4.649e-39
6.540e+02  1.000e+00  2.535e-39
6.550e+02  1.000e+00  1.379e-39
6.560e+02  1.000e+00  7.489e-40
6.570e+02  1.000e+00  4.058e-40
6.580e+02  1.000e+00  2.194e-40
6.590e+02  1.000e+00  1.184e-40
6.600e+02  1.000e+00  6.374e-41
6.610e+02  1.000e+00  3.425e-41
6.620e+02  1.000e+00  1.837e-41
6.630e+02  1.000e+00  9.828e-42
6.640e+02  1.000e+00  5.248e-42
6.650e+02  1.000e+00  2.796e-42
6.660e+02  1.000e+00  1.487e-42
6.670e+02  1.000e+00  7.891e-43
6.680e+02  1.000e+00  4.179e-43
6.690e+02  1.000e+00  2.209e-43
6.700e+02  1.000e+00  1.165e-43
6.710e+02  1.000e+00  6.131e-44
6.720e+02  1.000e+00  3.220e-44
6.730e+02  1.000e+00  1.688e-44
6.740e+02  1.000e+00  8.829e-45
6.750e+02  1.000e+00  4.609e-45
6.760e+02  1.000e+00  2.401e-45
6.770e+02  1.000e+00  1.248e-45
6.780e+02  1.000e+00  6.475e-46
6.790e+02  1.000e+00  3.353e-46
6.800e+02  1.000e+00  1.732e-46
6.810e+02  1.000e+00  8.933e-47
6.820e+02  1.000e+00  4.597e-47
6.830e+02  1.000e+00  2.361e-47
6.840e+02  1.000e+00  1.210e-47
6.850e+02  1.000e+00  6.189e-48
6.860e+02  1.000e+00  3.159e-48
6.870e+02  1.000e+00  1.609e-48
6.880e+02  1.000e+00  8.182e-49
6.890e+02  1.000e+00  4.151e-49
6.900e+02  1.000e+00  2.102e-49
6.910e+02  1.000e+00  1.062e-49
6.920e+02  1.000e+00  5.357e-50
6.930e+02  1.000e+00  2.696e-50
6.940e+02  1.000e+00  1.354e-50
6.950e+02  1.000e+00  6.790e-51
6.960e+02  1.000e+00  3.397e-51
6.970e+02  1.000e+00  1.696e-51
6.980e+02  1.000e+00  8.452e-52
6.990e+02  1.000e+00  4.204e-52
7.000e+02  1.000e+00  2.086e-52
7.010e+02  1.000e+00  1.033e-52
7.020e+02  1.000e+00  5.109e-53
7.030e+02  1.000e+00  2.521e-53
7.040e+02  1.000e+00  1.241e-53
7.050e+02  1.000e+00  6.101e-54
7.060e+02  1.000e+00  2.992e-54
7.070e+02  1.000e+00  1.465e-54
7.080e+02  1.000e+00  7.156e-55
7.090e+02  1.000e+00  3.489e-55
7.100e+02  1.000e+00  1.698e-55
7.110e+02  1.000e+00  8.247e-56
7.120e+02  1.000e+00  3.998e-56
7.130e+02  1.000e+00  1.934e-56
7.140e+02  1.000e+00  9.339e-57
7.150e+02  1.000e+00  4.500e-57
7.160e+02  1.000e+00  2.165e-57
7.170e+02  1.000e+00  1.039e-57
7.180e+02  1.000e+00  4.978e-58
7.190e+02  1.000e+00  2.380e-58
7.200e+02  1.000e+00  1.136e-58
7.210e+02  1.000e+00  5.412e-59
7.220e+02  1.000e+00  2.573e-59
7.230e+02  1.000e+00  1.221e-59
7.240e+02  1.000e+00  5.781e-60
7.250e+02  1.000e+00  2.733e-60
7.260e+02  1.000e+00  1.289e-60
7.270e+02  1.000e+00  6.070e-61
7.280e+02  1.000e+00  2.853e-61
7.290e+02  1.000e+00  1.338e-61
7.300e+02  1.000e+00  6.265e-62
7.310e+02  1.000e+00  2.927e-62
7.320e+02  1.000e+00  1.365e-62
7.330e+02  1.000e+00  6.355e-63
7.340e+02  1.000e+00  2.953e-63
7.350e+02  1.000e+00  1.369e-63
7.360e+02  1.000e+00  6.338e-64
7.370e+02  1.000e+00  2.928e-64
7.380e+02  1.000e+00  1.350e-64
7.390e+02  1.000e+00  6.213e-65
7.400e+02  1.000e+00  2.854e-65
7.410e+02  1.000e+00  1.309e-65
7.420e+02  1.000e+00  5.989e-66
7.430e+02  1.000e+00  2.736e-66
7.440e+02  1.000e+00  1.247e-66
7.450e+02  1.000e+00  5.676e-67
7.460e+02  1.000e+00  2.578e-67
7.470e+02  1.000e+00  1.169e-67
7.480e+02  1.000e+00  5.289e-68
7.490e+02  1.000e+00  2.389e-68
7.500e+02  1.000e+00  1.077e-68
7.510e+02  1.000e+00  4.847e-69
7.520e+02  1.000e+00  2.177e-69
7.530e+02  1.000e+00  9.761e-70
7.540e+02  1.000e+00  4.368e-70
7.550e+02  1.000e+00  1.951e-70
7.560e+02  1.000e+00  8.700e-71
7.570e+02  1.000e+00  3.872e-71
7.580e+02  1.000e+00  1.720e-71
7.590e+02  1.000e+00  7.626e-72
7.600e+02  1.000e+00  3.375e-72
7.610e+02  1.000e+00  1.491e-72
7.620e+02  1.000e+00  6.576e-73
7.630e+02  1.000e+00  2.894e-73
7.640e+02  1.000e+00  1.272e-73
7.650e+02  1.000e+00  5.577e-74
7.660e+02  1.000e+00  2.442e-74
7.670e+02  1.000e+00  1.067e-74
7.680e+02  1.000e+00  4.653e-75
7.690e+02  1.000e+00  2.026e-75
7.700e+02  1.000e+00  8.805e-76
7.710e+02  1.000e+00  3.820e-76
7.720e+02  1.000e+00  1.654e-76
7.730e+02  1.000e+00  7.150e-77
7.740e+02  1.000e+00  3.085e-77
7.750e+02  1.000e+00  1.329e-77
7.760e+02  1.000e+00  5.713e-78
7.770e+02  1.000e+00  2.452e-78
7.780e+02  1.000e+00  1.050e-78
7.790e+02  1.000e+00  4.491e-79
7.800e+02  1.000e+00  1.917e-79
7.810e+02  1.000e+00  8.168e-80
7.820e+02  1.000e+00  3.474e-80
7.830e+02  1.000e+00  1.475e-80
7.840e+02  1.000e+00  6.252e-81
7.850e+02  1.000e+00  2.645e-81
7.860e+02  1.000e+00  1.117e-81
7.870e+02  1.000e+00  4.709e-82
7.880e+02  1.000e+00  1.982e-82
7.890e+02  1.000e+00  8.326e-83
7.900e+02  1.000e+00  3.492e-83
7.910e+02  1.000e+00  1.462e-83
7.920e+02  1.000e+00  6.108e-84
7.930e+02  1.000e+00  2.548e-84
7.940e+02  1.000e+00  1.061e-84
7.950e+02  1.000e+00  4.411e-85
7.960e+02  1.000e+00  1.831e-85
7.970e+02  1.000e+00  7.597e-86
7.980e+02  1.000e+00  3.172e-86
7.990e+02  1.000e+00  1.384e-86
8.000e+02  1.000e+00  7.527e-87
