5.561852107809260204e+00
5.505817932922655977e+00
5.456271186440678100e+00
5.402283411685695036e+00
5.348404255319148426e+00
5.294736842105263186e+00
5.242187500000000000e+00
5.184803605924018122e+00
5.131210191082802297e+00
5.079445145018915753e+00
5.028714107365792607e+00
4.980246913580247181e+00
4.926084300549786299e+00
4.871980676328502291e+00
4.821492537313432969e+00
4.762241887905604543e+00
4.677532013969732283e+00
4.573394495412843597e+00
4.481355932203389791e+00
4.411568409343715302e+00
4.339168490153173074e+00
4.264516129032258185e+00
4.183835182250396301e+00
4.109901503369621345e+00
4.026436197254702698e+00
3.940209267563528073e+00
3.857630424183325246e+00
3.767397521448998976e+00
3.676128431828757925e+00
3.584392014519056424e+00
3.487858719646799166e+00
3.385671385671385814e+00
3.284525790349417829e+00
3.172968624296057971e+00
3.057819169577027374e+00
2.936916759985069181e+00
2.814444047193421561e+00
2.676671214188267367e+00
2.536395988353283837e+00
2.387077110637001010e+00
2.225384177575412625e+00
2.048831714360724643e+00
1.849462365591397761e+00
1.628407101775443788e+00
1.371342835708927010e+00
1.061265316329082165e+00
7.271817954488621893e-01
3.630907726931733026e-01
-7.101775443860965098e-02
-7.651912978244562735e-01
