5.547586206896551353e+00
5.473110959836622769e+00
5.399597044996641948e+00
5.328921244209133157e+00
5.249836921069797491e+00
5.174052665382145477e+00
5.096202531645569245e+00
5.029925187032418421e+00
4.955773955773955741e+00
4.877871825876662903e+00
4.801903628792385526e+00
4.706019871420221712e+00
4.563573883161511802e+00
4.445938375350140248e+00
4.343921139101862394e+00
4.237306253340459961e+00
4.131318394997394172e+00
4.014191586416623991e+00
3.895617922205810046e+00
3.770992366412213581e+00
3.642231443061318963e+00
3.511328298533984871e+00
3.366894197952218448e+00
3.216965742251223670e+00
3.056266977105161153e+00
2.887747615553925229e+00
2.706125258086717000e+00
2.507024265644955285e+00
2.287383177570093462e+00
2.040261437908496678e+00
1.752438109527381771e+00
1.410352588147036457e+00
9.472368092023005781e-01
2.510627656914228290e-01
0.000000000000000000e+00
0.000000000000000000e+00
0.000000000000000000e+00
0.000000000000000000e+00
0.000000000000000000e+00
-2.756696428571428381e+00
-2.758441558441558250e+00
-2.753515914137675491e+00
-2.753935376967687976e+00
-2.754337899543378931e+00
-2.751491053677932452e+00
-2.756698821007502520e+00
-2.751592356687897922e+00
-2.741401273885350154e+00
-2.736305732484075826e+00
-2.746496815286624038e+00
