5.531680440771349794e+00
5.439783491204329025e+00
5.333333333333333037e+00
5.226562500000000000e+00
5.203883495145631422e+00
5.201294498381876963e+00
5.196116504854368934e+00
5.203104786545925009e+00
5.200517464424320835e+00
5.197930142302716661e+00
5.197930142302716661e+00
5.195342820181112486e+00
5.195342820181112486e+00
5.195342820181112486e+00
5.195342820181112486e+00
5.195342820181112486e+00
5.195342820181112486e+00
5.197930142302716661e+00
5.197930142302716661e+00
5.200517464424320835e+00
5.200517464424320835e+00
5.196116504854368934e+00
5.198705501618123392e+00
5.201294498381876963e+00
5.194300518134713940e+00
0.000000000000000000e+00
0.000000000000000000e+00
0.000000000000000000e+00
0.000000000000000000e+00
-2.756282875511396835e+00
-2.753726046841731723e+00
-2.746867167919798902e+00
-2.747358309317963432e+00
-2.758169934640522847e+00
-2.742996345919609613e+00
-2.741935483870967527e+00
-2.736156351791530827e+00
-2.742671009771986856e+00
-2.742671009771986856e+00
-2.736156351791530827e+00
-2.742671009771986856e+00
-2.749185667752442885e+00
-2.736156351791530827e+00
-2.742671009771986856e+00
-2.749185667752442885e+00
-2.755700325732898470e+00
-2.736156351791530827e+00
-2.749185667752442885e+00
-2.749185667752442885e+00
-2.749185667752442885e+00
