5.572815533980582714e+00
5.562932226832641547e+00
5.545893719806763045e+00
5.533379215416379004e+00
5.521978021978021900e+00
5.509589041095890316e+00
5.492822966507176830e+00
5.486025903203817222e+00
5.465669612508497366e+00
5.453559322033898482e+00
5.439783491204329025e+00
5.427800269905532105e+00
5.410497981157469383e+00
5.401342281879194296e+00
5.381526104417670986e+00
5.367156208277704010e+00
5.352862849533954304e+00
5.346613545816732760e+00
5.324503311258277805e+00
5.315719947159840864e+00
5.301712779973649425e+00
5.284307288246881562e+00
5.270464963981662976e+00
5.259307642064010579e+00
5.235179153094462912e+00
5.220779220779220964e+00
5.209844559585492085e+00
5.198192382182052818e+00
5.176319176319175597e+00
5.163029525032092337e+00
5.149072296865003118e+00
5.135928525845565140e+00
5.122851686823679529e+00
5.111675126903552524e+00
5.098734177215189511e+00
5.085858585858585634e+00
5.074889867841410052e+00
5.057124921531701567e+00
5.046307884856069848e+00
5.031210986267165453e+00
5.016189290161892522e+00
5.005586592178770999e+00
4.992574257425742346e+00
4.977777777777777857e+00
4.962461538461538701e+00
4.952147239263803513e+00
4.935128518971848344e+00
4.920073215375229125e+00
4.909975669099757134e+00
4.892662219526986433e+00
