5.564013840830448920e+00
5.529573590096285685e+00
5.495557074504443307e+00
5.461956521739130821e+00
5.425101214574898911e+00
5.396782841823056565e+00
5.355525965379493769e+00
5.320105820105820449e+00
5.281680892974392805e+00
5.249022164276400559e+00
5.206472491909384992e+00
5.168914579319203284e+00
5.132653061224489832e+00
5.101963267891070686e+00
5.069182389937106237e+00
5.034353529044347297e+00
4.999380037197767912e+00
4.967384615384615287e+00
4.928527794746487167e+00
4.895087932080048887e+00
4.854392298435620035e+00
4.819104477611940496e+00
4.781990521327013965e+00
4.740305522914218805e+00
4.679860302677531614e+00
4.606340057636887586e+00
4.540787221905305593e+00
4.478825522303782947e+00
4.433519553072625463e+00
4.382531785516859735e+00
4.334609075997812866e+00
4.283243243243243015e+00
4.232905982905982967e+00
4.179419525065963370e+00
4.133402813965607159e+00
4.074074074074074403e+00
4.020304568527918399e+00
3.959939909864797158e+00
3.905185185185185315e+00
3.848175182481752277e+00
3.789171058936272374e+00
3.728301886792453335e+00
3.667749419953596490e+00
3.602371181030551650e+00
3.537634408602150504e+00
3.472295514511873904e+00
3.404659188955996729e+00
3.335587489433643249e+00
3.266859743483657486e+00
3.188992310805342179e+00
