5.568953568953569189e+00
5.544827586206896974e+00
5.524725274725274637e+00
5.499316005471956537e+00
5.481279782164738101e+00
5.452574525745257361e+00
5.422402159244264830e+00
5.404969778374748124e+00
5.374331550802138757e+00
5.351962741184298267e+00
5.324503311258277805e+00
5.301712779973649425e+00
5.272131147540983775e+00
5.244618395303326963e+00
5.222582738481505338e+00
5.195610071013557096e+00
5.168914579319203284e+00
5.147603833865814771e+00
5.123966942148759252e+00
5.101265822784808890e+00
5.075566750629723067e+00
5.052631578947368141e+00
5.028072364316905407e+00
5.003103662321539247e+00
4.978381717109326310e+00
4.955773955773955741e+00
4.929095354523227002e+00
4.906990881458966669e+00
4.878402903811251967e+00
4.854392298435620035e+00
4.828246558946738709e+00
4.801903628792385526e+00
4.778698224852070631e+00
4.748235294117646887e+00
4.708357685563997919e+00
4.664343786295005678e+00
4.611303344867359044e+00
4.565864833906070785e+00
4.516202387720295697e+00
4.476566911349520339e+00
4.448430493273543007e+00
4.411568409343715302e+00
4.375483158475979906e+00
4.346111719605695534e+00
4.308695652173913260e+00
4.278167115902965278e+00
4.235294117647058876e+00
4.201484623541887231e+00
4.166140904311251170e+00
4.127149557060969087e+00
