1.582637729549248862e+00
1.552587646076794892e+00
1.512520868113522488e+00
1.482470784641068517e+00
1.442404006677796557e+00
1.412353923205342365e+00
1.372287145242070183e+00
1.332220367278798001e+00
1.292153589315526041e+00
1.252086811352253859e+00
1.202003338898163687e+00
1.161936560934891505e+00
1.111853088480801555e+00
1.061769616026711160e+00
1.011686143572620988e+00
9.515859766277129372e-01
9.015025041736227651e-01
8.414023372287144920e-01
7.712854757929884508e-01
7.011686143572621877e-01
6.210350584307179345e-01
5.108514190317196002e-01
3.906510851419032204e-01
2.003338898163606052e-01
-1.730337078651685401e+00
-1.726775956284153146e+00
-1.718918918918919125e+00
-1.723518850987432849e+00
-1.723518850987432849e+00
-1.722871452420701388e+00
-1.722871452420701388e+00
-1.722871452420701388e+00
-1.722871452420701388e+00
-1.722871452420701388e+00
-1.722871452420701388e+00
-1.722871452420701388e+00
-1.722871452420701388e+00
-1.712854757929883398e+00
-1.722871452420701388e+00
-1.722871452420701388e+00
-1.722871452420701388e+00
-1.722871452420701388e+00
-1.722871452420701388e+00
-1.722871452420701388e+00
-1.712854757929883398e+00
-1.722871452420701388e+00
-1.722871452420701388e+00
-1.722871452420701388e+00
-1.722871452420701388e+00
-1.722871452420701388e+00
