-4.000000000000000000e+00
-4.000000000000000000e+00
-4.000000000000000000e+00
-4.000000000000000000e+00
-4.000000000000000000e+00
-4.000000000000000000e+00
-4.000000000000000000e+00
-4.000000000000000000e+00
-4.000000000000000000e+00
-4.000000000000000000e+00
-3.666666666666666519e+00
-3.666666666666666519e+00
-3.666666666666666519e+00
-3.666666666666666519e+00
-3.666666666666666519e+00
-3.714285714285714413e+00
-3.714285714285714413e+00
-4.000000000000000000e+00
-4.000000000000000000e+00
-4.000000000000000000e+00
-4.000000000000000000e+00
-4.000000000000000000e+00
-4.000000000000000000e+00
-4.000000000000000000e+00
-4.000000000000000000e+00
-4.000000000000000000e+00
-4.000000000000000000e+00
-4.000000000000000000e+00
-4.000000000000000000e+00
-4.000000000000000000e+00
-4.000000000000000000e+00
-4.000000000000000000e+00
-4.000000000000000000e+00
-4.000000000000000000e+00
-4.000000000000000000e+00
-4.000000000000000000e+00
-4.000000000000000000e+00
-4.000000000000000000e+00
-4.000000000000000000e+00
-4.000000000000000000e+00
-4.000000000000000000e+00
-4.000000000000000000e+00
-4.000000000000000000e+00
-4.000000000000000000e+00
-4.000000000000000000e+00
-4.000000000000000000e+00
-4.000000000000000000e+00
-4.000000000000000000e+00
-4.000000000000000000e+00
-4.000000000000000000e+00
-4.000000000000000000e+00
-4.000000000000000000e+00
-4.000000000000000000e+00
-4.000000000000000000e+00
-4.000000000000000000e+00
-4.000000000000000000e+00
-4.000000000000000000e+00
-4.000000000000000000e+00
-4.000000000000000000e+00
-4.133333333333333748e+00
-4.125000000000000000e+00
-4.125000000000000000e+00
-4.125000000000000000e+00
-4.125000000000000000e+00
-4.125000000000000000e+00
-4.117647058823528994e+00
-4.117647058823528994e+00
-4.117647058823528994e+00
-4.117647058823528994e+00
-4.117647058823528994e+00
-4.111111111111110716e+00
-4.111111111111110716e+00
-4.111111111111110716e+00
-4.111111111111110716e+00
-4.111111111111110716e+00
-4.105263157894737169e+00
-4.105263157894737169e+00
-4.105263157894737169e+00
-4.000000000000000000e+00
-4.105263157894737169e+00
-4.099999999999999645e+00
-4.099999999999999645e+00
-4.099999999999999645e+00
-4.099999999999999645e+00
-4.099999999999999645e+00
-4.095238095238094900e+00
-4.095238095238094900e+00
-4.095238095238094900e+00
-4.095238095238094900e+00
-4.095238095238094900e+00
-4.090909090909090828e+00
-4.090909090909090828e+00
-4.181818181818181657e+00
-4.181818181818181657e+00
-4.181818181818181657e+00
-4.173913043478260754e+00
-4.173913043478260754e+00
-4.173913043478260754e+00
-4.173913043478260754e+00
-4.173913043478260754e+00
-4.166666666666666963e+00
-4.166666666666666963e+00
-4.250000000000000000e+00
-4.166666666666666963e+00
-4.166666666666666963e+00
-4.160000000000000142e+00
-4.160000000000000142e+00
-4.160000000000000142e+00
-4.160000000000000142e+00
-4.160000000000000142e+00
-4.153846153846154188e+00
-4.230769230769230838e+00
-4.230769230769230838e+00
-4.230769230769230838e+00
-4.230769230769230838e+00
-4.222222222222222321e+00
-4.222222222222222321e+00
-4.222222222222222321e+00
-4.222222222222222321e+00
-4.148148148148147918e+00
-4.214285714285714413e+00
-4.214285714285714413e+00
-4.214285714285714413e+00
-4.214285714285714413e+00
-4.214285714285714413e+00
-4.206896551724137900e+00
-4.206896551724137900e+00
-4.275862068965516904e+00
-4.275862068965516904e+00
-4.275862068965516904e+00
-4.266666666666666607e+00
-4.266666666666666607e+00
-4.200000000000000178e+00
-4.200000000000000178e+00
-4.266666666666666607e+00
-4.258064516129032029e+00
-4.258064516129032029e+00
-4.258064516129032029e+00
-4.258064516129032029e+00
-4.258064516129032029e+00
-4.250000000000000000e+00
-4.312500000000000000e+00
-4.312500000000000000e+00
-4.250000000000000000e+00
-4.250000000000000000e+00
-4.242424242424242209e+00
-4.242424242424242209e+00
-4.242424242424242209e+00
-4.303030303030302761e+00
-4.303030303030302761e+00
-4.294117647058823373e+00
-4.294117647058823373e+00
-4.294117647058823373e+00
-4.294117647058823373e+00
-4.294117647058823373e+00
-4.285714285714285587e+00
-4.285714285714285587e+00
-4.285714285714285587e+00
-4.285714285714285587e+00
-4.285714285714285587e+00
-4.333333333333333037e+00
-4.333333333333333037e+00
-4.333333333333333037e+00
-4.277777777777777679e+00
-4.277777777777777679e+00
-4.324324324324324564e+00
-4.324324324324324564e+00
-4.324324324324324564e+00
-4.324324324324324564e+00
-4.324324324324324564e+00
-4.315789473684210620e+00
-4.368421052631578760e+00
-4.315789473684210620e+00
-4.315789473684210620e+00
-4.315789473684210620e+00
-4.307692307692307487e+00
-4.358974358974358587e+00
-4.358974358974358587e+00
-4.358974358974358587e+00
-4.358974358974358587e+00
-4.349999999999999645e+00
-4.349999999999999645e+00
-4.349999999999999645e+00
-4.349999999999999645e+00
-4.349999999999999645e+00
-4.341463414634146645e+00
-4.390243902439024737e+00
-4.390243902439024737e+00
-4.390243902439024737e+00
-4.341463414634146645e+00
-4.333333333333333037e+00
-4.380952380952381375e+00
-4.380952380952381375e+00
-4.380952380952381375e+00
-4.380952380952381375e+00
-4.372093023255813726e+00
-4.418604651162790553e+00
-4.372093023255813726e+00
-4.372093023255813726e+00
-4.372093023255813726e+00
-4.363636363636363313e+00
-4.409090909090909172e+00
-4.409090909090909172e+00
-4.409090909090909172e+00
-4.363636363636363313e+00
-4.355555555555555181e+00
-4.400000000000000355e+00
-4.400000000000000355e+00
-4.400000000000000355e+00
-4.400000000000000355e+00
-4.434782608695652328e+00
-4.391304347826086918e+00
-4.391304347826086918e+00
-4.391304347826086918e+00
-4.391304347826086918e+00
-4.425531914893617191e+00
-4.425531914893617191e+00
-4.425531914893617191e+00
-4.382978723404255206e+00
-4.382978723404255206e+00
-4.416666666666666963e+00
-4.416666666666666963e+00
-4.416666666666666963e+00
-4.416666666666666963e+00
-4.416666666666666963e+00
-4.408163265306122014e+00
-4.408163265306122014e+00
-4.408163265306122014e+00
-4.448979591836734748e+00
-4.448979591836734748e+00
-4.440000000000000391e+00
-4.400000000000000355e+00
-4.400000000000000355e+00
-4.440000000000000391e+00
-4.440000000000000391e+00
-4.431372549019608087e+00
-4.431372549019608087e+00
-4.431372549019608087e+00
-4.431372549019608087e+00
-4.431372549019608087e+00
-4.423076923076923350e+00
-4.461538461538461675e+00
-4.461538461538461675e+00
-4.423076923076923350e+00
-4.423076923076923350e+00
-4.452830188679245182e+00
-4.452830188679245182e+00
-4.452830188679245182e+00
-4.452830188679245182e+00
-4.452830188679245182e+00
-4.444444444444444642e+00
-4.444444444444444642e+00
-4.444444444444444642e+00
-4.444444444444444642e+00
-4.481481481481481843e+00
-4.472727272727272663e+00
-4.436363636363636509e+00
-4.436363636363636509e+00
-4.472727272727272663e+00
-4.472727272727272663e+00
-4.464285714285714413e+00
-4.464285714285714413e+00
-4.464285714285714413e+00
-4.464285714285714413e+00
-4.464285714285714413e+00
-4.456140350877192624e+00
-4.491228070175438347e+00
-4.456140350877192624e+00
-4.456140350877192624e+00
-4.456140350877192624e+00
-4.482758620689654805e+00
-4.482758620689654805e+00
-4.482758620689654805e+00
-4.482758620689654805e+00
-4.482758620689654805e+00
-4.474576271186440302e+00
-4.474576271186440302e+00
-4.508474576271186862e+00
-4.508474576271186862e+00
-4.474576271186440302e+00
-4.466666666666666785e+00
-4.500000000000000000e+00
-4.500000000000000000e+00
-4.500000000000000000e+00
-4.466666666666666785e+00
-4.491803278688524692e+00
-4.491803278688524692e+00
-4.491803278688524692e+00
-4.491803278688524692e+00
-4.491803278688524692e+00
-4.483870967741935054e+00
-4.483870967741935054e+00
-4.483870967741935054e+00
-4.516129032258064946e+00
-4.516129032258064946e+00
-4.507936507936507908e+00
-4.507936507936507908e+00
-4.507936507936507908e+00
-4.507936507936507908e+00
-4.507936507936507908e+00
-4.531250000000000000e+00
-4.500000000000000000e+00
-4.500000000000000000e+00
-4.500000000000000000e+00
-4.531250000000000000e+00
-4.523076923076922995e+00
-4.492307692307692335e+00
-4.523076923076922995e+00
-4.523076923076922995e+00
-4.523076923076922995e+00
-4.515151515151515582e+00
-4.515151515151515582e+00
-4.515151515151515582e+00
-4.515151515151515582e+00
-4.515151515151515582e+00
-4.537313432835820670e+00
-4.507462686567164312e+00
-4.507462686567164312e+00
-4.537313432835820670e+00
-4.537313432835820670e+00
-4.529411764705882248e+00
-4.529411764705882248e+00
-4.529411764705882248e+00
-4.529411764705882248e+00
-4.529411764705882248e+00
-4.521739130434782261e+00
-4.550724637681159201e+00
-4.521739130434782261e+00
-4.521739130434782261e+00
-4.550724637681159201e+00
-4.542857142857142705e+00
-4.542857142857142705e+00
-4.514285714285714235e+00
-4.542857142857142705e+00
-4.542857142857142705e+00
-4.535211267605633978e+00
-4.563380281690140983e+00
-4.535211267605633978e+00
-4.535211267605633978e+00
-4.535211267605633978e+00
-4.555555555555555358e+00
-4.555555555555555358e+00
-4.527777777777777679e+00
-4.555555555555555358e+00
-4.555555555555555358e+00
-4.547945205479452468e+00
-4.520547945205479756e+00
-4.547945205479452468e+00
-4.547945205479452468e+00
-4.547945205479452468e+00
-4.567567567567567544e+00
-4.540540540540540349e+00
-4.540540540540540349e+00
-4.540540540540540349e+00
-4.567567567567567544e+00
-4.559999999999999609e+00
-4.533333333333333215e+00
-4.559999999999999609e+00
-4.559999999999999609e+00
-4.559999999999999609e+00
-4.552631578947368141e+00
-4.552631578947368141e+00
-4.552631578947368141e+00
-4.552631578947368141e+00
-4.578947368421052211e+00
-4.571428571428571175e+00
-4.545454545454545858e+00
-4.545454545454545858e+00
-4.571428571428571175e+00
-4.571428571428571175e+00
-4.564102564102563875e+00
-4.564102564102563875e+00
-4.564102564102563875e+00
-4.564102564102563875e+00
-4.564102564102563875e+00
-4.556962025316456000e+00
-4.556962025316456000e+00
-4.556962025316456000e+00
-4.582278481012658666e+00
-4.556962025316456000e+00
-4.549999999999999822e+00
-4.575000000000000178e+00
-4.575000000000000178e+00
-4.575000000000000178e+00
-4.575000000000000178e+00
-4.567901234567901092e+00
-4.567901234567901092e+00
-4.567901234567901092e+00
-4.567901234567901092e+00
-4.567901234567901092e+00
-4.560975609756097171e+00
-4.585365853658536217e+00
-4.585365853658536217e+00
-4.560975609756097171e+00
-4.560975609756097171e+00
-4.578313253012048278e+00
-4.578313253012048278e+00
-4.578313253012048278e+00
-4.578313253012048278e+00
-4.578313253012048278e+00
-4.571428571428571175e+00
-4.595238095238094900e+00
-4.571428571428571175e+00
-4.571428571428571175e+00
-4.595238095238094900e+00
-4.588235294117646745e+00
-4.588235294117646745e+00
-4.564705882352940947e+00
-4.588235294117646745e+00
-4.588235294117646745e+00
-4.581395348837209447e+00
-4.604651162790697860e+00
-4.581395348837209447e+00
-4.581395348837209447e+00
-4.604651162790697860e+00
-4.597701149425287070e+00
-4.574712643678161328e+00
-4.574712643678161328e+00
-4.597701149425287070e+00
-4.597701149425287070e+00
-4.590909090909090828e+00
-4.590909090909090828e+00
-4.590909090909090828e+00
-4.590909090909090828e+00
-4.590909090909090828e+00
-4.584269662921347965e+00
-4.584269662921347965e+00
-4.606741573033708015e+00
-4.606741573033708015e+00
-4.584269662921347965e+00
-4.577777777777777501e+00
-4.599999999999999645e+00
-4.599999999999999645e+00
-4.577777777777777501e+00
-4.599999999999999645e+00
-4.593406593406593075e+00
-4.593406593406593075e+00
-4.615384615384614975e+00
-4.593406593406593075e+00
-4.593406593406593075e+00
-4.608695652173913082e+00
-4.608695652173913082e+00
-4.586956521739130821e+00
-4.586956521739130821e+00
-4.608695652173913082e+00
-4.602150537634408956e+00
-4.602150537634408956e+00
-4.602150537634408956e+00
-4.602150537634408956e+00
-4.602150537634408956e+00
-4.617021276595744794e+00
-4.595744680851064246e+00
-4.595744680851064246e+00
-4.617021276595744794e+00
-4.617021276595744794e+00
-4.610526315789473806e+00
-4.610526315789473806e+00
-4.610526315789473806e+00
-4.610526315789473806e+00
-4.589473684210526372e+00
-4.604166666666666963e+00
-4.604166666666666963e+00
-4.604166666666666963e+00
-4.625000000000000000e+00
-4.604166666666666963e+00
-4.597938144329896559e+00
-4.618556701030927414e+00
-4.618556701030927414e+00
-4.597938144329896559e+00
-4.618556701030927414e+00
-4.612244897959183909e+00
-4.612244897959183909e+00
-4.612244897959183909e+00
-4.612244897959183909e+00
-4.612244897959183909e+00
-4.626262626262626299e+00
-4.626262626262626299e+00
-4.606060606060606410e+00
-4.606060606060606410e+00
-4.626262626262626299e+00
-4.620000000000000107e+00
-4.599999999999999645e+00
-4.620000000000000107e+00
-4.620000000000000107e+00
-4.599999999999999645e+00
-4.613861386138613518e+00
-4.613861386138613518e+00
-4.613861386138613518e+00
-4.633663366336633338e+00
-4.613861386138613518e+00
-4.607843137254901578e+00
-4.627450980392157298e+00
-4.627450980392157298e+00
-4.607843137254901578e+00
-4.627450980392157298e+00
-4.621359223300970598e+00
-4.621359223300970598e+00
-4.640776699029125929e+00
-4.621359223300970598e+00
-4.621359223300970598e+00
-4.634615384615385025e+00
-4.634615384615385025e+00
-4.615384615384614975e+00
-4.615384615384614975e+00
-4.634615384615385025e+00
-4.628571428571429003e+00
-4.609523809523809135e+00
-4.628571428571429003e+00
-4.628571428571429003e+00
-4.609523809523809135e+00
-4.622641509433962348e+00
-4.622641509433962348e+00
-4.622641509433962348e+00
-4.641509433962264453e+00
-4.622641509433962348e+00
-4.616822429906542347e+00
-4.635514018691588412e+00
-4.635514018691588412e+00
-4.616822429906542347e+00
-4.635514018691588412e+00
-4.629629629629629761e+00
-4.629629629629629761e+00
-4.629629629629629761e+00
-4.629629629629629761e+00
-4.629629629629629761e+00
-4.642201834862385468e+00
-4.642201834862385468e+00
-4.623853211009174125e+00
-4.642201834862385468e+00
-4.642201834862385468e+00
-4.636363636363636687e+00
-4.636363636363636687e+00
-4.636363636363636687e+00
-4.636363636363636687e+00
-4.636363636363636687e+00
-4.630630630630630407e+00
-4.630630630630630407e+00
-4.648648648648648241e+00
-4.630630630630630407e+00
-4.630630630630630407e+00
-4.625000000000000000e+00
-4.642857142857143238e+00
-4.642857142857143238e+00
-4.625000000000000000e+00
-4.642857142857143238e+00
-4.637168141592920456e+00
-4.637168141592920456e+00
-4.637168141592920456e+00
-4.637168141592920456e+00
-4.637168141592920456e+00
-4.649122807017543657e+00
-4.631578947368421240e+00
-4.631578947368421240e+00
-4.649122807017543657e+00
-4.631578947368421240e+00
-4.626086956521739069e+00
-4.643478260869565055e+00
-4.643478260869565055e+00
-4.643478260869565055e+00
-4.643478260869565055e+00
-4.637931034482758896e+00
-4.637931034482758896e+00
-4.655172413793103203e+00
-4.637931034482758896e+00
-4.637931034482758896e+00
-4.649572649572649929e+00
-4.649572649572649929e+00
-4.632478632478632896e+00
-4.649572649572649929e+00
-4.649572649572649929e+00
-4.644067796610169552e+00
-4.644067796610169552e+00
-4.644067796610169552e+00
-4.644067796610169552e+00
-4.644067796610169552e+00
-4.638655462184874345e+00
-4.638655462184874345e+00
-4.655462184873949916e+00
-4.655462184873949916e+00
-4.638655462184874345e+00
-4.650000000000000355e+00
-4.650000000000000355e+00
-4.650000000000000355e+00
-4.650000000000000355e+00
-4.650000000000000355e+00
-4.644628099173553792e+00
-4.661157024793388004e+00
-4.644628099173553792e+00
-4.644628099173553792e+00
-4.661157024793388004e+00
-4.655737704918032627e+00
-4.639344262295082011e+00
-4.655737704918032627e+00
-4.655737704918032627e+00
-4.639344262295082011e+00
-4.650406504065040636e+00
-4.650406504065040636e+00
-4.650406504065040636e+00
-4.650406504065040636e+00
-4.650406504065040636e+00
-4.645161290322580960e+00
-4.661290322580645018e+00
-4.661290322580645018e+00
-4.645161290322580960e+00
-4.661290322580645018e+00
-4.655999999999999694e+00
-4.655999999999999694e+00
-4.655999999999999694e+00
-4.655999999999999694e+00
-4.655999999999999694e+00
-4.666666666666666963e+00
-4.650793650793651146e+00
-4.650793650793651146e+00
-4.666666666666666963e+00
-4.650793650793651146e+00
-4.645669291338582418e+00
-4.661417322834645383e+00
-4.661417322834645383e+00
-4.645669291338582418e+00
-4.661417322834645383e+00
-4.656250000000000000e+00
-4.656250000000000000e+00
-4.656250000000000000e+00
-4.656250000000000000e+00
-4.656250000000000000e+00
-4.666666666666666963e+00
-4.651162790697674687e+00
-4.651162790697674687e+00
-4.666666666666666963e+00
-4.651162790697674687e+00
-4.646153846153846523e+00
-4.661538461538461853e+00
-4.661538461538461853e+00
-4.661538461538461853e+00
-4.661538461538461853e+00
-4.656488549618321038e+00
-4.656488549618321038e+00
-4.671755725190839925e+00
-4.656488549618321038e+00
-4.656488549618321038e+00
-4.666666666666666963e+00
-4.666666666666666963e+00
-4.651515151515151381e+00
-4.666666666666666963e+00
-4.666666666666666963e+00
-4.661654135338346272e+00
-4.661654135338346272e+00
-4.661654135338346272e+00
-4.661654135338346272e+00
-4.661654135338346272e+00
-4.656716417910447881e+00
-4.656716417910447881e+00
-4.671641791044776504e+00
-4.656716417910447881e+00
-4.656716417910447881e+00
-4.666666666666666963e+00
-4.666666666666666963e+00
-4.666666666666666963e+00
-4.666666666666666963e+00
-4.666666666666666963e+00
-4.676470588235294379e+00
-4.661764705882353255e+00
-4.661764705882353255e+00
-4.676470588235294379e+00
-4.661764705882353255e+00
-4.656934306569342930e+00
-4.671532846715328091e+00
-4.671532846715328091e+00
-4.656934306569342930e+00
-4.671532846715328091e+00
-4.666666666666666963e+00
-4.666666666666666963e+00
-4.666666666666666963e+00
-4.666666666666666963e+00
-4.666666666666666963e+00
-4.676258992805755632e+00
-4.661870503597122628e+00
-4.661870503597122628e+00
-4.676258992805755632e+00
-4.676258992805755632e+00
-4.671428571428571708e+00
-4.671428571428571708e+00
-4.671428571428571708e+00
-4.671428571428571708e+00
-4.671428571428571708e+00
-4.666666666666666963e+00
-4.666666666666666963e+00
-4.680851063829787329e+00
-4.666666666666666963e+00
-4.666666666666666963e+00
-4.676056338028169002e+00
-4.676056338028169002e+00
-4.661971830985915055e+00
-4.676056338028169002e+00
-4.676056338028169002e+00
-4.671328671328671689e+00
-4.671328671328671689e+00
-4.671328671328671689e+00
-4.671328671328671689e+00
-4.671328671328671689e+00
-4.666666666666666963e+00
-4.680555555555555358e+00
-4.680555555555555358e+00
-4.666666666666666963e+00
-4.680555555555555358e+00
-4.675862068965517260e+00
-4.675862068965517260e+00
-4.675862068965517260e+00
-4.675862068965517260e+00
-4.675862068965517260e+00
-4.684931506849315141e+00
-4.671232876712328341e+00
-4.671232876712328341e+00
-4.684931506849315141e+00
-4.671232876712328341e+00
-4.666666666666666963e+00
-4.680272108843537282e+00
-4.680272108843537282e+00
-4.666666666666666963e+00
-4.680272108843537282e+00
-4.675675675675675436e+00
-4.675675675675675436e+00
-4.675675675675675436e+00
-4.675675675675675436e+00
-4.675675675675675436e+00
-4.684563758389261423e+00
-4.671140939597315800e+00
-4.671140939597315800e+00
-4.684563758389261423e+00
-4.671140939597315800e+00
-4.666666666666666963e+00
-4.679999999999999716e+00
-4.679999999999999716e+00
-4.679999999999999716e+00
-4.679999999999999716e+00
-4.675496688741722195e+00
-4.688741721854304600e+00
-4.675496688741722195e+00
-4.675496688741722195e+00
-4.688741721854304600e+00
-4.684210526315789380e+00
-4.671052631578947789e+00
-4.684210526315789380e+00
-4.684210526315789380e+00
-4.671052631578947789e+00
-4.679738562091503518e+00
-4.679738562091503518e+00
-4.679738562091503518e+00
-4.679738562091503518e+00
-4.679738562091503518e+00
-4.675324675324675106e+00
-4.688311688311688208e+00
-4.675324675324675106e+00
-4.675324675324675106e+00
-4.688311688311688208e+00
-4.683870967741935232e+00
-4.670967741935483808e+00
-4.683870967741935232e+00
-4.683870967741935232e+00
-4.670967741935483808e+00
-4.679487179487179738e+00
-4.679487179487179738e+00
-4.692307692307692513e+00
-4.679487179487179738e+00
-4.679487179487179738e+00
-4.687898089171974370e+00
-4.687898089171974370e+00
-4.675159235668790103e+00
-4.687898089171974370e+00
-4.687898089171974370e+00
-4.683544303797468444e+00
-4.683544303797468444e+00
-4.683544303797468444e+00
-4.683544303797468444e+00
-4.683544303797468444e+00
-4.679245283018867774e+00
-4.679245283018867774e+00
-4.691823899371069473e+00
-4.679245283018867774e+00
-4.679245283018867774e+00
-4.687500000000000000e+00
-4.687500000000000000e+00
-4.674999999999999822e+00
-4.687500000000000000e+00
-4.687500000000000000e+00
-4.695652173913043903e+00
-4.683229813664596008e+00
-4.683229813664596008e+00
-4.695652173913043903e+00
-4.683229813664596008e+00
-4.679012345679012697e+00
-4.691358024691358430e+00
-4.691358024691358430e+00
-4.679012345679012697e+00
-4.691358024691358430e+00
-4.687116564417177500e+00
-4.687116564417177500e+00
-4.687116564417177500e+00
-4.687116564417177500e+00
-4.687116564417177500e+00
-4.695121951219512368e+00
-4.682926829268292401e+00
-4.682926829268292401e+00
-4.695121951219512368e+00
-4.682926829268292401e+00
-4.678787878787878718e+00
-4.690909090909090473e+00
-4.690909090909090473e+00
-4.690909090909090473e+00
-4.690909090909090473e+00
-4.686746987951806886e+00
-4.698795180722891374e+00
-4.686746987951806886e+00
-4.686746987951806886e+00
-4.698795180722891374e+00
-4.694610778443113475e+00
-4.682634730538921985e+00
-4.694610778443113475e+00
-4.694610778443113475e+00
-4.682634730538921985e+00
-4.690476190476190688e+00
-4.690476190476190688e+00
-4.690476190476190688e+00
-4.690476190476190688e+00
-4.690476190476190688e+00
-4.686390532544378651e+00
-4.686390532544378651e+00
-4.686390532544378651e+00
-4.698224852071005486e+00
-4.686390532544378651e+00
-4.682352941176470829e+00
-4.694117647058823728e+00
-4.694117647058823728e+00
-4.682352941176470829e+00
-4.694117647058823728e+00
-4.690058479532163815e+00
-4.690058479532163815e+00
-4.690058479532163815e+00
-4.690058479532163815e+00
-4.690058479532163815e+00
-4.697674418604651514e+00
-4.686046511627907307e+00
-4.686046511627907307e+00
-4.697674418604651514e+00
-4.686046511627907307e+00
-4.682080924855491766e+00
-4.693641618497109924e+00
-4.693641618497109924e+00
-4.693641618497109924e+00
-4.693641618497109924e+00
-4.689655172413792705e+00
-4.701149425287356465e+00
-4.689655172413792705e+00
-4.689655172413792705e+00
-4.701149425287356465e+00
-4.697142857142857508e+00
-4.685714285714285943e+00
-4.697142857142857508e+00
-4.697142857142857508e+00
-4.685714285714285943e+00
-4.693181818181818343e+00
-4.693181818181818343e+00
-4.693181818181818343e+00
-4.693181818181818343e+00
-4.693181818181818343e+00
-4.700564971751412635e+00
-4.700564971751412635e+00
-4.689265536723163486e+00
-4.700564971751412635e+00
-4.700564971751412635e+00
-4.696629213483146437e+00
-4.696629213483146437e+00
-4.696629213483146437e+00
-4.696629213483146437e+00
-4.696629213483146437e+00
-4.692737430167597701e+00
-4.692737430167597701e+00
-4.703910614525139700e+00
-4.692737430167597701e+00
-4.692737430167597701e+00
-4.700000000000000178e+00
-4.688888888888889106e+00
-4.688888888888889106e+00
-4.700000000000000178e+00
-4.688888888888889106e+00
-4.696132596685083094e+00
-4.696132596685083094e+00
-4.696132596685083094e+00
-4.696132596685083094e+00
-4.696132596685083094e+00
-4.692307692307692513e+00
-4.703296703296703463e+00
-4.692307692307692513e+00
-4.692307692307692513e+00
-4.703296703296703463e+00
-4.699453551912568194e+00
-4.688524590163934747e+00
-4.699453551912568194e+00
-4.699453551912568194e+00
-4.688524590163934747e+00
-4.695652173913043903e+00
-4.695652173913043903e+00
-4.706521739130434590e+00
-4.695652173913043903e+00
-4.695652173913043903e+00
-4.702702702702702631e+00
-4.702702702702702631e+00
-4.691891891891891930e+00
-4.702702702702702631e+00
-4.702702702702702631e+00
-4.698924731182795966e+00
-4.698924731182795966e+00
-4.698924731182795966e+00
-4.698924731182795966e+00
-4.698924731182795966e+00
-4.695187165775401184e+00
-4.705882352941176627e+00
-4.705882352941176627e+00
-4.695187165775401184e+00
-4.705882352941176627e+00
-4.702127659574467877e+00
-4.691489361702127603e+00
-4.702127659574467877e+00
-4.702127659574467877e+00
-4.691489361702127603e+00
-4.698412698412698596e+00
-4.698412698412698596e+00
-4.698412698412698596e+00
-4.698412698412698596e+00
-4.698412698412698596e+00
-4.694736842105263541e+00
-4.705263157894736814e+00
-4.694736842105263541e+00
-4.705263157894736814e+00
-4.705263157894736814e+00
-4.701570680628272214e+00
-4.701570680628272214e+00
-4.701570680628272214e+00
-4.701570680628272214e+00
-4.701570680628272214e+00
-4.697916666666666963e+00
-4.697916666666666963e+00
-4.708333333333333037e+00
-4.697916666666666963e+00
-4.697916666666666963e+00
-4.704663212435233000e+00
-4.704663212435233000e+00
-4.704663212435233000e+00
-4.704663212435233000e+00
-4.704663212435233000e+00
-4.711340206185567148e+00
-4.701030927835051720e+00
-4.701030927835051720e+00
-4.711340206185567148e+00
-4.701030927835051720e+00
-4.697435897435897623e+00
-4.707692307692307843e+00
-4.697435897435897623e+00
-4.697435897435897623e+00
-4.707692307692307843e+00
-4.704081632653061007e+00
-4.693877551020408490e+00
-4.704081632653061007e+00
-4.704081632653061007e+00
-4.704081632653061007e+00
-4.700507614213197627e+00
-4.700507614213197627e+00
-4.710659898477157270e+00
-4.700507614213197627e+00
-4.700507614213197627e+00
-4.707070707070706739e+00
-4.707070707070706739e+00
-4.696969696969697239e+00
-4.707070707070706739e+00
-4.707070707070706739e+00
-4.703517587939698430e+00
-4.703517587939698430e+00
-4.703517587939698430e+00
-4.713567839195979658e+00
-4.703517587939698430e+00
-4.700000000000000178e+00
-4.709999999999999964e+00
-4.709999999999999964e+00
-4.700000000000000178e+00
-4.709999999999999964e+00
-4.706467661691542403e+00
-4.696517412935323321e+00
-4.706467661691542403e+00
-4.706467661691542403e+00
-4.696517412935323321e+00
-4.702970297029702706e+00
-4.702970297029702706e+00
-4.712871287128712616e+00
-4.702970297029702706e+00
-4.702970297029702706e+00
-4.709359605911330071e+00
-4.709359605911330071e+00
-4.699507389162561388e+00
-4.709359605911330071e+00
-4.709359605911330071e+00
-4.705882352941176627e+00
-4.705882352941176627e+00
-4.705882352941176627e+00
-4.705882352941176627e+00
-4.705882352941176627e+00
-4.702439024390243638e+00
-4.712195121951219257e+00
-4.712195121951219257e+00
-4.702439024390243638e+00
-4.712195121951219257e+00
-4.708737864077670032e+00
-4.708737864077670032e+00
-4.708737864077670032e+00
-4.708737864077670032e+00
-4.699029126213591923e+00
-4.705314009661835328e+00
-4.705314009661835328e+00
-4.705314009661835328e+00
-4.705314009661835328e+00
-4.705314009661835328e+00
-4.711538461538461675e+00
-4.711538461538461675e+00
-4.701923076923076650e+00
-4.711538461538461675e+00
-4.711538461538461675e+00
-4.708133971291865727e+00
-4.708133971291865727e+00
-4.708133971291865727e+00
-4.708133971291865727e+00
-4.708133971291865727e+00
-4.704761904761904923e+00
-4.704761904761904923e+00
-4.714285714285714413e+00
-4.704761904761904923e+00
-4.714285714285714413e+00
-4.710900473933649302e+00
-4.710900473933649302e+00
-4.710900473933649302e+00
-4.710900473933649302e+00
-4.701421800947866991e+00
-4.707547169811320487e+00
-4.707547169811320487e+00
-4.707547169811320487e+00
-4.707547169811320487e+00
-4.707547169811320487e+00
-4.704225352112676006e+00
-4.713615023474178045e+00
-4.704225352112676006e+00
-4.713615023474178045e+00
-4.713615023474178045e+00
-4.710280373831775336e+00
-4.710280373831775336e+00
-4.710280373831775336e+00
-4.710280373831775336e+00
-4.710280373831775336e+00
-4.706976744186046169e+00
-4.706976744186046169e+00
-4.716279069767441712e+00
-4.706976744186046169e+00
-4.706976744186046169e+00
-4.712962962962962798e+00
-4.712962962962962798e+00
-4.712962962962962798e+00
-4.712962962962962798e+00
-4.703703703703703276e+00
-4.709677419354838968e+00
-4.709677419354838968e+00
-4.709677419354838968e+00
-4.709677419354838968e+00
-4.709677419354838968e+00
-4.706422018348623837e+00
-4.715596330275229064e+00
-4.706422018348623837e+00
-4.706422018348623837e+00
-4.715596330275229064e+00
-4.712328767123287854e+00
-4.712328767123287854e+00
-4.712328767123287854e+00
-4.712328767123287854e+00
-4.712328767123287854e+00
-4.709090909090908994e+00
-4.709090909090908994e+00
-4.718181818181817810e+00
-4.709090909090908994e+00
-4.709090909090908994e+00
-4.714932126696832704e+00
-4.705882352941176627e+00
-4.714932126696832704e+00
-4.714932126696832704e+00
-4.705882352941176627e+00
-4.711711711711711992e+00
-4.711711711711711992e+00
-4.711711711711711992e+00
-4.711711711711711992e+00
-4.711711711711711992e+00
-4.708520179372197134e+00
-4.717488789237668456e+00
-4.708520179372197134e+00
-4.708520179372197134e+00
-4.717488789237668456e+00
-4.714285714285714413e+00
-4.714285714285714413e+00
-4.714285714285714413e+00
-4.714285714285714413e+00
-4.714285714285714413e+00
-4.711111111111111249e+00
-4.711111111111111249e+00
-4.719999999999999751e+00
-4.711111111111111249e+00
-4.711111111111111249e+00
-4.716814159292034958e+00
-4.707964601769911717e+00
-4.716814159292034958e+00
-4.716814159292034958e+00
-4.707964601769911717e+00
-4.713656387665198011e+00
-4.713656387665198011e+00
-4.713656387665198011e+00
-4.713656387665198011e+00
-4.713656387665198011e+00
-4.710526315789473450e+00
-4.719298245614035103e+00
-4.710526315789473450e+00
-4.710526315789473450e+00
-4.719298245614035103e+00
-4.716157205240175010e+00
-4.716157205240175010e+00
-4.716157205240175010e+00
-4.716157205240175010e+00
-4.716157205240175010e+00
-4.713043478260869890e+00
-4.713043478260869890e+00
-4.713043478260869890e+00
-4.713043478260869890e+00
-4.713043478260869890e+00
-4.718614718614718484e+00
-4.709956709956710341e+00
-4.718614718614718484e+00
-4.718614718614718484e+00
-4.709956709956710341e+00
-4.715517241379310498e+00
-4.715517241379310498e+00
-4.715517241379310498e+00
-4.715517241379310498e+00
-4.715517241379310498e+00
-4.712446351931330213e+00
-4.721030042918455294e+00
-4.712446351931330213e+00
-4.712446351931330213e+00
-4.712446351931330213e+00
-4.709401709401709546e+00
-4.717948717948718063e+00
-4.717948717948718063e+00
-4.709401709401709546e+00
-4.717948717948718063e+00
-4.714893617021276739e+00
-4.714893617021276739e+00
-4.714893617021276739e+00
-4.714893617021276739e+00
-4.714893617021276739e+00
-4.720338983050847759e+00
-4.711864406779660897e+00
-4.720338983050847759e+00
-4.720338983050847759e+00
-4.711864406779660897e+00
-4.717299578059071408e+00
-4.717299578059071408e+00
-4.717299578059071408e+00
-4.717299578059071408e+00
-4.717299578059071408e+00
-4.714285714285714413e+00
-4.714285714285714413e+00
-4.714285714285714413e+00
-4.722689075630252198e+00
-4.714285714285714413e+00
-4.711297071129707525e+00
-4.719665271966527520e+00
-4.719665271966527520e+00
-4.711297071129707525e+00
-4.719665271966527520e+00
-4.716666666666666785e+00
-4.716666666666666785e+00
-4.716666666666666785e+00
-4.716666666666666785e+00
-4.716666666666666785e+00
-4.721991701244813378e+00
-4.713692946058091415e+00
-4.721991701244813378e+00
-4.713692946058091415e+00
-4.713692946058091415e+00
-4.719008264462809521e+00
-4.719008264462809521e+00
-4.710743801652892415e+00
-4.719008264462809521e+00
-4.719008264462809521e+00
-4.716049382716049010e+00
-4.716049382716049010e+00
-4.716049382716049010e+00
-4.724279835390946758e+00
-4.716049382716049010e+00
-4.713114754098360670e+00
-4.721311475409835978e+00
-4.721311475409835978e+00
-4.713114754098360670e+00
-4.721311475409835978e+00
-4.718367346938775242e+00
-4.718367346938775242e+00
-4.718367346938775242e+00
-4.718367346938775242e+00
-4.718367346938775242e+00
-4.715447154471545055e+00
-4.715447154471545055e+00
-4.723577235772357774e+00
-4.715447154471545055e+00
-4.715447154471545055e+00
-4.720647773279352144e+00
-4.720647773279352144e+00
-4.712550607287449012e+00
-4.720647773279352144e+00
-4.720647773279352144e+00
-4.725806451612903025e+00
-4.717741935483870996e+00
-4.717741935483870996e+00
-4.725806451612903025e+00
-4.717741935483870996e+00
-4.714859437751004023e+00
-4.722891566265060348e+00
-4.714859437751004023e+00
-4.714859437751004023e+00
-4.722891566265060348e+00
-4.719999999999999751e+00
-4.711999999999999744e+00
-4.719999999999999751e+00
-4.719999999999999751e+00
-4.719999999999999751e+00
-4.717131474103585909e+00
-4.717131474103585909e+00
-4.725099601593625742e+00
-4.717131474103585909e+00
-4.717131474103585909e+00
-4.722222222222222321e+00
-4.722222222222222321e+00
-4.714285714285714413e+00
-4.722222222222222321e+00
-4.714285714285714413e+00
-4.719367588932806612e+00
-4.719367588932806612e+00
-4.719367588932806612e+00
-4.719367588932806612e+00
-4.719367588932806612e+00
-4.716535433070865757e+00
-4.724409448818897239e+00
-4.716535433070865757e+00
-4.716535433070865757e+00
-4.724409448818897239e+00
-4.721568627450980493e+00
-4.721568627450980493e+00
-4.721568627450980493e+00
-4.721568627450980493e+00
-4.721568627450980493e+00
-4.718750000000000000e+00
-4.718750000000000000e+00
-4.718750000000000000e+00
-4.718750000000000000e+00
-4.718750000000000000e+00
-4.723735408560311377e+00
-4.715953307392996230e+00
-4.723735408560311377e+00
-4.723735408560311377e+00
-4.715953307392996230e+00
-4.720930232558139927e+00
-4.720930232558139927e+00
-4.720930232558139927e+00
-4.720930232558139927e+00
-4.720930232558139927e+00
-4.718146718146718044e+00
-4.725868725868726195e+00
-4.718146718146718044e+00
-4.725868725868726195e+00
-4.718146718146718044e+00
-4.715384615384615508e+00
-4.723076923076923173e+00
-4.723076923076923173e+00
-4.715384615384615508e+00
-4.723076923076923173e+00
-4.720306513409961546e+00
-4.720306513409961546e+00
-4.720306513409961546e+00
-4.720306513409961546e+00
-4.727969348659003757e+00
-4.725190839694656475e+00
-4.717557251908396587e+00
-4.725190839694656475e+00
-4.725190839694656475e+00
-4.717557251908396587e+00
-4.722433460076045364e+00
-4.722433460076045364e+00
-4.714828897338403380e+00
-4.722433460076045364e+00
-4.722433460076045364e+00
-4.727272727272727515e+00
-4.719696969696969724e+00
-4.719696969696969724e+00
-4.727272727272727515e+00
-4.719696969696969724e+00
-4.716981132075471983e+00
-4.724528301886792292e+00
-4.724528301886792292e+00
-4.716981132075471983e+00
-4.724528301886792292e+00
-4.721804511278195449e+00
-4.729323308270676485e+00
-4.721804511278195449e+00
-4.721804511278195449e+00
-4.721804511278195449e+00
-4.719101123595505598e+00
-4.719101123595505598e+00
-4.726591760299625911e+00
-4.719101123595505598e+00
-4.719101123595505598e+00
-4.723880597014925797e+00
-4.723880597014925797e+00
-4.723880597014925797e+00
-4.723880597014925797e+00
-4.723880597014925797e+00
-4.728624535315985256e+00
-4.721189591078067238e+00
-4.721189591078067238e+00
-4.728624535315985256e+00
-4.721189591078067238e+00
-4.718518518518518334e+00
-4.725925925925926308e+00
-4.718518518518518334e+00
-4.725925925925926308e+00
-4.725925925925926308e+00
-4.723247232472324697e+00
-4.723247232472324697e+00
-4.723247232472324697e+00
-4.723247232472324697e+00
-4.723247232472324697e+00
-4.720588235294117752e+00
-4.720588235294117752e+00
-4.727941176470587870e+00
-4.720588235294117752e+00
-4.727941176470587870e+00
-4.725274725274725363e+00
-4.725274725274725363e+00
-4.725274725274725363e+00
-4.725274725274725363e+00
-4.717948717948718063e+00
-4.722627737226277489e+00
-4.722627737226277489e+00
-4.722627737226277489e+00
-4.722627737226277489e+00
-4.722627737226277489e+00
-4.727272727272727515e+00
-4.727272727272727515e+00
-4.719999999999999751e+00
-4.727272727272727515e+00
-4.727272727272727515e+00
-4.724637681159419955e+00
-4.724637681159419955e+00
-4.724637681159419955e+00
-4.717391304347826164e+00
-4.724637681159419955e+00
-4.722021660649819097e+00
-4.729241877256317395e+00
-4.722021660649819097e+00
-4.722021660649819097e+00
-4.729241877256317395e+00
-4.726618705035971146e+00
-4.719424460431654644e+00
-4.726618705035971146e+00
-4.726618705035971146e+00
-4.719424460431654644e+00
-4.724014336917562673e+00
-4.724014336917562673e+00
-4.731182795698924970e+00
-4.724014336917562673e+00
-4.724014336917562673e+00
-4.728571428571428648e+00
-4.721428571428571530e+00
-4.721428571428571530e+00
-4.728571428571428648e+00
-4.721428571428571530e+00
-4.718861209964412495e+00
-4.725978647686832623e+00
-4.725978647686832623e+00
-4.725978647686832623e+00
-4.725978647686832623e+00
-4.723404255319149314e+00
-4.730496453900709497e+00
-4.723404255319149314e+00
-4.723404255319149314e+00
-4.723404255319149314e+00
-4.720848056537102266e+00
-4.727915194346289596e+00
-4.727915194346289596e+00
-4.720848056537102266e+00
-4.727915194346289596e+00
-4.725352112676056038e+00
-4.725352112676056038e+00
-4.725352112676056038e+00
-4.725352112676056038e+00
-4.725352112676056038e+00
-4.729824561403508376e+00
-4.722807017543859232e+00
-4.729824561403508376e+00
-4.729824561403508376e+00
-4.722807017543859232e+00
-4.727272727272727515e+00
-4.727272727272727515e+00
-4.720279720279719982e+00
-4.727272727272727515e+00
-4.727272727272727515e+00
-4.724738675958188416e+00
-4.724738675958188416e+00
-4.724738675958188416e+00
-4.731707317073170493e+00
-4.724738675958188416e+00
-4.722222222222222321e+00
-4.729166666666666963e+00
-4.729166666666666963e+00
-4.722222222222222321e+00
-4.729166666666666963e+00
-4.726643598615916986e+00
-4.719723183391003829e+00
-4.726643598615916986e+00
-4.726643598615916986e+00
-4.726643598615916986e+00
-4.724137931034483096e+00
-4.724137931034483096e+00
-4.731034482758620818e+00
-4.724137931034483096e+00
-4.724137931034483096e+00
-4.728522336769759526e+00
-4.728522336769759526e+00
-4.721649484536082575e+00
-4.728522336769759526e+00
-4.728522336769759526e+00
-4.732876712328766722e+00
-4.726027397260273766e+00
-4.726027397260273766e+00
-4.726027397260273766e+00
-4.726027397260273766e+00
-4.723549488054607615e+00
-4.730375426621160173e+00
-4.723549488054607615e+00
-4.723549488054607615e+00
-4.730375426621160173e+00
-4.727891156462584732e+00
-4.727891156462584732e+00
-4.727891156462584732e+00
-4.727891156462584732e+00
-4.727891156462584732e+00
-4.725423728813558988e+00
-4.725423728813558988e+00
-4.725423728813558988e+00
-4.725423728813558988e+00
-4.732203389830508478e+00
-4.729729729729729826e+00
-4.722972972972972805e+00
-4.729729729729729826e+00
-4.729729729729729826e+00
-4.722972972972972805e+00
-4.727272727272727515e+00
-4.727272727272727515e+00
-4.727272727272727515e+00
-4.727272727272727515e+00
-4.727272727272727515e+00
-4.731543624161074213e+00
-4.724832214765100957e+00
-4.724832214765100957e+00
-4.731543624161074213e+00
-4.724832214765100957e+00
-4.722408026755853250e+00
-4.729096989966555142e+00
-4.729096989966555142e+00
-4.722408026755853250e+00
-4.729096989966555142e+00
-4.726666666666666572e+00
-4.733333333333333393e+00
-4.726666666666666572e+00
-4.726666666666666572e+00
-4.733333333333333393e+00
-4.730897009966777311e+00
-4.724252491694351797e+00
-4.730897009966777311e+00
-4.724252491694351797e+00
-4.724252491694351797e+00
-4.728476821192052704e+00
-4.728476821192052704e+00
-4.728476821192052704e+00
-4.728476821192052704e+00
-4.728476821192052704e+00
-4.732673267326732436e+00
-4.726072607260726421e+00
-4.726072607260726421e+00
-4.732673267326732436e+00
-4.726072607260726421e+00
-4.730263157894737169e+00
-4.730263157894737169e+00
-4.723684210526315930e+00
-4.730263157894737169e+00
-4.730263157894737169e+00
-4.727868852459016225e+00
-4.727868852459016225e+00
-4.727868852459016225e+00
-4.727868852459016225e+00
-4.727868852459016225e+00
-4.725490196078431460e+00
-4.732026143790849737e+00
-4.732026143790849737e+00
-4.725490196078431460e+00
-4.732026143790849737e+00
-4.729641693811075243e+00
-4.723127035830619214e+00
-4.729641693811075243e+00
-4.729641693811075243e+00
-4.723127035830619214e+00
-4.727272727272727515e+00
-4.727272727272727515e+00
-4.733766233766234066e+00
-4.727272727272727515e+00
-4.727272727272727515e+00
-4.731391585760517771e+00
-4.731391585760517771e+00
-4.724919093851132956e+00
-4.731391585760517771e+00
-4.724919093851132956e+00
-4.729032258064516547e+00
-4.729032258064516547e+00
-4.729032258064516547e+00
-4.729032258064516547e+00
-4.729032258064516547e+00
-4.726688102893890964e+00
-4.733118971061093028e+00
-4.726688102893890964e+00
-4.726688102893890964e+00
-4.733118971061093028e+00
-4.730769230769230838e+00
-4.730769230769230838e+00
-4.730769230769230838e+00
-4.730769230769230838e+00
-4.730769230769230838e+00
-4.728434504792332405e+00
-4.728434504792332405e+00
-4.728434504792332405e+00
-4.728434504792332405e+00
-4.728434504792332405e+00
-4.732484076433120634e+00
-4.726114649681528945e+00
-4.732484076433120634e+00
-4.732484076433120634e+00
-4.726114649681528945e+00
-4.730158730158730229e+00
-4.730158730158730229e+00
-4.730158730158730229e+00
-4.730158730158730229e+00
-4.730158730158730229e+00
-4.734177215189873777e+00
-4.727848101265823111e+00
-4.727848101265823111e+00
-4.734177215189873777e+00
-4.727848101265823111e+00
-4.725552050473186050e+00
-4.731861198738170238e+00
-4.731861198738170238e+00
-4.725552050473186050e+00
-4.731861198738170238e+00
-4.729559748427672794e+00
-4.735849056603773199e+00
-4.729559748427672794e+00
-4.729559748427672794e+00
-4.729559748427672794e+00
-4.727272727272727515e+00
-4.727272727272727515e+00
-4.733542319749216354e+00
-4.727272727272727515e+00
-4.727272727272727515e+00
-4.731250000000000178e+00
-4.731250000000000178e+00
-4.731250000000000178e+00
-4.731250000000000178e+00
-4.731250000000000178e+00
-4.735202492211837644e+00
-4.728971962616822289e+00
-4.728971962616822289e+00
-4.728971962616822289e+00
-4.728971962616822289e+00
-4.732919254658384922e+00
-4.732919254658384922e+00
-4.726708074534161419e+00
-4.732919254658384922e+00
-4.732919254658384922e+00
-4.730650154798762053e+00
-4.730650154798762053e+00
-4.730650154798762053e+00
-4.730650154798762053e+00
-4.730650154798762053e+00
-4.728395061728394744e+00
-4.734567901234568055e+00
-4.728395061728394744e+00
-4.728395061728394744e+00
-4.734567901234568055e+00
-4.732307692307692548e+00
-4.726153846153846594e+00
-4.732307692307692548e+00
-4.732307692307692548e+00
-4.732307692307692548e+00
-4.730061349693251316e+00
-4.730061349693251316e+00
-4.736196319018405099e+00
-4.730061349693251316e+00
-4.730061349693251316e+00
-4.733944954128440408e+00
-4.727828746177370256e+00
-4.727828746177370256e+00
-4.733944954128440408e+00
-4.727828746177370256e+00
-4.731707317073170493e+00
-4.731707317073170493e+00
-4.731707317073170493e+00
-4.731707317073170493e+00
-4.731707317073170493e+00
-4.729483282674771694e+00
-4.735562310030394961e+00
-4.729483282674771694e+00
-4.729483282674771694e+00
-4.729483282674771694e+00
-4.727272727272727515e+00
-4.733333333333333393e+00
-4.733333333333333393e+00
-4.727272727272727515e+00
-4.733333333333333393e+00
-4.731117824773414249e+00
-4.731117824773414249e+00
-4.731117824773414249e+00
-4.731117824773414249e+00
-4.737160120845921085e+00
-4.734939759036144835e+00
-4.728915662650602592e+00
-4.734939759036144835e+00
-4.728915662650602592e+00
-4.728915662650602592e+00
-4.732732732732732650e+00
-4.732732732732732650e+00
-4.726726726726727001e+00
-4.732732732732732650e+00
-4.732732732732732650e+00
-4.736526946107784575e+00
-4.730538922155688830e+00
-4.730538922155688830e+00
-4.736526946107784575e+00
-4.730538922155688830e+00
-4.728358208955223851e+00
-4.734328358208955478e+00
-4.728358208955223851e+00
-4.734328358208955478e+00
-4.734328358208955478e+00
-4.732142857142856762e+00
-4.732142857142856762e+00
-4.732142857142856762e+00
-4.732142857142856762e+00
-4.732142857142856762e+00
-4.729970326409495662e+00
-4.729970326409495662e+00
-4.735905044510385409e+00
-4.729970326409495662e+00
-4.735905044510385409e+00
-4.733727810650887768e+00
-4.727810650887573907e+00
-4.733727810650887768e+00
-4.733727810650887768e+00
-4.727810650887573907e+00
-4.731563421828908211e+00
-4.731563421828908211e+00
-4.737463126843658223e+00
-4.731563421828908211e+00
-4.731563421828908211e+00
-4.735294117647058876e+00
-4.735294117647058876e+00
-4.729411764705882426e+00
-4.735294117647058876e+00
-4.729411764705882426e+00
-4.727272727272727515e+00
-4.733137829912023697e+00
-4.733137829912023697e+00
-4.733137829912023697e+00
-4.733137829912023697e+00
-4.730994152046783974e+00
-4.736842105263157521e+00
-4.730994152046783974e+00
-4.730994152046783974e+00
-4.736842105263157521e+00
-4.734693877551020336e+00
-4.734693877551020336e+00
-4.734693877551020336e+00
-4.728862973760932675e+00
-4.734693877551020336e+00
-4.732558139534884134e+00
-4.732558139534884134e+00
-4.732558139534884134e+00
-4.732558139534884134e+00
-4.732558139534884134e+00
-4.736231884057970909e+00
-4.730434782608695876e+00
-4.736231884057970909e+00
-4.736231884057970909e+00
-4.730434782608695876e+00
-4.734104046242774366e+00
-4.734104046242774366e+00
-4.728323699421965287e+00
-4.734104046242774366e+00
-4.734104046242774366e+00
-4.731988472622478348e+00
-4.731988472622478348e+00
-4.731988472622478348e+00
-4.737752161383284921e+00
-4.731988472622478348e+00
-4.729885057471264531e+00
-4.735632183908045967e+00
-4.735632183908045967e+00
-4.729885057471264531e+00
-4.735632183908045967e+00
-4.733524355300859909e+00
-4.733524355300859909e+00
-4.733524355300859909e+00
-4.733524355300859909e+00
-4.733524355300859909e+00
-4.731428571428571317e+00
-4.731428571428571317e+00
-4.737142857142857544e+00
-4.731428571428571317e+00
-4.731428571428571317e+00
-4.735042735042735096e+00
-4.735042735042735096e+00
-4.735042735042735096e+00
-4.735042735042735096e+00
-4.729344729344729714e+00
-4.732954545454545858e+00
-4.732954545454545858e+00
-4.732954545454545858e+00
-4.732954545454545858e+00
-4.732954545454545858e+00
-4.736543909348442050e+00
-4.736543909348442050e+00
-4.730878186968838328e+00
-4.736543909348442050e+00
-4.730878186968838328e+00
-4.728813559322033733e+00
-4.734463276836158308e+00
-4.734463276836158308e+00
-4.728813559322033733e+00
-4.734463276836158308e+00
-4.732394366197183011e+00
-4.738028169014084412e+00
-4.732394366197183011e+00
-4.732394366197183011e+00
-4.738028169014084412e+00
-4.735955056179775191e+00
-4.730337078651685623e+00
-4.735955056179775191e+00
-4.730337078651685623e+00
-4.735955056179775191e+00
-4.733893557422969245e+00
-4.733893557422969245e+00
-4.733893557422969245e+00
-4.733893557422969245e+00
-4.733893557422969245e+00
-4.737430167597765696e+00
-4.731843575418994696e+00
-4.731843575418994696e+00
-4.737430167597765696e+00
-4.731843575418994696e+00
-4.735376044568245568e+00
-4.735376044568245568e+00
-4.729805013927576240e+00
-4.735376044568245568e+00
-4.735376044568245568e+00
-4.733333333333333393e+00
-4.733333333333333393e+00
-4.733333333333333393e+00
-4.738888888888888928e+00
-4.733333333333333393e+00
-4.731301939058171868e+00
-4.736842105263157521e+00
-4.736842105263157521e+00
-4.731301939058171868e+00
-4.736842105263157521e+00
-4.734806629834253933e+00
-4.734806629834253933e+00
-4.734806629834253933e+00
-4.734806629834253933e+00
-4.734806629834253933e+00
-4.732782369146005585e+00
-4.732782369146005585e+00
-4.738292011019283656e+00
-4.732782369146005585e+00
-4.732782369146005585e+00
-4.736263736263736313e+00
-4.736263736263736313e+00
-4.736263736263736313e+00
-4.736263736263736313e+00
-4.730769230769230838e+00
-4.734246575342465846e+00
-4.734246575342465846e+00
-4.734246575342465846e+00
-4.734246575342465846e+00
-4.734246575342465846e+00
-4.737704918032786594e+00
-4.737704918032786594e+00
-4.732240437158470314e+00
-4.737704918032786594e+00
-4.737704918032786594e+00
-4.735694822888283362e+00
-4.735694822888283362e+00
-4.735694822888283362e+00
-4.730245231607629108e+00
-4.735694822888283362e+00
-4.733695652173913082e+00
-4.739130434782608425e+00
-4.733695652173913082e+00
-4.733695652173913082e+00
-4.739130434782608425e+00
-4.737127371273712306e+00
-4.731707317073170493e+00
-4.737127371273712306e+00
-4.731707317073170493e+00
-4.737127371273712306e+00
-4.735135135135134732e+00
-4.735135135135134732e+00
-4.735135135135134732e+00
-4.735135135135134732e+00
-4.735135135135134732e+00
-4.738544474393530770e+00
-4.733153638814016517e+00
-4.733153638814016517e+00
-4.738544474393530770e+00
-4.733153638814016517e+00
-4.736559139784946026e+00
-4.736559139784946026e+00
-4.731182795698924970e+00
-4.736559139784946026e+00
-4.736559139784946026e+00
-4.734584450402144817e+00
-4.734584450402144817e+00
-4.734584450402144817e+00
-4.739946380697050543e+00
-4.734584450402144817e+00
-4.732620320855614793e+00
-4.737967914438502959e+00
-4.737967914438502959e+00
-4.732620320855614793e+00
-4.737967914438502959e+00
-4.735999999999999766e+00
-4.730666666666667020e+00
-4.735999999999999766e+00
-4.735999999999999766e+00
-4.735999999999999766e+00
-4.734042553191489588e+00
-4.734042553191489588e+00
-4.739361702127659726e+00
-4.734042553191489588e+00
-4.734042553191489588e+00
-4.737400530503978580e+00
-4.737400530503978580e+00
-4.737400530503978580e+00
-4.737400530503978580e+00
-4.732095490716180741e+00
-4.735449735449735797e+00
-4.735449735449735797e+00
-4.735449735449735797e+00
-4.735449735449735797e+00
-4.735449735449735797e+00
-4.738786279683377067e+00
-4.738786279683377067e+00
-4.733509234828495948e+00
-4.738786279683377067e+00
-4.733509234828495948e+00
-4.731578947368420884e+00
-4.736842105263157521e+00
-4.736842105263157521e+00
-4.731578947368420884e+00
-4.736842105263157521e+00
-4.734908136482939511e+00
-4.740157480314960203e+00
-4.734908136482939511e+00
-4.734908136482939511e+00
-4.740157480314960203e+00
-4.738219895287958394e+00
-4.732984293193717384e+00
-4.738219895287958394e+00
-4.732984293193717384e+00
-4.738219895287958394e+00
-4.736292428198433768e+00
-4.736292428198433768e+00
-4.736292428198433768e+00
-4.736292428198433768e+00
-4.736292428198433768e+00
-4.739583333333333037e+00
-4.734375000000000000e+00
-4.734375000000000000e+00
-4.739583333333333037e+00
-4.734375000000000000e+00
-4.737662337662337464e+00
-4.737662337662337464e+00
-4.732467532467532045e+00
-4.737662337662337464e+00
-4.737662337662337464e+00
-4.735751295336787514e+00
-4.735751295336787514e+00
-4.735751295336787514e+00
-4.740932642487046600e+00
-4.735751295336787514e+00
-4.733850129198966528e+00
-4.739018087855296990e+00
-4.733850129198966528e+00
-4.733850129198966528e+00
-4.739018087855296990e+00
-4.737113402061855716e+00
-4.737113402061855716e+00
-4.737113402061855716e+00
-4.737113402061855716e+00
-4.737113402061855716e+00
-4.735218508997429687e+00
-4.735218508997429687e+00
-4.740359897172236714e+00
-4.735218508997429687e+00
-4.735218508997429687e+00
-4.738461538461538503e+00
-4.733333333333333393e+00
-4.738461538461538503e+00
-4.738461538461538503e+00
-4.733333333333333393e+00
-4.736572890025575688e+00
-4.736572890025575688e+00
-4.736572890025575688e+00
-4.736572890025575688e+00
-4.736572890025575688e+00
-4.739795918367346594e+00
-4.739795918367346594e+00
-4.734693877551020336e+00
-4.739795918367346594e+00
-4.734693877551020336e+00
-4.732824427480916363e+00
-4.737913486005089325e+00
-4.737913486005089325e+00
-4.732824427480916363e+00
-4.737913486005089325e+00
-4.736040609137055490e+00
-4.741116751269035312e+00
-4.736040609137055490e+00
-4.736040609137055490e+00
-4.736040609137055490e+00
-4.734177215189873777e+00
-4.734177215189873777e+00
-4.739240506329114311e+00
-4.734177215189873777e+00
-4.739240506329114311e+00
-4.737373737373737015e+00
-4.737373737373737015e+00
-4.737373737373737015e+00
-4.737373737373737015e+00
-4.737373737373737015e+00
-4.740554156171284284e+00
-4.735516372795969708e+00
-4.740554156171284284e+00
-4.735516372795969708e+00
-4.735516372795969708e+00
-4.738693467336683618e+00
-4.738693467336683618e+00
-4.733668341708543004e+00
-4.738693467336683618e+00
-4.738693467336683618e+00
-4.736842105263157521e+00
-4.736842105263157521e+00
-4.736842105263157521e+00
-4.741854636591479100e+00
-4.736842105263157521e+00
-4.735000000000000320e+00
-4.740000000000000213e+00
-4.735000000000000320e+00
-4.735000000000000320e+00
-4.740000000000000213e+00
-4.738154613466334375e+00
-4.738154613466334375e+00
-4.738154613466334375e+00
-4.738154613466334375e+00
-4.738154613466334375e+00
-4.736318407960198762e+00
-4.736318407960198762e+00
-4.736318407960198762e+00
-4.736318407960198762e+00
-4.741293532338308303e+00
-4.739454094292804065e+00
-4.734491315136476253e+00
-4.739454094292804065e+00
-4.739454094292804065e+00
-4.734491315136476253e+00
-4.737623762376237835e+00
-4.737623762376237835e+00
-4.737623762376237835e+00
-4.737623762376237835e+00
-4.737623762376237835e+00
-4.740740740740740478e+00
-4.735802469135802717e+00
-4.735802469135802717e+00
-4.740740740740740478e+00
-4.735802469135802717e+00
-4.733990147783250890e+00
-4.738916256157635232e+00
-4.738916256157635232e+00
-4.738916256157635232e+00
-4.738916256157635232e+00
-4.737100737100736758e+00
-4.737100737100736758e+00
-4.737100737100736758e+00
-4.737100737100736758e+00
-4.737100737100736758e+00
-4.735294117647058876e+00
-4.740196078431372584e+00
-4.740196078431372584e+00
-4.735294117647058876e+00
-4.740196078431372584e+00
-4.738386308068459840e+00
-4.738386308068459840e+00
-4.738386308068459840e+00
-4.738386308068459840e+00
-4.733496332518337013e+00
-4.736585365853658303e+00
-4.736585365853658303e+00
-4.741463414634146112e+00
-4.736585365853658303e+00
-4.736585365853658303e+00
-4.739659367396593659e+00
-4.739659367396593659e+00
-4.734793187347931642e+00
-4.739659367396593659e+00
-4.739659367396593659e+00
-4.742718446601942084e+00
-4.737864077669902585e+00
-4.737864077669902585e+00
-4.737864077669902585e+00
-4.737864077669902585e+00
-4.736077481840193393e+00
-4.740920096852300425e+00
-4.736077481840193393e+00
-4.736077481840193393e+00
-4.740920096852300425e+00
-4.739130434782608425e+00
-4.739130434782608425e+00
-4.739130434782608425e+00
-4.734299516908212269e+00
-4.739130434782608425e+00
-4.737349397590361555e+00
-4.737349397590361555e+00
-4.737349397590361555e+00
-4.737349397590361555e+00
-4.742168674698794995e+00
-4.740384615384614975e+00
-4.735576923076923350e+00
-4.740384615384614975e+00
-4.740384615384614975e+00
-4.735576923076923350e+00
-4.738609112709831983e+00
-4.738609112709831983e+00
-4.738609112709831983e+00
-4.738609112709831983e+00
-4.738609112709831983e+00
-4.741626794258372968e+00
-4.736842105263157521e+00
-4.736842105263157521e+00
-4.741626794258372968e+00
-4.736842105263157521e+00
-4.735083532219570124e+00
-4.739856801909307471e+00
-4.735083532219570124e+00
-4.739856801909307471e+00
-4.739856801909307471e+00
-4.738095238095238138e+00
-4.738095238095238138e+00
-4.738095238095238138e+00
-4.738095238095238138e+00
-4.738095238095238138e+00
-4.736342042755344650e+00
-4.741092636579572250e+00
-4.741092636579572250e+00
-4.736342042755344650e+00
-4.741092636579572250e+00
-4.739336492890995345e+00
-4.734597156398104190e+00
-4.739336492890995345e+00
-4.739336492890995345e+00
-4.739336492890995345e+00
-4.737588652482269680e+00
-4.737588652482269680e+00
-4.742316784869976765e+00
-4.737588652482269680e+00
-4.737588652482269680e+00
-4.740566037735849392e+00
-4.735849056603773199e+00
-4.740566037735849392e+00
-4.740566037735849392e+00
-4.735849056603773199e+00
-4.738823529411765101e+00
-4.738823529411765101e+00
-4.738823529411765101e+00
-4.738823529411765101e+00
-4.738823529411765101e+00
-4.737089201877934030e+00
-4.741784037558685050e+00
-4.737089201877934030e+00
-4.741784037558685050e+00
-4.737089201877934030e+00
-4.735362997658079998e+00
-4.740046838407494079e+00
-4.740046838407494079e+00
-4.735362997658079998e+00
-4.740046838407494079e+00
-4.738317757009346209e+00
-4.742990654205607726e+00
-4.738317757009346209e+00
-4.738317757009346209e+00
-4.738317757009346209e+00
-4.736596736596736967e+00
-4.736596736596736967e+00
-4.741258741258741694e+00
-4.736596736596736967e+00
-4.741258741258741694e+00
-4.739534883720930125e+00
-4.739534883720930125e+00
-4.739534883720930125e+00
-4.739534883720930125e+00
-4.739534883720930125e+00
-4.742459396751740108e+00
-4.737819025522041372e+00
-4.737819025522041372e+00
-4.737819025522041372e+00
-4.737819025522041372e+00
-4.740740740740740478e+00
-4.740740740740740478e+00
-4.736111111111110716e+00
-4.740740740740740478e+00
-4.740740740740740478e+00
-4.739030023094688460e+00
-4.739030023094688460e+00
-4.739030023094688460e+00
-4.743648960739029974e+00
-4.739030023094688460e+00
-4.737327188940092526e+00
-4.741935483870967971e+00
-4.737327188940092526e+00
-4.737327188940092526e+00
-4.741935483870967971e+00
-4.740229885057471115e+00
-4.740229885057471115e+00
-4.740229885057471115e+00
-4.740229885057471115e+00
-4.740229885057471115e+00
-4.738532110091743021e+00
-4.738532110091743021e+00
-4.738532110091743021e+00
-4.738532110091743021e+00
-4.738532110091743021e+00
-4.741418764302059330e+00
-4.736842105263157521e+00
-4.741418764302059330e+00
-4.741418764302059330e+00
-4.736842105263157521e+00
-4.739726027397260566e+00
-4.739726027397260566e+00
-4.739726027397260566e+00
-4.739726027397260566e+00
-4.739726027397260566e+00
-4.742596810933941143e+00
-4.738041002277904035e+00
-4.738041002277904035e+00
-4.742596810933941143e+00
-4.738041002277904035e+00
-4.736363636363636331e+00
-4.740909090909091184e+00
-4.740909090909091184e+00
-4.740909090909091184e+00
-4.740909090909091184e+00
-4.739229024943310442e+00
-4.739229024943310442e+00
-4.739229024943310442e+00
-4.739229024943310442e+00
-4.739229024943310442e+00
-4.737556561085972895e+00
-4.742081447963800933e+00
-4.742081447963800933e+00
-4.737556561085972895e+00
-4.742081447963800933e+00
-4.740406320541760365e+00
-4.740406320541760365e+00
-4.740406320541760365e+00
-4.740406320541760365e+00
-4.735891647855530628e+00
-4.738738738738738299e+00
-4.738738738738738299e+00
-4.743243243243242979e+00
-4.738738738738738299e+00
-4.738738738738738299e+00
-4.741573033707864759e+00
-4.741573033707864759e+00
-4.737078651685393105e+00
-4.741573033707864759e+00
-4.737078651685393105e+00
-4.739910313901344985e+00
-4.739910313901344985e+00
-4.739910313901344985e+00
-4.739910313901344985e+00
-4.739910313901344985e+00
-4.738255033557046580e+00
-4.742729306487695418e+00
-4.738255033557046580e+00
-4.742729306487695418e+00
-4.742729306487695418e+00
-4.741071428571428825e+00
-4.741071428571428825e+00
-4.741071428571428825e+00
-4.736607142857143238e+00
-4.741071428571428825e+00
-4.739420935412026914e+00
-4.739420935412026914e+00
-4.739420935412026914e+00
-4.739420935412026914e+00
-4.743875278396436634e+00
-4.742222222222221895e+00
-4.737777777777777644e+00
-4.742222222222221895e+00
-4.737777777777777644e+00
-4.737777777777777644e+00
-4.740576496674057339e+00
-4.740576496674057339e+00
-4.740576496674057339e+00
-4.740576496674057339e+00
-4.740576496674057339e+00
-4.743362831858407347e+00
-4.738938053097345282e+00
-4.738938053097345282e+00
-4.738938053097345282e+00
-4.738938053097345282e+00
-4.741721854304635997e+00
-4.741721854304635997e+00
-4.737306843267107936e+00
-4.741721854304635997e+00
-4.741721854304635997e+00
-4.740088105726872669e+00
-4.740088105726872669e+00
-4.740088105726872669e+00
-4.744493392070484816e+00
-4.740088105726872669e+00
-4.738461538461538503e+00
-4.742857142857142883e+00
-4.738461538461538503e+00
-4.738461538461538503e+00
-4.742857142857142883e+00
-4.741228070175438347e+00
-4.736842105263157521e+00
-4.741228070175438347e+00
-4.741228070175438347e+00
-4.741228070175438347e+00
-4.739606126914661210e+00
-4.739606126914661210e+00
-4.739606126914661210e+00
-4.739606126914661210e+00
-4.739606126914661210e+00
-4.742358078602619820e+00
-4.737991266375545685e+00
-4.742358078602619820e+00
-4.742358078602619820e+00
-4.737991266375545685e+00
-4.740740740740740478e+00
-4.740740740740740478e+00
-4.740740740740740478e+00
-4.740740740740740478e+00
-4.740740740740740478e+00
-4.743478260869565588e+00
-4.739130434782608425e+00
-4.739130434782608425e+00
-4.743478260869565588e+00
-4.739130434782608425e+00
-4.737527114967462261e+00
-4.741865509761388431e+00
-4.741865509761388431e+00
-4.741865509761388431e+00
-4.741865509761388431e+00
-4.740259740259740617e+00
-4.740259740259740617e+00
-4.740259740259740617e+00
-4.740259740259740617e+00
-4.740259740259740617e+00
-4.738660907127429489e+00
-4.738660907127429489e+00
-4.742980561555075525e+00
-4.738660907127429489e+00
-4.742980561555075525e+00
-4.741379310344827402e+00
-4.741379310344827402e+00
-4.741379310344827402e+00
-4.741379310344827402e+00
-4.737068965517241104e+00
-4.739784946236559549e+00
-4.739784946236559549e+00
-4.744086021505376394e+00
-4.739784946236559549e+00
-4.739784946236559549e+00
-4.742489270386266220e+00
-4.742489270386266220e+00
-4.738197424892703680e+00
-4.742489270386266220e+00
-4.738197424892703680e+00
-4.740899357601713326e+00
-4.740899357601713326e+00
-4.740899357601713326e+00
-4.740899357601713326e+00
-4.740899357601713326e+00
-4.739316239316239354e+00
-4.743589743589743613e+00
-4.739316239316239354e+00
-4.743589743589743613e+00
-4.743589743589743613e+00
-4.742004264392323698e+00
-4.742004264392323698e+00
-4.742004264392323698e+00
-4.737739872068230440e+00
-4.742004264392323698e+00
-4.740425531914893575e+00
-4.740425531914893575e+00
-4.740425531914893575e+00
-4.740425531914893575e+00
-4.744680851063829863e+00
-4.743099787685775226e+00
-4.738853503184713212e+00
-4.743099787685775226e+00
-4.738853503184713212e+00
-4.738853503184713212e+00
-4.741525423728813138e+00
-4.741525423728813138e+00
-4.741525423728813138e+00
-4.741525423728813138e+00
-4.741525423728813138e+00
-4.744186046511628341e+00
-4.739957716701902690e+00
-4.739957716701902690e+00
-4.739957716701902690e+00
-4.739957716701902690e+00
-4.742616033755274074e+00
-4.742616033755274074e+00
-4.738396624472573926e+00
-4.742616033755274074e+00
-4.742616033755274074e+00
-4.741052631578947185e+00
-4.741052631578947185e+00
-4.741052631578947185e+00
-4.745263157894736850e+00
-4.741052631578947185e+00
-4.739495798319327768e+00
-4.743697478991596661e+00
-4.739495798319327768e+00
-4.739495798319327768e+00
-4.743697478991596661e+00
-4.742138364779874493e+00
-4.737945492662474223e+00
-4.742138364779874493e+00
-4.742138364779874493e+00
-4.742138364779874493e+00
-4.740585774058577506e+00
-4.740585774058577506e+00
-4.740585774058577506e+00
-4.740585774058577506e+00
-4.740585774058577506e+00
-4.743215031315240360e+00
-4.739039665970772752e+00
-4.743215031315240360e+00
-4.743215031315240360e+00
-4.739039665970772752e+00
-4.741666666666666252e+00
-4.741666666666666252e+00
-4.741666666666666252e+00
-4.741666666666666252e+00
-4.741666666666666252e+00
-4.744282744282743991e+00
-4.740124740124739944e+00
-4.740124740124739944e+00
-4.744282744282743991e+00
-4.740124740124739944e+00
-4.738589211618257302e+00
-4.742738589211618283e+00
-4.742738589211618283e+00
-4.742738589211618283e+00
-4.742738589211618283e+00
-4.741200828157349889e+00
-4.741200828157349889e+00
-4.741200828157349889e+00
-4.741200828157349889e+00
-4.741200828157349889e+00
-4.739669421487603174e+00
-4.743801652892561727e+00
-4.743801652892561727e+00
-4.739669421487603174e+00
-4.743801652892561727e+00
-4.742268041237113430e+00
-4.738144329896907259e+00
-4.742268041237113430e+00
-4.742268041237113430e+00
-4.738144329896907259e+00
-4.740740740740740478e+00
-4.740740740740740478e+00
-4.744855967078189352e+00
-4.740740740740740478e+00
-4.740740740740740478e+00
-4.743326488706365751e+00
-4.743326488706365751e+00
-4.739219712525667205e+00
-4.743326488706365751e+00
-4.739219712525667205e+00
-4.741803278688524692e+00
-4.741803278688524692e+00
-4.741803278688524692e+00
-4.741803278688524692e+00
-4.741803278688524692e+00
-4.740286298568507029e+00
-4.744376278118609847e+00
-4.740286298568507029e+00
-4.744376278118609847e+00
-4.740286298568507029e+00
-4.738775510204082053e+00
-4.742857142857142883e+00
-4.742857142857142883e+00
-4.738775510204082053e+00
-4.742857142857142883e+00
-4.741344195519348048e+00
-4.745417515274948705e+00
-4.741344195519348048e+00
-4.741344195519348048e+00
-4.745417515274948705e+00
-4.743902439024390461e+00
-4.739837398373984101e+00
-4.743902439024390461e+00
-4.739837398373984101e+00
-4.739837398373984101e+00
-4.742393509127788676e+00
-4.742393509127788676e+00
-4.742393509127788676e+00
-4.742393509127788676e+00
-4.742393509127788676e+00
-4.744939271255060653e+00
-4.740890688259109531e+00
-4.740890688259109531e+00
-4.740890688259109531e+00
-4.740890688259109531e+00
-4.743434343434343781e+00
-4.743434343434343781e+00
-4.739393939393939270e+00
-4.743434343434343781e+00
-4.743434343434343781e+00
-4.741935483870967971e+00
-4.741935483870967971e+00
-4.741935483870967971e+00
-4.741935483870967971e+00
-4.741935483870967971e+00
-4.740442655935614091e+00
-4.744466800804828743e+00
-4.740442655935614091e+00
-4.740442655935614091e+00
-4.744466800804828743e+00
-4.742971887550201160e+00
-4.742971887550201160e+00
-4.742971887550201160e+00
-4.742971887550201160e+00
-4.742971887550201160e+00
-4.741482965931863802e+00
-4.741482965931863802e+00
-4.741482965931863802e+00
-4.741482965931863802e+00
-4.745490981963928157e+00
-4.743999999999999773e+00
-4.740000000000000213e+00
-4.743999999999999773e+00
-4.743999999999999773e+00
-4.740000000000000213e+00
-4.742514970059880319e+00
-4.742514970059880319e+00
-4.738522954091816786e+00
-4.742514970059880319e+00
-4.742514970059880319e+00
-4.745019920318725326e+00
-4.741035856573705409e+00
-4.741035856573705409e+00
-4.745019920318725326e+00
-4.741035856573705409e+00
-4.739562624254473278e+00
-4.743538767395626188e+00
-4.739562624254473278e+00
-4.743538767395626188e+00
-4.743538767395626188e+00
-4.742063492063492092e+00
-4.742063492063492092e+00
-4.742063492063492092e+00
-4.742063492063492092e+00
-4.742063492063492092e+00
-4.740594059405940364e+00
-4.744554455445544328e+00
-4.744554455445544328e+00
-4.740594059405940364e+00
-4.744554455445544328e+00
-4.743083003952569321e+00
-4.739130434782608425e+00
-4.743083003952569321e+00
-4.743083003952569321e+00
-4.743083003952569321e+00
-4.741617357001972621e+00
-4.741617357001972621e+00
-4.745562130177514604e+00
-4.741617357001972621e+00
-4.741617357001972621e+00
-4.744094488188975944e+00
-4.740157480314960203e+00
-4.744094488188975944e+00
-4.744094488188975944e+00
-4.740157480314960203e+00
-4.742632612966601435e+00
-4.742632612966601435e+00
-4.742632612966601435e+00
-4.742632612966601435e+00
-4.742632612966601435e+00
-4.741176470588235325e+00
-4.741176470588235325e+00
-4.741176470588235325e+00
-4.745098039215686292e+00
-4.741176470588235325e+00
-4.739726027397260566e+00
-4.743639921722113684e+00
-4.743639921722113684e+00
-4.739726027397260566e+00
-4.743639921722113684e+00
-4.742187500000000000e+00
-4.746093750000000000e+00
-4.742187500000000000e+00
-4.742187500000000000e+00
-4.742187500000000000e+00
-4.740740740740740478e+00
-4.740740740740740478e+00
-4.744639376218323434e+00
-4.740740740740740478e+00
-4.744639376218323434e+00
-4.743190661478599246e+00
-4.743190661478599246e+00
-4.743190661478599246e+00
-4.743190661478599246e+00
-4.739299610894941672e+00
-4.741747572815533829e+00
-4.741747572815533829e+00
-4.745631067961165073e+00
-4.741747572815533829e+00
-4.741747572815533829e+00
-4.744186046511628341e+00
-4.744186046511628341e+00
-4.740310077519380272e+00
-4.744186046511628341e+00
-4.744186046511628341e+00
-4.746615087040618519e+00
-4.742746615087040318e+00
-4.742746615087040318e+00
-4.742746615087040318e+00
-4.742746615087040318e+00
-4.741312741312741608e+00
-4.745173745173745239e+00
-4.741312741312741608e+00
-4.741312741312741608e+00
-4.745173745173745239e+00
-4.743737957610790090e+00
-4.743737957610790090e+00
-4.743737957610790090e+00
-4.739884393063583445e+00
-4.743737957610790090e+00
-4.742307692307692335e+00
-4.742307692307692335e+00
-4.742307692307692335e+00
-4.742307692307692335e+00
-4.746153846153846168e+00
-4.744721689059501202e+00
-4.740882917466410440e+00
-4.744721689059501202e+00
-4.740882917466410440e+00
-4.740882917466410440e+00
-4.743295019157088177e+00
-4.743295019157088177e+00
-4.743295019157088177e+00
-4.743295019157088177e+00
-4.743295019157088177e+00
-4.745697896749521583e+00
-4.741873804971318940e+00
-4.741873804971318940e+00
-4.745697896749521583e+00
-4.741873804971318940e+00
-4.744274809160305750e+00
-4.744274809160305750e+00
-4.740458015267175362e+00
-4.744274809160305750e+00
-4.744274809160305750e+00
-4.742857142857142883e+00
-4.742857142857142883e+00
-4.742857142857142883e+00
-4.746666666666667034e+00
-4.742857142857142883e+00
-4.741444866920152101e+00
-4.745247148288973094e+00
-4.741444866920152101e+00
-4.741444866920152101e+00
-4.745247148288973094e+00
-4.743833017077799141e+00
-4.743833017077799141e+00
-4.743833017077799141e+00
-4.743833017077799141e+00
-4.743833017077799141e+00
-4.742424242424242209e+00
-4.742424242424242209e+00
-4.742424242424242209e+00
-4.742424242424242209e+00
-4.742424242424242209e+00
-4.744801512287334155e+00
-4.741020793950850631e+00
-4.744801512287334155e+00
-4.744801512287334155e+00
-4.741020793950850631e+00
-4.743396226415094397e+00
-4.743396226415094397e+00
-4.739622641509433798e+00
-4.743396226415094397e+00
-4.743396226415094397e+00
-4.745762711864406569e+00
-4.741996233521657444e+00
-4.741996233521657444e+00
-4.745762711864406569e+00
-4.741996233521657444e+00
-4.740601503759398483e+00
-4.744360902255639445e+00
-4.744360902255639445e+00
-4.744360902255639445e+00
-4.744360902255639445e+00
-4.742964352720449916e+00
-4.742964352720449916e+00
-4.742964352720449916e+00
-4.742964352720449916e+00
-4.742964352720449916e+00
-4.741573033707864759e+00
-4.745318352059925360e+00
-4.745318352059925360e+00
-4.741573033707864759e+00
-4.745318352059925360e+00
-4.743925233644859851e+00
-4.740186915887850461e+00
-4.743925233644859851e+00
-4.743925233644859851e+00
-4.743925233644859851e+00
-4.742537313432835688e+00
-4.742537313432835688e+00
-4.746268656716417844e+00
-4.742537313432835688e+00
-4.742537313432835688e+00
-4.744878957169460065e+00
-4.741154562383612436e+00
-4.744878957169460065e+00
-4.744878957169460065e+00
-4.741154562383612436e+00
-4.743494423791821291e+00
-4.743494423791821291e+00
-4.743494423791821291e+00
-4.743494423791821291e+00
-4.743494423791821291e+00
-4.742115027829313156e+00
-4.745825602968460011e+00
-4.742115027829313156e+00
-4.745825602968460011e+00
-4.742115027829313156e+00
-4.740740740740740478e+00
-4.744444444444444464e+00
-4.744444444444444464e+00
-4.740740740740740478e+00
-4.744444444444444464e+00
-4.743068391866913203e+00
-4.746765249537892473e+00
-4.743068391866913203e+00
-4.743068391866913203e+00
-4.743068391866913203e+00
-4.741697416974170132e+00
-4.741697416974170132e+00
-4.745387453874538863e+00
-4.741697416974170132e+00
-4.745387453874538863e+00
-4.744014732965009529e+00
-4.744014732965009529e+00
-4.744014732965009529e+00
-4.744014732965009529e+00
-4.740331491712707290e+00
-4.742647058823528994e+00
-4.742647058823528994e+00
-4.746323529411764497e+00
-4.742647058823528994e+00
-4.742647058823528994e+00
-4.744954128440366681e+00
-4.744954128440366681e+00
-4.741284403669724590e+00
-4.744954128440366681e+00
-4.744954128440366681e+00
-4.747252747252747263e+00
-4.743589743589743613e+00
-4.743589743589743613e+00
-4.743589743589743613e+00
-4.743589743589743613e+00
-4.742230347349177144e+00
-4.745886654478976396e+00
-4.742230347349177144e+00
-4.745886654478976396e+00
-4.745886654478976396e+00
-4.744525547445255675e+00
-4.744525547445255675e+00
-4.744525547445255675e+00
-4.740875912408759163e+00
-4.744525547445255675e+00
-4.743169398907103762e+00
-4.743169398907103762e+00
-4.743169398907103762e+00
-4.743169398907103762e+00
-4.746812386156648245e+00
-4.745454545454545148e+00
-4.741818181818182154e+00
-4.745454545454545148e+00
-4.741818181818182154e+00
-4.741818181818182154e+00
-4.744101633393829509e+00
-4.744101633393829509e+00
-4.744101633393829509e+00
-4.744101633393829509e+00
-4.744101633393829509e+00
-4.746376811594203105e+00
-4.742753623188406209e+00
-4.742753623188406209e+00
-4.742753623188406209e+00
-4.742753623188406209e+00
-4.745027124773960381e+00
-4.745027124773960381e+00
-4.741410488245930921e+00
-4.745027124773960381e+00
-4.745027124773960381e+00
-4.743682310469313990e+00
-4.743682310469313990e+00
-4.743682310469313990e+00
-4.747292418772563138e+00
-4.743682310469313990e+00
-4.742342342342342754e+00
-4.745945945945946320e+00
-4.742342342342342754e+00
-4.742342342342342754e+00
-4.745945945945946320e+00
-4.744604316546762846e+00
-4.744604316546762846e+00
-4.744604316546762846e+00
-4.744604316546762846e+00
-4.744604316546762846e+00
-4.743267504488330566e+00
-4.743267504488330566e+00
-4.743267504488330566e+00
-4.743267504488330566e+00
-4.746858168761220576e+00
-4.745519713261648675e+00
-4.741935483870967971e+00
-4.745519713261648675e+00
-4.745519713261648675e+00
-4.741935483870967971e+00
-4.744186046511628341e+00
-4.744186046511628341e+00
-4.740608228980321748e+00
-4.744186046511628341e+00
-4.744186046511628341e+00
-4.746428571428570997e+00
-4.742857142857142883e+00
-4.742857142857142883e+00
-4.746428571428570997e+00
-4.742857142857142883e+00
-4.741532976827094181e+00
-4.745098039215686292e+00
-4.745098039215686292e+00
-4.745098039215686292e+00
-4.745098039215686292e+00
-4.743772241992882499e+00
-4.743772241992882499e+00
-4.743772241992882499e+00
-4.743772241992882499e+00
-4.743772241992882499e+00
-4.742451154529307544e+00
-4.746003552397868752e+00
-4.746003552397868752e+00
-4.742451154529307544e+00
-4.746003552397868752e+00
-4.744680851063829863e+00
-4.741134751773049771e+00
-4.744680851063829863e+00
-4.744680851063829863e+00
-4.744680851063829863e+00
-4.743362831858407347e+00
-4.743362831858407347e+00
-4.746902654867256821e+00
-4.743362831858407347e+00
-4.743362831858407347e+00
-4.745583038869257919e+00
-4.742049469964664254e+00
-4.745583038869257919e+00
-4.745583038869257919e+00
-4.742049469964664254e+00
-4.744268077601410560e+00
-4.744268077601410560e+00
-4.744268077601410560e+00
-4.744268077601410560e+00
-4.744268077601410560e+00
-4.746478873239436957e+00
-4.742957746478873027e+00
-4.742957746478873027e+00
-4.746478873239436957e+00
-4.742957746478873027e+00
-4.741652021089630686e+00
-4.745166959578207333e+00
-4.745166959578207333e+00
-4.745166959578207333e+00
-4.745166959578207333e+00
-4.743859649122806665e+00
-4.747368421052631682e+00
-4.743859649122806665e+00
-4.743859649122806665e+00
-4.743859649122806665e+00
-4.742556917688266260e+00
-4.742556917688266260e+00
-4.746059544658494112e+00
-4.742556917688266260e+00
-4.746059544658494112e+00
-4.744755244755245016e+00
-4.744755244755245016e+00
-4.744755244755245016e+00
-4.744755244755245016e+00
-4.741258741258741694e+00
-4.743455497382198516e+00
-4.743455497382198516e+00
-4.746945898778359485e+00
-4.743455497382198516e+00
-4.743455497382198516e+00
-4.745644599303135536e+00
-4.745644599303135536e+00
-4.742160278745644497e+00
-4.745644599303135536e+00
-4.742160278745644497e+00
-4.744347826086956488e+00
-4.744347826086956488e+00
-4.744347826086956488e+00
-4.744347826086956488e+00
-4.744347826086956488e+00
-4.743055555555555358e+00
-4.746527777777777679e+00
-4.743055555555555358e+00
-4.746527777777777679e+00
-4.743055555555555358e+00
-4.741767764298093546e+00
-4.745233968804159375e+00
-4.745233968804159375e+00
-4.741767764298093546e+00
-4.745233968804159375e+00
-4.743944636678200766e+00
-4.747404844290657344e+00
-4.743944636678200766e+00
-4.743944636678200766e+00
-4.747404844290657344e+00
-4.746113989637305686e+00
-4.742659758203799925e+00
-4.746113989637305686e+00
-4.742659758203799925e+00
-4.746113989637305686e+00
-4.744827586206896264e+00
-4.744827586206896264e+00
-4.744827586206896264e+00
-4.744827586206896264e+00
-4.744827586206896264e+00
-4.746987951807229322e+00
-4.743545611015490771e+00
-4.746987951807229322e+00
-4.743545611015490771e+00
-4.743545611015490771e+00
-4.745704467353951905e+00
-4.745704467353951905e+00
-4.742268041237113430e+00
-4.745704467353951905e+00
-4.745704467353951905e+00
-4.747855917667238579e+00
-4.744425385934819772e+00
-4.744425385934819772e+00
-4.744425385934819772e+00
-4.744425385934819772e+00
-4.743150684931507044e+00
-4.746575342465753522e+00
-4.743150684931507044e+00
-4.743150684931507044e+00
-4.746575342465753522e+00
-4.745299145299145316e+00
-4.745299145299145316e+00
-4.745299145299145316e+00
-4.741880341880341909e+00
-4.745299145299145316e+00
-4.744027303754266178e+00
-4.744027303754266178e+00
-4.744027303754266178e+00
-4.744027303754266178e+00
-4.747440273037542902e+00
-4.746166950596252043e+00
-4.742759795570698600e+00
-4.746166950596252043e+00
-4.746166950596252043e+00
-4.742759795570698600e+00
-4.744897959183673741e+00
-4.744897959183673741e+00
-4.744897959183673741e+00
-4.744897959183673741e+00
-4.744897959183673741e+00
-4.747028862478777533e+00
-4.743633276740237825e+00
-4.743633276740237825e+00
-4.747028862478777533e+00
-4.743633276740237825e+00
-4.745762711864406569e+00
-4.745762711864406569e+00
-4.742372881355931824e+00
-4.745762711864406569e+00
-4.745762711864406569e+00
-4.744500846023688823e+00
-4.744500846023688823e+00
-4.744500846023688823e+00
-4.747884940778341445e+00
-4.744500846023688823e+00
-4.743243243243242979e+00
-4.746621621621621934e+00
-4.743243243243242979e+00
-4.743243243243242979e+00
-4.746621621621621934e+00
-4.745362563237773834e+00
-4.745362563237773834e+00
-4.745362563237773834e+00
-4.745362563237773834e+00
-4.745362563237773834e+00
-4.744107744107743940e+00
-4.744107744107743940e+00
-4.744107744107743940e+00
-4.744107744107743940e+00
-4.747474747474747403e+00
-4.746218487394957997e+00
-4.742857142857142883e+00
-4.746218487394957997e+00
-4.746218487394957997e+00
-4.742857142857142883e+00
-4.744966442953019836e+00
-4.744966442953019836e+00
-4.748322147651006908e+00
-4.744966442953019836e+00
-4.744966442953019836e+00
-4.747068676716917679e+00
-4.743718592964824232e+00
-4.743718592964824232e+00
-4.747068676716917679e+00
-4.743718592964824232e+00
-4.742474916387959816e+00
-4.745819397993311206e+00
-4.745819397993311206e+00
-4.745819397993311206e+00
-4.745819397993311206e+00
-4.744574290484139922e+00
-4.744574290484139922e+00
-4.744574290484139922e+00
-4.744574290484139922e+00
-4.744574290484139922e+00
-4.743333333333333179e+00
-4.746666666666667034e+00
-4.746666666666667034e+00
-4.743333333333333179e+00
-4.746666666666667034e+00
-4.745424292845258130e+00
-4.742096505823627517e+00
-4.745424292845258130e+00
-4.745424292845258130e+00
-4.745424292845258130e+00
-4.744186046511628341e+00
-4.744186046511628341e+00
-4.747508305647840210e+00
-4.744186046511628341e+00
-4.744186046511628341e+00
-4.746268656716417844e+00
-4.742951907131011779e+00
-4.746268656716417844e+00
-4.746268656716417844e+00
-4.742951907131011779e+00
-4.745033112582781598e+00
-4.745033112582781598e+00
-4.745033112582781598e+00
-4.745033112582781598e+00
-4.745033112582781598e+00
-4.747107438016528569e+00
-4.743801652892561727e+00
-4.743801652892561727e+00
-4.747107438016528569e+00
-4.743801652892561727e+00
-4.742574257425742346e+00
-4.745874587458746241e+00
-4.745874587458746241e+00
-4.745874587458746241e+00
-4.745874587458746241e+00
-4.744645799011531828e+00
-4.747940691927512447e+00
-4.744645799011531828e+00
-4.744645799011531828e+00
-4.744645799011531828e+00
-4.743421052631578760e+00
-4.746710526315789380e+00
-4.746710526315789380e+00
-4.743421052631578760e+00
-4.746710526315789380e+00
-4.745484400656814650e+00
-4.745484400656814650e+00
-4.745484400656814650e+00
-4.745484400656814650e+00
-4.745484400656814650e+00
-4.744262295081966840e+00
-4.744262295081966840e+00
-4.747540983606556964e+00
-4.744262295081966840e+00
-4.744262295081966840e+00
-4.746317512274958794e+00
-4.746317512274958794e+00
-4.743044189852700931e+00
-4.746317512274958794e+00
-4.743044189852700931e+00
-4.745098039215686292e+00
-4.745098039215686292e+00
-4.745098039215686292e+00
-4.745098039215686292e+00
-4.745098039215686292e+00
-4.743882544861337536e+00
-4.747145187601957694e+00
-4.743882544861337536e+00
-4.747145187601957694e+00
-4.743882544861337536e+00
-4.742671009771987300e+00
-4.745928338762214871e+00
-4.745928338762214871e+00
-4.742671009771987300e+00
-4.745928338762214871e+00
-4.744715447154471910e+00
-4.747967479674796820e+00
-4.744715447154471910e+00
-4.744715447154471910e+00
-4.747967479674796820e+00
-4.746753246753247168e+00
-4.743506493506493449e+00
-4.746753246753247168e+00
-4.743506493506493449e+00
-4.746753246753247168e+00
-4.745542949756887730e+00
-4.745542949756887730e+00
-4.745542949756887730e+00
-4.745542949756887730e+00
-4.745542949756887730e+00
-4.747572815533980695e+00
-4.744336569579288287e+00
-4.747572815533980695e+00
-4.744336569579288287e+00
-4.744336569579288287e+00
-4.746365105008077734e+00
-4.746365105008077734e+00
-4.743134087237479868e+00
-4.746365105008077734e+00
-4.746365105008077734e+00
-4.748387096774193239e+00
-4.745161290322580605e+00
-4.745161290322580605e+00
-4.745161290322580605e+00
-4.745161290322580605e+00
-4.743961352657004582e+00
-4.747181964573268687e+00
-4.743961352657004582e+00
-4.747181964573268687e+00
-4.747181964573268687e+00
-4.745980707395498044e+00
-4.745980707395498044e+00
-4.745980707395498044e+00
-4.742765273311897012e+00
-4.745980707395498044e+00
-4.744783306581059179e+00
-4.747993579454253599e+00
-4.744783306581059179e+00
-4.744783306581059179e+00
-4.747993579454253599e+00
-4.746794871794871362e+00
-4.743589743589743613e+00
-4.746794871794871362e+00
-4.743589743589743613e+00
-4.746794871794871362e+00
-4.745599999999999596e+00
-4.745599999999999596e+00
-4.745599999999999596e+00
-4.745599999999999596e+00
-4.745599999999999596e+00
-4.747603833865814416e+00
-4.744408945686901191e+00
-4.744408945686901191e+00
-4.747603833865814416e+00
-4.744408945686901191e+00
-4.746411483253588415e+00
-4.746411483253588415e+00
-4.743221690590111450e+00
-4.746411483253588415e+00
-4.746411483253588415e+00
-4.745222929936305789e+00
-4.745222929936305789e+00
-4.745222929936305789e+00
-4.748407643312101634e+00
-4.745222929936305789e+00
-4.744038155802861922e+00
-4.747217806041335031e+00
-4.744038155802861922e+00
-4.744038155802861922e+00
-4.747217806041335031e+00
-4.746031746031746046e+00
-4.746031746031746046e+00
-4.746031746031746046e+00
-4.746031746031746046e+00
-4.746031746031746046e+00
-4.744849445324881287e+00
-4.744849445324881287e+00
-4.744849445324881287e+00
-4.744849445324881287e+00
-4.748019017432646649e+00
-4.746835443037975111e+00
-4.743670886075949333e+00
-4.746835443037975111e+00
-4.746835443037975111e+00
-4.743670886075949333e+00
-4.745655608214850218e+00
-4.745655608214850218e+00
-4.745655608214850218e+00
-4.745655608214850218e+00
-4.745655608214850218e+00
-4.747634069400630707e+00
-4.744479495268138614e+00
-4.744479495268138614e+00
-4.747634069400630707e+00
-4.744479495268138614e+00
-4.746456692913385567e+00
-4.746456692913385567e+00
-4.743307086614173329e+00
-4.746456692913385567e+00
-4.746456692913385567e+00
-4.745283018867924696e+00
-4.745283018867924696e+00
-4.745283018867924696e+00
-4.748427672955974899e+00
-4.745283018867924696e+00
-4.744113029827315309e+00
-4.747252747252747263e+00
-4.747252747252747263e+00
-4.744113029827315309e+00
-4.747252747252747263e+00
-4.746081504702194032e+00
-4.746081504702194032e+00
-4.746081504702194032e+00
-4.746081504702194032e+00
-4.746081504702194032e+00
-4.744913928012519655e+00
-4.744913928012519655e+00
-4.748043818466353372e+00
-4.744913928012519655e+00
-4.748043818466353372e+00
-4.746875000000000178e+00
-4.743750000000000355e+00
-4.746875000000000178e+00
-4.746875000000000178e+00
-4.743750000000000355e+00
-4.745709828393136043e+00
-4.745709828393136043e+00
-4.748829953198128173e+00
-4.745709828393136043e+00
-4.745709828393136043e+00
-4.747663551401869242e+00
-4.744548286604361564e+00
-4.744548286604361564e+00
-4.747663551401869242e+00
-4.744548286604361564e+00
-4.746500777604977017e+00
-4.746500777604977017e+00
-4.746500777604977017e+00
-4.746500777604977017e+00
-4.746500777604977017e+00
-4.745341614906831929e+00
-4.745341614906831929e+00
-4.745341614906831929e+00
-4.745341614906831929e+00
-4.745341614906831929e+00
-4.744186046511628341e+00
-4.747286821705426263e+00
