7.297408650758986370e-01
7.296285682805589978e-01
7.298411117639119761e-01
7.304225383405712480e-01
7.314230589373968972e-01
7.329000486685661730e-01
7.349192309921588340e-01
7.375560913247376504e-01
7.408975720175959845e-01
7.450441141992599769e-01
7.501121296860865373e-01
7.562370093641327395e-01
7.635768051074306451e-01
7.723167631663427901e-01
7.826749419307883482e-01
7.949092216368257580e-01
8.093261160608447025e-01
8.262919384814345625e-01
8.462470740155112470e-01
-1.000000000000000000e+00
-1.000000000000000000e+00
-1.000000000000000000e+00
-1.000000000000000000e+00
-1.000000000000000000e+00
-1.000000000000000000e+00
-1.000000000000000000e+00
-1.000000000000000000e+00
-1.000000000000000000e+00
-1.000000000000000000e+00
-1.000000000000000000e+00
-1.000000000000000000e+00
-1.000000000000000000e+00
-1.000000000000000000e+00
-1.000000000000000000e+00
-1.000000000000000000e+00
-1.000000000000000000e+00
-1.000000000000000000e+00
-1.000000000000000000e+00
-1.000000000000000000e+00
-1.000000000000000000e+00
-1.000000000000000000e+00
-1.000000000000000000e+00
-1.000000000000000000e+00
-1.000000000000000000e+00
-1.000000000000000000e+00
-1.000000000000000000e+00
-1.000000000000000000e+00
-1.000000000000000000e+00
-1.000000000000000000e+00
-1.000000000000000000e+00
