6.811071577974144864e-01
6.785905090684163365e-01
6.762367640782591671e-01
6.740791435174697810e-01
6.721569035880192722e-01
6.705166194219852605e-01
6.692137982153234521e-01
6.683149240001994285e-01
6.679000734806777029e-01
6.680662961035442882e-01
6.689320297393306358e-01
6.706429390256680723e-01
6.733797376425805226e-01
6.773688234156741705e-01
6.828969753373357321e-01
6.903320375149715193e-01
7.001526321390326713e-01
7.129918467318040465e-01
7.297031969012872654e-01
7.514633209377923340e-01
7.799376758716758395e-01
-1.000000000000000000e+00
-1.000000000000000000e+00
-1.000000000000000000e+00
-1.000000000000000000e+00
-1.000000000000000000e+00
-1.000000000000000000e+00
-1.000000000000000000e+00
-1.000000000000000000e+00
-1.000000000000000000e+00
-1.000000000000000000e+00
-1.000000000000000000e+00
-1.000000000000000000e+00
-1.000000000000000000e+00
-1.000000000000000000e+00
-1.000000000000000000e+00
-1.000000000000000000e+00
-1.000000000000000000e+00
-1.000000000000000000e+00
-1.000000000000000000e+00
-1.000000000000000000e+00
-1.000000000000000000e+00
-1.000000000000000000e+00
-1.000000000000000000e+00
-1.000000000000000000e+00
-1.000000000000000000e+00
-1.000000000000000000e+00
-1.000000000000000000e+00
-1.000000000000000000e+00
-1.000000000000000000e+00
