1.772954924874791338e+00
1.742904841402337368e+00
1.712854757929883398e+00
1.682804674457428984e+00
1.662771285475793004e+00
1.632721202003339034e+00
1.602671118530884842e+00
1.572621035058430872e+00
1.542570951585976902e+00
1.512520868113522488e+00
1.482470784641068517e+00
1.442404006677796557e+00
1.412353923205342365e+00
1.382303839732888173e+00
1.342237061769615991e+00
1.302170283806344031e+00
1.262103505843071849e+00
1.222036727879799667e+00
1.191986644407345697e+00
1.141903171953255525e+00
1.101836393989983343e+00
1.051752921535893170e+00
1.001669449081802998e+00
9.515859766277129372e-01
9.015025041736227651e-01
8.414023372287144920e-01
7.712854757929884508e-01
7.111853088480801777e-01
6.210350584307179345e-01
5.509181969949916713e-01
4.908180300500835092e-01
4.207011686143572460e-01
3.706176961602671294e-01
3.205342237061770128e-01
2.704507512520868406e-01
2.203672787979966685e-01
1.803005008347245697e-01
1.402337228714524431e-01
1.001669449081803026e-01
7.011686143572622154e-02
3.005008347245409148e-02
0.000000000000000000e+00
-4.006677796327212659e-02
-8.013355592654425319e-02
-1.101836393989983343e-01
-1.302170283806343976e-01
-1.702838063439065242e-01
-2.003338898163606052e-01
-2.203672787979966685e-01
-2.604340567612687951e-01
