1.772954924874791338e+00
1.742904841402337368e+00
1.712854757929883398e+00
1.692821368948246974e+00
1.652754590984975014e+00
1.622704507512520822e+00
1.592654424040066852e+00
1.572621035058430872e+00
1.532554257095158468e+00
1.502504173622704498e+00
1.472454090150250527e+00
1.432387312186978345e+00
1.402337228714524375e+00
1.362270450751252193e+00
1.322203672787980011e+00
1.282136894824708051e+00
1.242070116861435869e+00
1.212020033388981677e+00
1.161936560934891505e+00
1.121869782971619545e+00
1.071786310517529373e+00
1.021702838063439200e+00
9.716193656093489173e-01
9.115191986644407551e-01
8.514190317195324820e-01
7.913188647746244309e-01
7.212020033388982787e-01
6.410684474123540255e-01
5.609348914858097723e-01
4.908180300500835092e-01
4.207011686143572460e-01
3.606010016694491394e-01
3.105175292153589672e-01
2.504173622704507496e-01
2.003338898163606052e-01
1.602671118530885064e-01
1.101836393989983343e-01
7.011686143572622154e-02
3.005008347245409148e-02
-1.001669449081803165e-02
-4.006677796327212659e-02
-8.013355592654425319e-02
-1.101836393989983343e-01
-1.502504173622704609e-01
-1.903171953255425597e-01
-2.203672787979966685e-01
-2.504173622704507496e-01
-2.704507512520868406e-01
-3.105175292153589672e-01
-3.405676126878130483e-01
