1.772954924874791338e+00
1.752921535893155358e+00
1.742904841402337368e+00
1.722871452420701388e+00
1.712854757929883398e+00
1.692821368948246974e+00
1.672787979966610994e+00
1.662771285475793004e+00
1.642737896494157024e+00
1.622704507512520822e+00
1.602671118530884842e+00
1.582637729549248862e+00
1.562604340567612882e+00
1.552587646076794892e+00
1.532554257095158468e+00
1.512520868113522488e+00
1.502504173622704498e+00
1.472454090150250527e+00
1.452420701168614547e+00
1.432387312186978345e+00
1.422370617696160355e+00
1.392320534223706163e+00
1.372287145242070183e+00
1.352253756260433981e+00
1.332220367278798001e+00
1.312186978297162021e+00
1.282136894824708051e+00
1.262103505843071849e+00
1.232053422370617879e+00
1.212020033388981677e+00
1.181969949916527485e+00
1.161936560934891505e+00
1.131886477462437535e+00
1.111853088480801555e+00
1.071786310517529373e+00
1.041736227045075180e+00
1.021702838063439200e+00
9.916527545909850083e-01
9.515859766277129372e-01
9.315525876460767352e-01
9.015025041736227651e-01
8.714524207011686840e-01
8.313856427378965019e-01
8.113522537562604109e-01
7.813021702838064408e-01
7.412353923205342587e-01
7.212020033388982787e-01
6.911519198664440866e-01
6.711185308848079956e-01
6.410684474123540255e-01
