1.772954924874791338e+00
1.762938230383973348e+00
1.752921535893155358e+00
1.732888146911519378e+00
1.722871452420701388e+00
1.712854757929883398e+00
1.692821368948246974e+00
1.682804674457428984e+00
1.682804674457428984e+00
1.662771285475793004e+00
1.642737896494157024e+00
1.632721202003339034e+00
1.622704507512520822e+00
1.602671118530884842e+00
1.592654424040066852e+00
1.572621035058430872e+00
1.562604340567612882e+00
1.552587646076794892e+00
1.532554257095158468e+00
1.522537562604340478e+00
1.512520868113522488e+00
1.492487479131886507e+00
1.482470784641068517e+00
1.462437395659432537e+00
1.452420701168614547e+00
1.432387312186978345e+00
1.412353923205342365e+00
1.402337228714524375e+00
1.382303839732888173e+00
1.372287145242070183e+00
1.352253756260433981e+00
1.332220367278798001e+00
1.322203672787980011e+00
1.302170283806344031e+00
1.282136894824708051e+00
1.272120200333890061e+00
1.252086811352253859e+00
1.232053422370617879e+00
1.202003338898163687e+00
1.191986644407345697e+00
1.161936560934891505e+00
1.151919866444073515e+00
1.131886477462437535e+00
1.111853088480801555e+00
1.091819699499165353e+00
1.071786310517529373e+00
1.041736227045075180e+00
1.031719532554257190e+00
1.001669449081802998e+00
9.716193656093489173e-01
