1.782971619365609328e+00
1.762938230383973348e+00
1.762938230383973348e+00
1.752921535893155358e+00
1.732888146911519378e+00
1.732888146911519378e+00
1.722871452420701388e+00
1.712854757929883398e+00
1.702838063439064964e+00
1.692821368948246974e+00
1.682804674457428984e+00
1.672787979966610994e+00
1.662771285475793004e+00
1.652754590984975014e+00
1.642737896494157024e+00
1.632721202003339034e+00
1.612687813021702832e+00
1.612687813021702832e+00
1.602671118530884842e+00
1.592654424040066852e+00
1.582637729549248862e+00
1.562604340567612882e+00
1.562604340567612882e+00
1.552587646076794892e+00
1.532554257095158468e+00
1.532554257095158468e+00
1.512520868113522488e+00
1.502504173622704498e+00
1.492487479131886507e+00
1.472454090150250527e+00
1.472454090150250527e+00
1.462437395659432537e+00
1.442404006677796557e+00
1.432387312186978345e+00
1.422370617696160355e+00
1.402337228714524375e+00
1.392320534223706163e+00
1.382303839732888173e+00
1.372287145242070183e+00
1.362270450751252193e+00
1.352253756260433981e+00
1.332220367278798001e+00
1.322203672787980011e+00
1.312186978297162021e+00
1.292153589315526041e+00
1.292153589315526041e+00
1.272120200333890061e+00
1.252086811352253859e+00
1.242070116861435869e+00
1.222036727879799667e+00
