1.762938230383973348e+00
1.732888146911519378e+00
1.702838063439064964e+00
1.662771285475793004e+00
1.632721202003339034e+00
1.592654424040066852e+00
1.552587646076794892e+00
1.512520868113522488e+00
1.472454090150250527e+00
1.422370617696160355e+00
1.392320534223706163e+00
1.342237061769615991e+00
1.292153589315526041e+00
1.252086811352253859e+00
1.202003338898163687e+00
1.141903171953255525e+00
1.081803005008347363e+00
1.031719532554257190e+00
9.716193656093489173e-01
9.015025041736227651e-01
8.213689482470785119e-01
7.412353923205342587e-01
6.510851419031720155e-01
5.409015025041736813e-01
4.006677796327212104e-01
2.103505843071786230e-01
3.005008347245409148e-02
-1.001669449081803026e-01
-1.903171953255425597e-01
-2.904841402337228762e-01
-3.706176961602671294e-01
-4.607679465776293726e-01
-5.409015025041736813e-01
-6.210350584307179345e-01
-7.111853088480801777e-01
-8.013355592654424209e-01
-9.015025041736227651e-01
-9.916527545909850083e-01
-1.091819699499165353e+00
-1.202003338898163687e+00
-1.302170283806344031e+00
-1.402337228714524375e+00
-1.502504173622704498e+00
-1.582637729549248862e+00
-1.672787979966610994e+00
-1.732888146911519378e+00
-1.803005008347245530e+00
-1.863105175292153470e+00
-1.933222036727879845e+00
-1.983305509181970017e+00
