1.772954924874791338e+00
1.762938230383973348e+00
1.762938230383973348e+00
1.742904841402337368e+00
1.732888146911519378e+00
1.722871452420701388e+00
1.712854757929883398e+00
1.702838063439064964e+00
1.682804674457428984e+00
1.682804674457428984e+00
1.662771285475793004e+00
1.652754590984975014e+00
1.642737896494157024e+00
1.632721202003339034e+00
1.622704507512520822e+00
1.612687813021702832e+00
1.602671118530884842e+00
1.582637729549248862e+00
1.562604340567612882e+00
1.552587646076794892e+00
1.542570951585976902e+00
1.532554257095158468e+00
1.512520868113522488e+00
1.512520868113522488e+00
1.492487479131886507e+00
1.482470784641068517e+00
1.462437395659432537e+00
1.452420701168614547e+00
1.442404006677796557e+00
1.432387312186978345e+00
1.412353923205342365e+00
1.402337228714524375e+00
1.382303839732888173e+00
1.372287145242070183e+00
1.352253756260433981e+00
1.342237061769615991e+00
1.332220367278798001e+00
1.302170283806344031e+00
1.302170283806344031e+00
1.282136894824708051e+00
1.262103505843071849e+00
1.242070116861435869e+00
1.222036727879799667e+00
1.212020033388981677e+00
1.191986644407345697e+00
1.181969949916527485e+00
1.161936560934891505e+00
1.141903171953255525e+00
1.121869782971619545e+00
1.111853088480801555e+00
