
r = [ 0.01        0.01151395  0.01325711  0.01526418  0.01757511  0.0202359
  0.02329952  0.02682696  0.03088844  0.0355648   0.04094915  0.04714866
  0.05428675  0.06250552  0.07196857  0.08286428  0.09540955  0.10985411
  0.12648552  0.14563485  0.16768329  0.19306977  0.22229965  0.25595479
  0.29470517  0.33932218  0.39069399  0.44984327  0.51794747  0.59636233
  0.68664885  0.79060432  0.91029818  1.04811313  1.20679264  1.38949549
  1.59985872  1.84206997  2.12095089  2.44205309  2.8117687   3.23745754
  3.72759372  4.29193426  4.94171336  5.68986603  6.55128557  7.54312006
  8.68511374 10.        ] 
s = [0.01 0.03 0.05 0.07 0.09 0.11 0.13 0.15 0.17 0.19 0.21 0.23 0.25 0.27
 0.29 0.31 0.33 0.35 0.37 0.39 0.41 0.43 0.45 0.47 0.49 0.51 0.53 0.55
 0.57 0.59 0.61 0.63 0.65 0.67 0.69 0.71 0.73 0.75 0.77 0.79 0.81 0.83
 0.85 0.87 0.89 0.91 0.93 0.95 0.97 0.99] 
h = 0.1 
c = 0.85 
conversion_timing = germline
difWW = 1 
difDW = 1 
difDD = 1 
cas = b_neg 
a = -0.2 
growth_dynamic = allee_effect 
death_dynamic = constant