1.271059216013344484e+00
1.256046705587990031e+00
1.236030025020850687e+00
1.216013344453711564e+00
1.195996663886572220e+00
1.180984153461217767e+00
1.155963302752293753e+00
1.140950792326939300e+00
1.115929941618015064e+00
1.095913261050875942e+00
1.075896580483736598e+00
1.055879899916597253e+00
1.035863219349457909e+00
1.010842368640533895e+00
9.908256880733945504e-01
9.658048373644704254e-01
9.407839866555464114e-01
9.157631359466221754e-01
8.907422852376981615e-01
8.607172643869891449e-01
8.407005838198498004e-01
8.106755629691410059e-01
7.806505421184321003e-01
7.506255212677230837e-01
7.155963302752293975e-01
6.805671392827357113e-01
6.455379482902419142e-01
6.105087572977481170e-01
5.704753961634696502e-01
5.254378648874062918e-01
4.804003336113427669e-01
4.253544620517097363e-01
3.653044203502919252e-01
2.902418682235196612e-01
1.951626355296080251e-01
-7.506255212677231947e-02
-4.153461217681401751e-01
-6.155129274395330086e-01
-8.457047539616346921e-01
-1.496246872393661498e+00
-3.020501138952164322e+00
-3.039520958083832269e+00
-3.043902439024390283e+00
-3.044334975369458629e+00
-3.044554455445544594e+00
-3.040993788819875920e+00
-3.042690815006468430e+00
-3.046391752577319423e+00
-3.046272493573264573e+00
-3.050064184852375071e+00
