1.271059216013344484e+00
1.256046705587990031e+00
1.236030025020850687e+00
1.216013344453711564e+00
1.195996663886572220e+00
1.175979983319432876e+00
1.155963302752293753e+00
1.140950792326939300e+00
1.115929941618015064e+00
1.100917431192660612e+00
1.075896580483736598e+00
1.055879899916597253e+00
1.035863219349457909e+00
1.010842368640533895e+00
9.908256880733945504e-01
9.658048373644704254e-01
9.407839866555464114e-01
9.157631359466221754e-01
8.907422852376981615e-01
8.607172643869891449e-01
8.356964136780651309e-01
8.056713928273561143e-01
7.756463719766473197e-01
7.456213511259383031e-01
7.155963302752293975e-01
6.805671392827357113e-01
6.455379482902419142e-01
6.105087572977481170e-01
5.704753961634696502e-01
5.254378648874062918e-01
4.753961634695579308e-01
4.253544620517097363e-01
3.653044203502919252e-01
2.952460383653044418e-01
1.951626355296080251e-01
-7.005838198498749725e-02
-3.953294412010008307e-01
-5.704753961634696502e-01
-7.155963302752293975e-01
-8.507089241034194727e-01
-9.808173477898248782e-01
-1.130942452043369517e+00
-1.351125938281901639e+00
-1.991659716430358884e+00
-3.520325203252032686e+00
-3.542372881355932535e+00
-3.550143266475644932e+00
-3.549783549783549930e+00
-3.547826086956522129e+00
-3.549418604651163101e+00
