1.582637729549248862e+00
1.552587646076794892e+00
1.512520868113522488e+00
1.472454090150250527e+00
1.452420701168614547e+00
1.402337228714524375e+00
1.362270450751252193e+00
1.332220367278798001e+00
1.292153589315526041e+00
1.252086811352253859e+00
1.212020033388981677e+00
1.161936560934891505e+00
1.121869782971619545e+00
1.071786310517529373e+00
1.021702838063439200e+00
9.616026711185309273e-01
9.015025041736227651e-01
8.313856427378965019e-01
7.712854757929884508e-01
7.011686143572621877e-01
6.210350584307179345e-01
5.108514190317196002e-01
3.906510851419032204e-01
1.918976545842217551e-01
-2.549019607843137525e+00
-2.547045951859956414e+00
-2.541484716157205170e+00
-2.554585152838428019e+00
-2.549019607843137525e+00
-2.549019607843137525e+00
-2.543478260869565410e+00
-2.543478260869565410e+00
-2.543478260869565410e+00
-2.543478260869565410e+00
-2.543478260869565410e+00
-2.549019607843137525e+00
-2.542797494780793421e+00
-2.548117154811715857e+00
-2.548117154811715857e+00
-2.548117154811715857e+00
-2.548117154811715857e+00
-2.548117154811715857e+00
-2.548117154811715857e+00
-2.548117154811715857e+00
-2.548117154811715857e+00
-2.548117154811715857e+00
-2.548117154811715857e+00
-2.553459119496855223e+00
-2.553459119496855223e+00
-2.553459119496855223e+00
