1.582637729549248862e+00
1.542570951585976902e+00
1.512520868113522488e+00
1.482470784641068517e+00
1.442404006677796557e+00
1.402337228714524375e+00
1.372287145242070183e+00
1.332220367278798001e+00
1.292153589315526041e+00
1.252086811352253859e+00
1.202003338898163687e+00
1.161936560934891505e+00
1.111853088480801555e+00
1.071786310517529373e+00
1.021702838063439200e+00
9.616026711185309273e-01
9.015025041736227651e-01
8.414023372287144920e-01
7.712854757929884508e-01
6.911519198664440866e-01
6.110183639398998334e-01
5.108514190317196002e-01
3.906510851419032204e-01
2.103505843071786230e-01
-1.702838063439065242e-01
-1.702838063439065242e-01
-1.602671118530885064e-01
-1.702838063439065242e-01
-1.702838063439065242e-01
-1.702838063439065242e-01
-1.602671118530885064e-01
-1.702838063439065242e-01
-1.702838063439065242e-01
-1.702838063439065242e-01
-1.702838063439065242e-01
-1.702838063439065242e-01
-1.602671118530885064e-01
-1.602671118530885064e-01
-1.602671118530885064e-01
-1.602671118530885064e-01
-1.702838063439065242e-01
-1.702838063439065242e-01
-1.702838063439065242e-01
-1.702838063439065242e-01
-1.702838063439065242e-01
-1.702838063439065242e-01
-1.702838063439065242e-01
-1.702838063439065242e-01
-1.702838063439065242e-01
-1.702838063439065242e-01
