1.582637729549248862e+00
1.542570951585976902e+00
1.522537562604340478e+00
1.472454090150250527e+00
1.442404006677796557e+00
1.402337228714524375e+00
1.372287145242070183e+00
1.332220367278798001e+00
1.282136894824708051e+00
1.252086811352253859e+00
1.212020033388981677e+00
1.161936560934891505e+00
1.111853088480801555e+00
1.071786310517529373e+00
1.011686143572620988e+00
9.616026711185309273e-01
9.015025041736227651e-01
8.414023372287144920e-01
7.712854757929884508e-01
6.911519198664440866e-01
6.110183639398998334e-01
5.208681135225375902e-01
3.964285714285714635e-01
1.962616822429906482e-01
-3.256198347107438273e+00
-3.266666666666666607e+00
-3.266666666666666607e+00
-3.266666666666666607e+00
-3.257617728531856383e+00
-3.257617728531856383e+00
-3.257617728531856383e+00
-3.257617728531856383e+00
-3.265193370165746067e+00
-3.265193370165746067e+00
-3.248618784530386439e+00
-3.248618784530386439e+00
-3.248618784530386439e+00
-3.265193370165746067e+00
-3.257617728531856383e+00
-3.257617728531856383e+00
-3.264000000000000234e+00
-3.264000000000000234e+00
-3.264000000000000234e+00
-3.264000000000000234e+00
-3.264000000000000234e+00
-3.264000000000000234e+00
-3.256684491978609319e+00
-3.256684491978609319e+00
-3.256684491978609319e+00
-3.256684491978609319e+00
