1.582637729549248862e+00
1.542570951585976902e+00
1.522537562604340478e+00
1.472454090150250527e+00
1.442404006677796557e+00
1.402337228714524375e+00
1.372287145242070183e+00
1.332220367278798001e+00
1.292153589315526041e+00
1.252086811352253859e+00
1.212020033388981677e+00
1.161936560934891505e+00
1.121869782971619545e+00
1.071786310517529373e+00
1.011686143572620988e+00
9.616026711185309273e-01
9.015025041736227651e-01
8.414023372287144920e-01
7.712854757929884508e-01
6.911519198664440866e-01
6.110183639398998334e-01
5.108514190317196002e-01
3.906510851419032204e-01
2.027027027027027140e-01
-2.882352941176471006e+00
-2.888888888888888840e+00
-2.888888888888888840e+00
-2.896551724137931494e+00
-2.881773399014778470e+00
-2.889434889434889353e+00
-2.889434889434889353e+00
-2.889434889434889353e+00
-2.889434889434889353e+00
-2.889434889434889353e+00
-2.889434889434889353e+00
-2.889434889434889353e+00
-2.889434889434889353e+00
-2.889434889434889353e+00
-2.893617021276595924e+00
-2.893617021276595924e+00
-2.879432624113475558e+00
-2.886255924170616272e+00
-2.886255924170616272e+00
-2.886255924170616272e+00
-2.886255924170616272e+00
-2.886255924170616272e+00
-2.886255924170616272e+00
-2.886255924170616272e+00
-2.886255924170616272e+00
-2.886255924170616272e+00
