-1.000000000000000000e+00
-1.000000000000000000e+00
-1.000000000000000000e+00
-1.000000000000000000e+00
-1.000000000000000000e+00
-1.000000000000000000e+00
-1.000000000000000000e+00
-1.000000000000000000e+00
-1.000000000000000000e+00
-1.000000000000000000e+00
-1.000000000000000000e+00
-1.000000000000000000e+00
-1.000000000000000000e+00
-1.000000000000000000e+00
-1.000000000000000000e+00
-1.000000000000000000e+00
-1.000000000000000000e+00
-1.000000000000000000e+00
-1.000000000000000000e+00
-1.000000000000000000e+00
-1.000000000000000000e+00
6.422853395936205074e-323
6.422853395936205074e-323
6.422853395936205074e-323
6.916919041777451618e-323
6.422853395936205074e-323
6.916919041777451618e-323
6.422853395936205074e-323
6.916919041777451618e-323
6.422853395936205074e-323
6.916919041777451618e-323
5.928787750094958530e-323
5.928787750094958530e-323
6.422853395936205074e-323
6.422853395936205074e-323
6.422853395936205074e-323
6.422853395936205074e-323
6.422853395936205074e-323
6.422853395936205074e-323
6.422853395936205074e-323
5.928787750094958530e-323
5.928787750094958530e-323
6.422853395936205074e-323
6.422853395936205074e-323
6.916919041777451618e-323
5.928787750094958530e-323
6.422853395936205074e-323
5.928787750094958530e-323
6.916919041777451618e-323
6.422853395936205074e-323
