1.901584653878231723e+00
1.866555462885738148e+00
1.831526271893244351e+00
1.791492910758965662e+00
1.751459549624687417e+00
1.711426188490408729e+00
1.671392827356130262e+00
1.626355296080066681e+00
1.581317764804003323e+00
1.541284403669724856e+00
1.491242702251876606e+00
1.441201000834028356e+00
1.391159299416180106e+00
1.336113427856547187e+00
1.286071726438698937e+00
1.226021684737281126e+00
1.165971643035863314e+00
1.100917431192660612e+00
1.030859049207673239e+00
9.557964970809007532e-01
8.757297748123437087e-01
7.806505421184321003e-01
6.755629691409508197e-01
5.554628857381150864e-01
3.903252710592160502e-01
1.150959132610508834e-01
-1.751459549624687362e-01
-1.751459549624687362e-01
-1.751459549624687362e-01
-1.751459549624687362e-01
-1.701417848206839278e-01
-1.751459549624687362e-01
-1.701417848206839278e-01
-1.701417848206839278e-01
-1.751459549624687362e-01
-1.751459549624687362e-01
-1.751459549624687362e-01
-1.701417848206839278e-01
-1.701417848206839278e-01
-1.701417848206839278e-01
-1.751459549624687362e-01
-1.751459549624687362e-01
-1.751459549624687362e-01
-1.751459549624687362e-01
-1.751459549624687362e-01
-1.751459549624687362e-01
-1.751459549624687362e-01
-1.751459549624687362e-01
-1.701417848206839278e-01
-1.701417848206839278e-01
