1.831526271893244351e+00
1.796497080900750776e+00
1.766472060050041648e+00
1.726438698915763403e+00
1.691409507923269384e+00
1.651376146788990917e+00
1.611342785654712229e+00
1.571309424520433540e+00
1.531276063386155295e+00
1.486238532110091937e+00
1.436196830692243465e+00
1.391159299416180106e+00
1.341117597998332078e+00
1.291075896580483828e+00
1.236030025020850687e+00
1.180984153461217767e+00
1.125938281901584626e+00
1.060884070058381923e+00
9.958298582151794420e-01
9.207673060884070670e-01
8.407005838198498004e-01
7.556296914095079753e-01
6.505421184320266947e-01
5.304420350291909614e-01
3.753127606338615418e-01
8.507089241034196392e-02
-1.251042535446205139e-01
-1.251042535446205139e-01
-1.201000834028356917e-01
-1.251042535446205139e-01
-1.201000834028356917e-01
-1.251042535446205139e-01
-1.201000834028356917e-01
-1.201000834028356917e-01
-1.251042535446205139e-01
-1.201000834028356917e-01
-1.201000834028356917e-01
-1.201000834028356917e-01
-1.201000834028356917e-01
-1.201000834028356917e-01
-1.251042535446205139e-01
-1.251042535446205139e-01
-1.251042535446205139e-01
-1.251042535446205139e-01
-1.201000834028356917e-01
-1.201000834028356917e-01
-1.201000834028356917e-01
-1.201000834028356917e-01
-1.201000834028356917e-01
-1.201000834028356917e-01
