1.742177722152690844e+00
1.724655819774718379e+00
1.712140175219023730e+00
1.697121401752190284e+00
1.679599499374217819e+00
1.664580725907384151e+00
1.649561952440550705e+00
1.632040050062578240e+00
1.614518147684605776e+00
1.599499374217772107e+00
1.581977471839799643e+00
1.564455569461827178e+00
1.549436795994993732e+00
1.529411764705882248e+00
1.511889862327909784e+00
1.494367959949937319e+00
1.474342928660826058e+00
1.456821026282853593e+00
1.436795994993742109e+00
1.419274092615769645e+00
1.396745932415519365e+00
1.376720901126408103e+00
1.359198998748435638e+00
1.336670838548185136e+00
1.316645807259073875e+00
1.294117647058823595e+00
1.271589486858573315e+00
1.249061326658322812e+00
1.226533166458072532e+00
1.201501877346683456e+00
1.176470588235294157e+00
1.153942428035043877e+00
1.128911138923654578e+00
1.101376720901126482e+00
1.073842302878598165e+00
1.048811013767209088e+00
1.018773466833541974e+00
9.912390488110137676e-01
9.612015018773466535e-01
9.311639549436796504e-01
8.986232790988736285e-01
8.685857321652065144e-01
8.385481852315394002e-01
8.110137672090113048e-01
7.809762202753441906e-01
7.559449311639548919e-01
7.284105131414267964e-01
7.033792240300374976e-01
6.783479349186483098e-01
6.533166458072591221e-01
