1.749687108886107678e+00
1.744680851063829863e+00
1.737171464330413029e+00
1.729662077596996195e+00
1.722152690863579583e+00
1.714643304130162749e+00
1.707133917396745915e+00
1.699624530663329081e+00
1.694618272841051265e+00
1.687108886107634653e+00
1.682102628285356616e+00
1.672090112640800985e+00
1.667083854818523170e+00
1.659574468085106336e+00
1.652065081351689502e+00
1.644555694618272890e+00
1.634543178973717037e+00
1.629536921151439222e+00
1.622027534418022610e+00
1.614518147684605776e+00
1.607008760951188941e+00
1.596996245306633311e+00
1.591989987484355495e+00
1.584480600750938661e+00
1.574468085106383031e+00
1.569461827284105215e+00
1.559449311639549363e+00
1.551939924906132751e+00
1.544430538172715917e+00
1.534418022528160286e+00
1.526908635794743452e+00
1.519399249061326618e+00
1.511889862327909784e+00
1.501877346683354153e+00
1.496871088861076338e+00
1.486858573216520707e+00
1.476846057571964854e+00
1.471839799749687039e+00
1.461827284105131408e+00
1.454317897371714574e+00
1.444305381727158943e+00
1.434292866082603313e+00
1.426783479349186479e+00
1.416770963704630848e+00
1.409261576971214014e+00
1.399249061326658383e+00
1.389236545682102530e+00
1.381727158948685918e+00
1.371714643304130066e+00
1.364205256570713454e+00
