1.737171464330413029e+00
1.717146433041301545e+00
1.694618272841051265e+00
1.672090112640800985e+00
1.652065081351689502e+00
1.629536921151439222e+00
1.607008760951188941e+00
1.584480600750938661e+00
1.561952440550688381e+00
1.536921151439299082e+00
1.511889862327909784e+00
1.486858573216520707e+00
1.461827284105131408e+00
1.436795994993742109e+00
1.409261576971214014e+00
1.381727158948685918e+00
1.351689612015018804e+00
1.324155193992490709e+00
1.294117647058823595e+00
1.264080100125156481e+00
1.234042553191489366e+00
1.201501877346683456e+00
1.168961201501877323e+00
1.136420525657071412e+00
1.098873591989987464e+00
1.063829787234042534e+00
1.023779724655819789e+00
9.837296620775970446e-01
9.436795994993741887e-01
8.986232790988736285e-01
8.510638297872340496e-01
8.060075093867333784e-01
7.534418022528159842e-01
7.058823529411765163e-01
6.608260325406758451e-01
6.182728410513141926e-01
5.757196495619524290e-01
5.356695869837296842e-01
5.006257822277847547e-01
4.655819774718398252e-01
4.305381727158948957e-01
3.979974968710888739e-01
3.679599499374217597e-01
3.379224030037547011e-01
3.078848560700875869e-01
2.803504380475594360e-01
2.528160200250312850e-01
2.252816020025031341e-01
2.002503128911138908e-01
1.752190237797246475e-01
