1.729662077596996195e+00
1.699624530663329081e+00
1.669586983729662188e+00
1.637046307884856056e+00
1.607008760951188941e+00
1.574468085106383031e+00
1.539424280350438101e+00
1.506883604505631968e+00
1.469336670838548242e+00
1.434292866082603313e+00
1.399249061326658383e+00
1.359198998748435638e+00
1.319148936170212671e+00
1.279098873591989927e+00
1.234042553191489366e+00
1.188986232790988806e+00
1.141426783479349227e+00
1.093867334167709648e+00
1.038798498122653235e+00
9.837296620775970446e-01
9.236545682102628163e-01
8.610763454317897914e-01
7.909887359198998213e-01
7.158948685857321470e-01
6.307884856070087309e-01
5.281602002503128501e-01
4.155193992490613386e-01
3.053817271589486793e-01
2.127659574468085124e-01
1.326658322903629672e-01
6.007509386733416584e-02
-2.503128911138923721e-03
-6.508135168961201589e-02
-1.201501877346683317e-01
-1.752190237797246475e-01
-2.277847309136420417e-01
-2.803504380475594360e-01
-3.279098873591990149e-01
-3.754693366708385383e-01
-4.255319148936170248e-01
-4.705882352941176405e-01
-5.181476846057572194e-01
-5.632040050062577796e-01
-6.082603254067584508e-01
-6.558197747183980297e-01
-7.008760951188985899e-01
-7.459324155193992612e-01
-7.909887359198998213e-01
-8.335419274092615849e-01
-8.785982478097622561e-01
