1.732165206508135213e+00
1.712140175219023730e+00
1.689612015018773450e+00
1.664580725907384151e+00
1.642052565707133871e+00
1.614518147684605776e+00
1.591989987484355495e+00
1.564455569461827178e+00
1.536921151439299082e+00
1.511889862327909784e+00
1.484355444305381688e+00
1.454317897371714574e+00
1.429286608260325497e+00
1.399249061326658383e+00
1.366708385481852250e+00
1.336670838548185136e+00
1.304130162703379225e+00
1.271589486858573315e+00
1.236545682102628385e+00
1.201501877346683456e+00
1.163954943679599507e+00
1.128911138923654578e+00
1.088861076345431833e+00
1.046307884856070070e+00
1.006257822277847325e+00
9.586983729662077458e-01
9.111389236545681669e-01
8.610763454317897914e-01
8.085106382978722861e-01
7.534418022528159842e-01
6.933667083854818669e-01
6.332916145181476386e-01
5.807259073842302444e-01
5.306633291614518688e-01
4.831038798498122899e-01
4.405506883604505819e-01
3.979974968710888739e-01
3.579474342928660735e-01
3.229036295369211440e-01
2.853566958698373068e-01
2.503128911138923773e-01
2.177722152690863555e-01
1.852315394242803614e-01
1.551939924906132751e-01
1.226533166458072532e-01
9.511889862327910228e-02
6.758448060075093744e-02
3.754693366708385799e-02
1.251564455569461817e-02
-1.752190237797246475e-02
