1.742177722152690844e+00
1.729662077596996195e+00
1.714643304130162749e+00
1.702127659574468099e+00
1.689612015018773450e+00
1.674593241551940004e+00
1.659574468085106336e+00
1.644555694618272890e+00
1.629536921151439222e+00
1.614518147684605776e+00
1.596996245306633311e+00
1.584480600750938661e+00
1.569461827284105215e+00
1.551939924906132751e+00
1.536921151439299082e+00
1.521902377972465636e+00
1.504380475594493172e+00
1.486858573216520707e+00
1.469336670838548242e+00
1.454317897371714574e+00
1.434292866082603313e+00
1.416770963704630848e+00
1.399249061326658383e+00
1.381727158948685918e+00
1.361702127659574435e+00
1.344180225281601970e+00
1.326658322903629506e+00
1.306633291614518244e+00
1.284105131414267742e+00
1.264080100125156481e+00
1.246558197747184016e+00
1.224030037546933736e+00
1.201501877346683456e+00
1.181476846057571972e+00
1.158948685857321692e+00
1.133917396745932393e+00
1.111389236545682113e+00
1.088861076345431833e+00
1.063829787234042534e+00
1.038798498122653235e+00
1.011264080100125140e+00
9.862327909887359523e-01
9.612015018773466535e-01
9.336670838548185580e-01
9.061326658322903516e-01
8.785982478097622561e-01
8.535669586983729573e-01
8.260325406758447508e-01
8.035043804755944707e-01
7.784730913642052830e-01
