1.734668335419274010e+00
1.714643304130162749e+00
1.692115143929912469e+00
1.669586983729662188e+00
1.649561952440550705e+00
1.624530663329161406e+00
1.599499374217772107e+00
1.576971214017521827e+00
1.554443053817271547e+00
1.529411764705882248e+00
1.501877346683354153e+00
1.476846057571964854e+00
1.451814768460575777e+00
1.421777221526908663e+00
1.396745932415519365e+00
1.366708385481852250e+00
1.336670838548185136e+00
1.306633291614518244e+00
1.274092615769712111e+00
1.244055068836044997e+00
1.211514392991239086e+00
1.176470588235294157e+00
1.141426783479349227e+00
1.106382978723404298e+00
1.068836045056320350e+00
1.028785982478097605e+00
9.862327909887359523e-01
9.436795994993741887e-01
9.011264080100125362e-01
8.535669586983729573e-01
8.010012515644555631e-01
7.509386733416770765e-01
6.983729662077596823e-01
6.483103879849811957e-01
6.007509386733417278e-01
5.581977471839799643e-01
5.156445556946183117e-01
4.780976220275344191e-01
4.430538172715894896e-01
4.055068836045056524e-01
3.729662077596996306e-01
3.379224030037547011e-01
3.078848560700875869e-01
2.778473091364205283e-01
2.478097622027534419e-01
2.202753441802252909e-01
1.927409261576971122e-01
1.652065081351689613e-01
1.376720901126408103e-01
1.126408010012515670e-01
