1.492487479131886507e+00
1.462437395659432537e+00
1.432387312186978345e+00
1.402337228714524375e+00
1.362270450751252193e+00
1.322203672787980011e+00
1.292153589315526041e+00
1.262103505843071849e+00
1.232053422370617879e+00
1.191986644407345697e+00
1.151919866444073515e+00
1.101836393989983343e+00
1.071786310517529373e+00
1.011686143572620988e+00
9.716193656093489173e-01
9.215358931552587451e-01
8.714524207011686840e-01
8.113522537562604109e-01
7.512520868113522488e-01
6.911519198664440866e-01
6.210350584307179345e-01
5.308848080133555802e-01
4.507512520868113826e-01
3.505843071786310938e-01
2.504173622704507496e-01
1.402337228714524431e-01
1.001669449081803165e-02
-1.602671118530885064e-01
-1.502504173622704498e+00
-1.502504173622704498e+00
-1.502504173622704498e+00
-1.502504173622704498e+00
-1.512520868113522488e+00
-1.512520868113522488e+00
-1.502504173622704498e+00
-1.512520868113522488e+00
-1.512520868113522488e+00
-1.512520868113522488e+00
-1.502504173622704498e+00
-1.502504173622704498e+00
-1.502504173622704498e+00
-1.502504173622704498e+00
-1.502504173622704498e+00
-1.502504173622704498e+00
-1.502504173622704498e+00
-1.502504173622704498e+00
-1.512520868113522488e+00
-1.502504173622704498e+00
-1.502504173622704498e+00
-1.502504173622704498e+00
