5.565217391304347672e+00
5.502732240437158140e+00
5.437837837837838251e+00
5.387700534759358284e+00
5.316589557171183422e+00
5.261920313520574766e+00
5.194838709677418898e+00
5.136305732484076181e+00
5.071698113207546044e+00
5.008069522036002752e+00
4.937576499388004692e+00
4.861798430899215262e+00
4.789536266349584182e+00
4.718969555035128494e+00
4.647465437788018683e+00
4.573371104815864285e+00
4.487750556792873269e+00
4.411153635866593703e+00
4.326180257510729987e+00
4.239873750657548790e+00
4.156620298815044023e+00
4.064516129032258007e+00
3.972427375677006545e+00
3.878904372897645558e+00
3.779026217228464990e+00
3.673952641165756372e+00
3.568523430592396295e+00
3.458672376873661580e+00
3.344370860927152744e+00
3.222665602553871356e+00
3.098505174396320339e+00
2.965896589658965965e+00
2.822625698324022547e+00
2.671074380165289419e+00
2.513362336855189394e+00
2.338443737344518158e+00
2.151063829787234205e+00
1.930482620655163961e+00
1.710427606901725461e+00
1.506376594148537418e+00
1.317329332333083247e+00
1.143285821455363838e+00
9.832458114528631610e-01
8.332083020755188807e-01
6.941735433858464699e-01
5.631407851962990652e-01
4.401100275068767220e-01
3.250812703175793850e-01
2.180545136284071095e-01
1.150287571892973232e-01
