5.581717451523545037e+00
5.554175293305728012e+00
5.531271477663229241e+00
5.505817932922655977e+00
5.488752556237217917e+00
5.463679565512558511e+00
5.438810006761324978e+00
5.414141414141414366e+00
5.395036887994633545e+00
5.372496662216287966e+00
5.345744680851064246e+00
5.323626737260092945e+00
5.304347826086955209e+00
5.280839895013123453e+00
5.254082299150882207e+00
5.232769830949284717e+00
5.203883495145631422e+00
5.184803605924018122e+00
5.161538461538461853e+00
5.130102040816326259e+00
5.117460317460317043e+00
5.081490840176879686e+00
5.058453802639848895e+00
5.030644152595372454e+00
5.005600497822027428e+00
4.980198019801980180e+00
4.958128078817733986e+00
4.928352725045927585e+00
4.901339829476248688e+00
4.874621441550575085e+00
4.848192771084337771e+00
4.822049131216297191e+00
4.798094103633115282e+00
4.765402843601895810e+00
4.739693757361601811e+00
4.713867758923346862e+00
4.686445607911576161e+00
4.656647398843930752e+00
4.629885057471263998e+00
4.598515134209023358e+00
4.564946114577424829e+00
4.536640360766629243e+00
4.508398656215005573e+00
4.480533926585094306e+00
4.452788514632799455e+00
4.416895227646736366e+00
4.385620915032680145e+00
4.352623039480800315e+00
4.319914117015565935e+00
4.287693127330847176e+00
