5.550964187327823041e+00
5.483695652173913082e+00
5.400267737617134856e+00
5.323665128543176195e+00
5.232965606748864573e+00
5.144316730523626369e+00
5.062146892655367658e+00
4.976572133168927436e+00
4.878402903811251967e+00
4.781008902077151568e+00
4.694944799535154090e+00
4.586696986924389208e+00
4.484444444444444677e+00
4.377440347071583915e+00
4.264270613107822072e+00
4.150128534704370153e+00
4.031936127744510934e+00
3.903288201160541870e+00
3.781410555815039487e+00
3.638163816381638771e+00
3.493517718236819558e+00
3.345724907063197140e+00
3.185854616895874347e+00
3.010401188707281239e+00
2.823693379790940483e+00
2.622250970245795454e+00
2.404261615862681278e+00
2.153356327938445336e+00
1.855463865966491710e+00
1.516379094773693481e+00
1.103275818954738696e+00
7.401850462615653381e-01
4.341085271317829397e-01
1.700425106276568787e-01
-6.301575393848461715e-02
-2.710677669417354552e-01
-4.601150287571892927e-01
-6.311577894473618944e-01
-7.881970492623155966e-01
-9.322330582645661501e-01
-1.064266066516629250e+00
-1.185296324081020147e+00
-1.297324331082770454e+00
-1.401350337584396089e+00
-1.496374093523380910e+00
-1.585396349087271783e+00
-1.666416604151037761e+00
-1.742435608902225486e+00
-1.812453113278319483e+00
-1.878469617404351366e+00
