8.914858096828046641e-01
8.914858096828046641e-01
8.814691151919866741e-01
8.614357262103506940e-01
8.414023372287144920e-01
8.313856427378965019e-01
8.213689482470785119e-01
8.013355592654424209e-01
7.913188647746244309e-01
7.712854757929884508e-01
7.612687813021702388e-01
7.412353923205342587e-01
7.312186978297162687e-01
7.111853088480801777e-01
6.911519198664440866e-01
6.711185308848079956e-01
6.611018363939900055e-01
6.410684474123540255e-01
6.210350584307179345e-01
6.110183639398998334e-01
5.909849749582637424e-01
5.609348914858097723e-01
5.509181969949916713e-01
5.208681135225375902e-01
4.908180300500835092e-01
4.707846410684474736e-01
4.507512520868113826e-01
4.106844741235392560e-01
3.806343906510851194e-01
3.606010016694491394e-01
3.205342237061770128e-01
2.804674457429048862e-01
2.303839732888146863e-01
1.803005008347245697e-01
9.015025041736228484e-02
-2.203672787979966685e-01
-2.404006677796327318e-01
-2.404006677796327318e-01
-2.404006677796327318e-01
-2.404006677796327318e-01
-2.404006677796327318e-01
-2.303839732888146863e-01
-2.404006677796327318e-01
-2.404006677796327318e-01
-2.404006677796327318e-01
-2.404006677796327318e-01
-2.404006677796327318e-01
-2.404006677796327318e-01
-2.303839732888146863e-01
-2.404006677796327318e-01
