9.015025041736227651e-01
8.914858096828046641e-01
8.814691151919866741e-01
8.614357262103506940e-01
8.414023372287144920e-01
8.313856427378965019e-01
8.213689482470785119e-01
8.013355592654424209e-01
7.813021702838064408e-01
7.712854757929884508e-01
7.612687813021702388e-01
7.512520868113522488e-01
7.312186978297162687e-01
7.111853088480801777e-01
6.911519198664440866e-01
6.811352253756260966e-01
6.611018363939900055e-01
6.410684474123540255e-01
6.210350584307179345e-01
6.110183639398998334e-01
5.909849749582637424e-01
5.709515859766277623e-01
5.409015025041736813e-01
5.208681135225375902e-01
4.908180300500835092e-01
4.707846410684474736e-01
4.407345575959933370e-01
4.207011686143572460e-01
3.906510851419032204e-01
3.505843071786310938e-01
3.205342237061770128e-01
2.704507512520868406e-01
2.203672787979966685e-01
1.602671118530885064e-01
8.013355592654425319e-02
-1.772954924874791338e+00
-2.369838420107720278e+00
-2.653144016227180657e+00
-2.696202531645569778e+00
-2.703862660944206020e+00
-2.707158351409978181e+00
-2.711790393013100431e+00
-2.710526315789473895e+00
-2.709251101321586308e+00
-2.719211822660098754e+00
-2.718072289156626464e+00
-2.714285714285714413e+00
-2.716981132075471983e+00
-2.718309859154929509e+00
-2.705607476635514264e+00
