8.914858096828046641e-01
8.914858096828046641e-01
8.814691151919866741e-01
8.614357262103506940e-01
8.414023372287144920e-01
8.313856427378965019e-01
8.213689482470785119e-01
8.013355592654424209e-01
7.913188647746244309e-01
7.712854757929884508e-01
7.612687813021702388e-01
7.412353923205342587e-01
7.312186978297162687e-01
7.111853088480801777e-01
7.011686143572621877e-01
6.811352253756260966e-01
6.611018363939900055e-01
6.410684474123540255e-01
6.210350584307179345e-01
6.110183639398998334e-01
5.809682804674457524e-01
5.709515859766277623e-01
5.409015025041736813e-01
5.108514190317196002e-01
5.008347245409014992e-01
4.707846410684474736e-01
4.507512520868113826e-01
4.207011686143572460e-01
3.906510851419032204e-01
3.505843071786310938e-01
3.205342237061770128e-01
2.804674457429048862e-01
2.303839732888146863e-01
1.803005008347245697e-01
9.015025041736228484e-02
-2.404006677796327318e-01
-2.604340567612687951e-01
-2.704507512520868406e-01
-2.604340567612687951e-01
-2.604340567612687951e-01
-2.604340567612687951e-01
-2.604340567612687951e-01
-2.604340567612687951e-01
-2.604340567612687951e-01
-2.604340567612687951e-01
-2.604340567612687951e-01
-2.604340567612687951e-01
-2.604340567612687951e-01
-2.604340567612687951e-01
-2.604340567612687951e-01
