1.772954924874791338e+00
1.742904841402337368e+00
1.712854757929883398e+00
1.682804674457428984e+00
1.632721202003339034e+00
1.612687813021702832e+00
1.562604340567612882e+00
1.522537562604340478e+00
1.482470784641068517e+00
1.442404006677796557e+00
1.402337228714524375e+00
1.352253756260433981e+00
1.302170283806344031e+00
1.252086811352253859e+00
1.191986644407345697e+00
1.151919866444073515e+00
1.091819699499165353e+00
1.031719532554257190e+00
9.616026711185309273e-01
8.914858096828046641e-01
8.113522537562604109e-01
7.312186978297162687e-01
6.210350584307179345e-01
5.108514190317196002e-01
3.505843071786310938e-01
6.010016694490818295e-02
-2.504173622704507496e-01
-2.504173622704507496e-01
-2.504173622704507496e-01
-2.504173622704507496e-01
-2.504173622704507496e-01
-2.604340567612687951e-01
-2.504173622704507496e-01
-2.604340567612687951e-01
-2.604340567612687951e-01
-2.504173622704507496e-01
-2.504173622704507496e-01
-2.604340567612687951e-01
-2.604340567612687951e-01
-2.604340567612687951e-01
-2.504173622704507496e-01
-2.504173622704507496e-01
-2.504173622704507496e-01
-2.504173622704507496e-01
-2.504173622704507496e-01
-2.604340567612687951e-01
-2.604340567612687951e-01
-2.604340567612687951e-01
-2.604340567612687951e-01
-2.604340567612687951e-01
