1.782971619365609328e+00
1.752921535893155358e+00
1.712854757929883398e+00
1.682804674457428984e+00
1.642737896494157024e+00
1.612687813021702832e+00
1.562604340567612882e+00
1.522537562604340478e+00
1.482470784641068517e+00
1.442404006677796557e+00
1.402337228714524375e+00
1.352253756260433981e+00
1.312186978297162021e+00
1.262103505843071849e+00
1.202003338898163687e+00
1.151919866444073515e+00
1.091819699499165353e+00
1.031719532554257190e+00
9.616026711185309273e-01
8.914858096828046641e-01
8.113522537562604109e-01
7.212020033388982787e-01
6.310517529215359245e-01
5.108514190317196002e-01
3.606010016694491394e-01
7.011686143572622154e-02
-2.804674457429048862e-01
-2.704507512520868406e-01
-2.704507512520868406e-01
-2.804674457429048862e-01
-2.704507512520868406e-01
-2.804674457429048862e-01
-2.804674457429048862e-01
-2.804674457429048862e-01
-2.804674457429048862e-01
-2.704507512520868406e-01
-2.804674457429048862e-01
-2.804674457429048862e-01
-2.804674457429048862e-01
-2.804674457429048862e-01
-2.704507512520868406e-01
-2.704507512520868406e-01
-2.804674457429048862e-01
-2.804674457429048862e-01
-2.804674457429048862e-01
-2.804674457429048862e-01
-2.804674457429048862e-01
-2.804674457429048862e-01
-2.804674457429048862e-01
-2.804674457429048862e-01
