-6.000000000000000000e+00
-4.500000000000000000e+00
-4.500000000000000000e+00
-4.500000000000000000e+00
-4.500000000000000000e+00
-4.800000000000000711e+00
-4.800000000000000711e+00
-4.800000000000000711e+00
-4.800000000000000711e+00
-4.800000000000000711e+00
-5.000000000000000888e+00
-4.000000000000000000e+00
-5.000000000000000888e+00
-5.000000000000000888e+00
-5.000000000000000888e+00
-5.142857142857143238e+00
-5.142857142857143238e+00
-4.285714285714286476e+00
-5.142857142857143238e+00
-5.142857142857143238e+00
-5.250000000000000000e+00
-5.250000000000000000e+00
-4.500000000000000000e+00
-4.500000000000000000e+00
-4.500000000000000000e+00
-4.666666666666666963e+00
-5.333333333333333037e+00
-4.666666666666666963e+00
-4.666666666666666963e+00
-4.666666666666666963e+00
-4.800000000000000711e+00
-4.800000000000000711e+00
-5.400000000000000355e+00
-4.800000000000000711e+00
-4.800000000000000711e+00
-4.909090909090910060e+00
-4.909090909090910060e+00
-4.909090909090910060e+00
-5.454545454545455030e+00
-4.909090909090910060e+00
-5.000000000000000888e+00
-5.000000000000000888e+00
-5.000000000000000888e+00
-5.000000000000000888e+00
-4.500000000000000000e+00
-4.615384615384615863e+00
-5.076923076923077538e+00
-5.076923076923077538e+00
-5.076923076923077538e+00
-5.076923076923077538e+00
-4.714285714285714413e+00
-4.714285714285714413e+00
-4.714285714285714413e+00
-5.142857142857143238e+00
-5.142857142857143238e+00
-4.800000000000000711e+00
-4.800000000000000711e+00
-4.800000000000000711e+00
-4.800000000000000711e+00
-5.200000000000000178e+00
-5.250000000000000000e+00
-4.875000000000000000e+00
-4.875000000000000000e+00
-4.875000000000000000e+00
-4.875000000000000000e+00
-4.941176470588235503e+00
-4.941176470588235503e+00
-4.941176470588235503e+00
-4.941176470588235503e+00
-4.941176470588235503e+00
-5.000000000000000888e+00
-5.000000000000000888e+00
-5.000000000000000888e+00
-5.000000000000000888e+00
-5.000000000000000888e+00
-5.052631578947368141e+00
-5.052631578947368141e+00
-5.052631578947368141e+00
-5.052631578947368141e+00
-4.736842105263158409e+00
-4.800000000000000711e+00
-5.100000000000000533e+00
-5.100000000000000533e+00
-5.100000000000000533e+00
-4.800000000000000711e+00
-4.857142857142857650e+00
-4.857142857142857650e+00
-4.857142857142857650e+00
-5.142857142857143238e+00
-5.142857142857143238e+00
-4.909090909090910060e+00
-4.909090909090910060e+00
-4.909090909090910060e+00
-4.909090909090910060e+00
-4.909090909090910060e+00
-4.956521739130435478e+00
-4.956521739130435478e+00
-4.956521739130435478e+00
-4.956521739130435478e+00
-4.956521739130435478e+00
-5.000000000000000888e+00
-5.000000000000000888e+00
-4.750000000000000000e+00
-5.000000000000000888e+00
-5.000000000000000888e+00
-5.040000000000000036e+00
-5.040000000000000036e+00
-5.040000000000000036e+00
-4.800000000000000711e+00
-5.040000000000000036e+00
-5.076923076923077538e+00
-5.076923076923077538e+00
-5.076923076923077538e+00
-5.076923076923077538e+00
-4.846153846153846700e+00
-4.888888888888889284e+00
-4.888888888888889284e+00
-5.111111111111111605e+00
-5.111111111111111605e+00
-5.111111111111111605e+00
-4.928571428571428825e+00
-4.928571428571428825e+00
-4.928571428571428825e+00
-4.928571428571428825e+00
-5.142857142857143238e+00
-5.172413793103448398e+00
-4.965517241379310498e+00
-4.965517241379310498e+00
-4.965517241379310498e+00
-4.965517241379310498e+00
-5.000000000000000888e+00
-5.000000000000000888e+00
-5.200000000000000178e+00
-5.000000000000000888e+00
-5.000000000000000888e+00
-5.032258064516129892e+00
-5.032258064516129892e+00
-5.032258064516129892e+00
-5.032258064516129892e+00
-5.032258064516129892e+00
-5.062500000000000000e+00
-5.062500000000000000e+00
-5.062500000000000000e+00
-5.062500000000000000e+00
-5.062500000000000000e+00
-4.909090909090910060e+00
-4.909090909090910060e+00
-5.090909090909091717e+00
-5.090909090909091717e+00
-5.090909090909091717e+00
-5.117647058823529882e+00
-4.941176470588235503e+00
-4.941176470588235503e+00
-4.941176470588235503e+00
-5.117647058823529882e+00
-5.142857142857143238e+00
-5.142857142857143238e+00
-4.971428571428572418e+00
-4.971428571428572418e+00
-4.971428571428572418e+00
-5.000000000000000888e+00
-5.000000000000000888e+00
-5.166666666666666963e+00
-5.000000000000000888e+00
-5.000000000000000888e+00
-5.027027027027027195e+00
-5.027027027027027195e+00
-5.027027027027027195e+00
-5.027027027027027195e+00
-5.027027027027027195e+00
-4.894736842105263719e+00
-5.052631578947368141e+00
-5.052631578947368141e+00
-5.052631578947368141e+00
-5.052631578947368141e+00
-5.076923076923077538e+00
-4.923076923076923350e+00
-4.923076923076923350e+00
-5.076923076923077538e+00
-5.076923076923077538e+00
-5.100000000000000533e+00
-5.100000000000000533e+00
-4.950000000000000178e+00
-4.950000000000000178e+00
-4.950000000000000178e+00
-4.975609756097560954e+00
-5.121951219512195230e+00
-5.121951219512195230e+00
-5.121951219512195230e+00
-4.975609756097560954e+00
-5.000000000000000888e+00
-5.000000000000000888e+00
-5.000000000000000888e+00
-5.142857142857143238e+00
-5.142857142857143238e+00
-5.023255813953489302e+00
-5.023255813953489302e+00
-5.023255813953489302e+00
-5.023255813953489302e+00
-5.023255813953489302e+00
-5.045454545454545858e+00
-5.045454545454545858e+00
-5.045454545454545858e+00
-5.045454545454545858e+00
-5.045454545454545858e+00
-5.066666666666667318e+00
-5.066666666666667318e+00
-5.066666666666667318e+00
-5.066666666666667318e+00
-5.066666666666667318e+00
-5.086956521739130821e+00
-5.086956521739130821e+00
-5.086956521739130821e+00
-5.086956521739130821e+00
-4.956521739130435478e+00
-4.978723404255319451e+00
-4.978723404255319451e+00
-5.106382978723404520e+00
-5.106382978723404520e+00
-5.106382978723404520e+00
-5.000000000000000888e+00
-5.000000000000000888e+00
-5.000000000000000888e+00
-5.000000000000000888e+00
-5.125000000000000000e+00
-5.142857142857143238e+00
-5.142857142857143238e+00
-5.020408163265306811e+00
-5.020408163265306811e+00
-5.020408163265306811e+00
-5.040000000000000036e+00
-5.040000000000000036e+00
-5.160000000000000142e+00
-5.040000000000000036e+00
-5.040000000000000036e+00
-5.058823529411765385e+00
-5.058823529411765385e+00
-5.058823529411765385e+00
-5.058823529411765385e+00
-5.058823529411765385e+00
-4.961538461538461675e+00
-5.076923076923077538e+00
-5.076923076923077538e+00
-5.076923076923077538e+00
-5.076923076923077538e+00
-5.094339622641509635e+00
-4.981132075471698784e+00
-4.981132075471698784e+00
-5.094339622641509635e+00
-5.094339622641509635e+00
-5.111111111111111605e+00
-5.111111111111111605e+00
-5.000000000000000888e+00
-5.000000000000000888e+00
-5.000000000000000888e+00
-5.018181818181818521e+00
-5.127272727272726982e+00
-5.127272727272726982e+00
-5.127272727272726982e+00
-5.018181818181818521e+00
-5.035714285714286476e+00
-5.035714285714286476e+00
-5.035714285714286476e+00
-5.035714285714286476e+00
-5.142857142857143238e+00
-5.052631578947368141e+00
-5.052631578947368141e+00
-5.052631578947368141e+00
-5.052631578947368141e+00
-5.052631578947368141e+00
-5.068965517241379892e+00
-5.068965517241379892e+00
-5.068965517241379892e+00
-5.068965517241379892e+00
-5.068965517241379892e+00
-5.084745762711864181e+00
-5.084745762711864181e+00
-5.084745762711864181e+00
-4.983050847457627164e+00
-5.084745762711864181e+00
-5.100000000000000533e+00
-5.100000000000000533e+00
-5.100000000000000533e+00
-5.100000000000000533e+00
-5.100000000000000533e+00
-5.016393442622951504e+00
-5.016393442622951504e+00
-5.016393442622951504e+00
-5.114754098360656087e+00
-5.114754098360656087e+00
-5.129032258064516903e+00
-5.032258064516129892e+00
-5.032258064516129892e+00
-5.032258064516129892e+00
-5.032258064516129892e+00
-5.047619047619048338e+00
-5.142857142857143238e+00
-5.142857142857143238e+00
-5.047619047619048338e+00
-5.047619047619048338e+00
-5.062500000000000000e+00
-5.062500000000000000e+00
-5.062500000000000000e+00
-5.062500000000000000e+00
-5.062500000000000000e+00
-5.076923076923077538e+00
-5.076923076923077538e+00
-5.076923076923077538e+00
-5.076923076923077538e+00
-5.076923076923077538e+00
-5.090909090909091717e+00
-5.000000000000000888e+00
-5.090909090909091717e+00
-5.090909090909091717e+00
-5.090909090909091717e+00
-5.104477611940298587e+00
-5.104477611940298587e+00
-5.014925373134328623e+00
-5.014925373134328623e+00
-5.104477611940298587e+00
-5.117647058823529882e+00
-5.117647058823529882e+00
-5.117647058823529882e+00
-5.117647058823529882e+00
-5.029411764705883137e+00
-5.043478260869565410e+00
-5.043478260869565410e+00
-5.043478260869565410e+00
-5.130434782608696231e+00
-5.130434782608696231e+00
-5.057142857142857828e+00
-5.057142857142857828e+00
-5.057142857142857828e+00
-5.057142857142857828e+00
-5.057142857142857828e+00
-5.070422535211267956e+00
-5.154929577464788970e+00
-5.070422535211267956e+00
-5.070422535211267956e+00
-5.070422535211267956e+00
-5.083333333333333925e+00
-5.083333333333333925e+00
-5.083333333333333925e+00
-5.000000000000000888e+00
-5.083333333333333925e+00
-5.095890410958904049e+00
-5.095890410958904049e+00
-5.095890410958904049e+00
-5.095890410958904049e+00
-5.095890410958904049e+00
-5.027027027027027195e+00
-5.027027027027027195e+00
-5.108108108108107892e+00
-5.108108108108107892e+00
-5.108108108108107892e+00
-5.120000000000000995e+00
-5.040000000000000036e+00
-5.040000000000000036e+00
-5.040000000000000036e+00
-5.040000000000000036e+00
-5.052631578947368141e+00
-5.131578947368421240e+00
-5.131578947368421240e+00
-5.052631578947368141e+00
-5.052631578947368141e+00
-5.064935064935064624e+00
-5.064935064935064624e+00
-5.064935064935064624e+00
-5.142857142857143238e+00
-5.142857142857143238e+00
-5.076923076923077538e+00
-5.076923076923077538e+00
-5.076923076923077538e+00
-5.076923076923077538e+00
-5.076923076923077538e+00
-5.088607594936709333e+00
-5.012658227848101333e+00
-5.088607594936709333e+00
-5.088607594936709333e+00
-5.088607594936709333e+00
-5.100000000000000533e+00
-5.100000000000000533e+00
-5.100000000000000533e+00
-5.025000000000000355e+00
-5.100000000000000533e+00
-5.111111111111111605e+00
-5.111111111111111605e+00
-5.111111111111111605e+00
-5.111111111111111605e+00
-5.037037037037037202e+00
-5.048780487804878092e+00
-5.048780487804878092e+00
-5.048780487804878092e+00
-5.121951219512195230e+00
-5.121951219512195230e+00
-5.132530120481927582e+00
-5.060240963855422436e+00
-5.060240963855422436e+00
-5.060240963855422436e+00
-5.060240963855422436e+00
-5.071428571428572063e+00
-5.142857142857143238e+00
-5.071428571428572063e+00
-5.071428571428572063e+00
-5.071428571428572063e+00
-5.082352941176471184e+00
-5.082352941176471184e+00
-5.082352941176471184e+00
-5.082352941176471184e+00
-5.082352941176471184e+00
-5.093023255813953654e+00
-5.093023255813953654e+00
-5.093023255813953654e+00
-5.093023255813953654e+00
-5.093023255813953654e+00
-5.034482758620689502e+00
-5.034482758620689502e+00
-5.103448275862069394e+00
-5.103448275862069394e+00
-5.103448275862069394e+00
-5.113636363636364202e+00
-5.113636363636364202e+00
-5.045454545454545858e+00
-5.045454545454545858e+00
-5.045454545454545858e+00
-5.056179775280899236e+00
-5.123595505617977608e+00
-5.123595505617977608e+00
-5.123595505617977608e+00
-5.056179775280899236e+00
-5.066666666666667318e+00
-5.066666666666667318e+00
-5.066666666666667318e+00
-5.133333333333333748e+00
-5.133333333333333748e+00
-5.076923076923077538e+00
-5.076923076923077538e+00
-5.076923076923077538e+00
-5.076923076923077538e+00
-5.076923076923077538e+00
-5.086956521739130821e+00
-5.086956521739130821e+00
-5.086956521739130821e+00
-5.086956521739130821e+00
-5.086956521739130821e+00
-5.096774193548387899e+00
-5.096774193548387899e+00
-5.096774193548387899e+00
-5.032258064516129892e+00
-5.096774193548387899e+00
-5.106382978723404520e+00
-5.106382978723404520e+00
-5.106382978723404520e+00
-5.106382978723404520e+00
-5.106382978723404520e+00
-5.052631578947368141e+00
-5.052631578947368141e+00
-5.052631578947368141e+00
-5.115789473684210442e+00
-5.115789473684210442e+00
-5.125000000000000000e+00
-5.062500000000000000e+00
-5.062500000000000000e+00
-5.062500000000000000e+00
-5.062500000000000000e+00
-5.072164948453608879e+00
-5.072164948453608879e+00
-5.134020618556701443e+00
-5.072164948453608879e+00
-5.072164948453608879e+00
-5.081632653061225469e+00
-5.081632653061225469e+00
-5.081632653061225469e+00
-5.081632653061225469e+00
-5.142857142857143238e+00
-5.090909090909091717e+00
-5.090909090909091717e+00
-5.090909090909091717e+00
-5.090909090909091717e+00
-5.090909090909091717e+00
-5.100000000000000533e+00
-5.040000000000000036e+00
-5.040000000000000036e+00
-5.100000000000000533e+00
-5.100000000000000533e+00
-5.108910891089109008e+00
-5.108910891089109008e+00
-5.108910891089109008e+00
-5.049504950495049549e+00
-5.049504950495049549e+00
-5.058823529411765385e+00
-5.117647058823529882e+00
-5.117647058823529882e+00
-5.117647058823529882e+00
-5.058823529411765385e+00
-5.067961165048544103e+00
-5.067961165048544103e+00
-5.067961165048544103e+00
-5.067961165048544103e+00
-5.126213592233010097e+00
-5.134615384615385025e+00
-5.076923076923077538e+00
-5.076923076923077538e+00
-5.076923076923077538e+00
-5.076923076923077538e+00
-5.085714285714286298e+00
-5.085714285714286298e+00
-5.142857142857143238e+00
-5.085714285714286298e+00
-5.085714285714286298e+00
-5.094339622641509635e+00
-5.094339622641509635e+00
-5.094339622641509635e+00
-5.094339622641509635e+00
-5.037735849056604209e+00
-5.046728971962616939e+00
-5.102803738317756910e+00
-5.102803738317756910e+00
-5.102803738317756910e+00
-5.102803738317756910e+00
-5.111111111111111605e+00
-5.055555555555555358e+00
-5.055555555555555358e+00
-5.111111111111111605e+00
-5.111111111111111605e+00
-5.119266055045871511e+00
-5.119266055045871511e+00
-5.064220183486239257e+00
-5.064220183486239257e+00
-5.064220183486239257e+00
-5.072727272727273196e+00
-5.072727272727273196e+00
-5.127272727272726982e+00
-5.127272727272726982e+00
-5.072727272727273196e+00
-5.081081081081081585e+00
-5.081081081081081585e+00
-5.081081081081081585e+00
-5.081081081081081585e+00
-5.081081081081081585e+00
-5.089285714285714413e+00
-5.089285714285714413e+00
-5.089285714285714413e+00
-5.089285714285714413e+00
-5.089285714285714413e+00
-5.097345132743362761e+00
-5.097345132743362761e+00
-5.044247787610619760e+00
-5.097345132743362761e+00
-5.097345132743362761e+00
-5.105263157894737169e+00
-5.105263157894737169e+00
-5.105263157894737169e+00
-5.105263157894737169e+00
-5.052631578947368141e+00
-5.060869565217391397e+00
-5.060869565217391397e+00
-5.113043478260869357e+00
-5.113043478260869357e+00
-5.113043478260869357e+00
-5.068965517241379892e+00
-5.068965517241379892e+00
-5.068965517241379892e+00
-5.068965517241379892e+00
-5.120689655172413701e+00
-5.128205128205128638e+00
-5.128205128205128638e+00
-5.076923076923077538e+00
-5.076923076923077538e+00
-5.076923076923077538e+00
-5.084745762711864181e+00
-5.084745762711864181e+00
-5.084745762711864181e+00
-5.135593220338983578e+00
-5.084745762711864181e+00
-5.092436974789916526e+00
-5.092436974789916526e+00
-5.092436974789916526e+00
-5.092436974789916526e+00
-5.092436974789916526e+00
-5.050000000000000711e+00
-5.100000000000000533e+00
-5.100000000000000533e+00
-5.100000000000000533e+00
-5.100000000000000533e+00
-5.107438016528925928e+00
-5.107438016528925928e+00
-5.057851239669421517e+00
-5.057851239669421517e+00
-5.107438016528925928e+00
-5.114754098360656087e+00
-5.114754098360656087e+00
-5.114754098360656087e+00
-5.065573770491804240e+00
-5.065573770491804240e+00
-5.073170731707318026e+00
-5.073170731707318026e+00
-5.073170731707318026e+00
-5.121951219512195230e+00
-5.121951219512195230e+00
-5.080645161290322953e+00
-5.080645161290322953e+00
-5.080645161290322953e+00
-5.080645161290322953e+00
-5.080645161290322953e+00
-5.088000000000000078e+00
-5.136000000000000121e+00
-5.088000000000000078e+00
-5.088000000000000078e+00
-5.088000000000000078e+00
-5.095238095238095788e+00
-5.095238095238095788e+00
-5.095238095238095788e+00
-5.047619047619048338e+00
-5.095238095238095788e+00
-5.102362204724410155e+00
-5.102362204724410155e+00
-5.102362204724410155e+00
-5.102362204724410155e+00
-5.102362204724410155e+00
-5.062500000000000000e+00
-5.062500000000000000e+00
-5.109375000000000000e+00
-5.109375000000000000e+00
-5.109375000000000000e+00
-5.116279069767442067e+00
-5.116279069767442067e+00
-5.069767441860465240e+00
-5.069767441860465240e+00
-5.069767441860465240e+00
-5.076923076923077538e+00
-5.123076923076923528e+00
-5.123076923076923528e+00
-5.076923076923077538e+00
-5.076923076923077538e+00
-5.083969465648855213e+00
-5.083969465648855213e+00
-5.083969465648855213e+00
-5.083969465648855213e+00
-5.129770992366412763e+00
-5.090909090909091717e+00
-5.090909090909091717e+00
-5.090909090909091717e+00
-5.090909090909091717e+00
-5.090909090909091717e+00
-5.097744360902256133e+00
-5.052631578947368141e+00
-5.097744360902256133e+00
-5.097744360902256133e+00
-5.097744360902256133e+00
-5.104477611940298587e+00
-5.104477611940298587e+00
-5.104477611940298587e+00
-5.059701492537313605e+00
-5.059701492537313605e+00
-5.066666666666667318e+00
-5.111111111111111605e+00
-5.111111111111111605e+00
-5.111111111111111605e+00
-5.111111111111111605e+00
-5.073529411764706509e+00
-5.073529411764706509e+00
-5.073529411764706509e+00
-5.117647058823529882e+00
-5.117647058823529882e+00
-5.124087591240876094e+00
-5.080291970802919721e+00
-5.080291970802919721e+00
-5.080291970802919721e+00
-5.080291970802919721e+00
-5.086956521739130821e+00
-5.086956521739130821e+00
-5.130434782608696231e+00
-5.086956521739130821e+00
-5.086956521739130821e+00
-5.093525179856115415e+00
-5.093525179856115415e+00
-5.093525179856115415e+00
-5.093525179856115415e+00
-5.050359712230216402e+00
-5.057142857142857828e+00
-5.100000000000000533e+00
-5.100000000000000533e+00
-5.100000000000000533e+00
-5.100000000000000533e+00
-5.106382978723404520e+00
-5.063829787234042534e+00
-5.063829787234042534e+00
-5.106382978723404520e+00
-5.106382978723404520e+00
-5.112676056338028019e+00
-5.112676056338028019e+00
-5.112676056338028019e+00
-5.070422535211267956e+00
-5.070422535211267956e+00
-5.076923076923077538e+00
-5.076923076923077538e+00
-5.118881118881119185e+00
-5.118881118881119185e+00
-5.076923076923077538e+00
-5.083333333333333925e+00
-5.083333333333333925e+00
-5.083333333333333925e+00
-5.083333333333333925e+00
-5.125000000000000000e+00
-5.131034482758621174e+00
-5.089655172413793949e+00
-5.089655172413793949e+00
-5.089655172413793949e+00
-5.089655172413793949e+00
-5.095890410958904049e+00
-5.095890410958904049e+00
-5.095890410958904049e+00
-5.095890410958904049e+00
-5.095890410958904049e+00
-5.102040816326530503e+00
-5.102040816326530503e+00
-5.102040816326530503e+00
-5.102040816326530503e+00
-5.061224489795918657e+00
-5.067567567567568432e+00
-5.067567567567568432e+00
-5.108108108108107892e+00
-5.108108108108107892e+00
-5.108108108108107892e+00
-5.114093959731543571e+00
-5.073825503355704925e+00
-5.073825503355704925e+00
-5.073825503355704925e+00
-5.114093959731543571e+00
-5.120000000000000995e+00
-5.120000000000000995e+00
-5.120000000000000995e+00
-5.080000000000000071e+00
-5.080000000000000071e+00
-5.086092715231788297e+00
-5.086092715231788297e+00
-5.086092715231788297e+00
-5.125827814569537288e+00
-5.086092715231788297e+00
-5.092105263157895578e+00
-5.092105263157895578e+00
-5.092105263157895578e+00
-5.092105263157895578e+00
-5.092105263157895578e+00
-5.098039215686275050e+00
-5.098039215686275050e+00
-5.098039215686275050e+00
-5.098039215686275050e+00
-5.098039215686275050e+00
-5.103896103896103931e+00
-5.103896103896103931e+00
-5.064935064935064624e+00
-5.064935064935064624e+00
-5.103896103896103931e+00
-5.109677419354838435e+00
-5.109677419354838435e+00
-5.109677419354838435e+00
-5.109677419354838435e+00
-5.070967741935484163e+00
-5.076923076923077538e+00
-5.076923076923077538e+00
-5.076923076923077538e+00
-5.115384615384615863e+00
-5.115384615384615863e+00
-5.121019108280255416e+00
-5.082802547770700841e+00
-5.082802547770700841e+00
-5.082802547770700841e+00
-5.082802547770700841e+00
-5.088607594936709333e+00
-5.126582278481013333e+00
-5.088607594936709333e+00
-5.088607594936709333e+00
-5.088607594936709333e+00
-5.094339622641509635e+00
-5.094339622641509635e+00
-5.094339622641509635e+00
-5.094339622641509635e+00
-5.094339622641509635e+00
-5.100000000000000533e+00
-5.100000000000000533e+00
-5.100000000000000533e+00
-5.100000000000000533e+00
-5.100000000000000533e+00
-5.105590062111802219e+00
-5.068322981366460311e+00
-5.068322981366460311e+00
-5.105590062111802219e+00
-5.105590062111802219e+00
-5.111111111111111605e+00
-5.111111111111111605e+00
-5.074074074074074403e+00
-5.074074074074074403e+00
-5.074074074074074403e+00
-5.079754601226993849e+00
-5.116564417177913882e+00
-5.116564417177913882e+00
-5.116564417177913882e+00
-5.079754601226993849e+00
-5.085365853658537105e+00
-5.085365853658537105e+00
-5.085365853658537105e+00
-5.085365853658537105e+00
-5.121951219512195230e+00
-5.127272727272726982e+00
-5.090909090909091717e+00
-5.090909090909091717e+00
-5.090909090909091717e+00
-5.090909090909091717e+00
-5.096385542168675009e+00
-5.096385542168675009e+00
-5.096385542168675009e+00
-5.096385542168675009e+00
-5.096385542168675009e+00
-5.101796407185629434e+00
-5.101796407185629434e+00
-5.101796407185629434e+00
-5.101796407185629434e+00
-5.065868263473054078e+00
-5.071428571428572063e+00
-5.107142857142857650e+00
-5.107142857142857650e+00
-5.107142857142857650e+00
-5.107142857142857650e+00
-5.076923076923077538e+00
-5.076923076923077538e+00
-5.076923076923077538e+00
-5.076923076923077538e+00
-5.112426035502958932e+00
-5.117647058823529882e+00
-5.117647058823529882e+00
-5.082352941176471184e+00
-5.082352941176471184e+00
-5.082352941176471184e+00
-5.087719298245614752e+00
-5.087719298245614752e+00
-5.122807017543859587e+00
-5.122807017543859587e+00
-5.087719298245614752e+00
-5.093023255813953654e+00
-5.093023255813953654e+00
-5.093023255813953654e+00
-5.093023255813953654e+00
-5.093023255813953654e+00
-5.063583815028902535e+00
-5.098265895953757010e+00
-5.098265895953757010e+00
-5.098265895953757010e+00
-5.098265895953757010e+00
-5.103448275862069394e+00
-5.103448275862069394e+00
-5.068965517241379892e+00
-5.103448275862069394e+00
-5.103448275862069394e+00
-5.108571428571428541e+00
-5.108571428571428541e+00
-5.108571428571428541e+00
-5.108571428571428541e+00
-5.074285714285714732e+00
-5.079545454545455030e+00
-5.079545454545455030e+00
-5.113636363636364202e+00
-5.113636363636364202e+00
-5.113636363636364202e+00
-5.084745762711864181e+00
-5.084745762711864181e+00
-5.084745762711864181e+00
-5.084745762711864181e+00
-5.084745762711864181e+00
-5.089887640449438422e+00
-5.123595505617977608e+00
-5.089887640449438422e+00
-5.089887640449438422e+00
-5.089887640449438422e+00
-5.094972067039106101e+00
-5.094972067039106101e+00
-5.094972067039106101e+00
-5.128491620111732097e+00
-5.094972067039106101e+00
-5.100000000000000533e+00
-5.100000000000000533e+00
-5.100000000000000533e+00
-5.100000000000000533e+00
-5.100000000000000533e+00
-5.071823204419889208e+00
-5.071823204419889208e+00
-5.104972375690608466e+00
-5.104972375690608466e+00
-5.104972375690608466e+00
-5.109890109890110388e+00
-5.109890109890110388e+00
-5.076923076923077538e+00
-5.076923076923077538e+00
-5.076923076923077538e+00
-5.081967213114754855e+00
-5.114754098360656087e+00
-5.114754098360656087e+00
-5.114754098360656087e+00
-5.081967213114754855e+00
-5.086956521739130821e+00
-5.086956521739130821e+00
-5.086956521739130821e+00
-5.119565217391304657e+00
-5.119565217391304657e+00
-5.091891891891892286e+00
-5.091891891891892286e+00
-5.091891891891892286e+00
-5.091891891891892286e+00
-5.091891891891892286e+00
-5.096774193548387899e+00
-5.096774193548387899e+00
-5.096774193548387899e+00
-5.096774193548387899e+00
-5.096774193548387899e+00
-5.101604278074866272e+00
-5.101604278074866272e+00
-5.101604278074866272e+00
-5.101604278074866272e+00
-5.069518716577540829e+00
-5.074468085106382809e+00
-5.106382978723404520e+00
-5.106382978723404520e+00
-5.106382978723404520e+00
-5.106382978723404520e+00
-5.079365079365079083e+00
-5.079365079365079083e+00
-5.079365079365079083e+00
-5.111111111111111605e+00
-5.111111111111111605e+00
-5.115789473684210442e+00
-5.115789473684210442e+00
-5.084210526315789735e+00
-5.084210526315789735e+00
-5.084210526315789735e+00
-5.089005235602094501e+00
-5.089005235602094501e+00
-5.120418848167539672e+00
-5.089005235602094501e+00
-5.089005235602094501e+00
-5.093750000000000888e+00
-5.093750000000000888e+00
-5.093750000000000888e+00
-5.093750000000000888e+00
-5.125000000000000000e+00
-5.098445595854922630e+00
-5.098445595854922630e+00
-5.098445595854922630e+00
-5.098445595854922630e+00
-5.098445595854922630e+00
-5.103092783505155161e+00
-5.103092783505155161e+00
-5.072164948453608879e+00
-5.103092783505155161e+00
-5.103092783505155161e+00
-5.107692307692308198e+00
-5.107692307692308198e+00
-5.107692307692308198e+00
-5.076923076923077538e+00
-5.076923076923077538e+00
-5.081632653061225469e+00
-5.081632653061225469e+00
-5.112244897959183909e+00
-5.112244897959183909e+00
-5.112244897959183909e+00
-5.086294416243655192e+00
-5.086294416243655192e+00
-5.086294416243655192e+00
-5.086294416243655192e+00
-5.116751269035533234e+00
-5.121212121212121104e+00
-5.121212121212121104e+00
-5.090909090909091717e+00
-5.090909090909091717e+00
-5.090909090909091717e+00
-5.095477386934673447e+00
-5.095477386934673447e+00
-5.095477386934673447e+00
-5.095477386934673447e+00
-5.095477386934673447e+00
-5.100000000000000533e+00
-5.100000000000000533e+00
-5.100000000000000533e+00
-5.100000000000000533e+00
-5.100000000000000533e+00
-5.074626865671642229e+00
-5.074626865671642229e+00
-5.104477611940298587e+00
-5.104477611940298587e+00
-5.104477611940298587e+00
-5.108910891089109008e+00
-5.108910891089109008e+00
-5.079207920792079278e+00
-5.079207920792079278e+00
-5.108910891089109008e+00
-5.113300492610837189e+00
-5.113300492610837189e+00
-5.113300492610837189e+00
-5.083743842364532028e+00
-5.083743842364532028e+00
-5.088235294117647634e+00
-5.088235294117647634e+00
-5.088235294117647634e+00
-5.117647058823529882e+00
-5.117647058823529882e+00
-5.092682926829268375e+00
-5.092682926829268375e+00
-5.092682926829268375e+00
-5.092682926829268375e+00
-5.092682926829268375e+00
-5.097087378640776656e+00
-5.097087378640776656e+00
-5.097087378640776656e+00
-5.097087378640776656e+00
-5.097087378640776656e+00
-5.101449275362319291e+00
-5.101449275362319291e+00
-5.101449275362319291e+00
-5.072463768115942351e+00
-5.101449275362319291e+00
-5.105769230769230838e+00
-5.105769230769230838e+00
-5.105769230769230838e+00
-5.105769230769230838e+00
-5.105769230769230838e+00
-5.081339712918660823e+00
-5.081339712918660823e+00
-5.081339712918660823e+00
-5.110047846889952616e+00
-5.110047846889952616e+00
-5.114285714285714768e+00
-5.114285714285714768e+00
-5.085714285714286298e+00
-5.085714285714286298e+00
-5.085714285714286298e+00
-5.090047393364929285e+00
-5.118483412322275328e+00
-5.118483412322275328e+00
-5.090047393364929285e+00
-5.090047393364929285e+00
-5.094339622641509635e+00
-5.094339622641509635e+00
-5.094339622641509635e+00
-5.094339622641509635e+00
-5.122641509433962348e+00
-5.098591549295774961e+00
-5.098591549295774961e+00
-5.098591549295774961e+00
-5.098591549295774961e+00
-5.098591549295774961e+00
-5.102803738317756910e+00
-5.102803738317756910e+00
-5.074766355140187812e+00
-5.102803738317756910e+00
-5.102803738317756910e+00
-5.106976744186046524e+00
-5.106976744186046524e+00
-5.106976744186046524e+00
-5.079069767441860783e+00
-5.079069767441860783e+00
-5.083333333333333925e+00
-5.111111111111111605e+00
-5.111111111111111605e+00
-5.111111111111111605e+00
-5.111111111111111605e+00
-5.087557603686636121e+00
-5.087557603686636121e+00
-5.087557603686636121e+00
-5.087557603686636121e+00
-5.115207373271889679e+00
-5.119266055045871511e+00
-5.119266055045871511e+00
-5.091743119266055828e+00
-5.091743119266055828e+00
-5.091743119266055828e+00
-5.095890410958904049e+00
-5.095890410958904049e+00
-5.095890410958904049e+00
-5.095890410958904049e+00
-5.095890410958904049e+00
-5.100000000000000533e+00
-5.100000000000000533e+00
-5.100000000000000533e+00
-5.100000000000000533e+00
-5.100000000000000533e+00
-5.076923076923077538e+00
-5.104072398190045767e+00
-5.104072398190045767e+00
-5.104072398190045767e+00
-5.104072398190045767e+00
-5.108108108108107892e+00
-5.108108108108107892e+00
-5.081081081081081585e+00
-5.081081081081081585e+00
-5.108108108108107892e+00
-5.112107623318386196e+00
-5.112107623318386196e+00
-5.112107623318386196e+00
-5.085201793721973118e+00
-5.085201793721973118e+00
-5.089285714285714413e+00
-5.089285714285714413e+00
-5.089285714285714413e+00
-5.116071428571428825e+00
-5.116071428571428825e+00
-5.093333333333333712e+00
-5.093333333333333712e+00
-5.093333333333333712e+00
-5.093333333333333712e+00
-5.093333333333333712e+00
-5.097345132743362761e+00
-5.123893805309735150e+00
-5.097345132743362761e+00
-5.097345132743362761e+00
-5.097345132743362761e+00
-5.101321585903083822e+00
-5.101321585903083822e+00
-5.101321585903083822e+00
-5.074889867841410052e+00
-5.101321585903083822e+00
-5.105263157894737169e+00
-5.105263157894737169e+00
-5.105263157894737169e+00
-5.105263157894737169e+00
-5.105263157894737169e+00
-5.082969432314410341e+00
-5.082969432314410341e+00
-5.082969432314410341e+00
-5.109170305676856039e+00
-5.109170305676856039e+00
-5.113043478260869357e+00
-5.113043478260869357e+00
-5.086956521739130821e+00
-5.086956521739130821e+00
-5.086956521739130821e+00
-5.090909090909091717e+00
-5.116883116883117033e+00
-5.116883116883117033e+00
-5.090909090909091717e+00
-5.090909090909091717e+00
-5.094827586206896797e+00
-5.094827586206896797e+00
-5.094827586206896797e+00
-5.094827586206896797e+00
-5.120689655172413701e+00
-5.098712446351931327e+00
-5.098712446351931327e+00
-5.098712446351931327e+00
-5.098712446351931327e+00
-5.098712446351931327e+00
-5.102564102564103088e+00
-5.102564102564103088e+00
-5.076923076923077538e+00
-5.102564102564103088e+00
-5.102564102564103088e+00
-5.106382978723404520e+00
-5.106382978723404520e+00
-5.106382978723404520e+00
-5.080851063829787684e+00
-5.080851063829787684e+00
-5.084745762711864181e+00
-5.110169491525423879e+00
-5.110169491525423879e+00
-5.110169491525423879e+00
-5.110169491525423879e+00
-5.088607594936709333e+00
-5.088607594936709333e+00
-5.088607594936709333e+00
-5.088607594936709333e+00
-5.113924050632912000e+00
-5.117647058823529882e+00
-5.117647058823529882e+00
-5.092436974789916526e+00
-5.092436974789916526e+00
-5.092436974789916526e+00
-5.096234309623431713e+00
-5.096234309623431713e+00
-5.121338912133891696e+00
-5.096234309623431713e+00
-5.096234309623431713e+00
-5.100000000000000533e+00
-5.100000000000000533e+00
-5.100000000000000533e+00
-5.100000000000000533e+00
-5.100000000000000533e+00
-5.078838174273859529e+00
-5.103734439834025416e+00
-5.103734439834025416e+00
-5.103734439834025416e+00
-5.103734439834025416e+00
-5.107438016528925928e+00
-5.107438016528925928e+00
-5.082644628099173723e+00
-5.082644628099173723e+00
-5.107438016528925928e+00
-5.111111111111111605e+00
-5.111111111111111605e+00
-5.111111111111111605e+00
-5.111111111111111605e+00
-5.086419753086420137e+00
-5.090163934426230163e+00
-5.090163934426230163e+00
-5.114754098360656087e+00
-5.114754098360656087e+00
-5.114754098360656087e+00
-5.093877551020407957e+00
-5.093877551020407957e+00
-5.093877551020407957e+00
-5.093877551020407957e+00
-5.093877551020407957e+00
-5.097560975609756184e+00
-5.121951219512195230e+00
-5.097560975609756184e+00
-5.097560975609756184e+00
-5.097560975609756184e+00
-5.101214574898786047e+00
-5.101214574898786047e+00
-5.101214574898786047e+00
-5.101214574898786047e+00
-5.101214574898786047e+00
-5.104838709677419928e+00
-5.104838709677419928e+00
-5.104838709677419928e+00
-5.104838709677419928e+00
-5.104838709677419928e+00
-5.084337349397590522e+00
-5.084337349397590522e+00
-5.108433734939759496e+00
-5.108433734939759496e+00
-5.108433734939759496e+00
-5.112000000000000099e+00
-5.112000000000000099e+00
-5.088000000000000078e+00
-5.088000000000000078e+00
-5.088000000000000078e+00
-5.091633466135458974e+00
-5.115537848605578475e+00
-5.115537848605578475e+00
-5.115537848605578475e+00
-5.091633466135458974e+00
-5.095238095238095788e+00
-5.095238095238095788e+00
-5.095238095238095788e+00
-5.095238095238095788e+00
-5.119047619047619513e+00
-5.098814229249011731e+00
-5.098814229249011731e+00
-5.098814229249011731e+00
-5.098814229249011731e+00
-5.098814229249011731e+00
-5.102362204724410155e+00
-5.102362204724410155e+00
-5.102362204724410155e+00
-5.102362204724410155e+00
-5.102362204724410155e+00
-5.105882352941176983e+00
-5.105882352941176983e+00
-5.105882352941176983e+00
-5.105882352941176983e+00
-5.082352941176471184e+00
-5.085937500000000000e+00
-5.109375000000000000e+00
-5.109375000000000000e+00
-5.109375000000000000e+00
-5.109375000000000000e+00
-5.089494163424125084e+00
-5.089494163424125084e+00
-5.089494163424125084e+00
-5.089494163424125084e+00
-5.112840466926070526e+00
-5.116279069767442067e+00
-5.116279069767442067e+00
-5.093023255813953654e+00
-5.093023255813953654e+00
-5.093023255813953654e+00
-5.096525096525096998e+00
-5.096525096525096998e+00
-5.119691119691119674e+00
-5.119691119691119674e+00
-5.096525096525096998e+00
-5.100000000000000533e+00
-5.100000000000000533e+00
-5.100000000000000533e+00
-5.100000000000000533e+00
-5.100000000000000533e+00
-5.080459770114942764e+00
-5.103448275862069394e+00
-5.103448275862069394e+00
-5.103448275862069394e+00
-5.103448275862069394e+00
-5.106870229007633988e+00
-5.106870229007633988e+00
-5.083969465648855213e+00
-5.083969465648855213e+00
-5.106870229007633988e+00
-5.110266159695817656e+00
-5.110266159695817656e+00
-5.110266159695817656e+00
-5.110266159695817656e+00
-5.087452471482889926e+00
-5.090909090909091717e+00
-5.090909090909091717e+00
-5.113636363636364202e+00
-5.113636363636364202e+00
-5.113636363636364202e+00
-5.094339622641509635e+00
-5.094339622641509635e+00
-5.094339622641509635e+00
-5.094339622641509635e+00
-5.094339622641509635e+00
-5.097744360902256133e+00
-5.120300751879700130e+00
-5.097744360902256133e+00
-5.097744360902256133e+00
-5.097744360902256133e+00
-5.101123595505618447e+00
-5.101123595505618447e+00
-5.101123595505618447e+00
-5.101123595505618447e+00
-5.101123595505618447e+00
-5.104477611940298587e+00
-5.104477611940298587e+00
-5.104477611940298587e+00
-5.104477611940298587e+00
-5.104477611940298587e+00
-5.085501858736059866e+00
-5.085501858736059866e+00
-5.107806691449813918e+00
-5.107806691449813918e+00
-5.107806691449813918e+00
-5.111111111111111605e+00
-5.111111111111111605e+00
-5.088888888888888573e+00
-5.088888888888888573e+00
-5.088888888888888573e+00
-5.092250922509225397e+00
-5.114391143911439563e+00
-5.114391143911439563e+00
-5.114391143911439563e+00
-5.092250922509225397e+00
-5.095588235294117752e+00
-5.095588235294117752e+00
-5.095588235294117752e+00
-5.095588235294117752e+00
-5.117647058823529882e+00
-5.120879120879121338e+00
-5.098901098901099438e+00
-5.098901098901099438e+00
-5.098901098901099438e+00
-5.098901098901099438e+00
-5.102189781021897907e+00
-5.102189781021897907e+00
-5.102189781021897907e+00
-5.102189781021897907e+00
-5.102189781021897907e+00
-5.105454545454546356e+00
-5.105454545454546356e+00
-5.105454545454546356e+00
-5.105454545454546356e+00
-5.083636363636363953e+00
-5.086956521739130821e+00
-5.108695652173913082e+00
-5.108695652173913082e+00
-5.108695652173913082e+00
-5.108695652173913082e+00
-5.111913357400722724e+00
-5.090252707581227831e+00
-5.090252707581227831e+00
-5.090252707581227831e+00
-5.111913357400722724e+00
-5.115107913669064921e+00
-5.115107913669064921e+00
-5.093525179856115415e+00
-5.093525179856115415e+00
-5.093525179856115415e+00
-5.096774193548387899e+00
-5.096774193548387899e+00
-5.118279569892473013e+00
-5.118279569892473013e+00
-5.096774193548387899e+00
-5.100000000000000533e+00
-5.100000000000000533e+00
-5.100000000000000533e+00
-5.100000000000000533e+00
-5.100000000000000533e+00
-5.103202846975089635e+00
-5.103202846975089635e+00
-5.103202846975089635e+00
-5.103202846975089635e+00
-5.103202846975089635e+00
-5.106382978723404520e+00
-5.106382978723404520e+00
-5.085106382978723083e+00
-5.085106382978723083e+00
-5.106382978723404520e+00
-5.109540636042402717e+00
-5.109540636042402717e+00
-5.109540636042402717e+00
-5.109540636042402717e+00
-5.088339222614841617e+00
-5.091549295774647987e+00
-5.091549295774647987e+00
-5.112676056338028019e+00
-5.112676056338028019e+00
-5.112676056338028019e+00
-5.115789473684210442e+00
-5.094736842105263008e+00
-5.094736842105263008e+00
-5.094736842105263008e+00
-5.094736842105263008e+00
-5.097902097902098362e+00
-5.118881118881119185e+00
-5.097902097902098362e+00
-5.097902097902098362e+00
-5.097902097902098362e+00
-5.101045296167248111e+00
-5.101045296167248111e+00
-5.101045296167248111e+00
-5.101045296167248111e+00
-5.101045296167248111e+00
-5.104166666666666963e+00
-5.104166666666666963e+00
-5.104166666666666963e+00
-5.104166666666666963e+00
-5.104166666666666963e+00
-5.107266435986160147e+00
-5.086505190311418900e+00
-5.107266435986160147e+00
-5.107266435986160147e+00
-5.107266435986160147e+00
-5.110344827586207117e+00
-5.110344827586207117e+00
-5.110344827586207117e+00
-5.089655172413793949e+00
-5.089655172413793949e+00
-5.092783505154639734e+00
-5.113402061855670588e+00
-5.113402061855670588e+00
-5.113402061855670588e+00
-5.092783505154639734e+00
-5.095890410958904049e+00
-5.095890410958904049e+00
-5.095890410958904049e+00
-5.095890410958904049e+00
-5.116438356164383805e+00
-5.119453924914676435e+00
-5.098976109215016983e+00
-5.098976109215016983e+00
-5.098976109215016983e+00
-5.098976109215016983e+00
-5.102040816326530503e+00
-5.102040816326530503e+00
-5.122448979591836427e+00
-5.102040816326530503e+00
-5.102040816326530503e+00
-5.105084745762712650e+00
-5.105084745762712650e+00
-5.105084745762712650e+00
-5.105084745762712650e+00
-5.084745762711864181e+00
-5.087837837837838606e+00
-5.108108108108107892e+00
-5.108108108108107892e+00
-5.108108108108107892e+00
-5.108108108108107892e+00
-5.111111111111111605e+00
-5.090909090909091717e+00
-5.090909090909091717e+00
-5.090909090909091717e+00
-5.111111111111111605e+00
-5.114093959731543571e+00
-5.114093959731543571e+00
-5.114093959731543571e+00
-5.093959731543624692e+00
-5.093959731543624692e+00
-5.096989966555184104e+00
-5.096989966555184104e+00
-5.117056856187291558e+00
-5.117056856187291558e+00
-5.096989966555184104e+00
-5.100000000000000533e+00
-5.100000000000000533e+00
-5.100000000000000533e+00
-5.100000000000000533e+00
-5.100000000000000533e+00
-5.102990033222591926e+00
-5.102990033222591926e+00
-5.102990033222591926e+00
-5.102990033222591926e+00
-5.102990033222591926e+00
-5.105960264900662793e+00
-5.105960264900662793e+00
-5.105960264900662793e+00
-5.086092715231788297e+00
-5.105960264900662793e+00
-5.108910891089109008e+00
-5.108910891089109008e+00
-5.108910891089109008e+00
-5.108910891089109008e+00
-5.108910891089109008e+00
-5.092105263157895578e+00
-5.092105263157895578e+00
-5.092105263157895578e+00
-5.111842105263158409e+00
-5.111842105263158409e+00
-5.114754098360656087e+00
-5.095081967213115348e+00
-5.095081967213115348e+00
-5.095081967213115348e+00
-5.095081967213115348e+00
-5.098039215686275050e+00
-5.117647058823529882e+00
-5.117647058823529882e+00
-5.098039215686275050e+00
-5.098039215686275050e+00
-5.100977198697068893e+00
