1.762711864406779849e+00
1.735349716446124679e+00
1.693181818181818343e+00
1.653992395437262619e+00
1.622857142857142998e+00
1.583173996175908149e+00
1.531669865642994122e+00
1.491329479768786159e+00
1.453488372093023173e+00
1.403508771929824483e+00
1.352941176470588314e+00
1.301775147928994070e+00
1.256916996047430901e+00
1.197628458498023907e+00
1.150197628458498045e+00
1.088757396449704373e+00
1.027559055118110409e+00
9.548133595284872266e-01
8.823529411764706731e-01
7.968750000000000000e-01
7.106796116504854322e-01
6.023166023166023342e-01
4.712643678160919336e-01
-1.739130434782608925e-01
-8.333333333333333703e-01
-5.337016574585635276e+00
-5.370165745856354533e+00
-5.119047619047619513e+00
-5.115537848605578475e+00
-5.112000000000000099e+00
-5.108433734939759496e+00
-5.104838709677419928e+00
-5.104838709677419928e+00
-5.101214574898786047e+00
-5.101214574898786047e+00
-5.125506072874493668e+00
-5.097560975609756184e+00
-5.097560975609756184e+00
-5.121951219512195230e+00
-5.121951219512195230e+00
-5.118367346938775597e+00
-5.093877551020407957e+00
-5.093877551020407957e+00
-5.118367346938775597e+00
-5.118367346938775597e+00
-5.093877551020407957e+00
-5.118367346938775597e+00
-5.093877551020407957e+00
-5.114754098360656087e+00
-5.090163934426230163e+00
