1.762938230383973348e+00
1.742904841402337368e+00
1.722871452420701388e+00
1.692821368948246974e+00
1.672787979966610994e+00
1.632721202003339034e+00
1.612687813021702832e+00
1.582637729549248862e+00
1.552587646076794892e+00
1.522537562604340478e+00
1.492487479131886507e+00
1.462437395659432537e+00
1.432387312186978345e+00
1.402337228714524375e+00
1.362270450751252193e+00
1.332220367278798001e+00
1.302170283806344031e+00
1.272120200333890061e+00
1.222036727879799667e+00
1.191986644407345697e+00
1.151919866444073515e+00
1.111853088480801555e+00
1.061769616026711160e+00
1.011686143572620988e+00
9.716193656093489173e-01
9.215358931552587451e-01
8.614357262103506940e-01
8.113522537562604109e-01
7.512520868113522488e-01
6.811352253756260966e-01
6.210350584307179345e-01
5.609348914858097723e-01
5.008347245409014992e-01
4.507512520868113826e-01
4.006677796327212104e-01
3.505843071786310938e-01
3.205342237061770128e-01
2.704507512520868406e-01
2.404006677796327318e-01
2.003338898163606052e-01
1.602671118530885064e-01
1.302170283806343976e-01
9.015025041736228484e-02
7.011686143572622154e-02
3.005008347245409148e-02
0.000000000000000000e+00
-2.003338898163606330e-02
-5.008347245409015130e-02
-8.013355592654425319e-02
-1.101836393989983343e-01
