1.772954924874791338e+00
1.752921535893155358e+00
1.732888146911519378e+00
1.712854757929883398e+00
1.702838063439064964e+00
1.682804674457428984e+00
1.672787979966610994e+00
1.642737896494157024e+00
1.632721202003339034e+00
1.612687813021702832e+00
1.582637729549248862e+00
1.562604340567612882e+00
1.552587646076794892e+00
1.532554257095158468e+00
1.502504173622704498e+00
1.492487479131886507e+00
1.462437395659432537e+00
1.442404006677796557e+00
1.422370617696160355e+00
1.392320534223706163e+00
1.372287145242070183e+00
1.352253756260433981e+00
1.332220367278798001e+00
1.302170283806344031e+00
1.272120200333890061e+00
1.252086811352253859e+00
1.222036727879799667e+00
1.202003338898163687e+00
1.171953255425709495e+00
1.141903171953255525e+00
1.101836393989983343e+00
1.081803005008347363e+00
1.041736227045075180e+00
1.021702838063439200e+00
9.816360601001670183e-01
9.415692821368949472e-01
9.215358931552587451e-01
8.814691151919866741e-01
8.414023372287144920e-01
8.113522537562604109e-01
7.712854757929884508e-01
7.412353923205342587e-01
7.111853088480801777e-01
6.811352253756260966e-01
6.510851419031720155e-01
6.210350584307179345e-01
5.909849749582637424e-01
5.709515859766277623e-01
5.409015025041736813e-01
5.208681135225375902e-01
