2.341177693418733292e-79
2.911362280435718994e-80
2.779340449306402442e-81
2.740827753507787133e-82
2.174187871874621435e-83
1.635270192848493916e-84
1.202659708437179597e-85
6.897468576365030728e-87
3.244998501055007992e-88
1.508990191160717749e-89
2.393310166532260019e-88
4.435810982438222458e-85
1.000260011615714100e-81
3.596360133060184773e-78
1.881291508388554727e-74
1.492125354301359853e-70
2.359849346662917686e-66
6.329628869463469635e-62
3.514966247194425739e-57
5.046855669521297674e-52
4.210312857833242068e-53
1.737684358623317866e-54
6.585717117209829654e-56
2.215765302259005543e-57
2.718784171979990674e-38
5.630329645627833203e-03
-1.000000000000000000e+00
-1.000000000000000000e+00
-1.000000000000000000e+00
-1.000000000000000000e+00
-1.000000000000000000e+00
-1.000000000000000000e+00
-1.000000000000000000e+00
-1.000000000000000000e+00
-1.000000000000000000e+00
-1.000000000000000000e+00
-1.000000000000000000e+00
-1.000000000000000000e+00
-1.000000000000000000e+00
-1.000000000000000000e+00
-1.000000000000000000e+00
-1.000000000000000000e+00
-1.000000000000000000e+00
-1.000000000000000000e+00
-1.000000000000000000e+00
-1.000000000000000000e+00
-1.000000000000000000e+00
-1.000000000000000000e+00
-1.000000000000000000e+00
-1.000000000000000000e+00
