5.399788559155230334e-77
6.933728385307624134e-78
6.891502863346809823e-79
7.077811075493596907e-80
5.890305784017567323e-81
4.662832256300618539e-82
3.619531526746466791e-83
2.211209050523720364e-84
1.117419642566844612e-85
2.200195745799176580e-86
1.611728693077037296e-83
1.594286362390353373e-80
2.444928009482858005e-77
5.268086645231880930e-74
1.840538007399030980e-70
9.620611616146708648e-67
9.783657156673844154e-63
1.644935016303751013e-58
6.707111988522286986e-54
3.272068379740814103e-50
2.210384312717742520e-51
1.124113744581844530e-52
4.683356479568162322e-54
2.035515741272715047e-55
1.295414950085773262e-35
7.230896143160105982e-01
-1.000000000000000000e+00
-1.000000000000000000e+00
-1.000000000000000000e+00
-1.000000000000000000e+00
-1.000000000000000000e+00
-1.000000000000000000e+00
-1.000000000000000000e+00
-1.000000000000000000e+00
-1.000000000000000000e+00
-1.000000000000000000e+00
-1.000000000000000000e+00
-1.000000000000000000e+00
-1.000000000000000000e+00
-1.000000000000000000e+00
-1.000000000000000000e+00
-1.000000000000000000e+00
-1.000000000000000000e+00
-1.000000000000000000e+00
-1.000000000000000000e+00
-1.000000000000000000e+00
-1.000000000000000000e+00
-1.000000000000000000e+00
-1.000000000000000000e+00
-1.000000000000000000e+00
