1.811740689940486920e-65
1.743887544210358720e-66
1.676732878321053511e-67
1.301136718631031241e-68
9.329132607083929444e-70
6.326756992402168590e-71
5.580788839636693108e-71
2.566301843922589985e-70
1.800955437548763458e-69
1.971806480909396862e-68
3.455488889304981666e-67
9.986352615735362951e-66
6.097823657074933045e-64
7.313316661163649220e-62
1.993478456990751720e-59
1.293947488478345148e-56
2.579683638321471795e-53
1.526296762348219074e-49
3.866472068865126286e-45
4.864845329804016294e-43
1.075500735441021501e-43
3.739465073571008012e-44
3.574133396928970217e-44
5.531086750906978115e-43
8.300580466729240603e-14
-1.000000000000000000e+00
-1.000000000000000000e+00
-1.000000000000000000e+00
-1.000000000000000000e+00
-1.000000000000000000e+00
-1.000000000000000000e+00
-1.000000000000000000e+00
-1.000000000000000000e+00
-1.000000000000000000e+00
-1.000000000000000000e+00
-1.000000000000000000e+00
-1.000000000000000000e+00
-1.000000000000000000e+00
-1.000000000000000000e+00
-1.000000000000000000e+00
-1.000000000000000000e+00
-1.000000000000000000e+00
-1.000000000000000000e+00
-1.000000000000000000e+00
-1.000000000000000000e+00
-1.000000000000000000e+00
-1.000000000000000000e+00
-1.000000000000000000e+00
-1.000000000000000000e+00
-1.000000000000000000e+00
