1.394234359406379441e-65
1.344098247180897031e-66
1.294520518929477585e-67
1.006018124776867670e-68
7.223806581787140622e-70
4.906405100777347811e-71
3.471549746912233327e-71
1.610767624575406374e-70
1.140902066337989334e-69
1.260944323862668724e-68
2.230598114603829894e-67
7.247351067558111625e-66
4.458443976173317532e-64
5.382019961069092545e-62
1.474663797223449582e-59
9.603021788794115076e-57
1.915763169547222971e-53
1.241555622938393825e-49
2.837062752823859546e-45
4.142000388447640498e-43
8.670123949583601874e-44
2.980283251049956982e-44
2.779031313228578659e-44
4.040974291307429793e-43
2.354928658962100157e-14
-1.000000000000000000e+00
-1.000000000000000000e+00
-1.000000000000000000e+00
-1.000000000000000000e+00
-1.000000000000000000e+00
-1.000000000000000000e+00
-1.000000000000000000e+00
-1.000000000000000000e+00
-1.000000000000000000e+00
-1.000000000000000000e+00
-1.000000000000000000e+00
-1.000000000000000000e+00
-1.000000000000000000e+00
-1.000000000000000000e+00
-1.000000000000000000e+00
-1.000000000000000000e+00
-1.000000000000000000e+00
-1.000000000000000000e+00
-1.000000000000000000e+00
-1.000000000000000000e+00
-1.000000000000000000e+00
-1.000000000000000000e+00
-1.000000000000000000e+00
-1.000000000000000000e+00
-1.000000000000000000e+00
