2.251023933248912562e-65
2.164016296043050542e-66
2.077864188125004705e-67
1.610531180460645320e-68
1.153402435956778084e-69
7.812789654764821730e-71
8.595028782735735307e-71
3.922584743320268851e-70
2.444273671122639449e-69
2.657503683434363535e-68
4.625331214377661040e-67
1.328043701139499537e-65
8.059805880077011631e-64
9.615543842635689199e-62
2.610300999989245857e-59
1.690319318413207455e-56
3.056994745210723433e-53
2.000933687561322572e-49
5.113072642609383581e-45
5.537983059444626554e-43
1.189284901326515844e-43
4.195984223394320291e-44
4.136508885004073514e-44
6.942983677393343501e-43
2.683024799354553610e-13
-1.000000000000000000e+00
-1.000000000000000000e+00
-1.000000000000000000e+00
-1.000000000000000000e+00
-1.000000000000000000e+00
-1.000000000000000000e+00
-1.000000000000000000e+00
-1.000000000000000000e+00
-1.000000000000000000e+00
-1.000000000000000000e+00
-1.000000000000000000e+00
-1.000000000000000000e+00
-1.000000000000000000e+00
-1.000000000000000000e+00
-1.000000000000000000e+00
-1.000000000000000000e+00
-1.000000000000000000e+00
-1.000000000000000000e+00
-1.000000000000000000e+00
-1.000000000000000000e+00
-1.000000000000000000e+00
-1.000000000000000000e+00
-1.000000000000000000e+00
-1.000000000000000000e+00
-1.000000000000000000e+00
