5.845144504358582750e-67
5.756298665111032648e-68
5.675139924942157326e-69
4.504915638698206466e-70
3.714282597451570926e-71
2.579737187443076077e-72
1.555203402934241521e-73
5.127683658582110482e-73
5.149627647697967963e-72
9.019929262667652784e-71
2.514670069152930494e-69
1.145543541735901869e-67
9.795262250683481718e-66
1.621994423088376569e-63
5.991667579972982832e-61
5.683339498568203521e-58
1.184528903731421970e-54
8.559736104915644754e-51
1.889559061577973213e-46
6.651231761644746805e-44
1.197392097660973599e-44
2.975742398147163200e-45
1.722615940221375905e-45
9.381583485173207529e-45
1.009992626344431661e-19
9.380439814876686544e-01
-1.000000000000000000e+00
-1.000000000000000000e+00
-1.000000000000000000e+00
-1.000000000000000000e+00
-1.000000000000000000e+00
-1.000000000000000000e+00
-1.000000000000000000e+00
-1.000000000000000000e+00
-1.000000000000000000e+00
-1.000000000000000000e+00
-1.000000000000000000e+00
-1.000000000000000000e+00
-1.000000000000000000e+00
-1.000000000000000000e+00
-1.000000000000000000e+00
-1.000000000000000000e+00
-1.000000000000000000e+00
-1.000000000000000000e+00
-1.000000000000000000e+00
-1.000000000000000000e+00
-1.000000000000000000e+00
-1.000000000000000000e+00
-1.000000000000000000e+00
-1.000000000000000000e+00
