4.365928686931873373e-79
5.431121425279540950e-80
5.190209382105853395e-81
5.126843301634752578e-82
4.666158411830165988e-83
3.516102992651329638e-84
2.271330086336358818e-85
1.309248246669498979e-86
6.196346505006711386e-88
2.902277440411764359e-89
1.438174791267798617e-87
2.335314270150721449e-84
5.232428986675730169e-81
1.869691135446205994e-77
9.722801925902961095e-74
7.668202137759798367e-70
1.080742633904041879e-65
2.894461691323104497e-61
1.606074592242497965e-56
1.898438991431291304e-51
1.115422263941216461e-52
5.223899558745033917e-54
2.047673931690481333e-55
7.854014539363746628e-57
6.868831087178784802e-38
5.569879633236280461e-05
-1.000000000000000000e+00
-1.000000000000000000e+00
-1.000000000000000000e+00
-1.000000000000000000e+00
-1.000000000000000000e+00
-1.000000000000000000e+00
-1.000000000000000000e+00
-1.000000000000000000e+00
-1.000000000000000000e+00
-1.000000000000000000e+00
-1.000000000000000000e+00
-1.000000000000000000e+00
-1.000000000000000000e+00
-1.000000000000000000e+00
-1.000000000000000000e+00
-1.000000000000000000e+00
-1.000000000000000000e+00
-1.000000000000000000e+00
-1.000000000000000000e+00
-1.000000000000000000e+00
-1.000000000000000000e+00
-1.000000000000000000e+00
-1.000000000000000000e+00
-1.000000000000000000e+00
