1.766871165644172015e+00
1.724999999999999867e+00
1.695238095238095211e+00
1.669902912621359370e+00
1.629139072847682224e+00
1.586440677966101775e+00
1.562500000000000222e+00
1.520833333333333259e+00
1.474048442906574330e+00
1.427586206896551912e+00
1.381443298969072142e+00
1.351535836177474525e+00
1.281355932203389836e+00
1.248322147651006908e+00
1.192052980132450424e+00
1.133550488599348594e+00
1.073482428115015930e+00
1.012500000000000178e+00
9.512195121951220189e-01
8.703703703703704608e-01
7.878787878787879562e-01
7.099236641221374766e-01
6.315789473684210176e-01
4.958677685950413361e-01
3.618090452261306655e-01
3.669724770642202039e-02
-2.804674457429048862e-01
-2.904841402337228762e-01
-2.904841402337228762e-01
-2.804674457429048862e-01
-2.904841402337228762e-01
-2.804674457429048862e-01
-2.804674457429048862e-01
-2.804674457429048862e-01
-2.804674457429048862e-01
-2.904841402337228762e-01
-2.804674457429048862e-01
-2.804674457429048862e-01
-2.804674457429048862e-01
-2.804674457429048862e-01
-2.804674457429048862e-01
-2.804674457429048862e-01
-2.804674457429048862e-01
-2.804674457429048862e-01
-2.804674457429048862e-01
-2.804674457429048862e-01
-2.804674457429048862e-01
-2.804674457429048862e-01
-2.804674457429048862e-01
-2.804674457429048862e-01
