1.766871165644172015e+00
1.724999999999999867e+00
1.695238095238095211e+00
1.669902912621359370e+00
1.629139072847682224e+00
1.586440677966101775e+00
1.541666666666666519e+00
1.505376344086021501e+00
1.483870967741935498e+00
1.409252669039146033e+00
1.373239436619718479e+00
1.337979094076655162e+00
1.298969072164948502e+00
1.240677966101694896e+00
1.200000000000000178e+00
1.140983606557377072e+00
1.076923076923077094e+00
1.015673981191222541e+00
9.541284403669725300e-01
8.861538461538462919e-01
8.026755852842809569e-01
7.045454545454545858e-01
6.197183098591549921e-01
5.196850393700788162e-01
3.333333333333333148e-01
5.960264900662252258e-02
-5.208681135225375902e-01
-5.208681135225375902e-01
-5.108514190317196002e-01
-5.208681135225375902e-01
-5.108514190317196002e-01
-5.208681135225375902e-01
-5.208681135225375902e-01
-5.208681135225375902e-01
-5.108514190317196002e-01
-5.208681135225375902e-01
-5.208681135225375902e-01
-5.208681135225375902e-01
-5.208681135225375902e-01
-5.208681135225375902e-01
-5.208681135225375902e-01
-5.208681135225375902e-01
-5.208681135225375902e-01
-5.208681135225375902e-01
-5.208681135225375902e-01
-5.208681135225375902e-01
-5.108514190317196002e-01
-5.108514190317196002e-01
-5.108514190317196002e-01
-5.108514190317196002e-01
