4.841860505113391016e-115
3.848890479776591294e-117
2.211715759539242686e-119
1.048563242060949160e-121
4.200246428503526715e-124
1.046074435102180871e-126
2.346468318462255149e-129
3.167727199840687341e-132
3.037196468392472868e-135
1.979432322162020198e-138
8.548683427602068448e-142
1.965085073603077822e-145
2.781171543942775539e-149
1.907420066926500893e-153
8.683386565157414567e-151
9.495273916273080194e-147
9.630023621419388690e-142
1.075122027124552581e-135
-1.000000000000000000e+00
-1.000000000000000000e+00
-1.000000000000000000e+00
-1.000000000000000000e+00
-1.000000000000000000e+00
-1.000000000000000000e+00
-1.000000000000000000e+00
-1.000000000000000000e+00
-1.000000000000000000e+00
-1.000000000000000000e+00
-1.000000000000000000e+00
-1.000000000000000000e+00
-1.000000000000000000e+00
-1.000000000000000000e+00
-1.000000000000000000e+00
-1.000000000000000000e+00
-1.000000000000000000e+00
-1.000000000000000000e+00
-1.000000000000000000e+00
-1.000000000000000000e+00
-1.000000000000000000e+00
-1.000000000000000000e+00
-1.000000000000000000e+00
-1.000000000000000000e+00
-1.000000000000000000e+00
-1.000000000000000000e+00
-1.000000000000000000e+00
-1.000000000000000000e+00
-1.000000000000000000e+00
-1.000000000000000000e+00
-1.000000000000000000e+00
-1.000000000000000000e+00
