2.110465116279069964e+00
2.071326676176890480e+00
2.030769230769231104e+00
1.977559607293127852e+00
1.931623931623931645e+00
1.901591895803183885e+00
1.849557522123894016e+00
1.804511278195488622e+00
1.763076923076923208e+00
1.703470031545741392e+00
1.655844155844155896e+00
1.608040201005024983e+00
1.544347826086956532e+00
1.480943738656987474e+00
1.422562141491395815e+00
1.363636363636363757e+00
1.294117647058823595e+00
1.223300970873786531e+00
1.145954962468723970e+00
1.060884070058381923e+00
9.758131776480400976e-01
8.707256046705588171e-01
7.556296914095079753e-01
6.205170975813177892e-01
4.353628023352794085e-01
7.005838198498749725e-02
-1.316096747289408064e+00
-1.316096747289408064e+00
-1.316096747289408064e+00
-1.316096747289408064e+00
-1.316096747289408064e+00
-1.311092577147623173e+00
-1.316096747289408064e+00
-1.316096747289408064e+00
-1.316096747289408064e+00
-1.316096747289408064e+00
-1.316096747289408064e+00
-1.316096747289408064e+00
-1.311092577147623173e+00
-1.316096747289408064e+00
-1.316096747289408064e+00
-1.316096747289408064e+00
-1.316096747289408064e+00
-1.316096747289408064e+00
-1.316096747289408064e+00
-1.316096747289408064e+00
-1.316096747289408064e+00
-1.311092577147623173e+00
-1.311092577147623173e+00
-1.316096747289408064e+00
