1.780821917808219190e+00
1.743431221020092847e+00
1.710236220472440838e+00
1.675762439807383597e+00
1.642622950819672134e+00
1.600671140939597281e+00
1.559380378657487132e+00
1.518584070796460184e+00
1.480804387568555924e+00
1.431818181818181879e+00
1.393474088291746682e+00
1.346007604562737825e+00
1.299435028248587809e+00
1.260223048327137718e+00
1.208791208791208938e+00
1.145945945945946010e+00
1.091872791519434616e+00
1.027681660899653959e+00
9.628378378378378288e-01
8.907422852376981615e-01
8.106755629691410059e-01
7.306088407005838503e-01
6.305254378648874614e-01
5.154295246038366196e-01
3.603002502085070891e-01
1.501251042535446147e-02
-2.101751459549624501e-01
-2.101751459549624501e-01
-2.101751459549624501e-01
-2.151793160967472862e-01
-2.151793160967472862e-01
-2.151793160967472862e-01
-2.101751459549624501e-01
-2.101751459549624501e-01
-2.101751459549624501e-01
-2.151793160967472862e-01
-2.151793160967472862e-01
-2.151793160967472862e-01
-2.151793160967472862e-01
-2.151793160967472862e-01
-2.151793160967472862e-01
-2.101751459549624501e-01
-2.101751459549624501e-01
-2.101751459549624501e-01
-2.101751459549624501e-01
-2.101751459549624501e-01
-2.101751459549624501e-01
-2.101751459549624501e-01
-2.101751459549624501e-01
-2.101751459549624501e-01
