2.068376068376068577e+00
2.030769230769231104e+00
1.985974754558204713e+00
1.945945945945946054e+00
1.898843930635838229e+00
1.861764705882352988e+00
1.814371257485029920e+00
1.770642201834862650e+00
1.718309859154929731e+00
1.666131621187801004e+00
1.626446280991735494e+00
1.569230769230769429e+00
1.516014234875445066e+00
1.463687150837988948e+00
1.402750491159135748e+00
1.326810176125244656e+00
1.264990328820116083e+00
1.190839694656488534e+00
1.120934111759799956e+00
1.040867389491242800e+00
9.557964970809007532e-01
8.507089241034194727e-01
7.406171809841535225e-01
6.055045871559633364e-01
4.303586321934945724e-01
7.005838198498749725e-02
-1.231025854879066017e+00
-1.226021684737281126e+00
-1.226021684737281126e+00
-1.226021684737281126e+00
-1.226021684737281126e+00
-1.226021684737281126e+00
-1.226021684737281126e+00
-1.231025854879066017e+00
-1.226021684737281126e+00
-1.226021684737281126e+00
-1.231025854879066017e+00
-1.231025854879066017e+00
-1.226021684737281126e+00
-1.226021684737281126e+00
-1.226021684737281126e+00
-1.226021684737281126e+00
-1.226021684737281126e+00
-1.231025854879066017e+00
-1.231025854879066017e+00
-1.231025854879066017e+00
-1.231025854879066017e+00
-1.231025854879066017e+00
-1.231025854879066017e+00
-1.226021684737281126e+00
