1.781818181818181968e+00
1.756548536209553202e+00
1.721003134796238232e+00
1.677316293929712598e+00
1.644371941272430693e+00
1.602671118530884842e+00
1.561643835616438380e+00
1.521126760563380254e+00
1.491833030852994568e+00
1.446327683615819204e+00
1.407692307692307798e+00
1.360000000000000098e+00
1.313207547169811473e+00
1.262569832402234749e+00
1.200000000000000178e+00
1.148014440433213101e+00
1.095744680851064023e+00
1.039861351819757473e+00
9.661016949152542166e-01
8.957464553794828310e-01
8.156797331109257865e-01
7.306088407005838503e-01
6.355296080066722419e-01
5.204336947456214002e-01
3.653044203502919252e-01
3.370786516853932491e-02
-2.902418682235196612e-01
-2.902418682235196612e-01
-2.952460383653044418e-01
-2.902418682235196612e-01
-2.952460383653044418e-01
-2.902418682235196612e-01
-2.902418682235196612e-01
-2.952460383653044418e-01
-2.952460383653044418e-01
-2.952460383653044418e-01
-2.952460383653044418e-01
-2.902418682235196612e-01
-2.902418682235196612e-01
-2.902418682235196612e-01
-2.902418682235196612e-01
-2.952460383653044418e-01
-2.952460383653044418e-01
-2.952460383653044418e-01
-2.952460383653044418e-01
-2.952460383653044418e-01
-2.952460383653044418e-01
-2.952460383653044418e-01
-2.952460383653044418e-01
-2.952460383653044418e-01
