2.473594548551959260e+00
2.428093645484949992e+00
2.380327868852459172e+00
2.334405144694533973e+00
2.283018867924528461e+00
2.233846153846153815e+00
2.174436090225564389e+00
2.129032258064516459e+00
2.071326676176890480e+00
2.011126564673157535e+00
1.943181818181818121e+00
1.883720930232558155e+00
1.826865671641791034e+00
1.756548536209553202e+00
1.686900958466453604e+00
1.609999999999999876e+00
1.528998242530755780e+00
1.443609022556390897e+00
1.356130108423686531e+00
1.256046705587990031e+00
1.150959132610508862e+00
1.035863219349457909e+00
8.957464553794828310e-01
7.356130108423687419e-01
5.204336947456214002e-01
9.507923269391159449e-02
-1.968831168831168821e+00
-1.971643035863219540e+00
-1.966638865721434426e+00
-1.966638865721434426e+00
-1.971643035863219540e+00
-1.971643035863219540e+00
-1.966638865721434426e+00
-1.971643035863219540e+00
-1.966638865721434426e+00
-1.971643035863219540e+00
-1.966638865721434426e+00
-1.966638865721434426e+00
-1.966638865721434426e+00
-1.971643035863219540e+00
-1.971643035863219540e+00
-1.966638865721434426e+00
-1.966638865721434426e+00
-1.966638865721434426e+00
-1.966638865721434426e+00
-1.966638865721434426e+00
-1.971643035863219540e+00
-1.971643035863219540e+00
-1.971643035863219540e+00
-1.971643035863219540e+00
