2.852071005917159674e+00
2.802325581395348930e+00
2.749049429657794530e+00
2.703910614525140144e+00
2.638686131386861256e+00
2.592857142857142971e+00
2.534031413612565675e+00
2.473594548551959260e+00
2.411960132890365927e+00
2.336025848142165184e+00
2.275862068965517349e+00
2.206686930091185772e+00
2.132158590308370183e+00
2.053748231966054050e+00
1.966101694915254106e+00
1.880466472303206960e+00
1.790909090909090784e+00
1.697933227344992080e+00
1.586321934945788215e+00
1.476230191826522153e+00
1.356130108423686531e+00
1.211009174311926673e+00
1.050875729774812584e+00
8.657214345287740365e-01
6.155129274395330086e-01
1.251042535446205139e-01
-2.550660792951541911e+00
-2.549356223175965663e+00
-2.553459119496855223e+00
-2.549842602308499906e+00
-2.552521008403361602e+00
-2.548895899053627900e+00
-2.548895899053627900e+00
-2.551578947368421169e+00
-2.551578947368421169e+00
-2.551578947368421169e+00
-2.551578947368421169e+00
-2.551578947368421169e+00
-2.551578947368421169e+00
-2.547945205479452024e+00
-2.547945205479452024e+00
-2.547945205479452024e+00
-2.547945205479452024e+00
-2.554267650158061453e+00
-2.547945205479452024e+00
-2.554267650158061453e+00
-2.554267650158061453e+00
-2.547945205479452024e+00
-2.547945205479452024e+00
-2.554267650158061453e+00
