1.833827893175074220e+00
1.807228915662650870e+00
1.764165390505360032e+00
1.731669266770670790e+00
1.688394276629570756e+00
1.658536585365853799e+00
1.617304492512479097e+00
1.569230769230769429e+00
1.531690140845070491e+00
1.486338797814207746e+00
1.440453686200378058e+00
1.384615384615384803e+00
1.337142857142857189e+00
1.290566037735849214e+00
1.237918215613383000e+00
1.186813186813186816e+00
1.122302158273381423e+00
1.066901408450704469e+00
9.931034482758620552e-01
9.207673060884070670e-01
8.407005838198498004e-01
7.506255212677230837e-01
6.505421184320266947e-01
5.304420350291909614e-01
3.753127606338615418e-01
3.703703703703703498e-02
-5.704753961634696502e-01
-5.654712260216847586e-01
-5.704753961634696502e-01
-5.704753961634696502e-01
-5.654712260216847586e-01
-5.704753961634696502e-01
-5.654712260216847586e-01
-5.654712260216847586e-01
-5.704753961634696502e-01
-5.704753961634696502e-01
-5.704753961634696502e-01
-5.704753961634696502e-01
-5.654712260216847586e-01
-5.654712260216847586e-01
-5.654712260216847586e-01
-5.654712260216847586e-01
-5.654712260216847586e-01
-5.704753961634696502e-01
-5.704753961634696502e-01
-5.704753961634696502e-01
-5.704753961634696502e-01
-5.704753961634696502e-01
-5.704753961634696502e-01
-5.704753961634696502e-01
