1.994413407821229223e+00
1.960396039603960583e+00
1.919655667144906763e+00
1.880466472303206960e+00
1.839999999999999858e+00
1.800904977375565652e+00
1.753846153846154055e+00
1.710236220472440838e+00
1.664516129032258096e+00
1.611940298507462677e+00
1.571917808219178037e+00
1.523978685612788597e+00
1.466666666666666785e+00
1.412451361867704369e+00
1.348837209302325757e+00
1.301343570057581722e+00
1.227272727272727515e+00
1.162011173184357649e+00
1.085904920767306159e+00
1.005838198498749003e+00
9.157631359466221754e-01
8.206839032527106781e-01
7.155963302752293975e-01
5.854879065888239920e-01
4.103419516263553390e-01
6.005004170141784586e-02
-1.070892410341951706e+00
-1.070892410341951706e+00
-1.070892410341951706e+00
-1.065888240200166814e+00
-1.070892410341951706e+00
-1.070892410341951706e+00
-1.065888240200166814e+00
-1.070892410341951706e+00
-1.070892410341951706e+00
-1.070892410341951706e+00
-1.065888240200166814e+00
-1.070892410341951706e+00
-1.070892410341951706e+00
-1.070892410341951706e+00
-1.070892410341951706e+00
-1.070892410341951706e+00
-1.070892410341951706e+00
-1.070892410341951706e+00
-1.065888240200166814e+00
-1.065888240200166814e+00
-1.065888240200166814e+00
-1.070892410341951706e+00
-1.070892410341951706e+00
-1.070892410341951706e+00
