2.033613445378151585e+00
1.988811188811188790e+00
1.948936170212766106e+00
1.910662824207492783e+00
1.862371888726207958e+00
1.824143070044709436e+00
1.778115501519756947e+00
1.732919254658385144e+00
1.697933227344992080e+00
1.647058823529411908e+00
1.595959595959596022e+00
1.547038327526132351e+00
1.491833030852994568e+00
1.428571428571428603e+00
1.371093750000000000e+00
1.313953488372093137e+00
1.239005736137667402e+00
1.175141242937853159e+00
1.100917431192660612e+00
1.025854879065888348e+00
9.357798165137615198e-01
8.356964136780651309e-01
7.256046705587990697e-01
5.904920767306088836e-01
4.203502919099249002e-01
6.005004170141784586e-02
-1.145954962468723970e+00
-1.150959132610508862e+00
-1.145954962468723970e+00
-1.145954962468723970e+00
-1.145954962468723970e+00
-1.145954962468723970e+00
-1.145954962468723970e+00
-1.145954962468723970e+00
-1.145954962468723970e+00
-1.145954962468723970e+00
-1.145954962468723970e+00
-1.145954962468723970e+00
-1.145954962468723970e+00
-1.145954962468723970e+00
-1.145954962468723970e+00
-1.145954962468723970e+00
-1.145954962468723970e+00
-1.145954962468723970e+00
-1.145954962468723970e+00
-1.150959132610508862e+00
-1.150959132610508862e+00
-1.145954962468723970e+00
-1.145954962468723970e+00
-1.145954962468723970e+00
