1.868421052631579204e+00
1.833827893175074220e+00
1.791855203619909576e+00
1.760368663594470195e+00
1.718309859154929731e+00
1.686900958466453604e+00
1.637254901960784270e+00
1.597989949748743754e+00
1.551724137931034697e+00
1.518716577540107027e+00
1.463955637707948343e+00
1.421965317919075211e+00
1.370441458733205442e+00
1.323193916349809873e+00
1.260787992495309817e+00
1.211111111111111249e+00
1.145454545454545503e+00
1.080213903743315607e+00
1.006993006993007089e+00
9.407839866555464114e-01
8.607172643869891449e-01
7.656380316930776475e-01
6.655546288573811475e-01
5.454545454545455252e-01
3.853211009174312141e-01
3.761755485893417128e-02
-7.005838198498749447e-01
-7.005838198498749447e-01
-7.005838198498749447e-01
-7.005838198498749447e-01
-7.055879899916597253e-01
-7.005838198498749447e-01
-7.055879899916597253e-01
-7.055879899916597253e-01
-7.005838198498749447e-01
-7.005838198498749447e-01
-7.005838198498749447e-01
-7.055879899916597253e-01
-7.055879899916597253e-01
-7.055879899916597253e-01
-7.055879899916597253e-01
-7.005838198498749447e-01
-7.005838198498749447e-01
-7.005838198498749447e-01
-7.005838198498749447e-01
-7.005838198498749447e-01
-7.005838198498749447e-01
-7.005838198498749447e-01
-7.005838198498749447e-01
-7.055879899916597253e-01
