1.482196937523739633e-323
1.482196937523739633e-323
1.482196937523739633e-323
1.482196937523739633e-323
1.482196937523739633e-323
1.482196937523739633e-323
1.482196937523739633e-323
1.482196937523739633e-323
1.482196937523739633e-323
1.482196937523739633e-323
1.482196937523739633e-323
1.482196937523739633e-323
1.482196937523739633e-323
1.482196937523739633e-323
1.482196937523739633e-323
1.482196937523739633e-323
1.482196937523739633e-323
1.482196937523739633e-323
1.482196937523739633e-323
1.482196937523739633e-323
1.482196937523739633e-323
1.482196937523739633e-323
1.482196937523739633e-323
1.482196937523739633e-323
1.482196937523739633e-323
1.482196937523739633e-323
1.482196937523739633e-323
1.482196937523739633e-323
1.482196937523739633e-323
1.482196937523739633e-323
1.482196937523739633e-323
1.482196937523739633e-323
1.482196937523739633e-323
-1.000000000000000000e+00
-1.000000000000000000e+00
-1.000000000000000000e+00
-1.000000000000000000e+00
-1.000000000000000000e+00
-1.000000000000000000e+00
-1.000000000000000000e+00
-1.000000000000000000e+00
-1.000000000000000000e+00
-1.000000000000000000e+00
-1.000000000000000000e+00
-1.000000000000000000e+00
-1.000000000000000000e+00
-1.000000000000000000e+00
-1.000000000000000000e+00
-1.000000000000000000e+00
-1.000000000000000000e+00
