1.450032767940666501e-211
2.301484058267008036e-210
6.715031730374333127e-209
2.696981336350572394e-207
1.550717313077401799e-205
1.482196937523739633e-323
1.482196937523739633e-323
1.482196937523739633e-323
1.482196937523739633e-323
1.482196937523739633e-323
1.482196937523739633e-323
1.482196937523739633e-323
1.482196937523739633e-323
1.482196937523739633e-323
1.482196937523739633e-323
1.482196937523739633e-323
1.482196937523739633e-323
1.482196937523739633e-323
1.482196937523739633e-323
1.482196937523739633e-323
1.482196937523739633e-323
-1.000000000000000000e+00
-1.000000000000000000e+00
-1.000000000000000000e+00
-1.000000000000000000e+00
-1.000000000000000000e+00
-1.000000000000000000e+00
-1.000000000000000000e+00
-1.000000000000000000e+00
-1.000000000000000000e+00
-1.000000000000000000e+00
-1.000000000000000000e+00
-1.000000000000000000e+00
-1.000000000000000000e+00
-1.000000000000000000e+00
-1.000000000000000000e+00
-1.000000000000000000e+00
-1.000000000000000000e+00
-1.000000000000000000e+00
-1.000000000000000000e+00
-1.000000000000000000e+00
-1.000000000000000000e+00
-1.000000000000000000e+00
-1.000000000000000000e+00
-1.000000000000000000e+00
-1.000000000000000000e+00
-1.000000000000000000e+00
-1.000000000000000000e+00
-1.000000000000000000e+00
-1.000000000000000000e+00
