2.456211812627291380e+00
2.446247464503042757e+00
2.438827098078867994e+00
2.429003021148036456e+00
2.419257773319960059e+00
2.409590409590409710e+00
2.400000000000000355e+00
2.390485629335976192e+00
2.381046396841066226e+00
2.371681415929203673e+00
2.362389813907933789e+00
2.353170731707317387e+00
2.341747572815534362e+00
2.332688588007737263e+00
2.321462945139557643e+00
2.312559923298178610e+00
2.301526717557252244e+00
2.292775665399239493e+00
2.281929990539262487e+00
2.271186440677966267e+00
2.260543580131209040e+00
2.252100840336134446e+00
2.241635687732342230e+00
2.231267345050879314e+00
2.218951241950322117e+00
2.208791208791208938e+00
2.198723792160437451e+00
2.188747731397459262e+00
2.176895306859206070e+00
2.165170556552962200e+00
2.155495978552278924e+00
2.144000000000000128e+00
2.132625994694960170e+00
2.121372031662269286e+00
2.110236220472441193e+00
2.099216710182767898e+00
2.088311688311688563e+00
2.075731497418244587e+00
2.065068493150684859e+00
2.052765957446808898e+00
2.040609137055837685e+00
2.028595458368376736e+00
2.016722408026756064e+00
2.006672226855713337e+00
1.991659716430358884e+00
1.976647206005004209e+00
1.966638865721434426e+00
1.956630525437864865e+00
1.941618015012510412e+00
1.931609674728940851e+00
