2.467532467532467688e+00
2.420168067226891040e+00
2.390243902439024737e+00
2.352941176470588314e+00
2.326996197718631088e+00
2.294117647058823373e+00
2.255319148936170137e+00
2.219178082191780810e+00
2.178217821782178376e+00
2.140127388535031816e+00
2.091743119266055384e+00
2.047058823529412042e+00
1.994219653179190699e+00
1.940119760479041888e+00
1.912499999999999867e+00
1.862745098039215730e+00
1.835051546391752719e+00
1.773722627737226443e+00
1.717647058823529305e+00
1.659574468085106558e+00
1.584905660377358583e+00
1.548387096774193505e+00
1.490445859872611578e+00
1.414634146341463561e+00
1.411764705882353033e+00
1.384615384615384803e+00
1.221017514595496234e+00
1.140950792326939300e+00
1.055879899916597253e+00
9.608006672226855338e-01
8.557130942452043643e-01
7.356130108423687419e-01
5.854879065888239920e-01
3.953294412010008307e-01
1.100917431192660612e-01
-4.153461217681401751e-01
-4.153461217681401751e-01
-4.153461217681401751e-01
-4.153461217681401751e-01
-4.153461217681401751e-01
-4.153461217681401751e-01
-4.153461217681401751e-01
-4.153461217681401751e-01
-4.153461217681401751e-01
-4.153461217681401751e-01
-4.153461217681401751e-01
-4.153461217681401751e-01
-4.153461217681401751e-01
-4.153461217681401751e-01
-4.153461217681401751e-01
