1.500000000000000000e+00
3.000000000000000000e+00
1.500000000000000000e+00
1.500000000000000000e+00
3.000000000000000000e+00
2.400000000000000355e+00
2.400000000000000355e+00
2.400000000000000355e+00
2.400000000000000355e+00
2.400000000000000355e+00
2.000000000000000000e+00
2.000000000000000000e+00
2.000000000000000000e+00
2.000000000000000000e+00
3.000000000000000000e+00
2.571428571428571619e+00
1.714285714285714191e+00
2.571428571428571619e+00
2.571428571428571619e+00
1.714285714285714191e+00
2.250000000000000000e+00
2.250000000000000000e+00
1.500000000000000000e+00
2.250000000000000000e+00
2.250000000000000000e+00
2.666666666666666519e+00
2.000000000000000000e+00
2.000000000000000000e+00
2.666666666666666519e+00
2.000000000000000000e+00
1.800000000000000044e+00
2.400000000000000355e+00
2.400000000000000355e+00
2.400000000000000355e+00
2.400000000000000355e+00
2.181818181818182101e+00
2.181818181818182101e+00
2.181818181818182101e+00
2.181818181818182101e+00
2.181818181818182101e+00
2.000000000000000000e+00
2.000000000000000000e+00
2.500000000000000444e+00
2.000000000000000000e+00
2.500000000000000444e+00
2.307692307692307931e+00
1.846153846153846256e+00
2.307692307692307931e+00
2.307692307692307931e+00
1.846153846153846256e+00
2.142857142857143238e+00
2.142857142857143238e+00
2.571428571428571619e+00
2.142857142857143238e+00
2.142857142857143238e+00
2.400000000000000355e+00
2.400000000000000355e+00
2.000000000000000000e+00
2.400000000000000355e+00
2.000000000000000000e+00
1.875000000000000000e+00
2.250000000000000000e+00
2.250000000000000000e+00
2.250000000000000000e+00
2.250000000000000000e+00
2.117647058823529882e+00
2.470588235294117752e+00
2.117647058823529882e+00
2.117647058823529882e+00
2.117647058823529882e+00
2.000000000000000000e+00
2.333333333333333481e+00
2.333333333333333481e+00
2.000000000000000000e+00
2.333333333333333481e+00
2.210526315789473895e+00
2.210526315789473895e+00
2.210526315789473895e+00
2.210526315789473895e+00
2.210526315789473895e+00
2.400000000000000355e+00
2.100000000000000089e+00
2.400000000000000355e+00
2.100000000000000089e+00
2.100000000000000089e+00
2.285714285714285587e+00
2.285714285714285587e+00
2.000000000000000000e+00
2.285714285714285587e+00
2.285714285714285587e+00
2.454545454545455030e+00
2.181818181818182101e+00
2.181818181818182101e+00
2.181818181818182101e+00
2.181818181818182101e+00
2.086956521739130377e+00
2.347826086956521952e+00
2.086956521739130377e+00
2.086956521739130377e+00
2.347826086956521952e+00
2.250000000000000000e+00
2.250000000000000000e+00
2.250000000000000000e+00
2.250000000000000000e+00
2.250000000000000000e+00
2.160000000000000142e+00
2.160000000000000142e+00
2.160000000000000142e+00
2.160000000000000142e+00
2.400000000000000355e+00
2.307692307692307931e+00
2.076923076923077094e+00
2.307692307692307931e+00
2.307692307692307931e+00
2.076923076923077094e+00
2.222222222222222321e+00
2.222222222222222321e+00
2.000000000000000000e+00
2.222222222222222321e+00
2.222222222222222321e+00
2.357142857142857206e+00
2.142857142857143238e+00
2.142857142857143238e+00
2.357142857142857206e+00
2.142857142857143238e+00
2.068965517241379448e+00
2.275862068965517349e+00
2.275862068965517349e+00
2.275862068965517349e+00
2.275862068965517349e+00
2.200000000000000178e+00
2.200000000000000178e+00
2.200000000000000178e+00
2.200000000000000178e+00
2.200000000000000178e+00
2.129032258064516459e+00
2.322580645161290480e+00
2.322580645161290480e+00
2.129032258064516459e+00
2.322580645161290480e+00
2.250000000000000000e+00
2.062500000000000000e+00
2.250000000000000000e+00
2.250000000000000000e+00
2.062500000000000000e+00
2.181818181818182101e+00
2.181818181818182101e+00
2.363636363636363757e+00
2.181818181818182101e+00
2.181818181818182101e+00
2.294117647058823373e+00
2.294117647058823373e+00
2.117647058823529882e+00
2.294117647058823373e+00
2.117647058823529882e+00
2.228571428571428648e+00
2.228571428571428648e+00
2.228571428571428648e+00
2.228571428571428648e+00
2.228571428571428648e+00
2.166666666666666963e+00
2.333333333333333481e+00
2.166666666666666963e+00
2.166666666666666963e+00
2.166666666666666963e+00
2.108108108108108336e+00
2.270270270270270618e+00
2.270270270270270618e+00
2.108108108108108336e+00
2.270270270270270618e+00
2.210526315789473895e+00
2.210526315789473895e+00
2.210526315789473895e+00
2.210526315789473895e+00
2.210526315789473895e+00
2.153846153846154188e+00
2.153846153846154188e+00
2.307692307692307931e+00
2.153846153846154188e+00
2.153846153846154188e+00
2.250000000000000000e+00
2.250000000000000000e+00
2.100000000000000089e+00
2.250000000000000000e+00
2.250000000000000000e+00
2.341463414634146645e+00
2.195121951219512368e+00
2.195121951219512368e+00
2.195121951219512368e+00
2.195121951219512368e+00
2.142857142857143238e+00
2.285714285714285587e+00
2.142857142857143238e+00
2.285714285714285587e+00
2.285714285714285587e+00
2.232558139534883690e+00
2.232558139534883690e+00
2.232558139534883690e+00
2.093023255813953654e+00
2.232558139534883690e+00
2.181818181818182101e+00
2.181818181818182101e+00
2.181818181818182101e+00
2.181818181818182101e+00
2.318181818181818343e+00
2.266666666666666607e+00
2.133333333333333748e+00
2.266666666666666607e+00
2.266666666666666607e+00
2.133333333333333748e+00
2.217391304347826164e+00
2.217391304347826164e+00
2.217391304347826164e+00
2.217391304347826164e+00
2.217391304347826164e+00
2.297872340425532123e+00
2.170212765957447054e+00
2.170212765957447054e+00
2.297872340425532123e+00
2.170212765957447054e+00
2.125000000000000444e+00
2.250000000000000000e+00
2.125000000000000444e+00
2.250000000000000000e+00
2.250000000000000000e+00
2.204081632653061451e+00
2.204081632653061451e+00
2.204081632653061451e+00
2.204081632653061451e+00
2.204081632653061451e+00
2.160000000000000142e+00
2.280000000000000249e+00
2.280000000000000249e+00
2.160000000000000142e+00
2.280000000000000249e+00
2.235294117647058876e+00
2.117647058823529882e+00
2.235294117647058876e+00
2.235294117647058876e+00
2.117647058823529882e+00
2.192307692307692513e+00
2.192307692307692513e+00
2.307692307692307931e+00
2.192307692307692513e+00
2.192307692307692513e+00
2.264150943396226801e+00
2.150943396226415061e+00
2.150943396226415061e+00
2.264150943396226801e+00
2.150943396226415061e+00
2.222222222222222321e+00
2.222222222222222321e+00
2.222222222222222321e+00
2.222222222222222321e+00
2.222222222222222321e+00
2.181818181818182101e+00
2.290909090909091006e+00
2.181818181818182101e+00
2.290909090909091006e+00
2.181818181818182101e+00
2.142857142857143238e+00
2.250000000000000000e+00
2.250000000000000000e+00
2.142857142857143238e+00
2.250000000000000000e+00
2.210526315789473895e+00
2.210526315789473895e+00
2.210526315789473895e+00
2.210526315789473895e+00
2.210526315789473895e+00
2.172413793103448398e+00
2.172413793103448398e+00
2.275862068965517349e+00
2.172413793103448398e+00
2.172413793103448398e+00
2.237288135593220595e+00
2.237288135593220595e+00
2.237288135593220595e+00
2.237288135593220595e+00
2.237288135593220595e+00
2.300000000000000266e+00
2.200000000000000178e+00
2.200000000000000178e+00
2.200000000000000178e+00
2.200000000000000178e+00
2.163934426229508379e+00
2.262295081967212962e+00
2.163934426229508379e+00
2.262295081967212962e+00
2.262295081967212962e+00
2.225806451612903469e+00
2.225806451612903469e+00
2.225806451612903469e+00
2.129032258064516459e+00
2.225806451612903469e+00
2.190476190476190688e+00
2.285714285714285587e+00
2.190476190476190688e+00
2.190476190476190688e+00
2.285714285714285587e+00
2.250000000000000000e+00
2.156250000000000000e+00
2.250000000000000000e+00
2.250000000000000000e+00
2.156250000000000000e+00
2.215384615384615508e+00
2.215384615384615508e+00
2.215384615384615508e+00
2.215384615384615508e+00
2.215384615384615508e+00
2.272727272727272929e+00
2.181818181818182101e+00
2.181818181818182101e+00
2.272727272727272929e+00
2.181818181818182101e+00
2.238805970149253977e+00
2.238805970149253977e+00
2.149253731343283569e+00
2.238805970149253977e+00
2.238805970149253977e+00
2.205882352941176627e+00
2.205882352941176627e+00
2.205882352941176627e+00
2.205882352941176627e+00
2.205882352941176627e+00
2.173913043478261198e+00
2.260869565217391575e+00
2.173913043478261198e+00
2.173913043478261198e+00
2.260869565217391575e+00
2.228571428571428648e+00
2.142857142857143238e+00
2.228571428571428648e+00
2.228571428571428648e+00
2.228571428571428648e+00
2.197183098591549477e+00
2.197183098591549477e+00
2.281690140845070491e+00
2.197183098591549477e+00
2.197183098591549477e+00
2.250000000000000000e+00
2.166666666666666963e+00
2.250000000000000000e+00
2.250000000000000000e+00
2.166666666666666963e+00
2.219178082191780810e+00
2.219178082191780810e+00
2.219178082191780810e+00
2.219178082191780810e+00
2.219178082191780810e+00
2.189189189189189477e+00
2.189189189189189477e+00
2.189189189189189477e+00
2.270270270270270618e+00
2.189189189189189477e+00
2.160000000000000142e+00
2.240000000000000213e+00
2.240000000000000213e+00
2.160000000000000142e+00
2.240000000000000213e+00
2.210526315789473895e+00
2.289473684210526550e+00
2.210526315789473895e+00
2.210526315789473895e+00
2.210526315789473895e+00
2.181818181818182101e+00
2.181818181818182101e+00
2.259740259740259827e+00
2.181818181818182101e+00
2.181818181818182101e+00
2.230769230769230838e+00
2.230769230769230838e+00
2.230769230769230838e+00
2.230769230769230838e+00
2.153846153846154188e+00
2.202531645569620444e+00
2.202531645569620444e+00
2.202531645569620444e+00
2.202531645569620444e+00
2.202531645569620444e+00
2.250000000000000000e+00
2.250000000000000000e+00
2.175000000000000266e+00
2.250000000000000000e+00
2.250000000000000000e+00
2.222222222222222321e+00
2.222222222222222321e+00
2.222222222222222321e+00
2.148148148148148362e+00
2.222222222222222321e+00
2.195121951219512368e+00
2.268292682926829507e+00
2.195121951219512368e+00
2.195121951219512368e+00
2.268292682926829507e+00
2.240963855421686635e+00
2.168674698795181044e+00
2.240963855421686635e+00
2.168674698795181044e+00
2.240963855421686635e+00
2.214285714285714413e+00
2.214285714285714413e+00
2.214285714285714413e+00
2.214285714285714413e+00
2.214285714285714413e+00
2.258823529411764675e+00
2.188235294117647278e+00
2.188235294117647278e+00
2.258823529411764675e+00
2.188235294117647278e+00
2.232558139534883690e+00
2.232558139534883690e+00
2.162790697674418450e+00
2.232558139534883690e+00
2.232558139534883690e+00
2.206896551724137900e+00
2.206896551724137900e+00
2.206896551724137900e+00
2.275862068965517349e+00
2.206896551724137900e+00
2.181818181818182101e+00
2.250000000000000000e+00
2.181818181818182101e+00
2.181818181818182101e+00
2.250000000000000000e+00
2.224719101123595610e+00
2.157303370786516794e+00
2.224719101123595610e+00
2.224719101123595610e+00
2.224719101123595610e+00
2.200000000000000178e+00
2.200000000000000178e+00
2.200000000000000178e+00
2.200000000000000178e+00
2.200000000000000178e+00
2.241758241758241788e+00
2.175824175824176088e+00
2.241758241758241788e+00
2.241758241758241788e+00
2.175824175824176088e+00
2.217391304347826164e+00
2.217391304347826164e+00
2.217391304347826164e+00
2.217391304347826164e+00
2.217391304347826164e+00
2.258064516129032473e+00
2.193548387096774466e+00
2.193548387096774466e+00
2.258064516129032473e+00
2.193548387096774466e+00
2.170212765957447054e+00
2.234042553191489588e+00
2.234042553191489588e+00
2.170212765957447054e+00
2.234042553191489588e+00
2.210526315789473895e+00
2.210526315789473895e+00
2.210526315789473895e+00
2.210526315789473895e+00
2.210526315789473895e+00
2.187500000000000000e+00
2.187500000000000000e+00
2.250000000000000000e+00
2.187500000000000000e+00
2.250000000000000000e+00
2.226804123711340289e+00
2.226804123711340289e+00
2.226804123711340289e+00
2.226804123711340289e+00
2.164948453608247725e+00
2.204081632653061451e+00
2.204081632653061451e+00
2.204081632653061451e+00
2.204081632653061451e+00
2.204081632653061451e+00
2.242424242424242653e+00
2.242424242424242653e+00
2.181818181818182101e+00
2.242424242424242653e+00
2.181818181818182101e+00
2.160000000000000142e+00
2.220000000000000195e+00
2.220000000000000195e+00
2.220000000000000195e+00
2.220000000000000195e+00
2.198019801980198196e+00
2.257425742574257654e+00
2.198019801980198196e+00
2.198019801980198196e+00
2.257425742574257654e+00
2.235294117647058876e+00
2.176470588235294379e+00
2.235294117647058876e+00
2.176470588235294379e+00
2.235294117647058876e+00
2.213592233009709087e+00
2.213592233009709087e+00
2.213592233009709087e+00
2.213592233009709087e+00
2.213592233009709087e+00
2.250000000000000000e+00
2.192307692307692513e+00
2.250000000000000000e+00
2.192307692307692513e+00
2.192307692307692513e+00
2.228571428571428648e+00
2.228571428571428648e+00
2.171428571428571708e+00
2.228571428571428648e+00
2.228571428571428648e+00
2.264150943396226801e+00
2.207547169811320931e+00
2.207547169811320931e+00
2.264150943396226801e+00
2.207547169811320931e+00
2.186915887850467310e+00
2.242990654205607726e+00
2.186915887850467310e+00
2.186915887850467310e+00
2.242990654205607726e+00
2.222222222222222321e+00
2.222222222222222321e+00
2.222222222222222321e+00
2.222222222222222321e+00
2.222222222222222321e+00
2.201834862385321223e+00
2.201834862385321223e+00
2.201834862385321223e+00
2.201834862385321223e+00
2.256880733944954365e+00
2.236363636363636775e+00
2.181818181818182101e+00
2.236363636363636775e+00
2.236363636363636775e+00
2.181818181818182101e+00
2.216216216216216228e+00
2.216216216216216228e+00
2.216216216216216228e+00
2.216216216216216228e+00
2.216216216216216228e+00
2.250000000000000000e+00
2.196428571428571619e+00
2.196428571428571619e+00
2.250000000000000000e+00
2.196428571428571619e+00
2.176991150442478151e+00
2.230088495575221597e+00
2.230088495575221597e+00
2.230088495575221597e+00
2.230088495575221597e+00
2.210526315789473895e+00
2.210526315789473895e+00
2.210526315789473895e+00
2.210526315789473895e+00
2.210526315789473895e+00
2.191304347826087184e+00
2.191304347826087184e+00
2.243478260869565588e+00
2.191304347826087184e+00
2.243478260869565588e+00
2.224137931034483096e+00
2.172413793103448398e+00
2.224137931034483096e+00
2.224137931034483096e+00
2.172413793103448398e+00
2.205128205128205288e+00
2.205128205128205288e+00
2.256410256410256387e+00
2.205128205128205288e+00
2.205128205128205288e+00
2.237288135593220595e+00
2.237288135593220595e+00
2.186440677966101642e+00
2.237288135593220595e+00
2.186440677966101642e+00
2.168067226890756594e+00
2.218487394957983305e+00
2.218487394957983305e+00
2.218487394957983305e+00
2.218487394957983305e+00
2.200000000000000178e+00
2.250000000000000000e+00
2.200000000000000178e+00
2.200000000000000178e+00
2.200000000000000178e+00
2.181818181818182101e+00
2.231404958677686068e+00
2.231404958677686068e+00
2.181818181818182101e+00
2.231404958677686068e+00
2.213114754098361114e+00
2.213114754098361114e+00
2.213114754098361114e+00
2.213114754098361114e+00
2.262295081967212962e+00
2.243902439024390461e+00
2.195121951219512368e+00
2.243902439024390461e+00
2.195121951219512368e+00
2.195121951219512368e+00
2.225806451612903469e+00
2.225806451612903469e+00
2.177419354838709964e+00
2.225806451612903469e+00
2.225806451612903469e+00
2.256000000000000227e+00
2.208000000000000185e+00
2.208000000000000185e+00
2.208000000000000185e+00
2.208000000000000185e+00
2.190476190476190688e+00
2.238095238095238138e+00
2.190476190476190688e+00
2.238095238095238138e+00
2.238095238095238138e+00
2.220472440944881942e+00
2.220472440944881942e+00
2.220472440944881942e+00
2.220472440944881942e+00
2.220472440944881942e+00
2.203125000000000000e+00
2.203125000000000000e+00
2.203125000000000000e+00
2.203125000000000000e+00
2.250000000000000000e+00
2.232558139534883690e+00
2.186046511627906863e+00
2.232558139534883690e+00
2.232558139534883690e+00
2.186046511627906863e+00
2.215384615384615508e+00
2.215384615384615508e+00
2.215384615384615508e+00
2.215384615384615508e+00
2.215384615384615508e+00
2.244274809160305750e+00
2.198473282442748200e+00
2.198473282442748200e+00
2.244274809160305750e+00
2.198473282442748200e+00
2.181818181818182101e+00
2.227272727272727515e+00
2.181818181818182101e+00
2.227272727272727515e+00
2.227272727272727515e+00
2.210526315789473895e+00
2.210526315789473895e+00
2.210526315789473895e+00
2.210526315789473895e+00
2.210526315789473895e+00
2.194029850746268995e+00
2.238805970149253977e+00
2.238805970149253977e+00
2.194029850746268995e+00
2.238805970149253977e+00
2.222222222222222321e+00
2.177777777777778034e+00
2.222222222222222321e+00
2.222222222222222321e+00
2.222222222222222321e+00
2.205882352941176627e+00
2.205882352941176627e+00
2.250000000000000000e+00
2.205882352941176627e+00
2.205882352941176627e+00
2.233576642335766582e+00
2.189781021897810209e+00
2.189781021897810209e+00
2.233576642335766582e+00
2.189781021897810209e+00
2.217391304347826164e+00
2.217391304347826164e+00
2.217391304347826164e+00
2.217391304347826164e+00
2.217391304347826164e+00
2.201438848920863389e+00
2.244604316546762846e+00
2.201438848920863389e+00
2.244604316546762846e+00
2.201438848920863389e+00
2.185714285714285943e+00
2.228571428571428648e+00
2.228571428571428648e+00
2.185714285714285943e+00
2.228571428571428648e+00
2.212765957446808596e+00
2.212765957446808596e+00
2.212765957446808596e+00
2.212765957446808596e+00
2.212765957446808596e+00
2.197183098591549477e+00
2.197183098591549477e+00
2.239436619718309984e+00
2.197183098591549477e+00
2.197183098591549477e+00
2.223776223776223748e+00
2.223776223776223748e+00
2.223776223776223748e+00
2.223776223776223748e+00
2.223776223776223748e+00
2.250000000000000000e+00
2.208333333333333481e+00
2.208333333333333481e+00
2.208333333333333481e+00
2.208333333333333481e+00
2.193103448275862455e+00
2.234482758620690124e+00
2.193103448275862455e+00
2.234482758620690124e+00
2.234482758620690124e+00
2.219178082191780810e+00
2.219178082191780810e+00
2.219178082191780810e+00
2.178082191780822185e+00
2.219178082191780810e+00
2.204081632653061451e+00
2.244897959183673741e+00
2.204081632653061451e+00
2.204081632653061451e+00
2.244897959183673741e+00
2.229729729729729826e+00
2.189189189189189477e+00
2.229729729729729826e+00
2.229729729729729826e+00
2.229729729729729826e+00
2.214765100671141074e+00
2.214765100671141074e+00
2.214765100671141074e+00
2.214765100671141074e+00
2.214765100671141074e+00
2.240000000000000213e+00
2.200000000000000178e+00
2.200000000000000178e+00
2.240000000000000213e+00
2.200000000000000178e+00
2.225165562913907547e+00
2.225165562913907547e+00
2.185430463576158999e+00
2.225165562913907547e+00
2.225165562913907547e+00
2.210526315789473895e+00
2.210526315789473895e+00
2.210526315789473895e+00
2.250000000000000000e+00
2.210526315789473895e+00
2.196078431372549211e+00
2.235294117647058876e+00
2.196078431372549211e+00
2.196078431372549211e+00
2.235294117647058876e+00
2.220779220779220964e+00
2.181818181818182101e+00
2.220779220779220964e+00
2.220779220779220964e+00
2.220779220779220964e+00
2.206451612903225890e+00
2.206451612903225890e+00
2.245161290322581049e+00
2.206451612903225890e+00
2.206451612903225890e+00
2.230769230769230838e+00
2.192307692307692513e+00
2.230769230769230838e+00
2.230769230769230838e+00
2.192307692307692513e+00
2.216560509554140079e+00
2.216560509554140079e+00
2.216560509554140079e+00
2.216560509554140079e+00
2.216560509554140079e+00
2.202531645569620444e+00
2.202531645569620444e+00
2.202531645569620444e+00
2.240506329113924000e+00
2.202531645569620444e+00
2.188679245283018826e+00
2.226415094339622591e+00
2.226415094339622591e+00
2.188679245283018826e+00
2.226415094339622591e+00
2.212500000000000355e+00
2.250000000000000000e+00
2.212500000000000355e+00
2.212500000000000355e+00
2.212500000000000355e+00
2.198757763975155655e+00
2.198757763975155655e+00
2.236024844720497118e+00
2.198757763975155655e+00
2.236024844720497118e+00
2.222222222222222321e+00
2.222222222222222321e+00
2.222222222222222321e+00
2.222222222222222321e+00
2.185185185185185563e+00
2.208588957055214852e+00
2.208588957055214852e+00
2.208588957055214852e+00
2.208588957055214852e+00
2.208588957055214852e+00
2.231707317073170938e+00
2.231707317073170938e+00
2.195121951219512368e+00
2.231707317073170938e+00
2.231707317073170938e+00
2.218181818181818254e+00
2.218181818181818254e+00
2.218181818181818254e+00
2.218181818181818254e+00
2.218181818181818254e+00
2.204819277108434061e+00
2.240963855421686635e+00
2.204819277108434061e+00
2.204819277108434061e+00
2.240963855421686635e+00
2.227544910179640958e+00
2.191616766467066046e+00
2.227544910179640958e+00
2.191616766467066046e+00
2.227544910179640958e+00
2.214285714285714413e+00
2.214285714285714413e+00
2.214285714285714413e+00
2.214285714285714413e+00
2.214285714285714413e+00
2.236686390532544699e+00
2.201183431952662861e+00
2.236686390532544699e+00
2.201183431952662861e+00
2.201183431952662861e+00
2.223529411764705976e+00
2.223529411764705976e+00
2.188235294117647278e+00
2.223529411764705976e+00
2.223529411764705976e+00
2.210526315789473895e+00
2.210526315789473895e+00
2.210526315789473895e+00
2.245614035087719174e+00
2.210526315789473895e+00
2.197674418604651070e+00
2.232558139534883690e+00
2.197674418604651070e+00
2.197674418604651070e+00
2.232558139534883690e+00
2.219653179190751668e+00
2.219653179190751668e+00
2.219653179190751668e+00
2.219653179190751668e+00
2.219653179190751668e+00
2.206896551724137900e+00
2.206896551724137900e+00
2.206896551724137900e+00
2.206896551724137900e+00
2.241379310344827847e+00
2.228571428571428648e+00
2.194285714285714395e+00
2.228571428571428648e+00
2.228571428571428648e+00
2.194285714285714395e+00
2.215909090909091272e+00
2.215909090909091272e+00
2.215909090909091272e+00
2.215909090909091272e+00
2.215909090909091272e+00
2.237288135593220595e+00
2.203389830508474923e+00
2.203389830508474923e+00
2.237288135593220595e+00
2.203389830508474923e+00
2.191011235955056424e+00
2.224719101123595610e+00
2.224719101123595610e+00
2.224719101123595610e+00
2.224719101123595610e+00
2.212290502793296199e+00
2.212290502793296199e+00
2.212290502793296199e+00
2.212290502793296199e+00
2.212290502793296199e+00
2.200000000000000178e+00
2.200000000000000178e+00
2.233333333333333393e+00
2.200000000000000178e+00
2.233333333333333393e+00
2.220994475138121871e+00
2.220994475138121871e+00
2.220994475138121871e+00
2.220994475138121871e+00
2.187845303867403501e+00
2.208791208791208938e+00
2.208791208791208938e+00
2.241758241758241788e+00
2.208791208791208938e+00
2.208791208791208938e+00
2.229508196721311730e+00
2.229508196721311730e+00
2.196721311475410054e+00
2.229508196721311730e+00
2.196721311475410054e+00
2.184782608695652328e+00
2.217391304347826164e+00
2.217391304347826164e+00
2.217391304347826164e+00
2.217391304347826164e+00
2.205405405405405528e+00
2.237837837837838073e+00
2.205405405405405528e+00
2.205405405405405528e+00
2.205405405405405528e+00
2.193548387096774466e+00
2.225806451612903469e+00
2.225806451612903469e+00
2.193548387096774466e+00
2.225806451612903469e+00
2.213903743315507988e+00
2.213903743315507988e+00
2.213903743315507988e+00
2.213903743315507988e+00
2.245989304812834320e+00
2.234042553191489588e+00
2.202127659574468321e+00
2.234042553191489588e+00
2.202127659574468321e+00
2.202127659574468321e+00
2.222222222222222321e+00
2.222222222222222321e+00
2.190476190476190688e+00
2.222222222222222321e+00
2.222222222222222321e+00
2.242105263157895045e+00
2.210526315789473895e+00
2.210526315789473895e+00
2.210526315789473895e+00
2.210526315789473895e+00
2.198952879581152153e+00
2.230366492146596880e+00
2.198952879581152153e+00
2.230366492146596880e+00
2.230366492146596880e+00
2.218750000000000444e+00
2.218750000000000444e+00
2.218750000000000444e+00
2.218750000000000444e+00
2.218750000000000444e+00
2.207253886010362542e+00
2.207253886010362542e+00
2.207253886010362542e+00
2.207253886010362542e+00
2.238341968911917057e+00
2.226804123711340289e+00
2.195876288659794007e+00
2.226804123711340289e+00
2.226804123711340289e+00
2.195876288659794007e+00
2.215384615384615508e+00
2.215384615384615508e+00
2.215384615384615508e+00
2.215384615384615508e+00
2.215384615384615508e+00
2.234693877551020780e+00
2.204081632653061451e+00
2.204081632653061451e+00
2.234693877551020780e+00
2.204081632653061451e+00
2.192893401015228338e+00
2.223350253807106824e+00
2.223350253807106824e+00
2.223350253807106824e+00
2.223350253807106824e+00
2.212121212121212377e+00
2.212121212121212377e+00
2.212121212121212377e+00
2.212121212121212377e+00
2.212121212121212377e+00
2.201005025125628123e+00
2.231155778894472697e+00
2.231155778894472697e+00
2.201005025125628123e+00
2.231155778894472697e+00
2.220000000000000195e+00
2.189999999999999947e+00
2.220000000000000195e+00
2.220000000000000195e+00
2.220000000000000195e+00
2.208955223880597174e+00
2.208955223880597174e+00
2.238805970149253977e+00
2.208955223880597174e+00
2.208955223880597174e+00
2.227722772277227925e+00
2.198019801980198196e+00
2.198019801980198196e+00
2.227722772277227925e+00
2.198019801980198196e+00
2.216748768472906583e+00
2.216748768472906583e+00
2.216748768472906583e+00
2.216748768472906583e+00
2.216748768472906583e+00
2.205882352941176627e+00
2.235294117647058876e+00
2.205882352941176627e+00
2.235294117647058876e+00
2.205882352941176627e+00
2.195121951219512368e+00
2.224390243902439224e+00
2.224390243902439224e+00
2.195121951219512368e+00
2.224390243902439224e+00
2.213592233009709087e+00
2.213592233009709087e+00
2.213592233009709087e+00
2.213592233009709087e+00
2.213592233009709087e+00
2.202898550724638138e+00
2.202898550724638138e+00
2.231884057971014634e+00
2.202898550724638138e+00
2.202898550724638138e+00
2.221153846153846256e+00
2.221153846153846256e+00
2.221153846153846256e+00
2.221153846153846256e+00
2.221153846153846256e+00
2.239234449760765688e+00
2.210526315789473895e+00
2.210526315789473895e+00
2.210526315789473895e+00
2.210526315789473895e+00
2.228571428571428648e+00
2.228571428571428648e+00
2.200000000000000178e+00
2.228571428571428648e+00
2.228571428571428648e+00
2.218009478672986035e+00
2.218009478672986035e+00
2.218009478672986035e+00
2.189573459715639991e+00
2.218009478672986035e+00
2.207547169811320931e+00
2.235849056603773644e+00
2.207547169811320931e+00
2.207547169811320931e+00
2.235849056603773644e+00
2.225352112676056482e+00
2.197183098591549477e+00
2.225352112676056482e+00
2.225352112676056482e+00
2.225352112676056482e+00
2.214953271028037296e+00
2.214953271028037296e+00
2.214953271028037296e+00
2.214953271028037296e+00
2.214953271028037296e+00
2.232558139534883690e+00
2.204651162790697949e+00
2.204651162790697949e+00
2.232558139534883690e+00
2.204651162790697949e+00
2.222222222222222321e+00
2.222222222222222321e+00
2.194444444444444642e+00
2.222222222222222321e+00
2.222222222222222321e+00
2.211981566820276690e+00
2.211981566820276690e+00
2.211981566820276690e+00
2.239631336405530249e+00
2.211981566820276690e+00
2.201834862385321223e+00
2.229357798165137794e+00
2.201834862385321223e+00
2.201834862385321223e+00
2.229357798165137794e+00
2.219178082191780810e+00
2.191780821917808098e+00
2.219178082191780810e+00
2.219178082191780810e+00
2.219178082191780810e+00
2.209090909090908994e+00
2.209090909090908994e+00
2.236363636363636775e+00
2.209090909090908994e+00
2.209090909090908994e+00
2.226244343891402799e+00
2.199095022624434570e+00
2.226244343891402799e+00
2.226244343891402799e+00
2.199095022624434570e+00
2.216216216216216228e+00
2.216216216216216228e+00
2.216216216216216228e+00
2.216216216216216228e+00
2.216216216216216228e+00
2.233183856502242381e+00
2.206278026905829748e+00
2.206278026905829748e+00
2.233183856502242381e+00
2.206278026905829748e+00
2.196428571428571619e+00
2.223214285714286031e+00
2.223214285714286031e+00
2.196428571428571619e+00
2.223214285714286031e+00
2.213333333333333375e+00
2.240000000000000213e+00
2.213333333333333375e+00
2.213333333333333375e+00
2.213333333333333375e+00
2.203539823008849652e+00
2.203539823008849652e+00
2.230088495575221597e+00
2.203539823008849652e+00
2.230088495575221597e+00
2.220264317180616676e+00
2.220264317180616676e+00
2.220264317180616676e+00
2.220264317180616676e+00
2.193832599118942905e+00
2.210526315789473895e+00
2.210526315789473895e+00
2.210526315789473895e+00
2.210526315789473895e+00
2.210526315789473895e+00
2.227074235807860347e+00
2.227074235807860347e+00
2.200873362445415093e+00
2.227074235807860347e+00
2.227074235807860347e+00
2.217391304347826164e+00
2.217391304347826164e+00
2.217391304347826164e+00
2.217391304347826164e+00
2.217391304347826164e+00
2.207792207792207861e+00
2.233766233766234066e+00
2.207792207792207861e+00
2.207792207792207861e+00
2.233766233766234066e+00
2.224137931034483096e+00
2.224137931034483096e+00
2.224137931034483096e+00
2.198275862068965747e+00
2.224137931034483096e+00
2.214592274678111927e+00
2.214592274678111927e+00
2.214592274678111927e+00
2.214592274678111927e+00
2.214592274678111927e+00
2.230769230769230838e+00
2.205128205128205288e+00
2.230769230769230838e+00
2.205128205128205288e+00
2.205128205128205288e+00
2.221276595744680726e+00
2.221276595744680726e+00
2.195744680851063890e+00
2.221276595744680726e+00
2.221276595744680726e+00
2.237288135593220595e+00
2.211864406779661341e+00
2.211864406779661341e+00
2.237288135593220595e+00
2.211864406779661341e+00
2.202531645569620444e+00
2.227848101265823111e+00
2.202531645569620444e+00
2.202531645569620444e+00
2.227848101265823111e+00
2.218487394957983305e+00
2.218487394957983305e+00
2.218487394957983305e+00
2.218487394957983305e+00
2.218487394957983305e+00
2.209205020920502527e+00
2.209205020920502527e+00
2.209205020920502527e+00
2.209205020920502527e+00
2.234309623430962510e+00
2.225000000000000089e+00
2.200000000000000178e+00
2.225000000000000089e+00
2.225000000000000089e+00
2.200000000000000178e+00
2.215767634854771906e+00
2.215767634854771906e+00
2.215767634854771906e+00
2.215767634854771906e+00
2.215767634854771906e+00
2.231404958677686068e+00
2.206611570247933862e+00
2.206611570247933862e+00
2.231404958677686068e+00
2.206611570247933862e+00
2.197530864197530853e+00
2.222222222222222321e+00
2.222222222222222321e+00
2.222222222222222321e+00
2.222222222222222321e+00
2.213114754098361114e+00
2.213114754098361114e+00
2.213114754098361114e+00
2.213114754098361114e+00
2.213114754098361114e+00
2.204081632653061451e+00
2.228571428571428648e+00
2.228571428571428648e+00
2.204081632653061451e+00
2.228571428571428648e+00
2.219512195121951414e+00
2.219512195121951414e+00
2.219512195121951414e+00
2.219512195121951414e+00
2.195121951219512368e+00
2.210526315789473895e+00
2.210526315789473895e+00
2.234817813765182404e+00
2.210526315789473895e+00
2.210526315789473895e+00
2.225806451612903469e+00
2.225806451612903469e+00
2.201612903225806495e+00
2.225806451612903469e+00
2.201612903225806495e+00
2.216867469879518104e+00
2.216867469879518104e+00
2.216867469879518104e+00
2.216867469879518104e+00
2.216867469879518104e+00
2.208000000000000185e+00
2.232000000000000206e+00
2.208000000000000185e+00
2.208000000000000185e+00
2.208000000000000185e+00
2.199203187250996283e+00
2.223107569721115784e+00
2.223107569721115784e+00
2.199203187250996283e+00
2.223107569721115784e+00
2.214285714285714413e+00
2.214285714285714413e+00
2.214285714285714413e+00
2.214285714285714413e+00
2.238095238095238138e+00
2.229249011857707963e+00
2.205533596837944810e+00
2.229249011857707963e+00
2.205533596837944810e+00
2.205533596837944810e+00
2.220472440944881942e+00
2.220472440944881942e+00
2.220472440944881942e+00
2.220472440944881942e+00
2.220472440944881942e+00
2.235294117647058876e+00
2.211764705882353077e+00
2.211764705882353077e+00
2.211764705882353077e+00
2.211764705882353077e+00
2.203125000000000000e+00
2.226562500000000000e+00
2.203125000000000000e+00
2.226562500000000000e+00
2.226562500000000000e+00
2.217898832684825017e+00
2.217898832684825017e+00
2.217898832684825017e+00
2.217898832684825017e+00
2.217898832684825017e+00
2.209302325581395277e+00
2.232558139534883690e+00
2.209302325581395277e+00
2.209302325581395277e+00
2.232558139534883690e+00
2.223938223938223935e+00
2.200772200772200815e+00
2.223938223938223935e+00
2.223938223938223935e+00
2.200772200772200815e+00
2.215384615384615508e+00
2.215384615384615508e+00
2.215384615384615508e+00
2.215384615384615508e+00
2.215384615384615508e+00
2.229885057471264531e+00
2.206896551724137900e+00
2.206896551724137900e+00
2.229885057471264531e+00
2.206896551724137900e+00
2.221374045801526975e+00
2.221374045801526975e+00
2.198473282442748200e+00
2.221374045801526975e+00
2.221374045801526975e+00
2.212927756653992439e+00
2.212927756653992439e+00
2.212927756653992439e+00
2.235741444866920613e+00
2.212927756653992439e+00
2.204545454545454586e+00
2.227272727272727515e+00
2.227272727272727515e+00
2.204545454545454586e+00
2.227272727272727515e+00
2.218867924528301838e+00
2.196226415094339579e+00
2.218867924528301838e+00
2.218867924528301838e+00
2.218867924528301838e+00
2.210526315789473895e+00
2.210526315789473895e+00
2.233082706766917447e+00
2.210526315789473895e+00
2.210526315789473895e+00
2.224719101123595610e+00
2.202247191011236005e+00
2.224719101123595610e+00
2.224719101123595610e+00
2.202247191011236005e+00
2.216417910447761486e+00
2.216417910447761486e+00
2.216417910447761486e+00
2.216417910447761486e+00
2.216417910447761486e+00
2.208178438661710263e+00
2.230483271375464760e+00
2.208178438661710263e+00
2.230483271375464760e+00
2.208178438661710263e+00
2.200000000000000178e+00
2.222222222222222321e+00
2.222222222222222321e+00
2.200000000000000178e+00
2.222222222222222321e+00
2.214022140221402424e+00
2.236162361623616590e+00
2.214022140221402424e+00
2.214022140221402424e+00
2.214022140221402424e+00
2.205882352941176627e+00
2.205882352941176627e+00
2.227941176470588314e+00
2.205882352941176627e+00
2.205882352941176627e+00
2.219780219780219888e+00
2.219780219780219888e+00
2.219780219780219888e+00
2.219780219780219888e+00
2.219780219780219888e+00
2.233576642335766582e+00
2.211678832116788396e+00
2.211678832116788396e+00
2.211678832116788396e+00
2.211678832116788396e+00
2.225454545454545574e+00
2.225454545454545574e+00
2.203636363636363615e+00
2.225454545454545574e+00
2.225454545454545574e+00
2.217391304347826164e+00
2.217391304347826164e+00
2.217391304347826164e+00
2.217391304347826164e+00
2.217391304347826164e+00
2.209386281588447964e+00
2.231046931407942413e+00
2.209386281588447964e+00
2.209386281588447964e+00
2.231046931407942413e+00
2.223021582733812895e+00
2.201438848920863389e+00
2.223021582733812895e+00
2.201438848920863389e+00
2.223021582733812895e+00
2.215053763440860468e+00
2.215053763440860468e+00
2.215053763440860468e+00
2.215053763440860468e+00
2.215053763440860468e+00
2.228571428571428648e+00
2.207142857142857295e+00
2.228571428571428648e+00
2.228571428571428648e+00
2.207142857142857295e+00
2.220640569395017749e+00
2.220640569395017749e+00
2.199288256227758254e+00
2.220640569395017749e+00
2.220640569395017749e+00
2.212765957446808596e+00
2.212765957446808596e+00
2.212765957446808596e+00
2.234042553191489588e+00
2.212765957446808596e+00
2.204946996466431219e+00
2.226148409893993207e+00
2.204946996466431219e+00
2.204946996466431219e+00
2.226148409893993207e+00
2.218309859154929953e+00
2.218309859154929953e+00
2.218309859154929953e+00
2.218309859154929953e+00
2.218309859154929953e+00
2.210526315789473895e+00
2.210526315789473895e+00
2.231578947368421328e+00
2.210526315789473895e+00
2.231578947368421328e+00
2.223776223776223748e+00
2.202797202797202925e+00
2.223776223776223748e+00
2.223776223776223748e+00
2.202797202797202925e+00
2.216027874564460376e+00
2.216027874564460376e+00
2.216027874564460376e+00
2.216027874564460376e+00
2.216027874564460376e+00
2.229166666666666963e+00
2.208333333333333481e+00
2.208333333333333481e+00
2.229166666666666963e+00
2.208333333333333481e+00
2.200692041522491760e+00
2.221453287197232118e+00
2.221453287197232118e+00
2.221453287197232118e+00
2.221453287197232118e+00
2.213793103448276067e+00
2.213793103448276067e+00
2.213793103448276067e+00
2.213793103448276067e+00
2.213793103448276067e+00
2.206185567010309434e+00
2.206185567010309434e+00
2.226804123711340289e+00
2.206185567010309434e+00
2.226804123711340289e+00
2.219178082191780810e+00
2.219178082191780810e+00
2.219178082191780810e+00
2.219178082191780810e+00
2.198630136986301498e+00
2.211604095563139971e+00
2.211604095563139971e+00
2.232081911262798535e+00
2.211604095563139971e+00
2.211604095563139971e+00
2.224489795918367818e+00
2.224489795918367818e+00
2.204081632653061451e+00
2.224489795918367818e+00
2.204081632653061451e+00
2.216949152542373014e+00
2.216949152542373014e+00
2.216949152542373014e+00
2.216949152542373014e+00
2.216949152542373014e+00
2.209459459459459651e+00
2.229729729729729826e+00
2.209459459459459651e+00
2.209459459459459651e+00
2.229729729729729826e+00
2.222222222222222321e+00
2.222222222222222321e+00
2.222222222222222321e+00
2.202020202020201989e+00
2.222222222222222321e+00
2.214765100671141074e+00
2.214765100671141074e+00
2.214765100671141074e+00
2.214765100671141074e+00
2.234899328859060841e+00
2.227424749163879447e+00
2.207357859531772437e+00
2.227424749163879447e+00
2.207357859531772437e+00
2.207357859531772437e+00
2.220000000000000195e+00
2.220000000000000195e+00
2.200000000000000178e+00
2.220000000000000195e+00
2.220000000000000195e+00
2.232558139534883690e+00
2.212624584717608034e+00
2.212624584717608034e+00
2.232558139534883690e+00
2.212624584717608034e+00
2.205298013245033051e+00
2.225165562913907547e+00
2.205298013245033051e+00
2.225165562913907547e+00
2.225165562913907547e+00
2.217821782178218015e+00
2.217821782178218015e+00
2.217821782178218015e+00
2.217821782178218015e+00
2.217821782178218015e+00
2.210526315789473895e+00
2.230263157894737169e+00
2.210526315789473895e+00
2.210526315789473895e+00
2.230263157894737169e+00
2.222950819672131484e+00
2.203278688524590301e+00
2.222950819672131484e+00
2.222950819672131484e+00
2.203278688524590301e+00
2.215686274509804043e+00
2.215686274509804043e+00
2.215686274509804043e+00
2.215686274509804043e+00
2.215686274509804043e+00
2.228013029315961013e+00
2.208469055374592926e+00
2.208469055374592926e+00
2.228013029315961013e+00
2.208469055374592926e+00
2.220779220779220964e+00
2.220779220779220964e+00
2.220779220779220964e+00
2.220779220779220964e+00
2.220779220779220964e+00
2.213592233009709087e+00
2.213592233009709087e+00
2.213592233009709087e+00
2.213592233009709087e+00
2.213592233009709087e+00
2.206451612903225890e+00
2.225806451612903469e+00
2.225806451612903469e+00
2.206451612903225890e+00
2.225806451612903469e+00
2.218649517684887940e+00
2.199356913183279971e+00
2.218649517684887940e+00
2.218649517684887940e+00
2.218649517684887940e+00
2.211538461538461675e+00
2.211538461538461675e+00
2.230769230769230838e+00
2.211538461538461675e+00
2.211538461538461675e+00
2.223642172523961680e+00
2.223642172523961680e+00
2.223642172523961680e+00
2.223642172523961680e+00
2.204472843450479225e+00
2.216560509554140079e+00
2.216560509554140079e+00
2.216560509554140079e+00
2.216560509554140079e+00
2.216560509554140079e+00
2.209523809523809668e+00
2.228571428571428648e+00
2.209523809523809668e+00
2.228571428571428648e+00
2.209523809523809668e+00
2.202531645569620444e+00
2.221518987341772000e+00
2.221518987341772000e+00
2.202531645569620444e+00
2.221518987341772000e+00
2.214511041009463721e+00
2.233438485804416729e+00
2.214511041009463721e+00
2.214511041009463721e+00
2.214511041009463721e+00
2.207547169811320931e+00
2.207547169811320931e+00
2.226415094339622591e+00
2.207547169811320931e+00
2.207547169811320931e+00
2.219435736677116022e+00
2.219435736677116022e+00
2.219435736677116022e+00
2.219435736677116022e+00
2.219435736677116022e+00
2.231250000000000178e+00
2.212500000000000355e+00
2.212500000000000355e+00
2.212500000000000355e+00
2.212500000000000355e+00
2.224299065420560773e+00
2.224299065420560773e+00
2.205607476635514264e+00
2.224299065420560773e+00
2.224299065420560773e+00
2.217391304347826164e+00
2.217391304347826164e+00
2.217391304347826164e+00
2.217391304347826164e+00
2.217391304347826164e+00
2.210526315789473895e+00
2.229102167182662964e+00
2.210526315789473895e+00
2.210526315789473895e+00
2.229102167182662964e+00
2.222222222222222321e+00
2.203703703703704164e+00
2.222222222222222321e+00
2.222222222222222321e+00
2.222222222222222321e+00
2.215384615384615508e+00
2.215384615384615508e+00
2.215384615384615508e+00
2.215384615384615508e+00
2.215384615384615508e+00
2.226993865030675313e+00
2.208588957055214852e+00
2.226993865030675313e+00
2.226993865030675313e+00
2.208588957055214852e+00
2.220183486238532122e+00
2.220183486238532122e+00
2.201834862385321223e+00
2.220183486238532122e+00
2.220183486238532122e+00
2.213414634146341431e+00
2.213414634146341431e+00
2.213414634146341431e+00
2.231707317073170938e+00
2.213414634146341431e+00
2.206686930091185772e+00
2.224924012158054687e+00
2.206686930091185772e+00
2.206686930091185772e+00
2.224924012158054687e+00
2.218181818181818254e+00
2.218181818181818254e+00
2.218181818181818254e+00
2.218181818181818254e+00
2.218181818181818254e+00
2.211480362537764588e+00
2.211480362537764588e+00
2.229607250755287318e+00
2.211480362537764588e+00
2.229607250755287318e+00
2.222891566265060348e+00
2.204819277108434061e+00
2.222891566265060348e+00
2.222891566265060348e+00
2.204819277108434061e+00
2.216216216216216228e+00
2.216216216216216228e+00
2.216216216216216228e+00
2.216216216216216228e+00
2.216216216216216228e+00
2.227544910179640958e+00
2.209580838323353724e+00
2.209580838323353724e+00
2.227544910179640958e+00
2.209580838323353724e+00
2.202985074626865991e+00
2.220895522388059984e+00
2.220895522388059984e+00
2.220895522388059984e+00
2.220895522388059984e+00
2.214285714285714413e+00
2.232142857142857206e+00
2.214285714285714413e+00
2.214285714285714413e+00
2.214285714285714413e+00
2.207715133531157559e+00
2.207715133531157559e+00
2.225519287833828130e+00
2.207715133531157559e+00
2.225519287833828130e+00
2.218934911242603558e+00
2.218934911242603558e+00
2.218934911242603558e+00
2.218934911242603558e+00
2.201183431952662861e+00
2.212389380530973337e+00
2.212389380530973337e+00
2.230088495575221597e+00
2.212389380530973337e+00
2.212389380530973337e+00
2.223529411764705976e+00
2.223529411764705976e+00
2.205882352941176627e+00
2.223529411764705976e+00
2.223529411764705976e+00
2.217008797653959196e+00
2.217008797653959196e+00
2.217008797653959196e+00
2.217008797653959196e+00
2.217008797653959196e+00
2.210526315789473895e+00
2.228070175438596756e+00
2.210526315789473895e+00
2.210526315789473895e+00
2.228070175438596756e+00
2.221574344023323988e+00
2.221574344023323988e+00
2.221574344023323988e+00
2.204081632653061451e+00
2.221574344023323988e+00
2.215116279069767380e+00
2.215116279069767380e+00
2.215116279069767380e+00
2.215116279069767380e+00
2.232558139534883690e+00
2.226086956521739157e+00
2.208695652173913171e+00
2.226086956521739157e+00
2.208695652173913171e+00
2.208695652173913171e+00
2.219653179190751668e+00
2.219653179190751668e+00
2.202312138728323987e+00
2.219653179190751668e+00
2.219653179190751668e+00
2.230547550432277149e+00
2.213256484149856096e+00
2.213256484149856096e+00
2.230547550432277149e+00
2.213256484149856096e+00
2.206896551724137900e+00
2.224137931034483096e+00
2.206896551724137900e+00
2.224137931034483096e+00
2.224137931034483096e+00
2.217765042979942702e+00
2.217765042979942702e+00
2.217765042979942702e+00
2.217765042979942702e+00
2.217765042979942702e+00
2.211428571428571299e+00
2.211428571428571299e+00
2.211428571428571299e+00
2.211428571428571299e+00
2.228571428571428648e+00
2.222222222222222321e+00
2.205128205128205288e+00
2.222222222222222321e+00
2.222222222222222321e+00
2.205128205128205288e+00
2.215909090909091272e+00
2.215909090909091272e+00
2.232954545454545414e+00
2.215909090909091272e+00
2.215909090909091272e+00
2.226628895184135981e+00
2.209631728045326149e+00
2.209631728045326149e+00
2.226628895184135981e+00
2.209631728045326149e+00
2.220338983050847315e+00
2.220338983050847315e+00
2.220338983050847315e+00
2.220338983050847315e+00
2.220338983050847315e+00
2.214084507042253680e+00
2.214084507042253680e+00
2.214084507042253680e+00
2.214084507042253680e+00
2.214084507042253680e+00
2.207865168539326017e+00
2.224719101123595610e+00
2.224719101123595610e+00
2.207865168539326017e+00
2.224719101123595610e+00
2.218487394957983305e+00
2.201680672268907735e+00
2.218487394957983305e+00
2.218487394957983305e+00
2.218487394957983305e+00
2.212290502793296199e+00
2.212290502793296199e+00
2.229050279329609197e+00
2.212290502793296199e+00
2.212290502793296199e+00
2.222841225626741135e+00
2.222841225626741135e+00
2.206128133704735372e+00
2.222841225626741135e+00
2.206128133704735372e+00
2.216666666666666785e+00
2.216666666666666785e+00
2.216666666666666785e+00
2.216666666666666785e+00
2.216666666666666785e+00
2.210526315789473895e+00
2.227146814404432185e+00
2.210526315789473895e+00
2.227146814404432185e+00
2.210526315789473895e+00
2.204419889502762686e+00
2.220994475138121871e+00
2.220994475138121871e+00
2.204419889502762686e+00
2.220994475138121871e+00
2.214876033057851412e+00
2.231404958677686068e+00
2.214876033057851412e+00
2.214876033057851412e+00
2.231404958677686068e+00
2.225274725274725363e+00
2.208791208791208938e+00
2.225274725274725363e+00
2.208791208791208938e+00
2.208791208791208938e+00
2.219178082191780810e+00
2.219178082191780810e+00
2.219178082191780810e+00
2.219178082191780810e+00
2.219178082191780810e+00
2.229508196721311730e+00
2.213114754098361114e+00
2.213114754098361114e+00
2.213114754098361114e+00
2.213114754098361114e+00
2.223433242506811958e+00
2.223433242506811958e+00
2.207084468664850085e+00
2.223433242506811958e+00
2.223433242506811958e+00
2.217391304347826164e+00
2.217391304347826164e+00
2.217391304347826164e+00
2.201086956521739246e+00
2.217391304347826164e+00
2.211382113821138251e+00
2.227642276422764578e+00
2.211382113821138251e+00
2.211382113821138251e+00
2.227642276422764578e+00
2.221621621621621578e+00
2.205405405405405528e+00
2.221621621621621578e+00
2.221621621621621578e+00
2.221621621621621578e+00
2.215633423180593198e+00
2.215633423180593198e+00
2.215633423180593198e+00
2.215633423180593198e+00
2.215633423180593198e+00
2.225806451612903469e+00
2.209677419354838968e+00
2.225806451612903469e+00
2.225806451612903469e+00
2.209677419354838968e+00
2.219839142091152961e+00
2.219839142091152961e+00
2.203753351206434452e+00
2.219839142091152961e+00
2.219839142091152961e+00
2.213903743315507988e+00
2.213903743315507988e+00
2.213903743315507988e+00
2.229946524064171154e+00
2.213903743315507988e+00
2.208000000000000185e+00
2.224000000000000199e+00
2.224000000000000199e+00
2.208000000000000185e+00
2.224000000000000199e+00
2.218085106382979177e+00
2.218085106382979177e+00
2.218085106382979177e+00
2.218085106382979177e+00
2.218085106382979177e+00
2.212201591511936627e+00
2.212201591511936627e+00
2.228116710875331918e+00
2.212201591511936627e+00
2.228116710875331918e+00
2.222222222222222321e+00
2.206349206349206504e+00
2.222222222222222321e+00
2.222222222222222321e+00
2.206349206349206504e+00
2.216358839050132090e+00
2.216358839050132090e+00
2.216358839050132090e+00
2.216358839050132090e+00
2.216358839050132090e+00
2.226315789473684248e+00
2.210526315789473895e+00
2.210526315789473895e+00
2.226315789473684248e+00
2.210526315789473895e+00
2.204724409448818978e+00
2.220472440944881942e+00
2.220472440944881942e+00
2.220472440944881942e+00
2.220472440944881942e+00
2.214659685863874294e+00
2.230366492146596880e+00
2.214659685863874294e+00
2.214659685863874294e+00
2.214659685863874294e+00
2.208877284595300416e+00
2.208877284595300416e+00
2.224543080939948236e+00
2.208877284595300416e+00
2.224543080939948236e+00
2.218750000000000444e+00
2.218750000000000444e+00
2.218750000000000444e+00
2.218750000000000444e+00
2.203125000000000000e+00
2.212987012987013280e+00
2.212987012987013280e+00
2.228571428571428648e+00
2.212987012987013280e+00
2.212987012987013280e+00
2.222797927461139800e+00
2.222797927461139800e+00
2.207253886010362542e+00
2.222797927461139800e+00
2.222797927461139800e+00
2.232558139534883690e+00
2.217054263565891858e+00
2.217054263565891858e+00
2.217054263565891858e+00
2.217054263565891858e+00
2.211340206185567148e+00
2.226804123711340289e+00
2.211340206185567148e+00
2.211340206185567148e+00
2.226804123711340289e+00
2.221079691516709698e+00
2.221079691516709698e+00
2.221079691516709698e+00
2.205655526992288173e+00
2.221079691516709698e+00
2.215384615384615508e+00
2.215384615384615508e+00
2.215384615384615508e+00
2.215384615384615508e+00
2.230769230769230838e+00
2.225063938618926151e+00
2.209718670076726621e+00
2.225063938618926151e+00
2.209718670076726621e+00
2.209718670076726621e+00
2.219387755102041115e+00
2.219387755102041115e+00
2.204081632653061451e+00
2.219387755102041115e+00
2.219387755102041115e+00
2.229007633587786419e+00
2.213740458015267532e+00
2.213740458015267532e+00
2.229007633587786419e+00
2.213740458015267532e+00
2.208121827411167803e+00
2.223350253807106824e+00
2.208121827411167803e+00
2.223350253807106824e+00
2.223350253807106824e+00
2.217721518987342044e+00
2.217721518987342044e+00
2.217721518987342044e+00
2.217721518987342044e+00
2.217721518987342044e+00
2.212121212121212377e+00
2.227272727272727515e+00
2.212121212121212377e+00
2.212121212121212377e+00
2.227272727272727515e+00
2.221662468513854183e+00
2.206549118387909569e+00
2.221662468513854183e+00
2.221662468513854183e+00
2.206549118387909569e+00
2.216080402010050410e+00
2.216080402010050410e+00
2.231155778894472697e+00
2.216080402010050410e+00
2.216080402010050410e+00
2.225563909774435967e+00
2.210526315789473895e+00
2.210526315789473895e+00
2.225563909774435967e+00
2.210526315789473895e+00
2.220000000000000195e+00
2.220000000000000195e+00
2.220000000000000195e+00
2.220000000000000195e+00
2.220000000000000195e+00
2.214463840399002681e+00
2.214463840399002681e+00
2.214463840399002681e+00
2.214463840399002681e+00
2.214463840399002681e+00
2.208955223880597174e+00
2.223880597014925353e+00
2.223880597014925353e+00
2.208955223880597174e+00
2.223880597014925353e+00
2.218362282878412195e+00
2.203473945409429646e+00
2.218362282878412195e+00
2.218362282878412195e+00
2.218362282878412195e+00
2.212871287128713060e+00
2.212871287128713060e+00
2.227722772277227925e+00
2.212871287128713060e+00
2.212871287128713060e+00
2.222222222222222321e+00
2.222222222222222321e+00
2.222222222222222321e+00
2.222222222222222321e+00
2.207407407407407707e+00
2.216748768472906583e+00
2.216748768472906583e+00
2.216748768472906583e+00
2.216748768472906583e+00
2.216748768472906583e+00
2.211302211302211607e+00
2.226044226044226360e+00
2.211302211302211607e+00
2.226044226044226360e+00
2.211302211302211607e+00
2.205882352941176627e+00
2.220588235294117752e+00
2.220588235294117752e+00
2.205882352941176627e+00
2.220588235294117752e+00
2.215158924205379076e+00
2.229828850855745781e+00
2.215158924205379076e+00
2.215158924205379076e+00
2.229828850855745781e+00
2.224390243902439224e+00
2.209756097560975796e+00
2.224390243902439224e+00
2.209756097560975796e+00
2.209756097560975796e+00
2.218978102189780977e+00
2.218978102189780977e+00
2.218978102189780977e+00
2.218978102189780977e+00
2.218978102189780977e+00
2.228155339805825363e+00
2.213592233009709087e+00
2.213592233009709087e+00
2.213592233009709087e+00
2.213592233009709087e+00
2.222760290556900831e+00
2.222760290556900831e+00
2.208232445520581511e+00
2.222760290556900831e+00
2.222760290556900831e+00
2.217391304347826164e+00
2.217391304347826164e+00
2.217391304347826164e+00
2.217391304347826164e+00
2.217391304347826164e+00
2.212048192771084665e+00
2.226506024096385872e+00
2.212048192771084665e+00
2.212048192771084665e+00
2.226506024096385872e+00
2.221153846153846256e+00
2.206730769230769607e+00
2.221153846153846256e+00
2.221153846153846256e+00
2.221153846153846256e+00
2.215827338129496393e+00
2.215827338129496393e+00
2.215827338129496393e+00
2.215827338129496393e+00
2.215827338129496393e+00
2.224880382775119791e+00
2.210526315789473895e+00
2.224880382775119791e+00
2.224880382775119791e+00
2.210526315789473895e+00
2.219570405727923745e+00
2.219570405727923745e+00
2.205250596658711704e+00
2.219570405727923745e+00
2.219570405727923745e+00
2.214285714285714413e+00
2.214285714285714413e+00
2.214285714285714413e+00
2.228571428571428648e+00
2.214285714285714413e+00
2.209026128266033506e+00
2.223277909738717639e+00
2.223277909738717639e+00
2.209026128266033506e+00
2.223277909738717639e+00
2.218009478672986035e+00
2.218009478672986035e+00
2.218009478672986035e+00
2.218009478672986035e+00
2.218009478672986035e+00
2.212765957446808596e+00
2.212765957446808596e+00
2.226950354609928961e+00
2.212765957446808596e+00
2.226950354609928961e+00
2.221698113207547287e+00
2.207547169811320931e+00
2.221698113207547287e+00
2.221698113207547287e+00
2.207547169811320931e+00
2.216470588235293970e+00
2.216470588235293970e+00
2.216470588235293970e+00
2.216470588235293970e+00
2.216470588235293970e+00
2.225352112676056482e+00
2.225352112676056482e+00
2.211267605633802980e+00
2.225352112676056482e+00
2.211267605633802980e+00
2.206088992974239105e+00
2.220140515222482680e+00
2.220140515222482680e+00
2.220140515222482680e+00
2.220140515222482680e+00
2.214953271028037296e+00
2.228971962616822733e+00
2.214953271028037296e+00
2.214953271028037296e+00
2.214953271028037296e+00
2.209790209790210014e+00
2.209790209790210014e+00
2.223776223776223748e+00
2.209790209790210014e+00
2.223776223776223748e+00
2.218604651162790820e+00
2.218604651162790820e+00
2.218604651162790820e+00
2.218604651162790820e+00
2.204651162790697949e+00
2.213457076566125448e+00
2.213457076566125448e+00
2.227378190255220325e+00
2.213457076566125448e+00
2.213457076566125448e+00
2.222222222222222321e+00
2.222222222222222321e+00
2.208333333333333481e+00
2.222222222222222321e+00
2.222222222222222321e+00
2.230946882217089922e+00
2.217090069284064935e+00
2.217090069284064935e+00
2.217090069284064935e+00
2.217090069284064935e+00
2.211981566820276690e+00
2.225806451612903469e+00
2.211981566820276690e+00
2.211981566820276690e+00
2.225806451612903469e+00
2.220689655172413790e+00
2.220689655172413790e+00
2.220689655172413790e+00
2.206896551724137900e+00
2.220689655172413790e+00
2.215596330275229509e+00
2.215596330275229509e+00
2.215596330275229509e+00
2.215596330275229509e+00
2.229357798165137794e+00
2.224256292906178878e+00
2.210526315789473895e+00
2.224256292906178878e+00
2.224256292906178878e+00
2.210526315789473895e+00
2.219178082191780810e+00
2.219178082191780810e+00
2.205479452054794898e+00
2.219178082191780810e+00
2.219178082191780810e+00
2.227790432801822540e+00
2.214123006833713436e+00
2.214123006833713436e+00
2.227790432801822540e+00
2.214123006833713436e+00
2.209090909090908994e+00
2.222727272727273107e+00
2.209090909090908994e+00
2.222727272727273107e+00
2.222727272727273107e+00
2.217687074829932214e+00
2.217687074829932214e+00
2.217687074829932214e+00
2.217687074829932214e+00
2.217687074829932214e+00
2.212669683257918685e+00
2.226244343891402799e+00
2.212669683257918685e+00
2.212669683257918685e+00
2.226244343891402799e+00
2.221218961625282429e+00
2.207674943566591885e+00
2.221218961625282429e+00
2.221218961625282429e+00
2.207674943566591885e+00
2.216216216216216228e+00
2.216216216216216228e+00
2.229729729729729826e+00
2.216216216216216228e+00
2.216216216216216228e+00
2.224719101123595610e+00
2.211235955056179758e+00
2.211235955056179758e+00
2.224719101123595610e+00
2.211235955056179758e+00
2.219730941704036287e+00
2.219730941704036287e+00
2.219730941704036287e+00
2.219730941704036287e+00
2.219730941704036287e+00
2.214765100671141074e+00
2.214765100671141074e+00
2.214765100671141074e+00
2.214765100671141074e+00
2.214765100671141074e+00
2.209821428571428825e+00
2.223214285714286031e+00
2.223214285714286031e+00
2.209821428571428825e+00
2.223214285714286031e+00
2.218262806236080298e+00
2.218262806236080298e+00
2.218262806236080298e+00
2.218262806236080298e+00
2.218262806236080298e+00
2.213333333333333375e+00
2.213333333333333375e+00
2.226666666666667016e+00
2.213333333333333375e+00
2.213333333333333375e+00
2.221729490022173348e+00
2.221729490022173348e+00
2.221729490022173348e+00
2.221729490022173348e+00
2.208425720620842636e+00
2.216814159292035846e+00
2.216814159292035846e+00
2.216814159292035846e+00
2.216814159292035846e+00
2.216814159292035846e+00
2.211920529801324697e+00
2.225165562913907547e+00
2.211920529801324697e+00
2.225165562913907547e+00
2.211920529801324697e+00
2.207048458149780235e+00
2.220264317180616676e+00
2.220264317180616676e+00
2.207048458149780235e+00
2.220264317180616676e+00
2.215384615384615508e+00
2.228571428571428648e+00
2.215384615384615508e+00
2.215384615384615508e+00
2.228571428571428648e+00
2.223684210526315930e+00
2.210526315789473895e+00
2.223684210526315930e+00
2.210526315789473895e+00
2.223684210526315930e+00
2.218818380743982743e+00
2.218818380743982743e+00
2.218818380743982743e+00
2.218818380743982743e+00
2.218818380743982743e+00
2.227074235807860347e+00
2.213973799126637942e+00
2.213973799126637942e+00
2.213973799126637942e+00
2.213973799126637942e+00
2.222222222222222321e+00
2.222222222222222321e+00
2.209150326797385766e+00
2.222222222222222321e+00
2.222222222222222321e+00
2.217391304347826164e+00
2.217391304347826164e+00
2.217391304347826164e+00
2.230434782608695876e+00
2.217391304347826164e+00
2.212581344902386338e+00
2.225596529284165292e+00
2.212581344902386338e+00
2.212581344902386338e+00
2.225596529284165292e+00
2.220779220779220964e+00
2.207792207792207861e+00
2.220779220779220964e+00
2.220779220779220964e+00
2.220779220779220964e+00
2.215982721382289800e+00
2.215982721382289800e+00
2.215982721382289800e+00
2.215982721382289800e+00
2.215982721382289800e+00
2.224137931034483096e+00
2.211206896551724199e+00
2.224137931034483096e+00
2.224137931034483096e+00
2.211206896551724199e+00
2.219354838709677313e+00
2.219354838709677313e+00
2.206451612903225890e+00
2.219354838709677313e+00
2.219354838709677313e+00
2.227467811158798661e+00
2.214592274678111927e+00
2.214592274678111927e+00
2.227467811158798661e+00
2.214592274678111927e+00
2.209850107066381408e+00
2.222698072805139535e+00
2.222698072805139535e+00
2.209850107066381408e+00
2.222698072805139535e+00
2.217948717948718063e+00
2.217948717948718063e+00
2.217948717948718063e+00
2.217948717948718063e+00
2.217948717948718063e+00
2.213219616204691320e+00
2.213219616204691320e+00
2.226012793176972426e+00
2.213219616204691320e+00
2.226012793176972426e+00
2.221276595744680726e+00
2.208510638297872308e+00
2.221276595744680726e+00
2.221276595744680726e+00
2.208510638297872308e+00
2.216560509554140079e+00
2.216560509554140079e+00
2.216560509554140079e+00
2.216560509554140079e+00
2.216560509554140079e+00
2.224576271186440746e+00
2.211864406779661341e+00
2.211864406779661341e+00
2.224576271186440746e+00
2.211864406779661341e+00
2.207188160676532895e+00
2.219873150105708515e+00
2.219873150105708515e+00
2.219873150105708515e+00
2.219873150105708515e+00
2.215189873417721778e+00
2.227848101265823111e+00
2.215189873417721778e+00
2.215189873417721778e+00
2.215189873417721778e+00
2.210526315789473895e+00
2.223157894736842444e+00
2.223157894736842444e+00
2.210526315789473895e+00
2.223157894736842444e+00
2.218487394957983305e+00
2.218487394957983305e+00
2.218487394957983305e+00
2.218487394957983305e+00
2.205882352941176627e+00
2.213836477987421336e+00
2.213836477987421336e+00
2.226415094339622591e+00
2.213836477987421336e+00
2.213836477987421336e+00
2.221757322175732519e+00
2.221757322175732519e+00
2.209205020920502527e+00
2.221757322175732519e+00
2.221757322175732519e+00
2.229645093945720635e+00
2.217118997912317369e+00
2.217118997912317369e+00
2.217118997912317369e+00
2.217118997912317369e+00
2.212500000000000355e+00
2.225000000000000089e+00
2.212500000000000355e+00
2.212500000000000355e+00
2.225000000000000089e+00
2.220374220374220720e+00
2.220374220374220720e+00
2.220374220374220720e+00
2.207900207900208134e+00
2.220374220374220720e+00
2.215767634854771906e+00
2.215767634854771906e+00
2.215767634854771906e+00
2.215767634854771906e+00
2.228215767634854849e+00
2.223602484472049667e+00
2.211180124223602661e+00
2.223602484472049667e+00
2.211180124223602661e+00
2.211180124223602661e+00
2.219008264462809965e+00
2.219008264462809965e+00
2.219008264462809965e+00
2.219008264462809965e+00
2.219008264462809965e+00
2.226804123711340289e+00
2.214432989690721776e+00
2.214432989690721776e+00
2.226804123711340289e+00
2.214432989690721776e+00
2.209876543209876587e+00
2.222222222222222321e+00
2.209876543209876587e+00
2.222222222222222321e+00
2.222222222222222321e+00
2.217659137577002060e+00
2.217659137577002060e+00
2.217659137577002060e+00
2.217659137577002060e+00
2.217659137577002060e+00
2.213114754098361114e+00
2.225409836065574076e+00
2.213114754098361114e+00
2.213114754098361114e+00
2.225409836065574076e+00
2.220858895705521530e+00
2.208588957055214852e+00
2.220858895705521530e+00
2.220858895705521530e+00
2.220858895705521530e+00
2.216326530612244827e+00
2.216326530612244827e+00
2.228571428571428648e+00
2.216326530612244827e+00
2.216326530612244827e+00
2.224032586558045033e+00
2.211812627291242617e+00
2.211812627291242617e+00
2.224032586558045033e+00
2.211812627291242617e+00
2.219512195121951414e+00
2.219512195121951414e+00
2.219512195121951414e+00
2.219512195121951414e+00
2.219512195121951414e+00
2.215010141987829861e+00
2.215010141987829861e+00
2.215010141987829861e+00
2.227180527383367359e+00
2.215010141987829861e+00
2.210526315789473895e+00
2.222672064777328149e+00
2.222672064777328149e+00
2.210526315789473895e+00
2.222672064777328149e+00
2.218181818181818254e+00
2.206060606060606055e+00
2.218181818181818254e+00
2.218181818181818254e+00
2.218181818181818254e+00
2.213709677419354982e+00
2.213709677419354982e+00
2.225806451612903469e+00
2.213709677419354982e+00
2.213709677419354982e+00
2.221327967806840942e+00
2.221327967806840942e+00
2.221327967806840942e+00
2.221327967806840942e+00
2.209255533199195654e+00
2.216867469879518104e+00
2.216867469879518104e+00
2.216867469879518104e+00
2.216867469879518104e+00
2.216867469879518104e+00
2.224448897795591407e+00
2.224448897795591407e+00
2.212424849699398788e+00
2.224448897795591407e+00
2.212424849699398788e+00
2.208000000000000185e+00
2.220000000000000195e+00
2.220000000000000195e+00
2.208000000000000185e+00
2.220000000000000195e+00
2.215568862275449025e+00
2.227544910179640958e+00
2.215568862275449025e+00
2.215568862275449025e+00
2.227544910179640958e+00
2.223107569721115784e+00
2.211155378486056033e+00
2.223107569721115784e+00
2.211155378486056033e+00
2.223107569721115784e+00
2.218687872763419833e+00
2.218687872763419833e+00
2.218687872763419833e+00
2.218687872763419833e+00
2.218687872763419833e+00
2.226190476190476275e+00
2.214285714285714413e+00
2.214285714285714413e+00
2.214285714285714413e+00
2.214285714285714413e+00
2.221782178217821979e+00
2.221782178217821979e+00
2.209900990099010087e+00
2.221782178217821979e+00
2.221782178217821979e+00
2.217391304347826164e+00
2.217391304347826164e+00
2.217391304347826164e+00
2.217391304347826164e+00
2.217391304347826164e+00
2.213017751479290141e+00
2.224852071005917420e+00
2.213017751479290141e+00
2.213017751479290141e+00
2.224852071005917420e+00
2.220472440944881942e+00
2.220472440944881942e+00
2.220472440944881942e+00
2.220472440944881942e+00
2.220472440944881942e+00
2.216110019646365448e+00
2.216110019646365448e+00
2.216110019646365448e+00
2.216110019646365448e+00
2.216110019646365448e+00
2.223529411764705976e+00
2.211764705882353077e+00
2.223529411764705976e+00
2.223529411764705976e+00
2.211764705882353077e+00
2.219178082191780810e+00
2.219178082191780810e+00
2.207436399217221012e+00
2.219178082191780810e+00
2.219178082191780810e+00
2.226562500000000000e+00
2.214843750000000000e+00
2.214843750000000000e+00
2.226562500000000000e+00
2.214843750000000000e+00
2.210526315789473895e+00
2.222222222222222321e+00
2.222222222222222321e+00
2.210526315789473895e+00
2.222222222222222321e+00
2.217898832684825017e+00
2.217898832684825017e+00
2.217898832684825017e+00
2.217898832684825017e+00
2.217898832684825017e+00
2.213592233009709087e+00
2.213592233009709087e+00
2.225242718446601931e+00
2.213592233009709087e+00
2.225242718446601931e+00
2.220930232558139483e+00
2.209302325581395277e+00
2.220930232558139483e+00
2.220930232558139483e+00
2.209302325581395277e+00
2.216634429400386797e+00
2.216634429400386797e+00
2.228239845261122287e+00
2.216634429400386797e+00
2.216634429400386797e+00
2.223938223938223935e+00
2.212355212355212597e+00
2.212355212355212597e+00
2.223938223938223935e+00
2.212355212355212597e+00
2.208092485549133066e+00
2.219653179190751668e+00
2.219653179190751668e+00
2.219653179190751668e+00
2.219653179190751668e+00
2.215384615384615508e+00
2.226923076923077005e+00
2.215384615384615508e+00
2.215384615384615508e+00
2.215384615384615508e+00
2.211132437619961699e+00
2.222648752399232652e+00
2.222648752399232652e+00
2.211132437619961699e+00
2.222648752399232652e+00
2.218390804597701216e+00
2.218390804597701216e+00
2.218390804597701216e+00
2.218390804597701216e+00
2.218390804597701216e+00
2.214149139579350223e+00
2.214149139579350223e+00
2.225621414913958152e+00
2.214149139579350223e+00
2.214149139579350223e+00
2.221374045801526975e+00
2.221374045801526975e+00
2.209923664122137588e+00
2.221374045801526975e+00
2.221374045801526975e+00
2.228571428571428648e+00
2.217142857142857526e+00
2.217142857142857526e+00
2.217142857142857526e+00
2.217142857142857526e+00
2.212927756653992439e+00
2.224334600760456304e+00
2.212927756653992439e+00
2.224334600760456304e+00
2.224334600760456304e+00
2.220113851992409959e+00
2.220113851992409959e+00
2.220113851992409959e+00
2.208728652751423382e+00
2.220113851992409959e+00
2.215909090909091272e+00
2.215909090909091272e+00
2.215909090909091272e+00
2.215909090909091272e+00
2.227272727272727515e+00
2.223062381852551894e+00
2.211720226843100434e+00
2.223062381852551894e+00
2.211720226843100434e+00
2.211720226843100434e+00
2.218867924528301838e+00
2.218867924528301838e+00
2.218867924528301838e+00
2.218867924528301838e+00
2.218867924528301838e+00
2.225988700564971889e+00
2.214689265536723628e+00
2.214689265536723628e+00
2.225988700564971889e+00
2.214689265536723628e+00
2.221804511278195449e+00
2.221804511278195449e+00
2.210526315789473895e+00
2.221804511278195449e+00
2.221804511278195449e+00
2.217636022514071215e+00
2.217636022514071215e+00
2.217636022514071215e+00
2.217636022514071215e+00
2.217636022514071215e+00
2.213483146067416030e+00
2.224719101123595610e+00
2.213483146067416030e+00
2.213483146067416030e+00
2.224719101123595610e+00
2.220560747663551382e+00
2.209345794392523210e+00
2.220560747663551382e+00
2.220560747663551382e+00
2.220560747663551382e+00
2.216417910447761486e+00
2.216417910447761486e+00
2.227611940298507509e+00
2.216417910447761486e+00
2.216417910447761486e+00
2.223463687150838197e+00
2.212290502793296199e+00
2.212290502793296199e+00
2.223463687150838197e+00
2.212290502793296199e+00
2.219330855018587734e+00
2.219330855018587734e+00
2.219330855018587734e+00
2.219330855018587734e+00
2.219330855018587734e+00
2.215213358070501126e+00
2.215213358070501126e+00
2.215213358070501126e+00
2.226345083487940801e+00
2.215213358070501126e+00
2.211111111111111249e+00
2.222222222222222321e+00
2.222222222222222321e+00
2.211111111111111249e+00
2.222222222222222321e+00
2.218114602587800466e+00
2.218114602587800466e+00
2.218114602587800466e+00
2.218114602587800466e+00
2.218114602587800466e+00
2.214022140221402424e+00
2.214022140221402424e+00
2.225092250922509063e+00
2.214022140221402424e+00
2.214022140221402424e+00
2.220994475138121871e+00
2.220994475138121871e+00
2.220994475138121871e+00
2.220994475138121871e+00
2.209944751381215600e+00
2.216911764705882693e+00
2.216911764705882693e+00
2.216911764705882693e+00
2.216911764705882693e+00
2.216911764705882693e+00
2.223853211009174657e+00
2.223853211009174657e+00
2.212844036697247940e+00
2.223853211009174657e+00
2.212844036697247940e+00
2.208791208791208938e+00
2.219780219780219888e+00
2.219780219780219888e+00
2.208791208791208938e+00
2.219780219780219888e+00
2.215722120658135452e+00
2.226691042047532321e+00
2.215722120658135452e+00
2.215722120658135452e+00
2.226691042047532321e+00
2.222627737226277489e+00
2.211678832116788396e+00
2.222627737226277489e+00
2.211678832116788396e+00
2.222627737226277489e+00
2.218579234972677838e+00
2.218579234972677838e+00
2.218579234972677838e+00
2.218579234972677838e+00
2.218579234972677838e+00
2.225454545454545574e+00
2.214545454545454817e+00
2.225454545454545574e+00
2.214545454545454817e+00
2.214545454545454817e+00
2.221415607985480989e+00
2.221415607985480989e+00
2.210526315789473895e+00
2.221415607985480989e+00
2.221415607985480989e+00
2.217391304347826164e+00
2.217391304347826164e+00
2.217391304347826164e+00
2.217391304347826164e+00
2.217391304347826164e+00
2.213381555153707048e+00
2.224231464737794095e+00
2.213381555153707048e+00
2.213381555153707048e+00
2.224231464737794095e+00
2.220216606498194967e+00
2.220216606498194967e+00
2.220216606498194967e+00
2.220216606498194967e+00
2.220216606498194967e+00
2.216216216216216228e+00
2.216216216216216228e+00
2.216216216216216228e+00
2.216216216216216228e+00
2.227027027027026929e+00
2.223021582733812895e+00
2.212230215827338142e+00
2.223021582733812895e+00
2.223021582733812895e+00
2.212230215827338142e+00
2.219030520646319893e+00
2.219030520646319893e+00
2.208258527827648088e+00
2.219030520646319893e+00
2.219030520646319893e+00
2.225806451612903469e+00
2.215053763440860468e+00
2.215053763440860468e+00
2.225806451612903469e+00
2.215053763440860468e+00
2.211091234347048573e+00
2.221824686940966131e+00
2.221824686940966131e+00
2.221824686940966131e+00
2.221824686940966131e+00
2.217857142857142971e+00
2.217857142857142971e+00
2.217857142857142971e+00
2.217857142857142971e+00
2.217857142857142971e+00
2.213903743315507988e+00
2.213903743315507988e+00
2.224598930481283876e+00
2.213903743315507988e+00
2.224598930481283876e+00
2.220640569395017749e+00
2.209964412811388002e+00
2.220640569395017749e+00
2.220640569395017749e+00
2.209964412811388002e+00
2.216696269982238121e+00
2.216696269982238121e+00
2.227353463587922189e+00
2.216696269982238121e+00
2.216696269982238121e+00
2.223404255319149314e+00
2.212765957446808596e+00
2.212765957446808596e+00
2.223404255319149314e+00
2.212765957446808596e+00
2.219469026548672730e+00
2.219469026548672730e+00
2.219469026548672730e+00
2.219469026548672730e+00
2.219469026548672730e+00
2.215547703180212213e+00
2.226148409893993207e+00
2.215547703180212213e+00
2.215547703180212213e+00
2.215547703180212213e+00
2.211640211640211628e+00
2.222222222222222321e+00
2.222222222222222321e+00
2.211640211640211628e+00
2.222222222222222321e+00
2.218309859154929953e+00
2.218309859154929953e+00
2.218309859154929953e+00
2.218309859154929953e+00
2.218309859154929953e+00
2.214411247803163452e+00
2.214411247803163452e+00
2.224956063268892947e+00
2.214411247803163452e+00
2.214411247803163452e+00
2.221052631578947612e+00
2.221052631578947612e+00
2.210526315789473895e+00
2.221052631578947612e+00
2.210526315789473895e+00
2.217162872154115671e+00
2.217162872154115671e+00
2.217162872154115671e+00
2.217162872154115671e+00
2.217162872154115671e+00
2.213286713286713780e+00
2.223776223776223748e+00
2.213286713286713780e+00
2.223776223776223748e+00
2.223776223776223748e+00
2.219895287958115304e+00
2.219895287958115304e+00
2.219895287958115304e+00
2.209424083769633729e+00
2.219895287958115304e+00
2.216027874564460376e+00
2.226480836236933936e+00
2.216027874564460376e+00
2.216027874564460376e+00
2.226480836236933936e+00
2.222608695652174227e+00
2.212173913043478546e+00
2.222608695652174227e+00
2.212173913043478546e+00
2.212173913043478546e+00
2.218750000000000444e+00
2.218750000000000444e+00
2.218750000000000444e+00
2.218750000000000444e+00
2.218750000000000444e+00
2.225303292894280638e+00
2.214904679376083152e+00
2.214904679376083152e+00
2.225303292894280638e+00
2.214904679376083152e+00
2.221453287197232118e+00
2.221453287197232118e+00
2.211072664359861495e+00
2.221453287197232118e+00
2.221453287197232118e+00
2.217616580310881158e+00
2.217616580310881158e+00
2.217616580310881158e+00
2.227979274611399330e+00
2.217616580310881158e+00
2.213793103448276067e+00
2.224137931034483096e+00
2.213793103448276067e+00
2.213793103448276067e+00
2.224137931034483096e+00
2.220309810671256656e+00
2.209982788296041445e+00
2.220309810671256656e+00
2.220309810671256656e+00
2.220309810671256656e+00
2.216494845360824861e+00
2.216494845360824861e+00
2.216494845360824861e+00
2.216494845360824861e+00
2.216494845360824861e+00
2.222984562607204229e+00
2.212692967409948697e+00
2.222984562607204229e+00
2.222984562607204229e+00
2.212692967409948697e+00
2.219178082191780810e+00
2.219178082191780810e+00
2.219178082191780810e+00
2.219178082191780810e+00
2.219178082191780810e+00
2.215384615384615508e+00
2.215384615384615508e+00
2.215384615384615508e+00
2.225641025641025728e+00
2.215384615384615508e+00
2.211604095563139971e+00
2.221843003412969697e+00
2.221843003412969697e+00
2.211604095563139971e+00
2.221843003412969697e+00
2.218057921635434582e+00
2.218057921635434582e+00
2.218057921635434582e+00
2.218057921635434582e+00
2.218057921635434582e+00
2.214285714285714413e+00
2.214285714285714413e+00
2.224489795918367818e+00
2.214285714285714413e+00
2.224489795918367818e+00
2.220713073005093463e+00
2.220713073005093463e+00
2.220713073005093463e+00
2.220713073005093463e+00
2.210526315789473895e+00
2.216949152542373014e+00
2.216949152542373014e+00
2.216949152542373014e+00
2.216949152542373014e+00
2.216949152542373014e+00
2.223350253807106824e+00
2.223350253807106824e+00
2.213197969543147181e+00
2.223350253807106824e+00
2.213197969543147181e+00
2.209459459459459651e+00
2.219594594594594739e+00
2.219594594594594739e+00
2.219594594594594739e+00
2.219594594594594739e+00
2.215851602023608979e+00
2.225969645868465463e+00
2.215851602023608979e+00
2.215851602023608979e+00
2.215851602023608979e+00
2.212121212121212377e+00
2.222222222222222321e+00
2.222222222222222321e+00
2.212121212121212377e+00
2.222222222222222321e+00
2.218487394957983305e+00
2.218487394957983305e+00
2.218487394957983305e+00
2.218487394957983305e+00
2.218487394957983305e+00
2.224832214765100957e+00
2.214765100671141074e+00
2.224832214765100957e+00
2.214765100671141074e+00
2.214765100671141074e+00
2.221105527638191024e+00
2.221105527638191024e+00
2.211055276381909795e+00
2.221105527638191024e+00
2.221105527638191024e+00
2.227424749163879447e+00
2.217391304347826164e+00
2.217391304347826164e+00
2.217391304347826164e+00
2.217391304347826164e+00
2.213689482470785119e+00
2.223706176961603109e+00
2.213689482470785119e+00
2.213689482470785119e+00
2.223706176961603109e+00
2.220000000000000195e+00
2.220000000000000195e+00
2.220000000000000195e+00
2.220000000000000195e+00
2.220000000000000195e+00
2.216306156405990269e+00
2.216306156405990269e+00
2.216306156405990269e+00
2.216306156405990269e+00
2.226289517470882107e+00
2.222591362126245862e+00
2.212624584717608034e+00
2.222591362126245862e+00
2.222591362126245862e+00
2.212624584717608034e+00
2.218905472636815812e+00
2.218905472636815812e+00
2.218905472636815812e+00
2.218905472636815812e+00
2.218905472636815812e+00
2.225165562913907547e+00
2.215231788079470299e+00
2.215231788079470299e+00
2.225165562913907547e+00
2.215231788079470299e+00
2.211570247933884570e+00
2.221487603305785097e+00
2.211570247933884570e+00
2.221487603305785097e+00
2.221487603305785097e+00
2.217821782178218015e+00
2.217821782178218015e+00
2.217821782178218015e+00
2.217821782178218015e+00
2.217821782178218015e+00
2.214168039538715327e+00
2.224052718286655850e+00
2.224052718286655850e+00
2.214168039538715327e+00
2.224052718286655850e+00
2.220394736842105754e+00
2.210526315789473895e+00
2.220394736842105754e+00
2.220394736842105754e+00
2.210526315789473895e+00
2.216748768472906583e+00
2.216748768472906583e+00
2.226600985221674822e+00
2.216748768472906583e+00
2.216748768472906583e+00
2.222950819672131484e+00
2.213114754098361114e+00
2.213114754098361114e+00
2.222950819672131484e+00
2.213114754098361114e+00
2.219312602291325653e+00
2.219312602291325653e+00
2.219312602291325653e+00
2.219312602291325653e+00
2.219312602291325653e+00
2.215686274509804043e+00
2.215686274509804043e+00
2.215686274509804043e+00
2.225490196078431460e+00
2.215686274509804043e+00
2.212071778140293876e+00
2.221859706362153464e+00
2.221859706362153464e+00
2.212071778140293876e+00
2.221859706362153464e+00
2.218241042345276970e+00
2.218241042345276970e+00
2.218241042345276970e+00
2.218241042345276970e+00
2.218241042345276970e+00
2.214634146341463605e+00
2.214634146341463605e+00
2.224390243902439224e+00
2.214634146341463605e+00
2.214634146341463605e+00
2.220779220779220964e+00
2.220779220779220964e+00
2.220779220779220964e+00
2.220779220779220964e+00
2.211038961038961137e+00
2.217179902755267662e+00
2.217179902755267662e+00
2.217179902755267662e+00
2.217179902755267662e+00
2.217179902755267662e+00
2.223300970873786309e+00
2.223300970873786309e+00
2.213592233009709087e+00
2.223300970873786309e+00
2.223300970873786309e+00
2.219709208400646450e+00
2.219709208400646450e+00
2.219709208400646450e+00
2.210016155088853296e+00
2.219709208400646450e+00
2.216129032258064679e+00
2.225806451612903469e+00
2.216129032258064679e+00
2.216129032258064679e+00
2.225806451612903469e+00
2.222222222222222321e+00
2.212560386473430007e+00
2.222222222222222321e+00
2.212560386473430007e+00
2.222222222222222321e+00
2.218649517684887940e+00
2.218649517684887940e+00
2.218649517684887940e+00
2.218649517684887940e+00
2.218649517684887940e+00
2.224719101123595610e+00
2.215088282504012795e+00
2.215088282504012795e+00
2.215088282504012795e+00
2.215088282504012795e+00
2.221153846153846256e+00
2.221153846153846256e+00
2.211538461538461675e+00
2.221153846153846256e+00
2.221153846153846256e+00
2.217600000000000016e+00
2.217600000000000016e+00
2.217600000000000016e+00
2.227199999999999847e+00
2.217600000000000016e+00
2.214057507987220674e+00
2.223642172523961680e+00
2.214057507987220674e+00
2.214057507987220674e+00
2.223642172523961680e+00
2.220095693779904789e+00
2.220095693779904789e+00
2.220095693779904789e+00
2.220095693779904789e+00
2.220095693779904789e+00
2.216560509554140079e+00
2.216560509554140079e+00
2.216560509554140079e+00
2.216560509554140079e+00
2.216560509554140079e+00
2.222575516693163777e+00
2.213036565977742676e+00
2.222575516693163777e+00
2.222575516693163777e+00
2.213036565977742676e+00
2.219047619047619158e+00
2.219047619047619158e+00
2.219047619047619158e+00
2.219047619047619158e+00
2.219047619047619158e+00
2.225039619651347333e+00
2.215530903328050805e+00
2.215530903328050805e+00
2.225039619651347333e+00
2.215530903328050805e+00
2.212025316455696444e+00
2.221518987341772000e+00
2.221518987341772000e+00
2.212025316455696444e+00
2.221518987341772000e+00
2.218009478672986035e+00
2.218009478672986035e+00
2.218009478672986035e+00
2.218009478672986035e+00
2.218009478672986035e+00
2.214511041009463721e+00
2.214511041009463721e+00
2.223974763406940447e+00
2.214511041009463721e+00
2.223974763406940447e+00
2.220472440944881942e+00
2.211023622047244341e+00
2.220472440944881942e+00
2.220472440944881942e+00
2.211023622047244341e+00
2.216981132075471539e+00
2.216981132075471539e+00
2.226415094339622591e+00
2.216981132075471539e+00
2.216981132075471539e+00
2.222919937205651397e+00
2.222919937205651397e+00
2.213500784929356424e+00
2.222919937205651397e+00
2.213500784929356424e+00
2.210031347962382320e+00
2.219435736677116022e+00
2.219435736677116022e+00
2.219435736677116022e+00
2.219435736677116022e+00
2.215962441314553999e+00
2.225352112676056482e+00
2.215962441314553999e+00
2.215962441314553999e+00
2.215962441314553999e+00
2.212500000000000355e+00
2.221875000000000266e+00
2.221875000000000266e+00
2.212500000000000355e+00
2.221875000000000266e+00
2.218408736349454013e+00
2.218408736349454013e+00
2.218408736349454013e+00
2.218408736349454013e+00
2.227769110764430849e+00
2.224299065420560773e+00
2.214953271028037296e+00
2.224299065420560773e+00
2.214953271028037296e+00
2.214953271028037296e+00
2.220839813374805516e+00
2.220839813374805516e+00
2.211508553654743636e+00
2.220839813374805516e+00
2.220839813374805516e+00
2.226708074534161863e+00
2.217391304347826164e+00
2.217391304347826164e+00
2.217391304347826164e+00
2.217391304347826164e+00
2.213953488372093492e+00
2.223255813953488591e+00
2.213953488372093492e+00
2.223255813953488591e+00
2.223255813953488591e+00
2.219814241486068429e+00
2.219814241486068429e+00
2.219814241486068429e+00
2.210526315789473895e+00
2.219814241486068429e+00
2.216383307573416062e+00
2.216383307573416062e+00
2.216383307573416062e+00
2.216383307573416062e+00
2.225656877897991048e+00
2.222222222222222321e+00
2.212962962962962798e+00
2.222222222222222321e+00
2.222222222222222321e+00
2.212962962962962798e+00
2.218798151001541097e+00
2.218798151001541097e+00
2.218798151001541097e+00
2.218798151001541097e+00
2.218798151001541097e+00
2.224615384615384883e+00
2.215384615384615508e+00
2.215384615384615508e+00
2.224615384615384883e+00
2.215384615384615508e+00
2.221198156682027580e+00
2.221198156682027580e+00
2.211981566820276690e+00
2.221198156682027580e+00
2.221198156682027580e+00
2.217791411042944638e+00
2.217791411042944638e+00
2.217791411042944638e+00
2.217791411042944638e+00
2.217791411042944638e+00
2.214395099540582112e+00
2.223583460949464463e+00
2.214395099540582112e+00
2.214395099540582112e+00
2.223583460949464463e+00
2.220183486238532122e+00
2.211009174311926451e+00
2.220183486238532122e+00
2.220183486238532122e+00
2.220183486238532122e+00
2.216793893129771487e+00
2.216793893129771487e+00
2.225954198473282464e+00
2.216793893129771487e+00
2.216793893129771487e+00
2.222560975609756184e+00
2.213414634146341431e+00
2.222560975609756184e+00
2.222560975609756184e+00
2.213414634146341431e+00
2.219178082191780810e+00
2.219178082191780810e+00
2.219178082191780810e+00
2.219178082191780810e+00
2.219178082191780810e+00
2.215805471124620230e+00
2.215805471124620230e+00
2.215805471124620230e+00
2.224924012158054687e+00
2.215805471124620230e+00
2.212443095599393228e+00
2.221547799696510062e+00
2.221547799696510062e+00
2.212443095599393228e+00
2.221547799696510062e+00
2.218181818181818254e+00
2.227272727272727515e+00
2.218181818181818254e+00
2.218181818181818254e+00
2.218181818181818254e+00
2.214826021180030580e+00
2.214826021180030580e+00
2.223903177004538989e+00
2.214826021180030580e+00
2.214826021180030580e+00
2.220543806646526175e+00
2.220543806646526175e+00
2.220543806646526175e+00
2.220543806646526175e+00
2.211480362537764588e+00
2.217194570135746723e+00
2.217194570135746723e+00
2.217194570135746723e+00
2.217194570135746723e+00
2.217194570135746723e+00
2.222891566265060348e+00
2.222891566265060348e+00
2.213855421686746983e+00
2.222891566265060348e+00
2.213855421686746983e+00
2.210526315789473895e+00
2.219548872180451493e+00
2.219548872180451493e+00
2.219548872180451493e+00
2.219548872180451493e+00
2.216216216216216228e+00
2.225225225225225589e+00
2.216216216216216228e+00
2.216216216216216228e+00
2.225225225225225589e+00
2.221889055472264118e+00
2.212893553223388210e+00
2.221889055472264118e+00
2.212893553223388210e+00
2.221889055472264118e+00
2.218562874251497341e+00
2.218562874251497341e+00
2.218562874251497341e+00
2.218562874251497341e+00
2.218562874251497341e+00
2.224215246636771504e+00
2.215246636771300626e+00
2.224215246636771504e+00
2.215246636771300626e+00
2.215246636771300626e+00
2.220895522388059984e+00
2.220895522388059984e+00
2.211940298507462543e+00
2.220895522388059984e+00
2.220895522388059984e+00
2.217585692995529101e+00
2.217585692995529101e+00
2.217585692995529101e+00
2.226527570789865962e+00
2.217585692995529101e+00
2.214285714285714413e+00
2.223214285714286031e+00
2.214285714285714413e+00
2.214285714285714413e+00
2.223214285714286031e+00
2.219910846953937700e+00
2.219910846953937700e+00
2.219910846953937700e+00
2.219910846953937700e+00
2.219910846953937700e+00
2.216617210682492622e+00
2.216617210682492622e+00
2.216617210682492622e+00
2.216617210682492622e+00
2.225519287833828130e+00
2.222222222222222321e+00
2.213333333333333375e+00
2.222222222222222321e+00
2.222222222222222321e+00
2.213333333333333375e+00
2.218934911242603558e+00
2.218934911242603558e+00
2.210059171597633210e+00
2.218934911242603558e+00
2.218934911242603558e+00
2.224519940915805183e+00
2.215657311669128937e+00
2.215657311669128937e+00
2.224519940915805183e+00
2.215657311669128937e+00
2.212389380530973337e+00
2.221238938053097467e+00
2.221238938053097467e+00
2.221238938053097467e+00
2.221238938053097467e+00
2.217967599410898494e+00
2.217967599410898494e+00
2.217967599410898494e+00
2.217967599410898494e+00
2.217967599410898494e+00
2.214705882352941302e+00
2.223529411764705976e+00
2.223529411764705976e+00
2.214705882352941302e+00
2.223529411764705976e+00
2.220264317180616676e+00
2.211453744493391937e+00
2.220264317180616676e+00
2.220264317180616676e+00
2.211453744493391937e+00
2.217008797653959196e+00
2.217008797653959196e+00
2.225806451612903469e+00
2.217008797653959196e+00
2.217008797653959196e+00
2.222547584187408720e+00
2.222547584187408720e+00
2.213762811127379493e+00
2.222547584187408720e+00
2.213762811127379493e+00
2.219298245614035547e+00
2.219298245614035547e+00
2.219298245614035547e+00
2.219298245614035547e+00
2.219298245614035547e+00
2.216058394160584033e+00
2.224817518248175308e+00
2.216058394160584033e+00
2.216058394160584033e+00
2.216058394160584033e+00
2.212827988338192498e+00
2.221574344023323988e+00
2.221574344023323988e+00
2.212827988338192498e+00
2.221574344023323988e+00
2.218340611353712077e+00
2.218340611353712077e+00
2.218340611353712077e+00
2.218340611353712077e+00
2.218340611353712077e+00
2.215116279069767380e+00
2.215116279069767380e+00
2.223837209302325757e+00
2.215116279069767380e+00
2.215116279069767380e+00
2.220609579100145226e+00
2.220609579100145226e+00
2.220609579100145226e+00
2.220609579100145226e+00
2.220609579100145226e+00
2.226086956521739157e+00
2.217391304347826164e+00
2.217391304347826164e+00
2.217391304347826164e+00
2.217391304347826164e+00
2.214182344428364591e+00
2.222865412445730993e+00
2.214182344428364591e+00
2.222865412445730993e+00
2.222865412445730993e+00
2.219653179190751668e+00
2.219653179190751668e+00
2.219653179190751668e+00
2.210982658959538050e+00
2.219653179190751668e+00
2.216450216450216448e+00
2.225108225108225479e+00
2.216450216450216448e+00
2.216450216450216448e+00
2.225108225108225479e+00
2.221902017291066400e+00
2.213256484149856096e+00
2.221902017291066400e+00
2.213256484149856096e+00
2.221902017291066400e+00
2.218705035971223261e+00
2.218705035971223261e+00
2.218705035971223261e+00
2.218705035971223261e+00
2.218705035971223261e+00
2.224137931034483096e+00
2.215517241379310498e+00
2.215517241379310498e+00
2.224137931034483096e+00
2.215517241379310498e+00
2.220946915351506679e+00
2.220946915351506679e+00
2.212338593974175094e+00
2.220946915351506679e+00
2.220946915351506679e+00
2.217765042979942702e+00
2.217765042979942702e+00
2.217765042979942702e+00
2.226361031518624856e+00
2.217765042979942702e+00
2.214592274678111927e+00
2.223175965665236120e+00
2.214592274678111927e+00
2.214592274678111927e+00
2.223175965665236120e+00
2.220000000000000195e+00
2.211428571428571299e+00
2.220000000000000195e+00
2.220000000000000195e+00
2.220000000000000195e+00
2.216833095577745993e+00
2.216833095577745993e+00
2.225392296718973206e+00
2.216833095577745993e+00
2.216833095577745993e+00
2.222222222222222321e+00
2.213675213675213804e+00
2.222222222222222321e+00
2.222222222222222321e+00
2.213675213675213804e+00
2.219061166429587395e+00
2.219061166429587395e+00
2.219061166429587395e+00
2.219061166429587395e+00
2.219061166429587395e+00
2.224431818181818343e+00
2.215909090909091272e+00
2.215909090909091272e+00
2.224431818181818343e+00
2.215909090909091272e+00
2.212765957446808596e+00
2.221276595744680726e+00
2.221276595744680726e+00
2.212765957446808596e+00
2.221276595744680726e+00
2.218130311614730843e+00
2.218130311614730843e+00
2.218130311614730843e+00
2.218130311614730843e+00
2.218130311614730843e+00
2.214992927864214867e+00
2.214992927864214867e+00
2.223479490806223424e+00
2.214992927864214867e+00
2.223479490806223424e+00
2.220338983050847315e+00
2.220338983050847315e+00
2.220338983050847315e+00
2.220338983050847315e+00
2.211864406779661341e+00
2.217207334273624930e+00
2.217207334273624930e+00
2.225669957686883027e+00
2.217207334273624930e+00
2.217207334273624930e+00
2.222535211267605781e+00
2.222535211267605781e+00
2.214084507042253680e+00
2.222535211267605781e+00
2.214084507042253680e+00
2.210970464135021185e+00
2.219409282700422370e+00
2.219409282700422370e+00
2.219409282700422370e+00
2.219409282700422370e+00
2.216292134831460814e+00
2.224719101123595610e+00
2.216292134831460814e+00
2.216292134831460814e+00
2.224719101123595610e+00
2.221598877980364595e+00
2.221598877980364595e+00
2.221598877980364595e+00
2.213183730715287734e+00
2.221598877980364595e+00
2.218487394957983305e+00
2.218487394957983305e+00
2.218487394957983305e+00
2.218487394957983305e+00
2.218487394957983305e+00
2.223776223776223748e+00
2.215384615384615508e+00
2.223776223776223748e+00
2.215384615384615508e+00
2.215384615384615508e+00
2.220670391061452698e+00
2.220670391061452698e+00
2.212290502793296199e+00
2.220670391061452698e+00
2.220670391061452698e+00
2.225941422594142516e+00
2.217573221757322521e+00
2.217573221757322521e+00
2.217573221757322521e+00
2.217573221757322521e+00
2.214484679665738032e+00
2.222841225626741135e+00
2.214484679665738032e+00
2.222841225626741135e+00
2.222841225626741135e+00
2.219749652294854325e+00
2.219749652294854325e+00
2.219749652294854325e+00
2.219749652294854325e+00
2.219749652294854325e+00
2.216666666666666785e+00
2.216666666666666785e+00
2.216666666666666785e+00
2.216666666666666785e+00
2.225000000000000089e+00
2.221914008321775658e+00
2.213592233009709087e+00
2.221914008321775658e+00
2.221914008321775658e+00
2.213592233009709087e+00
2.218836565096953262e+00
2.218836565096953262e+00
2.218836565096953262e+00
2.218836565096953262e+00
2.218836565096953262e+00
2.224066390041493868e+00
2.215767634854771906e+00
2.215767634854771906e+00
2.224066390041493868e+00
2.215767634854771906e+00
2.220994475138121871e+00
2.220994475138121871e+00
2.212707182320441834e+00
2.220994475138121871e+00
2.220994475138121871e+00
2.217931034482758523e+00
2.217931034482758523e+00
2.217931034482758523e+00
2.217931034482758523e+00
2.217931034482758523e+00
2.214876033057851412e+00
2.223140495867768962e+00
2.223140495867768962e+00
2.214876033057851412e+00
2.223140495867768962e+00
2.220082530949106125e+00
2.211829436038514896e+00
2.220082530949106125e+00
2.220082530949106125e+00
2.220082530949106125e+00
2.217032967032967150e+00
2.217032967032967150e+00
2.225274725274725363e+00
2.217032967032967150e+00
2.217032967032967150e+00
2.222222222222222321e+00
2.213991769547325461e+00
2.213991769547325461e+00
2.222222222222222321e+00
2.213991769547325461e+00
2.219178082191780810e+00
2.219178082191780810e+00
2.219178082191780810e+00
2.219178082191780810e+00
2.219178082191780810e+00
2.216142270861833463e+00
2.224350205198358577e+00
2.216142270861833463e+00
2.224350205198358577e+00
2.216142270861833463e+00
2.213114754098361114e+00
2.221311475409836422e+00
2.221311475409836422e+00
2.213114754098361114e+00
2.221311475409836422e+00
2.218281036834925057e+00
2.226466575716234519e+00
2.218281036834925057e+00
2.218281036834925057e+00
2.218281036834925057e+00
2.215258855585831466e+00
2.215258855585831466e+00
2.223433242506811958e+00
2.215258855585831466e+00
2.215258855585831466e+00
2.220408163265306101e+00
2.220408163265306101e+00
2.220408163265306101e+00
2.220408163265306101e+00
2.212244897959183998e+00
2.217391304347826164e+00
2.217391304347826164e+00
2.217391304347826164e+00
2.217391304347826164e+00
2.217391304347826164e+00
2.222523744911804489e+00
2.222523744911804489e+00
2.214382632293080189e+00
2.222523744911804489e+00
2.222523744911804489e+00
2.219512195121951414e+00
2.219512195121951414e+00
2.219512195121951414e+00
2.219512195121951414e+00
2.219512195121951414e+00
2.216508795669824394e+00
2.224627875507442454e+00
2.216508795669824394e+00
2.216508795669824394e+00
2.224627875507442454e+00
2.221621621621621578e+00
2.213513513513513775e+00
2.221621621621621578e+00
2.213513513513513775e+00
2.221621621621621578e+00
2.218623481781376583e+00
2.218623481781376583e+00
2.218623481781376583e+00
2.218623481781376583e+00
2.218623481781376583e+00
2.223719676549865465e+00
2.215633423180593198e+00
2.223719676549865465e+00
2.215633423180593198e+00
2.215633423180593198e+00
2.220726783310901897e+00
2.220726783310901897e+00
2.212651413189771432e+00
2.220726783310901897e+00
2.220726783310901897e+00
2.217741935483870996e+00
2.217741935483870996e+00
2.217741935483870996e+00
2.225806451612903469e+00
2.217741935483870996e+00
2.214765100671141074e+00
2.222818791946308714e+00
2.214765100671141074e+00
2.214765100671141074e+00
2.222818791946308714e+00
2.219839142091152961e+00
2.219839142091152961e+00
2.219839142091152961e+00
2.219839142091152961e+00
2.219839142091152961e+00
2.216867469879518104e+00
2.216867469879518104e+00
2.216867469879518104e+00
2.216867469879518104e+00
2.224899598393574429e+00
2.221925133689839793e+00
2.213903743315507988e+00
2.221925133689839793e+00
2.221925133689839793e+00
2.213903743315507988e+00
2.218958611481975929e+00
2.218958611481975929e+00
2.218958611481975929e+00
2.218958611481975929e+00
2.218958611481975929e+00
2.224000000000000199e+00
2.216000000000000192e+00
2.216000000000000192e+00
2.224000000000000199e+00
2.216000000000000192e+00
2.213049267643142581e+00
2.221038615179760534e+00
2.221038615179760534e+00
2.221038615179760534e+00
2.221038615179760534e+00
2.218085106382979177e+00
2.218085106382979177e+00
2.218085106382979177e+00
2.218085106382979177e+00
2.218085106382979177e+00
2.215139442231075950e+00
2.215139442231075950e+00
2.223107569721115784e+00
2.215139442231075950e+00
2.223107569721115784e+00
2.220159151193633829e+00
2.212201591511936627e+00
2.220159151193633829e+00
2.220159151193633829e+00
2.212201591511936627e+00
2.217218543046358015e+00
2.217218543046358015e+00
2.225165562913907547e+00
2.217218543046358015e+00
2.217218543046358015e+00
2.222222222222222321e+00
2.222222222222222321e+00
2.214285714285714413e+00
2.222222222222222321e+00
2.214285714285714413e+00
2.219286657859973921e+00
2.219286657859973921e+00
2.219286657859973921e+00
2.219286657859973921e+00
2.219286657859973921e+00
2.216358839050132090e+00
2.224274406332454213e+00
2.216358839050132090e+00
2.216358839050132090e+00
2.216358839050132090e+00
2.213438735177865713e+00
2.221343873517786616e+00
2.221343873517786616e+00
2.213438735177865713e+00
2.221343873517786616e+00
2.218421052631578849e+00
2.218421052631578849e+00
2.218421052631578849e+00
2.218421052631578849e+00
2.226315789473684248e+00
2.223390275952694228e+00
2.215505913272010741e+00
2.223390275952694228e+00
2.215505913272010741e+00
2.215505913272010741e+00
2.220472440944881942e+00
2.220472440944881942e+00
2.220472440944881942e+00
2.220472440944881942e+00
2.220472440944881942e+00
2.225425950196592506e+00
2.217562254259502375e+00
2.217562254259502375e+00
2.217562254259502375e+00
2.217562254259502375e+00
2.214659685863874294e+00
2.222513089005235809e+00
2.214659685863874294e+00
2.222513089005235809e+00
2.222513089005235809e+00
2.219607843137255010e+00
2.219607843137255010e+00
2.219607843137255010e+00
2.211764705882353077e+00
2.219607843137255010e+00
2.216710182767624104e+00
2.224543080939948236e+00
2.216710182767624104e+00
2.216710182767624104e+00
2.224543080939948236e+00
2.221642764015645533e+00
2.213820078226858001e+00
2.221642764015645533e+00
2.221642764015645533e+00
2.213820078226858001e+00
2.218750000000000444e+00
2.218750000000000444e+00
2.218750000000000444e+00
2.218750000000000444e+00
2.218750000000000444e+00
2.223667100130039209e+00
2.215864759427828456e+00
2.215864759427828456e+00
2.223667100130039209e+00
2.215864759427828456e+00
2.220779220779220964e+00
2.220779220779220964e+00
2.212987012987013280e+00
2.220779220779220964e+00
2.220779220779220964e+00
2.217898832684825017e+00
2.217898832684825017e+00
2.217898832684825017e+00
2.225680933852140164e+00
2.217898832684825017e+00
2.215025906735751171e+00
2.222797927461139800e+00
2.215025906735751171e+00
2.215025906735751171e+00
2.222797927461139800e+00
2.219922380336352141e+00
2.212160413971539619e+00
2.219922380336352141e+00
2.219922380336352141e+00
2.219922380336352141e+00
2.217054263565891858e+00
2.217054263565891858e+00
2.224806201550387996e+00
2.217054263565891858e+00
2.217054263565891858e+00
2.221935483870967953e+00
2.214193548387096921e+00
2.221935483870967953e+00
2.221935483870967953e+00
2.214193548387096921e+00
2.219072164948453718e+00
2.219072164948453718e+00
2.219072164948453718e+00
2.219072164948453718e+00
2.219072164948453718e+00
2.223938223938223935e+00
2.216216216216216228e+00
2.216216216216216228e+00
2.223938223938223935e+00
2.216216216216216228e+00
2.221079691516709698e+00
2.221079691516709698e+00
2.228791773778920682e+00
2.221079691516709698e+00
2.228791773778920682e+00
2.225930680359435421e+00
2.233632862644415962e+00
