1.817454363590897959e+00
1.808452113028257147e+00
1.799449862465616334e+00
1.789447361840460049e+00
1.781445361340335154e+00
1.772443110777694342e+00
1.763440860215053752e+00
1.753438359589897466e+00
1.743435858964741403e+00
1.734433608402100591e+00
1.725431357839459778e+00
1.715428857214303493e+00
1.706426606651663125e+00
1.695423855963991144e+00
1.686421605401350332e+00
1.676419104776194047e+00
1.666416604151037761e+00
1.656414103525881698e+00
1.646411602900725191e+00
1.636409102275568905e+00
1.626406601650412620e+00
1.617404351087772252e+00
1.606401600400100271e+00
1.596399099774943764e+00
1.585396349087271783e+00
1.575393848462115498e+00
1.565391347836959213e+00
1.554388597149287232e+00
1.543385846461615696e+00
1.533383345836459188e+00
1.522380595148787208e+00
1.511377844461115227e+00
1.499374843710927774e+00
1.488372093023255793e+00
1.478369592398099508e+00
1.466366591647912054e+00
1.455363840960240074e+00
1.443360840210052398e+00
1.432358089522380418e+00
1.421355338834708437e+00
1.409352338084521206e+00
1.397349337334333308e+00
1.385346336584146076e+00
1.373343335833958179e+00
1.361340335083770947e+00
1.348337084271067798e+00
1.336334083520879901e+00
1.324331082770692669e+00
1.311327831957989520e+00
1.298324581145286372e+00
