1.781484570475396323e+00
1.741451209341117634e+00
1.711426188490408729e+00
1.676396997497914931e+00
1.636363636363636243e+00
1.601334445371142667e+00
1.561301084236864201e+00
1.521267723102585512e+00
1.481234361968307045e+00
1.436196830692243465e+00
1.396163469557964998e+00
1.346121768140116748e+00
1.296080066722268720e+00
1.251042535446205362e+00
1.201000834028357112e+00
1.145954962468723970e+00
1.085904920767306159e+00
1.025854879065888348e+00
9.608006672226855338e-01
8.907422852376981615e-01
8.106755629691410059e-01
7.256046705587990697e-01
6.305254378648874614e-01
5.154295246038366196e-01
3.653044203502919252e-01
1.501251042535446147e-02
-5.004170141784820836e-02
-5.004170141784820836e-02
-4.503753127606338613e-02
-5.004170141784820836e-02
-5.004170141784820836e-02
-5.004170141784820836e-02
-4.503753127606338613e-02
-5.004170141784820836e-02
-5.004170141784820836e-02
-5.004170141784820836e-02
-4.503753127606338613e-02
-4.503753127606338613e-02
-4.503753127606338613e-02
-5.004170141784820836e-02
-5.004170141784820836e-02
-5.004170141784820836e-02
-5.004170141784820836e-02
-5.004170141784820836e-02
-5.004170141784820836e-02
-5.004170141784820836e-02
-5.004170141784820836e-02
-5.004170141784820836e-02
-4.503753127606338613e-02
-4.503753127606338613e-02
