2.641840087623220423e+00
2.596340150699677274e+00
2.546990496304118334e+00
2.496894409937888248e+00
2.443768996960486550e+00
2.390485629335976192e+00
2.334946757018393271e+00
2.277620396600566810e+00
2.218951241950322117e+00
2.159355416293643692e+00
2.095569070373588527e+00
2.028595458368376736e+00
1.961634695579649756e+00
1.886572143452877492e+00
1.811509591326105006e+00
1.731442869057548073e+00
1.646371976647206026e+00
1.556296914095079309e+00
1.461217681401167701e+00
1.356130108423686531e+00
1.246038365304420470e+00
1.115929941618015064e+00
9.708090075062552060e-01
7.956630525437864421e-01
5.804837364470393224e-01
3.002502085070892779e-01
-4.854045037531276030e-01
-4.854045037531276030e-01
-4.854045037531276030e-01
-4.854045037531276030e-01
-4.854045037531276030e-01
-4.854045037531276030e-01
-4.854045037531276030e-01
-4.854045037531276030e-01
-4.854045037531276030e-01
-4.854045037531276030e-01
-4.904086738949124391e-01
-4.854045037531276030e-01
-4.854045037531276030e-01
-4.854045037531276030e-01
-4.854045037531276030e-01
-4.854045037531276030e-01
-4.854045037531276030e-01
-4.854045037531276030e-01
-4.854045037531276030e-01
-4.854045037531276030e-01
-4.854045037531276030e-01
-4.854045037531276030e-01
-4.854045037531276030e-01
-4.854045037531276030e-01
