2.104712041884816642e+00
2.065068493150684859e+00
2.025188916876574652e+00
1.981651376146789101e+00
1.936613844870725742e+00
1.891576313594662384e+00
1.851542952460383695e+00
1.806505421184320337e+00
1.756463719766472087e+00
1.706422018348624059e+00
1.651376146788990917e+00
1.601334445371142667e+00
1.546288573811509526e+00
1.491242702251876606e+00
1.426188490408674125e+00
1.361134278565471423e+00
1.296080066722268720e+00
1.221017514595496234e+00
1.145954962468723970e+00
1.065888240200166814e+00
9.758131776480400976e-01
8.707256046705588171e-01
7.556296914095079753e-01
6.205170975813177892e-01
4.453711426188490807e-01
1.751459549624687362e-01
-2.802335279399499890e-01
-2.852376980817348251e-01
-2.802335279399499890e-01
-2.852376980817348251e-01
-2.802335279399499890e-01
-2.852376980817348251e-01
-2.802335279399499890e-01
-2.802335279399499890e-01
-2.802335279399499890e-01
-2.852376980817348251e-01
-2.852376980817348251e-01
-2.802335279399499890e-01
-2.802335279399499890e-01
-2.802335279399499890e-01
-2.802335279399499890e-01
-2.802335279399499890e-01
-2.802335279399499890e-01
-2.802335279399499890e-01
-2.852376980817348251e-01
-2.852376980817348251e-01
-2.852376980817348251e-01
-2.852376980817348251e-01
-2.852376980817348251e-01
-2.852376980817348251e-01
