1.886572143452877492e+00
1.846538782318598804e+00
1.811509591326105006e+00
1.776480400333611431e+00
1.736447039199332742e+00
1.696413678065054276e+00
1.651376146788990917e+00
1.611342785654712229e+00
1.571309424520433540e+00
1.526271893244370181e+00
1.476230191826522153e+00
1.431192660550458795e+00
1.381150959132610545e+00
1.326105087572977403e+00
1.271059216013344484e+00
1.216013344453711564e+00
1.155963302752293753e+00
1.085904920767306159e+00
1.020850708924103456e+00
9.457881567973311920e-01
8.657214345287740365e-01
7.706422018348624281e-01
6.705587989991660391e-01
5.454545454545455252e-01
3.903252710592160502e-01
1.100917431192660612e-01
-1.601334445371142556e-01
-1.601334445371142556e-01
-1.601334445371142556e-01
-1.601334445371142556e-01
-1.651376146788990917e-01
-1.601334445371142556e-01
-1.601334445371142556e-01
-1.651376146788990917e-01
-1.601334445371142556e-01
-1.601334445371142556e-01
-1.601334445371142556e-01
-1.601334445371142556e-01
-1.651376146788990917e-01
-1.651376146788990917e-01
-1.651376146788990917e-01
-1.601334445371142556e-01
-1.601334445371142556e-01
-1.601334445371142556e-01
-1.601334445371142556e-01
-1.601334445371142556e-01
-1.601334445371142556e-01
-1.601334445371142556e-01
-1.601334445371142556e-01
-1.601334445371142556e-01
