8.514190317195324820e-01
8.313856427378965019e-01
8.113522537562604109e-01
7.913188647746244309e-01
7.612687813021702388e-01
7.312186978297162687e-01
7.111853088480801777e-01
6.911519198664440866e-01
6.611018363939900055e-01
6.410684474123540255e-01
6.010016694490818434e-01
5.809682804674457524e-01
5.409015025041736813e-01
5.008347245409014992e-01
4.707846410684474736e-01
4.307178631051753470e-01
3.906510851419032204e-01
3.305509181969950028e-01
2.704507512520868406e-01
1.903171953255425597e-01
6.010016694490818295e-02
-1.061769616026711160e+00
-1.111853088480801555e+00
-1.181969949916527485e+00
-1.242070116861435869e+00
-1.302170283806344031e+00
-1.372287145242070183e+00
-1.442404006677796557e+00
-1.512520868113522488e+00
-1.572621035058430872e+00
-1.642737896494157024e+00
-1.712854757929883398e+00
-1.782971619365609328e+00
-1.853088480801335480e+00
-1.943238731218697835e+00
-2.023372287145241977e+00
-2.107826086956521738e+00
-2.207650273224043946e+00
-2.710084033613445520e+00
-2.851351351351351315e+00
-2.868965517241379271e+00
-2.874418604651162834e+00
-2.887850467289719614e+00
-2.887323943661971981e+00
-2.879999999999999893e+00
-2.886792452830188704e+00
-2.893617021276595924e+00
-2.886255924170616272e+00
-2.886255924170616272e+00
-2.878859857482185536e+00
