5.566896551724138220e+00
5.498976109215017338e+00
5.443994601889337481e+00
5.379586390927284967e+00
5.328938694792353381e+00
5.252604166666666075e+00
5.181001283697047377e+00
5.115749525616697824e+00
5.051186017478152657e+00
4.984615384615384670e+00
4.912067919951486061e+00
4.834429169157202999e+00
4.762352941176470900e+00
4.687898089171974370e+00
4.614684120660216493e+00
4.536912751677852462e+00
4.454695222405272048e+00
4.368336025848142512e+00
4.274551214361140161e+00
4.194315245478036580e+00
4.099039919151086231e+00
4.005923000987166915e+00
3.905678537054860566e+00
3.801312089971884411e+00
3.693849658314350748e+00
3.586389748121962207e+00
3.476475620188195226e+00
3.359207266721717655e+00
3.232419547079857125e+00
3.102476190476191054e+00
2.965441978901418807e+00
2.812715964063579932e+00
2.661884577763286241e+00
2.493744278303326123e+00
2.307996609211641736e+00
2.110252447192169090e+00
1.855463865966491710e+00
1.597399349837459459e+00
1.283320830207551833e+00
8.822205551387847233e-01
4.231057764441110147e-01
-1.280320080020005136e-01
-3.358568479008947616e+00
-3.375866851595006768e+00
-3.392334494773519005e+00
-3.389972144846796542e+00
-3.389972144846796542e+00
-3.387613082811412824e+00
-3.397489539748954623e+00
-3.392757660167130762e+00
