1.772954924874791338e+00
1.732888146911519378e+00
1.712854757929883398e+00
1.672787979966610994e+00
1.642737896494157024e+00
1.612687813021702832e+00
1.582637729549248862e+00
1.542570951585976902e+00
1.512520868113522488e+00
1.472454090150250527e+00
1.432387312186978345e+00
1.402337228714524375e+00
1.362270450751252193e+00
1.322203672787980011e+00
1.282136894824708051e+00
1.232053422370617879e+00
1.191986644407345697e+00
1.141903171953255525e+00
1.091819699499165353e+00
1.041736227045075180e+00
9.816360601001670183e-01
9.315525876460767352e-01
8.614357262103506940e-01
7.913188647746244309e-01
7.212020033388982787e-01
6.310517529215359245e-01
5.409015025041736813e-01
4.407345575959933370e-01
3.505843071786310938e-01
2.704507512520868406e-01
2.003338898163606052e-01
1.402337228714524431e-01
8.013355592654425319e-02
2.003338898163606330e-02
-3.005008347245409148e-02
-7.011686143572622154e-02
-1.302170283806343976e-01
-1.702838063439065242e-01
-2.203672787979966685e-01
-2.604340567612687951e-01
-2.904841402337228762e-01
-3.305509181969950028e-01
-3.806343906510851194e-01
-4.106844741235392560e-01
-4.507512520868113826e-01
-4.908180300500835092e-01
-5.308848080133555802e-01
-5.609348914858097723e-01
-6.010016694490818434e-01
-6.310517529215359245e-01
