1.771476230191826762e+00
1.741451209341117634e+00
1.711426188490408729e+00
1.681401167639699601e+00
1.646371976647206026e+00
1.616346955796497342e+00
1.586321934945788215e+00
1.551292743953294639e+00
1.516263552960800620e+00
1.481234361968307045e+00
1.441201000834028356e+00
1.406171809841534781e+00
1.361134278565471423e+00
1.326105087572977403e+00
1.281067556296914045e+00
1.241034195162635578e+00
1.190992493744787328e+00
1.145954962468723970e+00
1.095913261050875942e+00
1.040867389491242800e+00
9.908256880733945504e-01
9.307756463719767392e-01
8.657214345287740365e-01
8.006672226855713337e-01
7.206005004170141781e-01
6.405337781484570225e-01
5.404503753127606336e-01
4.253544620517097363e-01
2.752293577981651529e-01
1.201000834028356917e-01
-5.504587155963303058e-02
-2.702251876563803168e-01
-1.921601334445371068e+00
-1.926605504587156181e+00
-1.926605504587156181e+00
-1.926605504587156181e+00
-1.926605504587156181e+00
-1.926605504587156181e+00
-1.926605504587156181e+00
-1.926605504587156181e+00
-1.926605504587156181e+00
-1.926605504587156181e+00
-1.926605504587156181e+00
-1.921601334445371068e+00
-1.926605504587156181e+00
-1.926605504587156181e+00
-1.926605504587156181e+00
-1.921601334445371068e+00
-1.926605504587156181e+00
-1.926605504587156181e+00
