1.771476230191826762e+00
1.751459549624687417e+00
1.736447039199332742e+00
1.716430358632193620e+00
1.696413678065054276e+00
1.676396997497914931e+00
1.656380316930775587e+00
1.636363636363636243e+00
1.616346955796497342e+00
1.596330275229357998e+00
1.571309424520433540e+00
1.551292743953294639e+00
1.531276063386155295e+00
1.506255212677231281e+00
1.481234361968307045e+00
1.456213511259382809e+00
1.436196830692243465e+00
1.411175979983319451e+00
1.386155129274395437e+00
1.361134278565471423e+00
1.331109257714762295e+00
1.306088407005838281e+00
1.281067556296914045e+00
1.251042535446205362e+00
1.221017514595496234e+00
1.195996663886572220e+00
1.165971643035863314e+00
1.135946622185154409e+00
1.100917431192660612e+00
1.065888240200166814e+00
1.030859049207673239e+00
1.000834028356964112e+00
9.608006672226855338e-01
9.207673060884070670e-01
8.807339449541284893e-01
8.356964136780651309e-01
7.956630525437864421e-01
7.456213511259383031e-01
6.955796497080900531e-01
6.455379482902419142e-01
5.904920767306088836e-01
5.404503753127606336e-01
4.904086738949124391e-01
4.353628023352794085e-01
3.903252710592160502e-01
3.402835696413678557e-01
2.852376980817348251e-01
2.402001668056713835e-01
1.851542952460383806e-01
1.351125938281901584e-01
