1.492487479131886507e+00
1.462437395659432537e+00
1.432387312186978345e+00
1.392320534223706163e+00
1.362270450751252193e+00
1.332220367278798001e+00
1.302170283806344031e+00
1.262103505843071849e+00
1.232053422370617879e+00
1.191986644407345697e+00
1.151919866444073515e+00
1.111853088480801555e+00
1.061769616026711160e+00
1.011686143572620988e+00
9.716193656093489173e-01
9.215358931552587451e-01
8.714524207011686840e-01
8.213689482470785119e-01
7.512520868113522488e-01
7.011686143572621877e-01
6.410684474123540255e-01
5.809682804674457524e-01
5.308848080133555802e-01
4.607679465776293726e-01
4.106844741235392560e-01
3.505843071786310938e-01
2.904841402337228762e-01
2.303839732888146863e-01
1.702838063439065242e-01
1.101836393989983343e-01
5.008347245409015130e-02
-2.003338898163606330e-02
-8.013355592654425319e-02
-1.402337228714524431e-01
-2.203672787979966685e-01
-2.904841402337228762e-01
-3.706176961602671294e-01
-4.507512520868113826e-01
-5.308848080133555802e-01
-6.210350584307179345e-01
-7.212020033388982787e-01
-8.313856427378965019e-01
-9.515859766277129372e-01
-1.091819699499165353e+00
-1.252086811352253859e+00
-1.432387312186978345e+00
-1.672787979966610994e+00
-2.020100502512562901e+00
-2.640522875816993409e+00
-4.482758620689655693e+00
