0.000e+00  1.249e-245  4.422e-52
1.000e+00  5.229e-245  4.422e-52
2.000e+00  2.587e-244  4.422e-52
3.000e+00  1.289e-243  4.422e-52
4.000e+00  6.429e-243  4.422e-52
5.000e+00  3.206e-242  4.422e-52
6.000e+00  1.599e-241  4.422e-52
7.000e+00  7.976e-241  4.422e-52
8.000e+00  3.979e-240  4.422e-52
9.000e+00  1.985e-239  4.422e-52
1.000e+01  9.904e-239  4.422e-52
1.100e+01  4.942e-238  4.422e-52
1.200e+01  2.466e-237  4.422e-52
1.300e+01  1.231e-236  4.422e-52
1.400e+01  6.144e-236  4.422e-52
1.500e+01  3.067e-235  4.422e-52
1.600e+01  1.531e-234  4.422e-52
1.700e+01  7.646e-234  4.422e-52
1.800e+01  3.818e-233  4.422e-52
1.900e+01  1.907e-232  4.422e-52
2.000e+01  9.525e-232  4.422e-52
2.100e+01  4.758e-231  4.422e-52
2.200e+01  2.377e-230  4.422e-52
2.300e+01  1.188e-229  4.422e-52
2.400e+01  5.934e-229  4.422e-52
2.500e+01  2.966e-228  4.422e-52
2.600e+01  1.482e-227  4.422e-52
2.700e+01  7.409e-227  4.422e-52
2.800e+01  3.704e-226  4.422e-52
2.900e+01  1.852e-225  4.422e-52
3.000e+01  9.258e-225  4.422e-52
3.100e+01  4.629e-224  4.422e-52
3.200e+01  2.315e-223  4.422e-52
3.300e+01  1.158e-222  4.422e-52
3.400e+01  5.792e-222  4.422e-52
3.500e+01  2.898e-221  4.422e-52
3.600e+01  1.450e-220  4.422e-52
3.700e+01  7.254e-220  4.422e-52
3.800e+01  3.630e-219  4.422e-52
3.900e+01  1.817e-218  4.422e-52
4.000e+01  9.093e-218  4.422e-52
4.100e+01  4.552e-217  4.422e-52
4.200e+01  2.279e-216  4.422e-52
4.300e+01  1.141e-215  4.422e-52
4.400e+01  5.713e-215  4.422e-52
4.500e+01  2.861e-214  4.422e-52
4.600e+01  1.433e-213  4.422e-52
4.700e+01  7.177e-213  4.422e-52
4.800e+01  3.595e-212  4.422e-52
4.900e+01  1.801e-211  4.422e-52
5.000e+01  9.024e-211  4.422e-52
5.100e+01  4.522e-210  4.422e-52
5.200e+01  2.266e-209  4.422e-52
5.300e+01  1.136e-208  4.422e-52
5.400e+01  5.693e-208  4.422e-52
5.500e+01  2.854e-207  4.422e-52
5.600e+01  1.431e-206  4.422e-52
5.700e+01  7.175e-206  4.422e-52
5.800e+01  3.598e-205  4.422e-52
5.900e+01  1.804e-204  4.422e-52
6.000e+01  9.050e-204  4.422e-52
6.100e+01  4.539e-203  4.422e-52
6.200e+01  2.277e-202  4.422e-52
6.300e+01  1.143e-201  4.422e-52
6.400e+01  5.733e-201  4.422e-52
6.500e+01  2.877e-200  4.422e-52
6.600e+01  1.444e-199  4.422e-52
6.700e+01  7.247e-199  4.422e-52
6.800e+01  3.638e-198  4.422e-52
6.900e+01  1.826e-197  4.422e-52
7.000e+01  9.169e-197  4.422e-52
7.100e+01  4.604e-196  4.422e-52
7.200e+01  2.312e-195  4.422e-52
7.300e+01  1.161e-194  4.422e-52
7.400e+01  5.832e-194  4.422e-52
7.500e+01  2.930e-193  4.422e-52
7.600e+01  1.472e-192  4.422e-52
7.700e+01  7.395e-192  4.422e-52
7.800e+01  3.716e-191  4.422e-52
7.900e+01  1.867e-190  4.422e-52
8.000e+01  9.385e-190  4.422e-52
8.100e+01  4.717e-189  4.422e-52
8.200e+01  2.371e-188  4.422e-52
8.300e+01  1.192e-187  4.422e-52
8.400e+01  5.994e-187  4.422e-52
8.500e+01  3.014e-186  4.422e-52
8.600e+01  1.516e-185  4.422e-52
8.700e+01  7.624e-185  4.422e-52
8.800e+01  3.835e-184  4.422e-52
8.900e+01  1.929e-183  4.422e-52
9.000e+01  9.705e-183  4.422e-52
9.100e+01  4.883e-182  4.422e-52
9.200e+01  2.457e-181  4.422e-52
9.300e+01  1.237e-180  4.422e-52
9.400e+01  6.223e-180  4.422e-52
9.500e+01  3.133e-179  4.422e-52
9.600e+01  1.577e-178  4.422e-52
9.700e+01  7.939e-178  4.422e-52
9.800e+01  3.997e-177  4.422e-52
9.900e+01  2.013e-176  4.422e-52
1.000e+02  1.014e-175  4.422e-52
1.010e+02  5.106e-175  4.422e-52
1.020e+02  2.572e-174  4.422e-52
1.030e+02  1.296e-173  4.422e-52
1.040e+02  6.527e-173  4.422e-52
1.050e+02  3.289e-172  4.422e-52
1.060e+02  1.657e-171  4.422e-52
1.070e+02  8.352e-171  4.422e-52
1.080e+02  4.209e-170  4.422e-52
1.090e+02  2.122e-169  4.422e-52
1.100e+02  1.070e-168  4.422e-52
1.110e+02  5.393e-168  4.422e-52
1.120e+02  2.719e-167  4.422e-52
1.130e+02  1.371e-166  4.422e-52
1.140e+02  6.915e-166  4.422e-52
1.150e+02  3.488e-165  4.422e-52
1.160e+02  1.759e-164  4.422e-52
1.170e+02  8.875e-164  4.422e-52
1.180e+02  4.477e-163  4.422e-52
1.190e+02  2.259e-162  4.422e-52
1.200e+02  1.140e-161  4.422e-52
1.210e+02  5.753e-161  4.422e-52
1.220e+02  2.904e-160  4.422e-52
1.230e+02  1.466e-159  4.422e-52
1.240e+02  7.399e-159  4.422e-52
1.250e+02  3.736e-158  4.422e-52
1.260e+02  1.886e-157  4.422e-52
1.270e+02  9.524e-157  4.422e-52
1.280e+02  4.810e-156  4.422e-52
1.290e+02  2.429e-155  4.422e-52
1.300e+02  1.227e-154  4.422e-52
1.310e+02  6.199e-154  4.422e-52
1.320e+02  3.132e-153  4.422e-52
1.330e+02  1.582e-152  4.422e-52
1.340e+02  7.996e-152  4.422e-52
1.350e+02  4.041e-151  4.422e-52
1.360e+02  2.042e-150  4.422e-52
1.370e+02  1.032e-149  4.422e-52
1.380e+02  5.219e-149  4.422e-52
1.390e+02  2.638e-148  4.422e-52
1.400e+02  1.334e-147  4.422e-52
1.410e+02  6.746e-147  4.422e-52
1.420e+02  3.411e-146  4.422e-52
1.430e+02  1.725e-145  4.422e-52
1.440e+02  8.727e-145  4.422e-52
1.450e+02  4.415e-144  4.422e-52
1.460e+02  2.233e-143  4.422e-52
1.470e+02  1.130e-142  4.422e-52
1.480e+02  5.718e-142  4.422e-52
1.490e+02  2.894e-141  4.422e-52
1.500e+02  1.465e-140  4.422e-52
1.510e+02  7.413e-140  4.422e-52
1.520e+02  3.753e-139  4.422e-52
1.530e+02  1.900e-138  4.422e-52
1.540e+02  9.619e-138  4.422e-52
1.550e+02  4.871e-137  4.422e-52
1.560e+02  2.467e-136  4.422e-52
1.570e+02  1.249e-135  4.422e-52
1.580e+02  6.327e-135  4.422e-52
1.590e+02  3.205e-134  4.422e-52
1.600e+02  1.624e-133  4.422e-52
1.610e+02  8.227e-133  4.422e-52
1.620e+02  4.169e-132  4.422e-52
1.630e+02  2.113e-131  4.422e-52
1.640e+02  1.071e-130  4.422e-52
1.650e+02  5.427e-130  4.422e-52
1.660e+02  2.751e-129  4.422e-52
1.670e+02  1.394e-128  4.422e-52
1.680e+02  7.070e-128  4.422e-52
1.690e+02  3.585e-127  4.422e-52
1.700e+02  1.818e-126  4.422e-52
1.710e+02  9.219e-126  4.422e-52
1.720e+02  4.676e-125  4.422e-52
1.730e+02  2.372e-124  4.422e-52
1.740e+02  1.203e-123  4.422e-52
1.750e+02  6.105e-123  4.422e-52
1.760e+02  3.098e-122  4.422e-52
1.770e+02  1.572e-121  4.422e-52
1.780e+02  7.977e-121  4.422e-52
1.790e+02  4.049e-120  4.422e-52
1.800e+02  2.055e-119  4.422e-52
1.810e+02  1.043e-118  4.422e-52
1.820e+02  5.296e-118  4.422e-52
1.830e+02  2.689e-117  4.422e-52
1.840e+02  1.365e-116  4.422e-52
1.850e+02  6.934e-116  4.422e-52
1.860e+02  3.522e-115  4.422e-52
1.870e+02  1.789e-114  4.422e-52
1.880e+02  9.087e-114  4.422e-52
1.890e+02  4.616e-113  4.422e-52
1.900e+02  2.346e-112  4.422e-52
1.910e+02  1.192e-111  4.422e-52
1.920e+02  6.057e-111  4.422e-52
1.930e+02  3.078e-110  4.422e-52
1.940e+02  1.565e-109  4.422e-52
1.950e+02  7.953e-109  4.422e-52
1.960e+02  4.043e-108  4.422e-52
1.970e+02  2.056e-107  4.422e-52
1.980e+02  1.045e-106  4.422e-52
1.990e+02  5.315e-106  4.422e-52
2.000e+02  2.703e-105  4.422e-52
2.010e+02  1.375e-104  4.422e-52
2.020e+02  6.993e-104  4.422e-52
2.030e+02  3.557e-103  4.422e-52
2.040e+02  1.810e-102  4.422e-52
2.050e+02  9.208e-102  4.422e-52
2.060e+02  4.686e-101  4.422e-52
2.070e+02  2.385e-100  4.422e-52
2.080e+02  1.214e-99  4.422e-52
2.090e+02  6.177e-99  4.422e-52
2.100e+02  3.145e-98  4.422e-52
2.110e+02  1.601e-97  4.422e-52
2.120e+02  8.151e-97  4.422e-52
2.130e+02  4.150e-96  4.422e-52
2.140e+02  2.114e-95  4.422e-52
2.150e+02  1.076e-94  4.422e-52
2.160e+02  5.482e-94  4.422e-52
2.170e+02  2.793e-93  4.422e-52
2.180e+02  1.423e-92  4.422e-52
2.190e+02  7.248e-92  4.422e-52
2.200e+02  3.693e-91  4.422e-52
2.210e+02  1.882e-90  4.422e-52
2.220e+02  9.591e-90  4.422e-52
2.230e+02  4.888e-89  4.422e-52
2.240e+02  2.492e-88  4.422e-52
2.250e+02  1.270e-87  4.422e-52
2.260e+02  6.476e-87  4.422e-52
2.270e+02  3.302e-86  4.422e-52
2.280e+02  1.684e-85  4.422e-52
2.290e+02  8.586e-85  4.422e-52
2.300e+02  4.379e-84  4.422e-52
2.310e+02  2.233e-83  4.422e-52
2.320e+02  1.139e-82  4.422e-52
2.330e+02  5.812e-82  4.422e-52
2.340e+02  2.965e-81  4.422e-52
2.350e+02  1.513e-80  4.422e-52
2.360e+02  7.721e-80  4.422e-52
2.370e+02  3.940e-79  4.422e-52
2.380e+02  2.011e-78  4.422e-52
2.390e+02  1.027e-77  4.422e-52
2.400e+02  5.240e-77  4.422e-52
2.410e+02  2.675e-76  4.422e-52
2.420e+02  1.366e-75  4.422e-52
2.430e+02  6.975e-75  4.422e-52
2.440e+02  3.562e-74  4.422e-52
2.450e+02  1.819e-73  4.422e-52
2.460e+02  9.292e-73  4.422e-52
2.470e+02  4.747e-72  4.422e-52
2.480e+02  2.425e-71  4.422e-52
2.490e+02  1.239e-70  4.422e-52
2.500e+02  6.330e-70  4.422e-52
2.510e+02  3.235e-69  4.422e-52
2.520e+02  1.653e-68  4.422e-52
2.530e+02  8.450e-68  4.422e-52
2.540e+02  4.319e-67  4.422e-52
2.550e+02  2.208e-66  4.422e-52
2.560e+02  1.129e-65  4.422e-52
2.570e+02  5.771e-65  4.422e-52
2.580e+02  2.951e-64  4.422e-52
2.590e+02  1.509e-63  4.422e-52
2.600e+02  7.718e-63  4.422e-52
2.610e+02  3.948e-62  4.422e-52
2.620e+02  2.019e-61  4.422e-52
2.630e+02  1.033e-60  4.422e-52
2.640e+02  5.286e-60  4.422e-52
2.650e+02  2.704e-59  4.422e-52
2.660e+02  1.384e-58  4.422e-52
2.670e+02  7.082e-58  4.422e-52
2.680e+02  3.625e-57  4.423e-52
2.690e+02  1.855e-56  4.425e-52
2.700e+02  9.492e-56  4.431e-52
2.710e+02  4.852e-55  4.453e-52
2.720e+02  2.471e-54  4.523e-52
2.730e+02  1.245e-53  4.742e-52
2.740e+02  6.071e-53  5.405e-52
2.750e+02  2.745e-52  7.377e-52
2.760e+02  1.104e-51  1.310e-51
2.770e+02  3.949e-51  2.929e-51
2.780e+02  1.285e-50  7.411e-51
2.790e+02  3.904e-50  1.958e-50
2.800e+02  1.126e-49  5.203e-50
2.810e+02  3.125e-49  1.371e-49
2.820e+02  8.415e-49  3.562e-49
2.830e+02  2.211e-48  9.130e-49
2.840e+02  5.696e-48  2.309e-48
2.850e+02  1.443e-47  5.768e-48
2.860e+02  3.604e-47  1.425e-47
2.870e+02  8.890e-47  3.484e-47
2.880e+02  2.169e-46  8.440e-47
2.890e+02  5.244e-46  2.028e-46
2.900e+02  1.257e-45  4.834e-46
2.910e+02  2.988e-45  1.144e-45
2.920e+02  7.056e-45  2.692e-45
2.930e+02  1.655e-44  6.293e-45
2.940e+02  3.861e-44  1.463e-44
2.950e+02  8.954e-44  3.383e-44
2.960e+02  2.066e-43  7.786e-44
2.970e+02  4.743e-43  1.784e-43
2.980e+02  1.084e-42  4.068e-43
2.990e+02  2.467e-42  9.239e-43
3.000e+02  5.592e-42  2.090e-42
3.010e+02  1.263e-41  4.710e-42
3.020e+02  2.840e-41  1.058e-41
3.030e+02  6.366e-41  2.367e-41
3.040e+02  1.422e-40  5.280e-41
3.050e+02  3.166e-40  1.174e-40
3.060e+02  7.028e-40  2.602e-40
3.070e+02  1.555e-39  5.751e-40
3.080e+02  3.432e-39  1.267e-39
3.090e+02  7.551e-39  2.785e-39
3.100e+02  1.657e-38  6.104e-39
3.110e+02  3.626e-38  1.334e-38
3.120e+02  7.914e-38  2.909e-38
3.130e+02  1.723e-37  6.327e-38
3.140e+02  3.743e-37  1.373e-37
3.150e+02  8.110e-37  2.971e-37
3.160e+02  1.753e-36  6.417e-37
3.170e+02  3.781e-36  1.383e-36
3.180e+02  8.137e-36  2.973e-36
3.190e+02  1.747e-35  6.377e-36
3.200e+02  3.744e-35  1.365e-35
3.210e+02  8.004e-35  2.916e-35
3.220e+02  1.708e-34  6.217e-35
3.230e+02  3.637e-34  1.323e-34
3.240e+02  7.729e-34  2.809e-34
3.250e+02  1.639e-33  5.952e-34
3.260e+02  3.471e-33  1.259e-33
3.270e+02  7.333e-33  2.658e-33
3.280e+02  1.547e-32  5.601e-33
3.290e+02  3.256e-32  1.178e-32
3.300e+02  6.841e-32  2.474e-32
3.310e+02  1.435e-31  5.184e-32
3.320e+02  3.004e-31  1.085e-31
3.330e+02  6.279e-31  2.265e-31
3.340e+02  1.310e-30  4.723e-31
3.350e+02  2.729e-30  9.830e-31
3.360e+02  5.675e-30  2.043e-30
3.370e+02  1.178e-29  4.237e-30
3.380e+02  2.441e-29  8.774e-30
3.390e+02  5.051e-29  1.814e-29
3.400e+02  1.043e-28  3.745e-29
3.410e+02  2.152e-28  7.718e-29
3.420e+02  4.431e-28  1.588e-28
3.430e+02  9.110e-28  3.262e-28
3.440e+02  1.870e-27  6.692e-28
3.450e+02  3.832e-27  1.370e-27
3.460e+02  7.841e-27  2.802e-27
3.470e+02  1.602e-26  5.722e-27
3.480e+02  3.268e-26  1.166e-26
3.490e+02  6.657e-26  2.374e-26
3.500e+02  1.354e-25  4.826e-26
3.510e+02  2.749e-25  9.793e-26
3.520e+02  5.575e-25  1.985e-25
3.530e+02  1.129e-24  4.016e-25
3.540e+02  2.282e-24  8.114e-25
3.550e+02  4.608e-24  1.637e-24
3.560e+02  9.289e-24  3.298e-24
3.570e+02  1.870e-23  6.635e-24
3.580e+02  3.759e-23  1.333e-23
3.590e+02  7.545e-23  2.674e-23
3.600e+02  1.512e-22  5.356e-23
3.610e+02  3.027e-22  1.071e-22
3.620e+02  6.050e-22  2.140e-22
3.630e+02  1.208e-21  4.269e-22
3.640e+02  2.407e-21  8.503e-22
3.650e+02  4.790e-21  1.691e-21
3.660e+02  9.521e-21  3.360e-21
3.670e+02  1.890e-20  6.664e-21
3.680e+02  3.746e-20  1.320e-20
3.690e+02  7.414e-20  2.611e-20
3.700e+02  1.465e-19  5.159e-20
3.710e+02  2.893e-19  1.018e-19
3.720e+02  5.702e-19  2.005e-19
3.730e+02  1.122e-18  3.944e-19
3.740e+02  2.207e-18  7.750e-19
3.750e+02  4.332e-18  1.521e-18
3.760e+02  8.493e-18  2.979e-18
3.770e+02  1.663e-17  5.830e-18
3.780e+02  3.251e-17  1.139e-17
3.790e+02  6.348e-17  2.223e-17
3.800e+02  1.238e-16  4.332e-17
3.810e+02  2.410e-16  8.432e-17
3.820e+02  4.687e-16  1.639e-16
3.830e+02  9.103e-16  3.181e-16
3.840e+02  1.765e-15  6.165e-16
3.850e+02  3.419e-15  1.193e-15
3.860e+02  6.613e-15  2.307e-15
3.870e+02  1.277e-14  4.454e-15
3.880e+02  2.464e-14  8.587e-15
3.890e+02  4.747e-14  1.653e-14
3.900e+02  9.131e-14  3.179e-14
3.910e+02  1.754e-13  6.103e-14
3.920e+02  3.365e-13  1.170e-13
3.930e+02  6.448e-13  2.241e-13
3.940e+02  1.234e-12  4.285e-13
3.950e+02  2.357e-12  8.184e-13
3.960e+02  4.497e-12  1.561e-12
3.970e+02  8.568e-12  2.972e-12
3.980e+02  1.630e-11  5.652e-12
3.990e+02  3.097e-11  1.073e-11
4.000e+02  5.876e-11  2.035e-11
4.010e+02  1.113e-10  3.854e-11
4.020e+02  2.106e-10  7.288e-11
4.030e+02  3.978e-10  1.376e-10
4.040e+02  7.504e-10  2.594e-10
4.050e+02  1.413e-09  4.883e-10
4.060e+02  2.658e-09  9.179e-10
4.070e+02  4.990e-09  1.723e-09
4.080e+02  9.353e-09  3.227e-09
4.090e+02  1.750e-08  6.037e-09
4.100e+02  3.270e-08  1.127e-08
4.110e+02  6.098e-08  2.102e-08
4.120e+02  1.135e-07  3.910e-08
4.130e+02  2.109e-07  7.263e-08
4.140e+02  3.911e-07  1.346e-07
4.150e+02  7.237e-07  2.490e-07
4.160e+02  1.336e-06  4.594e-07
4.170e+02  2.460e-06  8.457e-07
4.180e+02  4.519e-06  1.553e-06
4.190e+02  8.275e-06  2.842e-06
4.200e+02  1.510e-05  5.186e-06
4.210e+02  2.747e-05  9.429e-06
4.220e+02  4.975e-05  1.707e-05
4.230e+02  8.967e-05  3.076e-05
4.240e+02  1.607e-04  5.511e-05
4.250e+02  2.862e-04  9.810e-05
4.260e+02  5.056e-04  1.733e-04
4.270e+02  8.849e-04  3.032e-04
4.280e+02  1.531e-03  5.244e-04
4.290e+02  2.613e-03  8.947e-04
4.300e+02  4.384e-03  1.501e-03
4.310e+02  7.208e-03  2.468e-03
4.320e+02  1.156e-02  3.959e-03
4.330e+02  1.802e-02  6.169e-03
4.340e+02  2.716e-02  9.296e-03
4.350e+02  3.940e-02  1.349e-02
4.360e+02  5.483e-02  1.877e-02
4.370e+02  7.304e-02  2.501e-02
4.380e+02  9.313e-02  3.190e-02
4.390e+02  1.139e-01  3.901e-02
4.400e+02  1.339e-01  4.591e-02
4.410e+02  1.523e-01  5.224e-02
4.420e+02  1.683e-01  5.776e-02
4.430e+02  1.817e-01  6.239e-02
4.440e+02  1.926e-01  6.615e-02
4.450e+02  2.011e-01  6.913e-02
4.460e+02  2.077e-01  7.144e-02
4.470e+02  2.127e-01  7.322e-02
4.480e+02  2.165e-01  7.456e-02
4.490e+02  2.193e-01  7.557e-02
4.500e+02  2.213e-01  7.633e-02
4.510e+02  2.228e-01  7.689e-02
4.520e+02  2.239e-01  7.732e-02
4.530e+02  2.246e-01  7.763e-02
4.540e+02  2.252e-01  7.787e-02
4.550e+02  2.255e-01  7.805e-02
4.560e+02  2.258e-01  7.819e-02
4.570e+02  2.259e-01  7.830e-02
4.580e+02  2.260e-01  7.838e-02
4.590e+02  2.260e-01  7.845e-02
4.600e+02  2.260e-01  7.851e-02
4.610e+02  2.260e-01  7.855e-02
4.620e+02  2.260e-01  7.859e-02
4.630e+02  2.259e-01  7.863e-02
4.640e+02  2.258e-01  7.866e-02
4.650e+02  2.258e-01  7.868e-02
4.660e+02  2.257e-01  7.871e-02
4.670e+02  2.256e-01  7.874e-02
4.680e+02  2.255e-01  7.876e-02
4.690e+02  2.254e-01  7.878e-02
4.700e+02  2.253e-01  7.881e-02
4.710e+02  2.252e-01  7.883e-02
4.720e+02  2.251e-01  7.885e-02
4.730e+02  2.250e-01  7.887e-02
4.740e+02  2.250e-01  7.889e-02
4.750e+02  2.249e-01  7.891e-02
4.760e+02  2.248e-01  7.894e-02
4.770e+02  2.247e-01  7.896e-02
4.780e+02  2.246e-01  7.898e-02
4.790e+02  2.245e-01  7.900e-02
4.800e+02  2.244e-01  7.902e-02
4.810e+02  2.243e-01  7.904e-02
4.820e+02  2.242e-01  7.906e-02
4.830e+02  2.241e-01  7.908e-02
4.840e+02  2.240e-01  7.910e-02
4.850e+02  2.239e-01  7.912e-02
4.860e+02  2.238e-01  7.914e-02
4.870e+02  2.237e-01  7.917e-02
4.880e+02  2.236e-01  7.919e-02
4.890e+02  2.235e-01  7.921e-02
4.900e+02  2.234e-01  7.923e-02
4.910e+02  2.233e-01  7.925e-02
4.920e+02  2.232e-01  7.927e-02
4.930e+02  2.231e-01  7.929e-02
4.940e+02  2.230e-01  7.931e-02
4.950e+02  2.229e-01  7.933e-02
4.960e+02  2.228e-01  7.935e-02
4.970e+02  2.228e-01  7.937e-02
4.980e+02  2.227e-01  7.939e-02
4.990e+02  2.226e-01  7.941e-02
5.000e+02  2.225e-01  7.943e-02
5.010e+02  2.224e-01  7.946e-02
5.020e+02  2.223e-01  7.948e-02
5.030e+02  2.222e-01  7.950e-02
5.040e+02  2.221e-01  7.952e-02
5.050e+02  2.220e-01  7.954e-02
5.060e+02  2.219e-01  7.956e-02
5.070e+02  2.218e-01  7.958e-02
5.080e+02  2.217e-01  7.960e-02
5.090e+02  2.216e-01  7.962e-02
5.100e+02  2.215e-01  7.964e-02
5.110e+02  2.214e-01  7.966e-02
5.120e+02  2.213e-01  7.968e-02
5.130e+02  2.212e-01  7.970e-02
5.140e+02  2.211e-01  7.972e-02
5.150e+02  2.210e-01  7.974e-02
5.160e+02  2.210e-01  7.976e-02
5.170e+02  2.209e-01  7.978e-02
5.180e+02  2.208e-01  7.980e-02
5.190e+02  2.207e-01  7.982e-02
5.200e+02  2.206e-01  7.985e-02
5.210e+02  2.205e-01  7.987e-02
5.220e+02  2.204e-01  7.989e-02
5.230e+02  2.203e-01  7.991e-02
5.240e+02  2.202e-01  7.993e-02
5.250e+02  2.201e-01  7.995e-02
5.260e+02  2.200e-01  7.997e-02
5.270e+02  2.199e-01  7.999e-02
5.280e+02  2.198e-01  8.001e-02
5.290e+02  2.197e-01  8.003e-02
5.300e+02  2.196e-01  8.005e-02
5.310e+02  2.196e-01  8.007e-02
5.320e+02  2.195e-01  8.009e-02
5.330e+02  2.194e-01  8.011e-02
5.340e+02  2.193e-01  8.013e-02
5.350e+02  2.192e-01  8.015e-02
5.360e+02  2.191e-01  8.017e-02
5.370e+02  2.190e-01  8.019e-02
5.380e+02  2.189e-01  8.021e-02
5.390e+02  2.188e-01  8.023e-02
5.400e+02  2.187e-01  8.025e-02
5.410e+02  2.186e-01  8.027e-02
5.420e+02  2.185e-01  8.029e-02
5.430e+02  2.184e-01  8.031e-02
5.440e+02  2.183e-01  8.033e-02
5.450e+02  2.183e-01  8.035e-02
5.460e+02  2.182e-01  8.037e-02
5.470e+02  2.181e-01  8.039e-02
5.480e+02  2.180e-01  8.041e-02
5.490e+02  2.179e-01  8.043e-02
5.500e+02  2.178e-01  8.045e-02
5.510e+02  2.177e-01  8.047e-02
5.520e+02  2.176e-01  8.049e-02
5.530e+02  2.175e-01  8.051e-02
5.540e+02  2.174e-01  8.053e-02
5.550e+02  2.173e-01  8.055e-02
5.560e+02  2.172e-01  8.057e-02
5.570e+02  2.172e-01  8.059e-02
5.580e+02  2.171e-01  8.061e-02
5.590e+02  2.170e-01  8.063e-02
5.600e+02  2.169e-01  8.065e-02
5.610e+02  2.168e-01  8.067e-02
5.620e+02  2.167e-01  8.069e-02
5.630e+02  2.166e-01  8.071e-02
5.640e+02  2.165e-01  8.073e-02
5.650e+02  2.164e-01  8.075e-02
5.660e+02  2.163e-01  8.077e-02
5.670e+02  2.162e-01  8.079e-02
5.680e+02  2.162e-01  8.081e-02
5.690e+02  2.161e-01  8.083e-02
5.700e+02  2.160e-01  8.085e-02
5.710e+02  2.159e-01  8.087e-02
5.720e+02  2.158e-01  8.089e-02
5.730e+02  2.157e-01  8.091e-02
5.740e+02  2.156e-01  8.093e-02
5.750e+02  2.155e-01  8.095e-02
5.760e+02  2.154e-01  8.096e-02
5.770e+02  2.153e-01  8.098e-02
5.780e+02  2.153e-01  8.100e-02
5.790e+02  2.152e-01  8.102e-02
5.800e+02  2.151e-01  8.104e-02
5.810e+02  2.150e-01  8.106e-02
5.820e+02  2.149e-01  8.108e-02
5.830e+02  2.148e-01  8.110e-02
5.840e+02  2.147e-01  8.112e-02
5.850e+02  2.146e-01  8.114e-02
5.860e+02  2.145e-01  8.116e-02
5.870e+02  2.144e-01  8.118e-02
5.880e+02  2.144e-01  8.120e-02
5.890e+02  2.143e-01  8.122e-02
5.900e+02  2.142e-01  8.124e-02
5.910e+02  2.141e-01  8.126e-02
5.920e+02  2.140e-01  8.128e-02
5.930e+02  2.139e-01  8.130e-02
5.940e+02  2.138e-01  8.131e-02
5.950e+02  2.137e-01  8.133e-02
5.960e+02  2.136e-01  8.135e-02
5.970e+02  2.136e-01  8.137e-02
5.980e+02  2.135e-01  8.139e-02
5.990e+02  2.134e-01  8.141e-02
6.000e+02  2.133e-01  8.143e-02
6.010e+02  2.132e-01  8.145e-02
6.020e+02  2.131e-01  8.147e-02
6.030e+02  2.130e-01  8.149e-02
6.040e+02  2.129e-01  8.151e-02
6.050e+02  2.129e-01  8.153e-02
6.060e+02  2.128e-01  8.154e-02
6.070e+02  2.127e-01  8.156e-02
6.080e+02  2.126e-01  8.158e-02
6.090e+02  2.125e-01  8.160e-02
6.100e+02  2.124e-01  8.162e-02
6.110e+02  2.123e-01  8.164e-02
6.120e+02  2.122e-01  8.166e-02
6.130e+02  2.122e-01  8.168e-02
6.140e+02  2.121e-01  8.170e-02
6.150e+02  2.120e-01  8.172e-02
6.160e+02  2.119e-01  8.173e-02
6.170e+02  2.118e-01  8.175e-02
6.180e+02  2.117e-01  8.177e-02
6.190e+02  2.116e-01  8.179e-02
6.200e+02  2.115e-01  8.181e-02
6.210e+02  2.115e-01  8.183e-02
6.220e+02  2.114e-01  8.185e-02
6.230e+02  2.113e-01  8.187e-02
6.240e+02  2.112e-01  8.189e-02
6.250e+02  2.111e-01  8.190e-02
6.260e+02  2.110e-01  8.192e-02
6.270e+02  2.109e-01  8.194e-02
6.280e+02  2.109e-01  8.196e-02
6.290e+02  2.108e-01  8.198e-02
6.300e+02  2.107e-01  8.200e-02
6.310e+02  2.106e-01  8.202e-02
6.320e+02  2.105e-01  8.203e-02
6.330e+02  2.104e-01  8.205e-02
6.340e+02  2.103e-01  8.207e-02
6.350e+02  2.103e-01  8.209e-02
6.360e+02  2.102e-01  8.211e-02
6.370e+02  2.101e-01  8.213e-02
6.380e+02  2.100e-01  8.215e-02
6.390e+02  2.099e-01  8.216e-02
6.400e+02  2.098e-01  8.218e-02
6.410e+02  2.097e-01  8.220e-02
6.420e+02  2.097e-01  8.222e-02
6.430e+02  2.096e-01  8.224e-02
6.440e+02  2.095e-01  8.226e-02
6.450e+02  2.094e-01  8.228e-02
6.460e+02  2.093e-01  8.229e-02
6.470e+02  2.092e-01  8.231e-02
6.480e+02  2.092e-01  8.233e-02
6.490e+02  2.091e-01  8.235e-02
6.500e+02  2.090e-01  8.237e-02
6.510e+02  2.089e-01  8.239e-02
6.520e+02  2.088e-01  8.240e-02
6.530e+02  2.087e-01  8.242e-02
6.540e+02  2.086e-01  8.244e-02
6.550e+02  2.086e-01  8.246e-02
6.560e+02  2.085e-01  8.248e-02
6.570e+02  2.084e-01  8.249e-02
6.580e+02  2.083e-01  8.251e-02
6.590e+02  2.082e-01  8.253e-02
6.600e+02  2.081e-01  8.255e-02
6.610e+02  2.081e-01  8.257e-02
6.620e+02  2.080e-01  8.258e-02
6.630e+02  2.079e-01  8.260e-02
6.640e+02  2.078e-01  8.262e-02
6.650e+02  2.077e-01  8.264e-02
6.660e+02  2.077e-01  8.266e-02
6.670e+02  2.076e-01  8.267e-02
6.680e+02  2.075e-01  8.269e-02
6.690e+02  2.074e-01  8.271e-02
6.700e+02  2.073e-01  8.273e-02
6.710e+02  2.072e-01  8.275e-02
6.720e+02  2.072e-01  8.276e-02
6.730e+02  2.071e-01  8.278e-02
6.740e+02  2.070e-01  8.280e-02
6.750e+02  2.069e-01  8.282e-02
6.760e+02  2.068e-01  8.283e-02
6.770e+02  2.068e-01  8.285e-02
6.780e+02  2.067e-01  8.287e-02
6.790e+02  2.066e-01  8.289e-02
6.800e+02  2.065e-01  8.291e-02
6.810e+02  2.064e-01  8.292e-02
6.820e+02  2.063e-01  8.294e-02
6.830e+02  2.063e-01  8.296e-02
6.840e+02  2.062e-01  8.298e-02
6.850e+02  2.061e-01  8.299e-02
6.860e+02  2.060e-01  8.301e-02
6.870e+02  2.059e-01  8.303e-02
6.880e+02  2.059e-01  8.305e-02
6.890e+02  2.058e-01  8.306e-02
6.900e+02  2.057e-01  8.308e-02
6.910e+02  2.056e-01  8.310e-02
6.920e+02  2.055e-01  8.312e-02
6.930e+02  2.055e-01  8.313e-02
6.940e+02  2.054e-01  8.315e-02
6.950e+02  2.053e-01  8.317e-02
6.960e+02  2.052e-01  8.318e-02
6.970e+02  2.051e-01  8.320e-02
6.980e+02  2.051e-01  8.322e-02
6.990e+02  2.050e-01  8.324e-02
7.000e+02  2.049e-01  8.325e-02
7.010e+02  2.048e-01  8.327e-02
7.020e+02  2.047e-01  8.329e-02
7.030e+02  2.047e-01  8.330e-02
7.040e+02  2.046e-01  8.332e-02
7.050e+02  2.045e-01  8.334e-02
7.060e+02  2.044e-01  8.336e-02
7.070e+02  2.044e-01  8.337e-02
7.080e+02  2.043e-01  8.339e-02
7.090e+02  2.042e-01  8.341e-02
7.100e+02  2.041e-01  8.342e-02
7.110e+02  2.040e-01  8.344e-02
7.120e+02  2.040e-01  8.346e-02
7.130e+02  2.039e-01  8.347e-02
7.140e+02  2.038e-01  8.349e-02
7.150e+02  2.037e-01  8.351e-02
7.160e+02  2.037e-01  8.352e-02
7.170e+02  2.036e-01  8.354e-02
7.180e+02  2.035e-01  8.356e-02
7.190e+02  2.034e-01  8.357e-02
7.200e+02  2.034e-01  8.359e-02
7.210e+02  2.033e-01  8.361e-02
7.220e+02  2.032e-01  8.362e-02
7.230e+02  2.031e-01  8.364e-02
7.240e+02  2.030e-01  8.366e-02
7.250e+02  2.030e-01  8.367e-02
7.260e+02  2.029e-01  8.369e-02
7.270e+02  2.028e-01  8.371e-02
7.280e+02  2.027e-01  8.372e-02
7.290e+02  2.027e-01  8.374e-02
7.300e+02  2.026e-01  8.376e-02
7.310e+02  2.025e-01  8.377e-02
7.320e+02  2.024e-01  8.379e-02
7.330e+02  2.024e-01  8.380e-02
7.340e+02  2.023e-01  8.382e-02
7.350e+02  2.022e-01  8.384e-02
7.360e+02  2.021e-01  8.385e-02
7.370e+02  2.021e-01  8.387e-02
7.380e+02  2.020e-01  8.389e-02
7.390e+02  2.019e-01  8.390e-02
7.400e+02  2.019e-01  8.392e-02
7.410e+02  2.018e-01  8.393e-02
7.420e+02  2.017e-01  8.395e-02
7.430e+02  2.016e-01  8.396e-02
7.440e+02  2.016e-01  8.398e-02
7.450e+02  2.015e-01  8.400e-02
7.460e+02  2.014e-01  8.401e-02
7.470e+02  2.013e-01  8.403e-02
7.480e+02  2.013e-01  8.404e-02
7.490e+02  2.012e-01  8.406e-02
7.500e+02  2.011e-01  8.408e-02
7.510e+02  2.011e-01  8.409e-02
7.520e+02  2.010e-01  8.411e-02
7.530e+02  2.009e-01  8.412e-02
7.540e+02  2.008e-01  8.414e-02
7.550e+02  2.008e-01  8.415e-02
7.560e+02  2.007e-01  8.417e-02
7.570e+02  2.006e-01  8.418e-02
7.580e+02  2.006e-01  8.420e-02
7.590e+02  2.005e-01  8.421e-02
7.600e+02  2.004e-01  8.423e-02
7.610e+02  2.003e-01  8.424e-02
7.620e+02  2.003e-01  8.426e-02
7.630e+02  2.002e-01  8.428e-02
7.640e+02  2.001e-01  8.429e-02
7.650e+02  2.001e-01  8.431e-02
7.660e+02  2.000e-01  8.432e-02
7.670e+02  1.999e-01  8.434e-02
7.680e+02  1.999e-01  8.435e-02
7.690e+02  1.998e-01  8.437e-02
7.700e+02  1.997e-01  8.438e-02
7.710e+02  1.997e-01  8.439e-02
7.720e+02  1.996e-01  8.441e-02
7.730e+02  1.995e-01  8.442e-02
7.740e+02  1.994e-01  8.444e-02
7.750e+02  1.994e-01  8.445e-02
7.760e+02  1.993e-01  8.447e-02
7.770e+02  1.992e-01  8.448e-02
7.780e+02  1.992e-01  8.450e-02
7.790e+02  1.991e-01  8.451e-02
7.800e+02  1.990e-01  8.453e-02
7.810e+02  1.990e-01  8.454e-02
7.820e+02  1.989e-01  8.455e-02
7.830e+02  1.988e-01  8.457e-02
7.840e+02  1.988e-01  8.458e-02
7.850e+02  1.987e-01  8.460e-02
7.860e+02  1.987e-01  8.461e-02
7.870e+02  1.986e-01  8.462e-02
7.880e+02  1.985e-01  8.464e-02
7.890e+02  1.985e-01  8.465e-02
7.900e+02  1.984e-01  8.467e-02
7.910e+02  1.983e-01  8.468e-02
7.920e+02  1.983e-01  8.469e-02
7.930e+02  1.982e-01  8.471e-02
7.940e+02  1.981e-01  8.472e-02
7.950e+02  1.981e-01  8.473e-02
7.960e+02  1.980e-01  8.475e-02
7.970e+02  1.980e-01  8.476e-02
7.980e+02  1.979e-01  8.477e-02
7.990e+02  1.978e-01  8.479e-02
8.000e+02  1.978e-01  8.480e-02
8.010e+02  1.977e-01  8.481e-02
8.020e+02  1.977e-01  8.483e-02
8.030e+02  1.976e-01  8.484e-02
8.040e+02  1.975e-01  8.485e-02
8.050e+02  1.975e-01  8.487e-02
8.060e+02  1.974e-01  8.488e-02
8.070e+02  1.974e-01  8.489e-02
8.080e+02  1.973e-01  8.490e-02
8.090e+02  1.972e-01  8.492e-02
8.100e+02  1.972e-01  8.493e-02
8.110e+02  1.971e-01  8.494e-02
8.120e+02  1.971e-01  8.495e-02
8.130e+02  1.970e-01  8.497e-02
8.140e+02  1.970e-01  8.498e-02
8.150e+02  1.969e-01  8.499e-02
8.160e+02  1.969e-01  8.500e-02
8.170e+02  1.968e-01  8.501e-02
8.180e+02  1.967e-01  8.502e-02
8.190e+02  1.967e-01  8.504e-02
8.200e+02  1.966e-01  8.505e-02
8.210e+02  1.966e-01  8.506e-02
8.220e+02  1.965e-01  8.507e-02
8.230e+02  1.965e-01  8.508e-02
8.240e+02  1.964e-01  8.509e-02
8.250e+02  1.964e-01  8.510e-02
8.260e+02  1.963e-01  8.512e-02
8.270e+02  1.963e-01  8.513e-02
8.280e+02  1.962e-01  8.514e-02
8.290e+02  1.962e-01  8.515e-02
8.300e+02  1.961e-01  8.516e-02
8.310e+02  1.961e-01  8.517e-02
8.320e+02  1.960e-01  8.518e-02
8.330e+02  1.960e-01  8.519e-02
8.340e+02  1.959e-01  8.520e-02
8.350e+02  1.959e-01  8.521e-02
8.360e+02  1.959e-01  8.522e-02
8.370e+02  1.958e-01  8.523e-02
8.380e+02  1.958e-01  8.524e-02
8.390e+02  1.957e-01  8.524e-02
8.400e+02  1.957e-01  8.525e-02
8.410e+02  1.956e-01  8.526e-02
8.420e+02  1.956e-01  8.527e-02
8.430e+02  1.956e-01  8.528e-02
8.440e+02  1.955e-01  8.529e-02
8.450e+02  1.955e-01  8.530e-02
8.460e+02  1.955e-01  8.530e-02
8.470e+02  1.954e-01  8.531e-02
8.480e+02  1.954e-01  8.532e-02
8.490e+02  1.954e-01  8.533e-02
8.500e+02  1.953e-01  8.533e-02
8.510e+02  1.953e-01  8.534e-02
8.520e+02  1.953e-01  8.535e-02
8.530e+02  1.952e-01  8.535e-02
8.540e+02  1.952e-01  8.536e-02
8.550e+02  1.952e-01  8.536e-02
8.560e+02  1.952e-01  8.537e-02
8.570e+02  1.951e-01  8.537e-02
8.580e+02  1.951e-01  8.538e-02
8.590e+02  1.951e-01  8.538e-02
8.600e+02  1.951e-01  8.539e-02
8.610e+02  1.951e-01  8.539e-02
8.620e+02  1.950e-01  8.539e-02
8.630e+02  1.950e-01  8.540e-02
8.640e+02  1.950e-01  8.540e-02
8.650e+02  1.950e-01  8.540e-02
8.660e+02  1.950e-01  8.540e-02
8.670e+02  1.950e-01  8.540e-02
8.680e+02  1.950e-01  8.540e-02
8.690e+02  1.950e-01  8.540e-02
8.700e+02  1.950e-01  8.540e-02
8.710e+02  1.950e-01  8.540e-02
8.720e+02  1.950e-01  8.539e-02
8.730e+02  1.951e-01  8.539e-02
8.740e+02  1.951e-01  8.539e-02
8.750e+02  1.951e-01  8.538e-02
8.760e+02  1.951e-01  8.537e-02
8.770e+02  1.952e-01  8.537e-02
8.780e+02  1.952e-01  8.536e-02
8.790e+02  1.953e-01  8.535e-02
8.800e+02  1.953e-01  8.534e-02
8.810e+02  1.954e-01  8.532e-02
8.820e+02  1.954e-01  8.531e-02
8.830e+02  1.955e-01  8.529e-02
8.840e+02  1.956e-01  8.528e-02
8.850e+02  1.957e-01  8.526e-02
8.860e+02  1.958e-01  8.523e-02
8.870e+02  1.959e-01  8.521e-02
8.880e+02  1.960e-01  8.518e-02
8.890e+02  1.961e-01  8.516e-02
8.900e+02  1.963e-01  8.512e-02
8.910e+02  1.964e-01  8.509e-02
8.920e+02  1.966e-01  8.505e-02
8.930e+02  1.968e-01  8.501e-02
8.940e+02  1.970e-01  8.497e-02
8.950e+02  1.972e-01  8.492e-02
8.960e+02  1.975e-01  8.487e-02
8.970e+02  1.977e-01  8.481e-02
8.980e+02  1.980e-01  8.475e-02
8.990e+02  1.983e-01  8.468e-02
9.000e+02  1.987e-01  8.461e-02
9.010e+02  1.990e-01  8.453e-02
9.020e+02  1.994e-01  8.444e-02
9.030e+02  1.999e-01  8.435e-02
9.040e+02  2.003e-01  8.425e-02
9.050e+02  2.008e-01  8.414e-02
9.060e+02  2.013e-01  8.403e-02
9.070e+02  2.019e-01  8.391e-02
9.080e+02  2.025e-01  8.377e-02
9.090e+02  2.032e-01  8.363e-02
9.100e+02  2.039e-01  8.348e-02
9.110e+02  2.046e-01  8.331e-02
9.120e+02  2.054e-01  8.314e-02
9.130e+02  2.063e-01  8.295e-02
9.140e+02  2.072e-01  8.275e-02
9.150e+02  2.082e-01  8.253e-02
9.160e+02  2.093e-01  8.230e-02
9.170e+02  2.104e-01  8.206e-02
9.180e+02  2.116e-01  8.180e-02
9.190e+02  2.129e-01  8.152e-02
9.200e+02  2.142e-01  8.123e-02
9.210e+02  2.156e-01  8.092e-02
9.220e+02  2.172e-01  8.058e-02
9.230e+02  2.188e-01  8.023e-02
9.240e+02  2.205e-01  7.986e-02
9.250e+02  2.223e-01  7.947e-02
9.260e+02  2.242e-01  7.905e-02
9.270e+02  2.262e-01  7.861e-02
9.280e+02  2.284e-01  7.815e-02
9.290e+02  2.306e-01  7.767e-02
9.300e+02  2.329e-01  7.716e-02
9.310e+02  2.354e-01  7.662e-02
9.320e+02  2.380e-01  7.606e-02
9.330e+02  2.408e-01  7.547e-02
9.340e+02  2.436e-01  7.486e-02
9.350e+02  2.466e-01  7.421e-02
9.360e+02  2.497e-01  7.354e-02
9.370e+02  2.530e-01  7.284e-02
9.380e+02  2.564e-01  7.212e-02
9.390e+02  2.600e-01  7.136e-02
9.400e+02  2.637e-01  7.058e-02
9.410e+02  2.676e-01  6.977e-02
9.420e+02  2.716e-01  6.892e-02
9.430e+02  2.758e-01  6.806e-02
9.440e+02  2.801e-01  6.716e-02
9.450e+02  2.846e-01  6.624e-02
9.460e+02  2.892e-01  6.529e-02
9.470e+02  2.940e-01  6.431e-02
9.480e+02  2.990e-01  6.331e-02
9.490e+02  3.041e-01  6.228e-02
9.500e+02  3.094e-01  6.123e-02
9.510e+02  3.148e-01  6.016e-02
9.520e+02  3.204e-01  5.907e-02
9.530e+02  3.262e-01  5.795e-02
9.540e+02  3.321e-01  5.682e-02
9.550e+02  3.382e-01  5.567e-02
9.560e+02  3.444e-01  5.450e-02
9.570e+02  3.508e-01  5.332e-02
9.580e+02  3.574e-01  5.212e-02
9.590e+02  3.641e-01  5.091e-02
9.600e+02  3.709e-01  4.969e-02
9.610e+02  3.779e-01  4.846e-02
9.620e+02  3.851e-01  4.723e-02
9.630e+02  3.923e-01  4.599e-02
9.640e+02  3.998e-01  4.474e-02
9.650e+02  4.073e-01  4.350e-02
9.660e+02  4.150e-01  4.225e-02
9.670e+02  4.228e-01  4.100e-02
9.680e+02  4.307e-01  3.976e-02
9.690e+02  4.387e-01  3.852e-02
9.700e+02  4.469e-01  3.729e-02
9.710e+02  4.551e-01  3.607e-02
9.720e+02  4.635e-01  3.485e-02
9.730e+02  4.719e-01  3.365e-02
9.740e+02  4.804e-01  3.246e-02
9.750e+02  4.891e-01  3.128e-02
9.760e+02  4.977e-01  3.012e-02
9.770e+02  5.065e-01  2.898e-02
9.780e+02  5.153e-01  2.785e-02
9.790e+02  5.242e-01  2.674e-02
9.800e+02  5.332e-01  2.565e-02
9.810e+02  5.422e-01  2.459e-02
9.820e+02  5.512e-01  2.354e-02
9.830e+02  5.602e-01  2.252e-02
9.840e+02  5.693e-01  2.152e-02
9.850e+02  5.784e-01  2.054e-02
9.860e+02  5.875e-01  1.959e-02
9.870e+02  5.967e-01  1.867e-02
9.880e+02  6.058e-01  1.777e-02
9.890e+02  6.149e-01  1.689e-02
9.900e+02  6.240e-01  1.605e-02
9.910e+02  6.331e-01  1.523e-02
9.920e+02  6.421e-01  1.444e-02
9.930e+02  6.511e-01  1.367e-02
9.940e+02  6.601e-01  1.293e-02
9.950e+02  6.690e-01  1.222e-02
9.960e+02  6.778e-01  1.153e-02
9.970e+02  6.866e-01  1.088e-02
9.980e+02  6.953e-01  1.024e-02
9.990e+02  7.040e-01  9.638e-03
1.000e+03  7.126e-01  9.058e-03
1.001e+03  7.210e-01  8.504e-03
1.002e+03  7.294e-01  7.974e-03
1.003e+03  7.377e-01  7.470e-03
1.004e+03  7.459e-01  6.989e-03
1.005e+03  7.540e-01  6.531e-03
1.006e+03  7.620e-01  6.097e-03
1.007e+03  7.698e-01  5.684e-03
1.008e+03  7.775e-01  5.294e-03
1.009e+03  7.851e-01  4.924e-03
1.010e+03  7.926e-01  4.575e-03
1.011e+03  8.000e-01  4.245e-03
1.012e+03  8.072e-01  3.935e-03
1.013e+03  8.142e-01  3.642e-03
1.014e+03  8.211e-01  3.367e-03
1.015e+03  8.279e-01  3.110e-03
1.016e+03  8.345e-01  2.868e-03
1.017e+03  8.410e-01  2.641e-03
1.018e+03  8.473e-01  2.430e-03
1.019e+03  8.535e-01  2.232e-03
1.020e+03  8.595e-01  2.048e-03
1.021e+03  8.654e-01  1.877e-03
1.022e+03  8.711e-01  1.718e-03
1.023e+03  8.767e-01  1.570e-03
1.024e+03  8.821e-01  1.433e-03
1.025e+03  8.873e-01  1.306e-03
1.026e+03  8.924e-01  1.189e-03
1.027e+03  8.973e-01  1.081e-03
1.028e+03  9.021e-01  9.812e-04
1.029e+03  9.067e-01  8.895e-04
1.030e+03  9.111e-01  8.053e-04
1.031e+03  9.155e-01  7.280e-04
1.032e+03  9.196e-01  6.572e-04
1.033e+03  9.236e-01  5.924e-04
1.034e+03  9.275e-01  5.333e-04
1.035e+03  9.312e-01  4.794e-04
1.036e+03  9.348e-01  4.303e-04
1.037e+03  9.382e-01  3.857e-04
1.038e+03  9.415e-01  3.452e-04
1.039e+03  9.447e-01  3.084e-04
1.040e+03  9.477e-01  2.752e-04
1.041e+03  9.507e-01  2.452e-04
1.042e+03  9.534e-01  2.182e-04
1.043e+03  9.561e-01  1.938e-04
1.044e+03  9.586e-01  1.719e-04
1.045e+03  9.611e-01  1.522e-04
1.046e+03  9.634e-01  1.346e-04
1.047e+03  9.656e-01  1.188e-04
1.048e+03  9.677e-01  1.047e-04
1.049e+03  9.697e-01  9.218e-05
1.050e+03  9.716e-01  8.100e-05
1.051e+03  9.734e-01  7.107e-05
1.052e+03  9.751e-01  6.225e-05
1.053e+03  9.767e-01  5.444e-05
1.054e+03  9.782e-01  4.753e-05
1.055e+03  9.796e-01  4.143e-05
1.056e+03  9.810e-01  3.606e-05
1.057e+03  9.823e-01  3.133e-05
1.058e+03  9.835e-01  2.718e-05
1.059e+03  9.846e-01  2.354e-05
1.060e+03  9.857e-01  2.035e-05
1.061e+03  9.867e-01  1.757e-05
1.062e+03  9.877e-01  1.514e-05
1.063e+03  9.886e-01  1.302e-05
1.064e+03  9.894e-01  1.119e-05
1.065e+03  9.902e-01  9.590e-06
1.066e+03  9.909e-01  8.209e-06
1.067e+03  9.916e-01  7.015e-06
1.068e+03  9.923e-01  5.984e-06
1.069e+03  9.929e-01  5.096e-06
1.070e+03  9.934e-01  4.332e-06
1.071e+03  9.939e-01  3.677e-06
1.072e+03  9.944e-01  3.115e-06
1.073e+03  9.949e-01  2.634e-06
1.074e+03  9.953e-01  2.224e-06
1.075e+03  9.957e-01  1.875e-06
1.076e+03  9.960e-01  1.577e-06
1.077e+03  9.964e-01  1.325e-06
1.078e+03  9.967e-01  1.111e-06
1.079e+03  9.970e-01  9.295e-07
1.080e+03  9.972e-01  7.765e-07
1.081e+03  9.975e-01  6.476e-07
1.082e+03  9.977e-01  5.391e-07
1.083e+03  9.979e-01  4.480e-07
1.084e+03  9.981e-01  3.717e-07
1.085e+03  9.982e-01  3.078e-07
1.086e+03  9.984e-01  2.544e-07
1.087e+03  9.986e-01  2.099e-07
1.088e+03  9.987e-01  1.729e-07
1.089e+03  9.988e-01  1.421e-07
1.090e+03  9.989e-01  1.166e-07
1.091e+03  9.990e-01  9.555e-08
1.092e+03  9.991e-01  7.813e-08
1.093e+03  9.992e-01  6.378e-08
1.094e+03  9.993e-01  5.196e-08
1.095e+03  9.994e-01  4.226e-08
1.096e+03  9.994e-01  3.431e-08
1.097e+03  9.995e-01  2.780e-08
1.098e+03  9.995e-01  2.248e-08
1.099e+03  9.996e-01  1.815e-08
1.100e+03  9.996e-01  1.463e-08
1.101e+03  9.997e-01  1.177e-08
1.102e+03  9.997e-01  9.449e-09
1.103e+03  9.997e-01  7.573e-09
1.104e+03  9.998e-01  6.059e-09
1.105e+03  9.998e-01  4.838e-09
1.106e+03  9.998e-01  3.856e-09
1.107e+03  9.998e-01  3.068e-09
1.108e+03  9.998e-01  2.436e-09
1.109e+03  9.999e-01  1.931e-09
1.110e+03  9.999e-01  1.528e-09
1.111e+03  9.999e-01  1.207e-09
1.112e+03  9.999e-01  9.511e-10
1.113e+03  9.999e-01  7.483e-10
1.114e+03  9.999e-01  5.877e-10
1.115e+03  9.999e-01  4.607e-10
1.116e+03  9.999e-01  3.604e-10
1.117e+03  9.999e-01  2.815e-10
1.118e+03  1.000e+00  2.194e-10
1.119e+03  1.000e+00  1.707e-10
1.120e+03  1.000e+00  1.326e-10
1.121e+03  1.000e+00  1.028e-10
1.122e+03  1.000e+00  7.952e-11
1.123e+03  1.000e+00  6.141e-11
1.124e+03  1.000e+00  4.734e-11
1.125e+03  1.000e+00  3.642e-11
1.126e+03  1.000e+00  2.797e-11
1.127e+03  1.000e+00  2.144e-11
1.128e+03  1.000e+00  1.640e-11
1.129e+03  1.000e+00  1.252e-11
1.130e+03  1.000e+00  9.546e-12
1.131e+03  1.000e+00  7.262e-12
1.132e+03  1.000e+00  5.515e-12
1.133e+03  1.000e+00  4.179e-12
1.134e+03  1.000e+00  3.162e-12
1.135e+03  1.000e+00  2.387e-12
1.136e+03  1.000e+00  1.799e-12
1.137e+03  1.000e+00  1.353e-12
1.138e+03  1.000e+00  1.016e-12
1.139e+03  1.000e+00  7.614e-13
1.140e+03  1.000e+00  5.695e-13
1.141e+03  1.000e+00  4.252e-13
1.142e+03  1.000e+00  3.168e-13
1.143e+03  1.000e+00  2.356e-13
1.144e+03  1.000e+00  1.749e-13
1.145e+03  1.000e+00  1.296e-13
1.146e+03  1.000e+00  9.584e-14
1.147e+03  1.000e+00  7.074e-14
1.148e+03  1.000e+00  5.212e-14
1.149e+03  1.000e+00  3.832e-14
1.150e+03  1.000e+00  2.813e-14
1.151e+03  1.000e+00  2.060e-14
1.152e+03  1.000e+00  1.507e-14
1.153e+03  1.000e+00  1.099e-14
1.154e+03  1.000e+00  8.008e-15
1.155e+03  1.000e+00  5.822e-15
1.156e+03  1.000e+00  4.224e-15
1.157e+03  1.000e+00  3.060e-15
1.158e+03  1.000e+00  2.212e-15
1.159e+03  1.000e+00  1.596e-15
1.160e+03  1.000e+00  1.149e-15
1.161e+03  1.000e+00  8.260e-16
1.162e+03  1.000e+00  5.925e-16
1.163e+03  1.000e+00  4.243e-16
1.164e+03  1.000e+00  3.032e-16
1.165e+03  1.000e+00  2.163e-16
1.166e+03  1.000e+00  1.540e-16
1.167e+03  1.000e+00  1.094e-16
1.168e+03  1.000e+00  7.761e-17
1.169e+03  1.000e+00  5.494e-17
1.170e+03  1.000e+00  3.882e-17
1.171e+03  1.000e+00  2.737e-17
1.172e+03  1.000e+00  1.927e-17
1.173e+03  1.000e+00  1.354e-17
1.174e+03  1.000e+00  9.491e-18
1.175e+03  1.000e+00  6.642e-18
1.176e+03  1.000e+00  4.640e-18
1.177e+03  1.000e+00  3.235e-18
1.178e+03  1.000e+00  2.251e-18
1.179e+03  1.000e+00  1.563e-18
1.180e+03  1.000e+00  1.084e-18
1.181e+03  1.000e+00  7.497e-19
1.182e+03  1.000e+00  5.177e-19
1.183e+03  1.000e+00  3.568e-19
1.184e+03  1.000e+00  2.455e-19
1.185e+03  1.000e+00  1.686e-19
1.186e+03  1.000e+00  1.155e-19
1.187e+03  1.000e+00  7.901e-20
1.188e+03  1.000e+00  5.394e-20
1.189e+03  1.000e+00  3.675e-20
1.190e+03  1.000e+00  2.499e-20
1.191e+03  1.000e+00  1.697e-20
1.192e+03  1.000e+00  1.149e-20
1.193e+03  1.000e+00  7.773e-21
1.194e+03  1.000e+00  5.246e-21
1.195e+03  1.000e+00  3.534e-21
1.196e+03  1.000e+00  2.376e-21
1.197e+03  1.000e+00  1.594e-21
1.198e+03  1.000e+00  1.068e-21
1.199e+03  1.000e+00  7.138e-22
1.200e+03  1.000e+00  4.763e-22
1.201e+03  1.000e+00  3.172e-22
1.202e+03  1.000e+00  2.108e-22
1.203e+03  1.000e+00  1.398e-22
1.204e+03  1.000e+00  9.260e-23
1.205e+03  1.000e+00  6.119e-23
1.206e+03  1.000e+00  4.036e-23
1.207e+03  1.000e+00  2.657e-23
1.208e+03  1.000e+00  1.746e-23
1.209e+03  1.000e+00  1.145e-23
1.210e+03  1.000e+00  7.496e-24
1.211e+03  1.000e+00  4.897e-24
1.212e+03  1.000e+00  3.193e-24
1.213e+03  1.000e+00  2.078e-24
1.214e+03  1.000e+00  1.350e-24
1.215e+03  1.000e+00  8.754e-25
1.216e+03  1.000e+00  5.665e-25
1.217e+03  1.000e+00  3.659e-25
1.218e+03  1.000e+00  2.359e-25
1.219e+03  1.000e+00  1.518e-25
1.220e+03  1.000e+00  9.745e-26
1.221e+03  1.000e+00  6.246e-26
1.222e+03  1.000e+00  3.996e-26
1.223e+03  1.000e+00  2.552e-26
1.224e+03  1.000e+00  1.626e-26
1.225e+03  1.000e+00  1.034e-26
1.226e+03  1.000e+00  6.567e-27
1.227e+03  1.000e+00  4.161e-27
1.228e+03  1.000e+00  2.632e-27
1.229e+03  1.000e+00  1.661e-27
1.230e+03  1.000e+00  1.047e-27
1.231e+03  1.000e+00  6.582e-28
1.232e+03  1.000e+00  4.131e-28
1.233e+03  1.000e+00  2.588e-28
1.234e+03  1.000e+00  1.618e-28
1.235e+03  1.000e+00  1.010e-28
1.236e+03  1.000e+00  6.289e-29
1.237e+03  1.000e+00  3.910e-29
1.238e+03  1.000e+00  2.426e-29
1.239e+03  1.000e+00  1.502e-29
1.240e+03  1.000e+00  9.287e-30
1.241e+03  1.000e+00  5.729e-30
1.242e+03  1.000e+00  3.528e-30
1.243e+03  1.000e+00  2.168e-30
1.244e+03  1.000e+00  1.330e-30
1.245e+03  1.000e+00  8.144e-31
1.246e+03  1.000e+00  4.977e-31
1.247e+03  1.000e+00  3.035e-31
1.248e+03  1.000e+00  1.848e-31
1.249e+03  1.000e+00  1.123e-31
1.250e+03  1.000e+00  6.809e-32
1.251e+03  1.000e+00  4.121e-32
1.252e+03  1.000e+00  2.490e-32
1.253e+03  1.000e+00  1.501e-32
1.254e+03  1.000e+00  9.036e-33
1.255e+03  1.000e+00  5.428e-33
1.256e+03  1.000e+00  3.255e-33
1.257e+03  1.000e+00  1.948e-33
1.258e+03  1.000e+00  1.163e-33
1.259e+03  1.000e+00  6.935e-34
1.260e+03  1.000e+00  4.126e-34
1.261e+03  1.000e+00  2.451e-34
1.262e+03  1.000e+00  1.453e-34
1.263e+03  1.000e+00  8.594e-35
1.264e+03  1.000e+00  5.075e-35
1.265e+03  1.000e+00  2.991e-35
1.266e+03  1.000e+00  1.759e-35
1.267e+03  1.000e+00  1.033e-35
1.268e+03  1.000e+00  6.054e-36
1.269e+03  1.000e+00  3.541e-36
1.270e+03  1.000e+00  2.067e-36
1.271e+03  1.000e+00  1.205e-36
1.272e+03  1.000e+00  7.006e-37
1.273e+03  1.000e+00  4.067e-37
1.274e+03  1.000e+00  2.356e-37
1.275e+03  1.000e+00  1.363e-37
1.276e+03  1.000e+00  7.866e-38
1.277e+03  1.000e+00  4.531e-38
1.278e+03  1.000e+00  2.606e-38
1.279e+03  1.000e+00  1.495e-38
1.280e+03  1.000e+00  8.566e-39
1.281e+03  1.000e+00  4.898e-39
1.282e+03  1.000e+00  2.795e-39
1.283e+03  1.000e+00  1.592e-39
1.284e+03  1.000e+00  9.051e-40
1.285e+03  1.000e+00  5.136e-40
1.286e+03  1.000e+00  2.909e-40
1.287e+03  1.000e+00  1.644e-40
1.288e+03  1.000e+00  9.277e-41
1.289e+03  1.000e+00  5.224e-41
1.290e+03  1.000e+00  2.936e-41
1.291e+03  1.000e+00  1.647e-41
1.292e+03  1.000e+00  9.225e-42
1.293e+03  1.000e+00  5.156e-42
1.294e+03  1.000e+00  2.876e-42
1.295e+03  1.000e+00  1.601e-42
1.296e+03  1.000e+00  8.900e-43
1.297e+03  1.000e+00  4.937e-43
1.298e+03  1.000e+00  2.733e-43
1.299e+03  1.000e+00  1.510e-43
1.300e+03  1.000e+00  8.331e-44
1.301e+03  1.000e+00  4.587e-44
1.302e+03  1.000e+00  2.520e-44
1.303e+03  1.000e+00  1.382e-44
1.304e+03  1.000e+00  7.567e-45
1.305e+03  1.000e+00  4.134e-45
1.306e+03  1.000e+00  2.255e-45
1.307e+03  1.000e+00  1.227e-45
1.308e+03  1.000e+00  6.668e-46
1.309e+03  1.000e+00  3.616e-46
1.310e+03  1.000e+00  1.957e-46
1.311e+03  1.000e+00  1.057e-46
1.312e+03  1.000e+00  5.701e-47
1.313e+03  1.000e+00  3.069e-47
1.314e+03  1.000e+00  1.648e-47
1.315e+03  1.000e+00  8.839e-48
1.316e+03  1.000e+00  4.730e-48
1.317e+03  1.000e+00  2.527e-48
1.318e+03  1.000e+00  1.347e-48
1.319e+03  1.000e+00  7.170e-49
1.320e+03  1.000e+00  3.808e-49
1.321e+03  1.000e+00  2.019e-49
1.322e+03  1.000e+00  1.068e-49
1.323e+03  1.000e+00  5.644e-50
1.324e+03  1.000e+00  2.975e-50
1.325e+03  1.000e+00  1.566e-50
1.326e+03  1.000e+00  8.223e-51
1.327e+03  1.000e+00  4.311e-51
1.328e+03  1.000e+00  2.256e-51
1.329e+03  1.000e+00  1.178e-51
1.330e+03  1.000e+00  6.142e-52
1.331e+03  1.000e+00  3.196e-52
1.332e+03  1.000e+00  1.660e-52
1.333e+03  1.000e+00  8.604e-53
1.334e+03  1.000e+00  4.452e-53
1.335e+03  1.000e+00  2.299e-53
1.336e+03  1.000e+00  1.185e-53
1.337e+03  1.000e+00  6.098e-54
1.338e+03  1.000e+00  3.132e-54
1.339e+03  1.000e+00  1.605e-54
1.340e+03  1.000e+00  8.213e-55
1.341e+03  1.000e+00  4.194e-55
1.342e+03  1.000e+00  2.138e-55
1.343e+03  1.000e+00  1.088e-55
1.344e+03  1.000e+00  5.524e-56
1.345e+03  1.000e+00  2.800e-56
1.346e+03  1.000e+00  1.417e-56
1.347e+03  1.000e+00  7.155e-57
1.348e+03  1.000e+00  3.606e-57
1.349e+03  1.000e+00  1.814e-57
1.350e+03  1.000e+00  9.112e-58
1.351e+03  1.000e+00  4.568e-58
1.352e+03  1.000e+00  2.285e-58
1.353e+03  1.000e+00  1.141e-58
1.354e+03  1.000e+00  5.689e-59
1.355e+03  1.000e+00  2.830e-59
1.356e+03  1.000e+00  1.406e-59
1.357e+03  1.000e+00  6.967e-60
1.358e+03  1.000e+00  3.447e-60
1.359e+03  1.000e+00  1.702e-60
1.360e+03  1.000e+00  8.392e-61
1.361e+03  1.000e+00  4.129e-61
1.362e+03  1.000e+00  2.028e-61
1.363e+03  1.000e+00  9.940e-62
1.364e+03  1.000e+00  4.864e-62
1.365e+03  1.000e+00  2.375e-62
1.366e+03  1.000e+00  1.158e-62
1.367e+03  1.000e+00  5.634e-63
1.368e+03  1.000e+00  2.737e-63
1.369e+03  1.000e+00  1.327e-63
1.370e+03  1.000e+00  6.419e-64
1.371e+03  1.000e+00  3.101e-64
1.372e+03  1.000e+00  1.495e-64
1.373e+03  1.000e+00  7.193e-65
1.374e+03  1.000e+00  3.455e-65
1.375e+03  1.000e+00  1.656e-65
1.376e+03  1.000e+00  7.927e-66
1.377e+03  1.000e+00  3.786e-66
1.378e+03  1.000e+00  1.805e-66
1.379e+03  1.000e+00  8.592e-67
1.380e+03  1.000e+00  4.081e-67
1.381e+03  1.000e+00  1.935e-67
1.382e+03  1.000e+00  9.159e-68
1.383e+03  1.000e+00  4.327e-68
1.384e+03  1.000e+00  2.040e-68
1.385e+03  1.000e+00  9.603e-69
1.386e+03  1.000e+00  4.512e-69
1.387e+03  1.000e+00  2.116e-69
1.388e+03  1.000e+00  9.903e-70
1.389e+03  1.000e+00  4.627e-70
1.390e+03  1.000e+00  2.158e-70
1.391e+03  1.000e+00  1.005e-70
1.392e+03  1.000e+00  4.668e-71
1.393e+03  1.000e+00  2.165e-71
1.394e+03  1.000e+00  1.002e-71
1.395e+03  1.000e+00  4.632e-72
1.396e+03  1.000e+00  2.136e-72
1.397e+03  1.000e+00  9.836e-73
1.398e+03  1.000e+00  4.520e-73
1.399e+03  1.000e+00  2.074e-73
1.400e+03  1.000e+00  9.495e-74
1.401e+03  1.000e+00  4.340e-74
1.402e+03  1.000e+00  1.980e-74
1.403e+03  1.000e+00  9.017e-75
1.404e+03  1.000e+00  4.099e-75
1.405e+03  1.000e+00  1.860e-75
1.406e+03  1.000e+00  8.422e-76
1.407e+03  1.000e+00  3.807e-76
1.408e+03  1.000e+00  1.718e-76
1.409e+03  1.000e+00  7.739e-77
1.410e+03  1.000e+00  3.479e-77
1.411e+03  1.000e+00  1.562e-77
1.412e+03  1.000e+00  6.995e-78
1.413e+03  1.000e+00  3.128e-78
1.414e+03  1.000e+00  1.396e-78
1.415e+03  1.000e+00  6.220e-79
1.416e+03  1.000e+00  2.766e-79
1.417e+03  1.000e+00  1.228e-79
1.418e+03  1.000e+00  5.442e-80
1.419e+03  1.000e+00  2.407e-80
1.420e+03  1.000e+00  1.063e-80
1.421e+03  1.000e+00  4.683e-81
1.422e+03  1.000e+00  2.060e-81
1.423e+03  1.000e+00  9.046e-82
1.424e+03  1.000e+00  3.965e-82
1.425e+03  1.000e+00  1.735e-82
1.426e+03  1.000e+00  7.576e-83
1.427e+03  1.000e+00  3.303e-83
1.428e+03  1.000e+00  1.437e-83
1.429e+03  1.000e+00  6.242e-84
1.430e+03  1.000e+00  2.706e-84
1.431e+03  1.000e+00  1.171e-84
1.432e+03  1.000e+00  5.060e-85
1.433e+03  1.000e+00  2.182e-85
1.434e+03  1.000e+00  9.393e-86
1.435e+03  1.000e+00  4.036e-86
1.436e+03  1.000e+00  1.731e-86
1.437e+03  1.000e+00  7.412e-87
1.438e+03  1.000e+00  3.167e-87
1.439e+03  1.000e+00  1.351e-87
1.440e+03  1.000e+00  5.754e-88
1.441e+03  1.000e+00  2.446e-88
1.442e+03  1.000e+00  1.038e-88
1.443e+03  1.000e+00  4.395e-89
1.444e+03  1.000e+00  1.858e-89
1.445e+03  1.000e+00  7.842e-90
1.446e+03  1.000e+00  3.303e-90
1.447e+03  1.000e+00  1.389e-90
1.448e+03  1.000e+00  5.831e-91
1.449e+03  1.000e+00  2.443e-91
1.450e+03  1.000e+00  1.022e-91
1.451e+03  1.000e+00  4.266e-92
1.452e+03  1.000e+00  1.778e-92
1.453e+03  1.000e+00  7.396e-93
1.454e+03  1.000e+00  3.071e-93
1.455e+03  1.000e+00  1.273e-93
1.456e+03  1.000e+00  5.268e-94
1.457e+03  1.000e+00  2.176e-94
1.458e+03  1.000e+00  8.972e-95
1.459e+03  1.000e+00  3.693e-95
1.460e+03  1.000e+00  1.517e-95
1.461e+03  1.000e+00  6.222e-96
1.462e+03  1.000e+00  2.547e-96
1.463e+03  1.000e+00  1.041e-96
1.464e+03  1.000e+00  4.246e-97
1.465e+03  1.000e+00  1.729e-97
1.466e+03  1.000e+00  7.028e-98
1.467e+03  1.000e+00  2.852e-98
1.468e+03  1.000e+00  1.155e-98
1.469e+03  1.000e+00  4.670e-99
1.470e+03  1.000e+00  1.885e-99
1.471e+03  1.000e+00  7.594e-100
1.472e+03  1.000e+00  3.054e-100
1.473e+03  1.000e+00  1.226e-100
1.474e+03  1.000e+00  4.914e-101
1.475e+03  1.000e+00  1.966e-101
1.476e+03  1.000e+00  7.850e-102
1.477e+03  1.000e+00  3.129e-102
1.478e+03  1.000e+00  1.245e-102
1.479e+03  1.000e+00  4.947e-103
1.480e+03  1.000e+00  1.962e-103
1.481e+03  1.000e+00  7.764e-104
1.482e+03  1.000e+00  3.068e-104
1.483e+03  1.000e+00  1.210e-104
1.484e+03  1.000e+00  4.765e-105
1.485e+03  1.000e+00  1.873e-105
1.486e+03  1.000e+00  7.349e-106
1.487e+03  1.000e+00  2.878e-106
1.488e+03  1.000e+00  1.125e-106
1.489e+03  1.000e+00  4.392e-107
1.490e+03  1.000e+00  1.711e-107
1.491e+03  1.000e+00  6.656e-108
1.492e+03  1.000e+00  2.584e-108
1.493e+03  1.000e+00  1.002e-108
1.494e+03  1.000e+00  3.875e-109
1.495e+03  1.000e+00  1.497e-109
1.496e+03  1.000e+00  5.771e-110
1.497e+03  1.000e+00  2.221e-110
1.498e+03  1.000e+00  8.534e-111
1.499e+03  1.000e+00  3.273e-111
1.500e+03  1.000e+00  1.253e-111
1.501e+03  1.000e+00  4.790e-112
1.502e+03  1.000e+00  1.827e-112
1.503e+03  1.000e+00  6.960e-113
1.504e+03  1.000e+00  2.647e-113
1.505e+03  1.000e+00  1.005e-113
1.506e+03  1.000e+00  3.806e-114
1.507e+03  1.000e+00  1.440e-114
1.508e+03  1.000e+00  5.436e-115
1.509e+03  1.000e+00  2.049e-115
1.510e+03  1.000e+00  7.710e-116
1.511e+03  1.000e+00  2.896e-116
1.512e+03  1.000e+00  1.086e-116
1.513e+03  1.000e+00  4.065e-117
1.514e+03  1.000e+00  1.519e-117
1.515e+03  1.000e+00  5.667e-118
1.516e+03  1.000e+00  2.111e-118
1.517e+03  1.000e+00  7.846e-119
1.518e+03  1.000e+00  2.912e-119
1.519e+03  1.000e+00  1.079e-119
1.520e+03  1.000e+00  3.990e-120
1.521e+03  1.000e+00  1.473e-120
1.522e+03  1.000e+00  5.430e-121
1.523e+03  1.000e+00  1.998e-121
1.524e+03  1.000e+00  7.340e-122
1.525e+03  1.000e+00  2.691e-122
1.526e+03  1.000e+00  9.852e-123
1.527e+03  1.000e+00  3.601e-123
1.528e+03  1.000e+00  1.314e-123
1.529e+03  1.000e+00  4.784e-124
1.530e+03  1.000e+00  1.739e-124
1.531e+03  1.000e+00  6.313e-125
1.532e+03  1.000e+00  2.288e-125
1.533e+03  1.000e+00  8.275e-126
1.534e+03  1.000e+00  2.988e-126
1.535e+03  1.000e+00  1.077e-126
1.536e+03  1.000e+00  3.877e-127
1.537e+03  1.000e+00  1.393e-127
1.538e+03  1.000e+00  4.996e-128
1.539e+03  1.000e+00  1.789e-128
1.540e+03  1.000e+00  6.396e-129
1.541e+03  1.000e+00  2.282e-129
1.542e+03  1.000e+00  8.131e-130
1.543e+03  1.000e+00  2.892e-130
1.544e+03  1.000e+00  1.027e-130
1.545e+03  1.000e+00  3.640e-131
1.546e+03  1.000e+00  1.288e-131
1.547e+03  1.000e+00  4.551e-132
1.548e+03  1.000e+00  1.605e-132
1.549e+03  1.000e+00  5.651e-133
1.550e+03  1.000e+00  1.987e-133
1.551e+03  1.000e+00  6.971e-134
1.552e+03  1.000e+00  2.442e-134
1.553e+03  1.000e+00  8.543e-135
1.554e+03  1.000e+00  2.983e-135
1.555e+03  1.000e+00  1.040e-135
1.556e+03  1.000e+00  3.619e-136
1.557e+03  1.000e+00  1.257e-136
1.558e+03  1.000e+00  4.362e-137
1.559e+03  1.000e+00  1.510e-137
1.560e+03  1.000e+00  5.222e-138
1.561e+03  1.000e+00  1.802e-138
1.562e+03  1.000e+00  6.211e-139
1.563e+03  1.000e+00  2.137e-139
1.564e+03  1.000e+00  7.339e-140
1.565e+03  1.000e+00  2.516e-140
1.566e+03  1.000e+00  8.614e-141
1.567e+03  1.000e+00  2.944e-141
1.568e+03  1.000e+00  1.005e-141
1.569e+03  1.000e+00  3.422e-142
1.570e+03  1.000e+00  1.164e-142
1.571e+03  1.000e+00  3.952e-143
1.572e+03  1.000e+00  1.340e-143
1.573e+03  1.000e+00  4.535e-144
1.574e+03  1.000e+00  1.532e-144
1.575e+03  1.000e+00  5.169e-145
1.576e+03  1.000e+00  1.741e-145
1.577e+03  1.000e+00  5.855e-146
1.578e+03  1.000e+00  1.966e-146
1.579e+03  1.000e+00  6.589e-147
1.580e+03  1.000e+00  2.205e-147
1.581e+03  1.000e+00  7.367e-148
1.582e+03  1.000e+00  2.458e-148
1.583e+03  1.000e+00  8.186e-149
1.584e+03  1.000e+00  2.722e-149
1.585e+03  1.000e+00  9.037e-150
1.586e+03  1.000e+00  2.996e-150
1.587e+03  1.000e+00  9.914e-151
1.588e+03  1.000e+00  3.276e-151
1.589e+03  1.000e+00  1.081e-151
1.590e+03  1.000e+00  3.560e-152
1.591e+03  1.000e+00  1.171e-152
1.592e+03  1.000e+00  3.845e-153
1.593e+03  1.000e+00  1.260e-153
1.594e+03  1.000e+00  4.126e-154
1.595e+03  1.000e+00  1.349e-154
1.596e+03  1.000e+00  4.401e-155
1.597e+03  1.000e+00  1.434e-155
1.598e+03  1.000e+00  4.665e-156
1.599e+03  1.000e+00  1.515e-156
1.600e+03  1.000e+00  4.915e-157
1.601e+03  1.000e+00  1.592e-157
1.602e+03  1.000e+00  5.146e-158
1.603e+03  1.000e+00  1.662e-158
1.604e+03  1.000e+00  5.356e-159
1.605e+03  1.000e+00  1.724e-159
1.606e+03  1.000e+00  5.541e-160
1.607e+03  1.000e+00  1.778e-160
1.608e+03  1.000e+00  5.698e-161
1.609e+03  1.000e+00  1.823e-161
1.610e+03  1.000e+00  5.825e-162
1.611e+03  1.000e+00  1.858e-162
1.612e+03  1.000e+00  5.919e-163
1.613e+03  1.000e+00  1.883e-163
1.614e+03  1.000e+00  5.980e-164
1.615e+03  1.000e+00  1.897e-164
1.616e+03  1.000e+00  6.007e-165
1.617e+03  1.000e+00  1.900e-165
1.618e+03  1.000e+00  5.999e-166
1.619e+03  1.000e+00  1.892e-166
1.620e+03  1.000e+00  5.957e-167
1.621e+03  1.000e+00  1.873e-167
1.622e+03  1.000e+00  5.882e-168
1.623e+03  1.000e+00  1.844e-168
1.624e+03  1.000e+00  5.775e-169
1.625e+03  1.000e+00  1.806e-169
1.626e+03  1.000e+00  5.639e-170
1.627e+03  1.000e+00  1.759e-170
1.628e+03  1.000e+00  5.477e-171
1.629e+03  1.000e+00  1.703e-171
1.630e+03  1.000e+00  5.290e-172
1.631e+03  1.000e+00  1.641e-172
1.632e+03  1.000e+00  5.083e-173
1.633e+03  1.000e+00  1.572e-173
1.634e+03  1.000e+00  4.858e-174
1.635e+03  1.000e+00  1.499e-174
1.636e+03  1.000e+00  4.619e-175
1.637e+03  1.000e+00  1.422e-175
1.638e+03  1.000e+00  4.369e-176
1.639e+03  1.000e+00  1.341e-176
1.640e+03  1.000e+00  4.113e-177
1.641e+03  1.000e+00  1.260e-177
1.642e+03  1.000e+00  3.852e-178
1.643e+03  1.000e+00  1.177e-178
1.644e+03  1.000e+00  3.591e-179
1.645e+03  1.000e+00  1.095e-179
1.646e+03  1.000e+00  3.332e-180
1.647e+03  1.000e+00  1.013e-180
1.648e+03  1.000e+00  3.077e-181
1.649e+03  1.000e+00  9.335e-182
1.650e+03  1.000e+00  2.829e-182
1.651e+03  1.000e+00  8.564e-183
1.652e+03  1.000e+00  2.590e-183
1.653e+03  1.000e+00  7.822e-184
1.654e+03  1.000e+00  2.360e-184
1.655e+03  1.000e+00  7.115e-185
1.656e+03  1.000e+00  2.142e-185
1.657e+03  1.000e+00  6.445e-186
1.658e+03  1.000e+00  1.937e-186
1.659e+03  1.000e+00  5.816e-187
1.660e+03  1.000e+00  1.744e-187
1.661e+03  1.000e+00  5.227e-188
1.662e+03  1.000e+00  1.565e-188
1.663e+03  1.000e+00  4.682e-189
1.664e+03  1.000e+00  1.399e-189
1.665e+03  1.000e+00  4.178e-190
1.666e+03  1.000e+00  1.247e-190
1.667e+03  1.000e+00  3.716e-191
1.668e+03  1.000e+00  1.107e-191
1.669e+03  1.000e+00  3.295e-192
1.670e+03  1.000e+00  9.799e-193
1.671e+03  1.000e+00  2.912e-193
1.672e+03  1.000e+00  8.648e-194
1.673e+03  1.000e+00  2.566e-194
1.674e+03  1.000e+00  7.611e-195
1.675e+03  1.000e+00  2.255e-195
1.676e+03  1.000e+00  6.680e-196
1.677e+03  1.000e+00  1.977e-196
1.678e+03  1.000e+00  5.849e-197
1.679e+03  1.000e+00  1.729e-197
1.680e+03  1.000e+00  5.109e-198
1.681e+03  1.000e+00  1.509e-198
1.682e+03  1.000e+00  4.452e-199
1.683e+03  1.000e+00  1.313e-199
1.684e+03  1.000e+00  3.873e-200
1.685e+03  1.000e+00  1.141e-200
1.686e+03  1.000e+00  3.362e-201
1.687e+03  1.000e+00  9.900e-202
1.688e+03  1.000e+00  2.914e-202
1.689e+03  1.000e+00  8.574e-203
1.690e+03  1.000e+00  2.522e-203
1.691e+03  1.000e+00  7.414e-204
1.692e+03  1.000e+00  2.179e-204
1.693e+03  1.000e+00  6.402e-205
1.694e+03  1.000e+00  1.880e-205
1.695e+03  1.000e+00  5.521e-206
1.696e+03  1.000e+00  1.621e-206
1.697e+03  1.000e+00  4.757e-207
1.698e+03  1.000e+00  1.396e-207
1.699e+03  1.000e+00  4.094e-208
1.700e+03  1.000e+00  1.201e-208
1.701e+03  1.000e+00  3.520e-209
1.702e+03  1.000e+00  1.032e-209
1.703e+03  1.000e+00  3.025e-210
1.704e+03  1.000e+00  8.865e-211
1.705e+03  1.000e+00  2.598e-211
1.706e+03  1.000e+00  7.610e-212
1.707e+03  1.000e+00  2.229e-212
1.708e+03  1.000e+00  6.530e-213
1.709e+03  1.000e+00  1.912e-213
1.710e+03  1.000e+00  5.600e-214
1.711e+03  1.000e+00  1.640e-214
1.712e+03  1.000e+00  4.800e-215
1.713e+03  1.000e+00  1.405e-215
1.714e+03  1.000e+00  4.114e-216
1.715e+03  1.000e+00  1.204e-216
1.716e+03  1.000e+00  3.524e-217
1.717e+03  1.000e+00  1.031e-217
1.718e+03  1.000e+00  3.019e-218
1.719e+03  1.000e+00  8.834e-219
1.720e+03  1.000e+00  2.585e-219
1.721e+03  1.000e+00  7.564e-220
1.722e+03  1.000e+00  2.213e-220
1.723e+03  1.000e+00  6.476e-221
1.724e+03  1.000e+00  1.895e-221
1.725e+03  1.000e+00  5.544e-222
1.726e+03  1.000e+00  1.622e-222
1.727e+03  1.000e+00  4.746e-223
1.728e+03  1.000e+00  1.388e-223
1.729e+03  1.000e+00  4.062e-224
1.730e+03  1.000e+00  1.188e-224
1.731e+03  1.000e+00  3.476e-225
1.732e+03  1.000e+00  1.017e-225
1.733e+03  1.000e+00  2.975e-226
1.734e+03  1.000e+00  8.703e-227
1.735e+03  1.000e+00  2.546e-227
1.736e+03  1.000e+00  7.448e-228
1.737e+03  1.000e+00  2.179e-228
1.738e+03  1.000e+00  6.373e-229
1.739e+03  1.000e+00  1.864e-229
1.740e+03  1.000e+00  5.454e-230
1.741e+03  1.000e+00  1.595e-230
1.742e+03  1.000e+00  4.667e-231
1.743e+03  1.000e+00  1.365e-231
1.744e+03  1.000e+00  3.994e-232
1.745e+03  1.000e+00  1.168e-232
1.746e+03  1.000e+00  3.417e-233
1.747e+03  1.000e+00  9.997e-234
1.748e+03  1.000e+00  2.924e-234
1.749e+03  1.000e+00  8.554e-235
1.750e+03  1.000e+00  2.502e-235
1.751e+03  1.000e+00  7.320e-236
1.752e+03  1.000e+00  2.141e-236
1.753e+03  1.000e+00  6.263e-237
1.754e+03  1.000e+00  1.832e-237
1.755e+03  1.000e+00  5.360e-238
1.756e+03  1.000e+00  1.568e-238
1.757e+03  1.000e+00  4.586e-239
1.758e+03  1.000e+00  1.342e-239
1.759e+03  1.000e+00  3.924e-240
1.760e+03  1.000e+00  1.148e-240
1.761e+03  1.000e+00  3.358e-241
1.762e+03  1.000e+00  9.823e-242
1.763e+03  1.000e+00  2.873e-242
1.764e+03  1.000e+00  8.406e-243
1.765e+03  1.000e+00  2.459e-243
1.766e+03  1.000e+00  7.193e-244
1.767e+03  1.000e+00  2.104e-244
1.768e+03  1.000e+00  6.155e-245
1.769e+03  1.000e+00  1.800e-245
1.770e+03  1.000e+00  5.267e-246
1.771e+03  1.000e+00  1.541e-246
1.772e+03  1.000e+00  4.507e-247
1.773e+03  1.000e+00  1.318e-247
1.774e+03  1.000e+00  3.856e-248
1.775e+03  1.000e+00  1.128e-248
1.776e+03  1.000e+00  3.300e-249
1.777e+03  1.000e+00  9.653e-250
1.778e+03  1.000e+00  2.824e-250
1.779e+03  1.000e+00  8.260e-251
1.780e+03  1.000e+00  2.416e-251
1.781e+03  1.000e+00  7.068e-252
1.782e+03  1.000e+00  2.068e-252
1.783e+03  1.000e+00  6.049e-253
1.784e+03  1.000e+00  1.769e-253
1.785e+03  1.000e+00  5.176e-254
1.786e+03  1.000e+00  1.514e-254
1.787e+03  1.000e+00  4.429e-255
1.788e+03  1.000e+00  1.296e-255
1.789e+03  1.000e+00  3.790e-256
1.790e+03  1.000e+00  1.109e-256
1.791e+03  1.000e+00  3.243e-257
1.792e+03  1.000e+00  9.487e-258
1.793e+03  1.000e+00  2.775e-258
1.794e+03  1.000e+00  8.119e-259
1.795e+03  1.000e+00  2.375e-259
1.796e+03  1.000e+00  6.947e-260
1.797e+03  1.000e+00  2.032e-260
1.798e+03  1.000e+00  5.945e-261
1.799e+03  1.000e+00  1.739e-261
1.800e+03  1.000e+00  5.087e-262
1.801e+03  1.000e+00  1.488e-262
1.802e+03  1.000e+00  4.353e-263
1.803e+03  1.000e+00  1.274e-263
1.804e+03  1.000e+00  3.725e-264
1.805e+03  1.000e+00  1.090e-264
1.806e+03  1.000e+00  3.188e-265
1.807e+03  1.000e+00  9.326e-266
1.808e+03  1.000e+00  2.728e-266
1.809e+03  1.000e+00  7.980e-267
1.810e+03  1.000e+00  2.335e-267
1.811e+03  1.000e+00  6.829e-268
1.812e+03  1.000e+00  1.998e-268
1.813e+03  1.000e+00  5.844e-269
1.814e+03  1.000e+00  1.710e-269
1.815e+03  1.000e+00  5.001e-270
1.816e+03  1.000e+00  1.463e-270
1.817e+03  1.000e+00  4.280e-271
1.818e+03  1.000e+00  1.252e-271
1.819e+03  1.000e+00  3.662e-272
1.820e+03  1.000e+00  1.071e-272
1.821e+03  1.000e+00  3.134e-273
1.822e+03  1.000e+00  9.168e-274
1.823e+03  1.000e+00  2.682e-274
1.824e+03  1.000e+00  7.846e-275
1.825e+03  1.000e+00  2.295e-275
1.826e+03  1.000e+00  6.714e-276
1.827e+03  1.000e+00  1.964e-276
1.828e+03  1.000e+00  5.746e-277
1.829e+03  1.000e+00  1.681e-277
1.830e+03  1.000e+00  4.917e-278
1.831e+03  1.000e+00  1.438e-278
1.832e+03  1.000e+00  4.208e-279
1.833e+03  1.000e+00  1.231e-279
1.834e+03  1.000e+00  3.601e-280
1.835e+03  1.000e+00  1.053e-280
1.836e+03  1.000e+00  3.082e-281
1.837e+03  1.000e+00  9.015e-282
1.838e+03  1.000e+00  2.637e-282
1.839e+03  1.000e+00  7.714e-283
1.840e+03  1.000e+00  2.257e-283
1.841e+03  1.000e+00  6.602e-284
1.842e+03  1.000e+00  1.931e-284
1.843e+03  1.000e+00  5.650e-285
1.844e+03  1.000e+00  1.653e-285
1.845e+03  1.000e+00  4.835e-286
1.846e+03  1.000e+00  1.414e-286
1.847e+03  1.000e+00  4.138e-287
1.848e+03  1.000e+00  1.210e-287
1.849e+03  1.000e+00  3.541e-288
1.850e+03  1.000e+00  1.036e-288
1.851e+03  1.000e+00  3.030e-289
1.852e+03  1.000e+00  8.865e-290
1.853e+03  1.000e+00  2.593e-290
1.854e+03  1.000e+00  7.586e-291
1.855e+03  1.000e+00  2.219e-291
1.856e+03  1.000e+00  6.492e-292
1.857e+03  1.000e+00  1.899e-292
1.858e+03  1.000e+00  5.556e-293
1.859e+03  1.000e+00  1.625e-293
1.860e+03  1.000e+00  4.755e-294
1.861e+03  1.000e+00  1.391e-294
1.862e+03  1.000e+00  4.069e-295
1.863e+03  1.000e+00  1.190e-295
1.864e+03  1.000e+00  3.483e-296
1.865e+03  1.000e+00  1.019e-296
1.866e+03  1.000e+00  2.980e-297
1.867e+03  1.000e+00  8.719e-298
1.868e+03  1.000e+00  2.551e-298
1.869e+03  1.000e+00  7.462e-299
1.870e+03  1.000e+00  2.183e-299
1.871e+03  1.000e+00  6.386e-300
1.872e+03  1.000e+00  1.868e-300
1.873e+03  1.000e+00  5.465e-301
1.874e+03  1.000e+00  1.599e-301
1.875e+03  1.000e+00  4.677e-302
1.876e+03  1.000e+00  1.368e-302
1.877e+03  1.000e+00  4.003e-303
1.878e+03  1.000e+00  1.171e-303
1.879e+03  1.000e+00  3.426e-304
1.880e+03  1.000e+00  1.002e-304
1.881e+03  1.000e+00  2.932e-305
1.882e+03  1.000e+00  8.577e-306
1.883e+03  1.000e+00  2.509e-306
1.884e+03  1.000e+00  7.340e-307
1.885e+03  1.000e+00  2.147e-307
1.886e+03  1.000e+00  6.282e-308
1.887e+03  1.000e+00  1.838e-308
1.888e+03  1.000e+00  5.376e-309
1.889e+03  1.000e+00  1.573e-309
1.890e+03  1.000e+00  4.601e-310
1.891e+03  1.000e+00  1.346e-310
1.892e+03  1.000e+00  3.938e-311
1.893e+03  1.000e+00  1.152e-311
1.894e+03  1.000e+00  3.370e-312
1.895e+03  1.000e+00  9.860e-313
1.896e+03  1.000e+00  2.884e-313
1.897e+03  1.000e+00  8.438e-314
1.898e+03  1.000e+00  2.469e-314
1.899e+03  1.000e+00  7.222e-315
1.900e+03  1.000e+00  2.113e-315
1.901e+03  1.000e+00  6.181e-316
1.902e+03  1.000e+00  1.808e-316
1.903e+03  1.000e+00  5.290e-317
1.904e+03  1.000e+00  1.548e-317
1.905e+03  1.000e+00  4.527e-318
1.906e+03  1.000e+00  1.324e-318
1.907e+03  1.000e+00  3.875e-319
1.908e+03  1.000e+00  1.134e-319
1.909e+03  1.000e+00  3.316e-320
1.910e+03  1.000e+00  9.703e-321
1.911e+03  1.000e+00  2.836e-321
1.912e+03  1.000e+00  8.251e-322
1.913e+03  1.000e+00  2.372e-322
1.914e+03  1.000e+00  5.929e-323
1.915e+03  1.000e+00  1.482e-323
1.916e+03  1.000e+00  0.000e+00
1.917e+03  1.000e+00  0.000e+00
1.918e+03  1.000e+00  0.000e+00
1.919e+03  1.000e+00  0.000e+00
1.920e+03  1.000e+00  0.000e+00
1.921e+03  1.000e+00  0.000e+00
1.922e+03  1.000e+00  0.000e+00
1.923e+03  1.000e+00  0.000e+00
1.924e+03  1.000e+00  0.000e+00
1.925e+03  1.000e+00  0.000e+00
1.926e+03  1.000e+00  0.000e+00
1.927e+03  1.000e+00  0.000e+00
1.928e+03  1.000e+00  0.000e+00
1.929e+03  1.000e+00  0.000e+00
1.930e+03  1.000e+00  0.000e+00
1.931e+03  1.000e+00  0.000e+00
1.932e+03  1.000e+00  0.000e+00
1.933e+03  1.000e+00  0.000e+00
1.934e+03  1.000e+00  0.000e+00
1.935e+03  1.000e+00  0.000e+00
1.936e+03  1.000e+00  0.000e+00
1.937e+03  1.000e+00  0.000e+00
1.938e+03  1.000e+00  0.000e+00
1.939e+03  1.000e+00  0.000e+00
1.940e+03  1.000e+00  0.000e+00
1.941e+03  1.000e+00  0.000e+00
1.942e+03  1.000e+00  0.000e+00
1.943e+03  1.000e+00  0.000e+00
1.944e+03  1.000e+00  0.000e+00
1.945e+03  1.000e+00  0.000e+00
1.946e+03  1.000e+00  0.000e+00
1.947e+03  1.000e+00  0.000e+00
1.948e+03  1.000e+00  0.000e+00
1.949e+03  1.000e+00  0.000e+00
1.950e+03  1.000e+00  0.000e+00
1.951e+03  1.000e+00  0.000e+00
1.952e+03  1.000e+00  0.000e+00
1.953e+03  1.000e+00  0.000e+00
1.954e+03  1.000e+00  0.000e+00
1.955e+03  1.000e+00  0.000e+00
1.956e+03  1.000e+00  0.000e+00
1.957e+03  1.000e+00  0.000e+00
1.958e+03  1.000e+00  0.000e+00
1.959e+03  1.000e+00  0.000e+00
1.960e+03  1.000e+00  0.000e+00
1.961e+03  1.000e+00  0.000e+00
1.962e+03  1.000e+00  0.000e+00
1.963e+03  1.000e+00  0.000e+00
1.964e+03  1.000e+00  0.000e+00
1.965e+03  1.000e+00  0.000e+00
1.966e+03  1.000e+00  0.000e+00
1.967e+03  1.000e+00  0.000e+00
1.968e+03  1.000e+00  0.000e+00
1.969e+03  1.000e+00  0.000e+00
1.970e+03  1.000e+00  0.000e+00
1.971e+03  1.000e+00  0.000e+00
1.972e+03  1.000e+00  0.000e+00
1.973e+03  1.000e+00  0.000e+00
1.974e+03  1.000e+00  0.000e+00
1.975e+03  1.000e+00  0.000e+00
1.976e+03  1.000e+00  0.000e+00
1.977e+03  1.000e+00  0.000e+00
1.978e+03  1.000e+00  0.000e+00
1.979e+03  1.000e+00  0.000e+00
1.980e+03  1.000e+00  0.000e+00
1.981e+03  1.000e+00  0.000e+00
1.982e+03  1.000e+00  0.000e+00
1.983e+03  1.000e+00  0.000e+00
1.984e+03  1.000e+00  0.000e+00
1.985e+03  1.000e+00  0.000e+00
1.986e+03  1.000e+00  0.000e+00
1.987e+03  1.000e+00  0.000e+00
1.988e+03  1.000e+00  0.000e+00
1.989e+03  1.000e+00  0.000e+00
1.990e+03  1.000e+00  0.000e+00
1.991e+03  1.000e+00  0.000e+00
1.992e+03  1.000e+00  0.000e+00
1.993e+03  1.000e+00  0.000e+00
1.994e+03  1.000e+00  0.000e+00
1.995e+03  1.000e+00  0.000e+00
1.996e+03  1.000e+00  0.000e+00
1.997e+03  1.000e+00  0.000e+00
1.998e+03  1.000e+00  0.000e+00
1.999e+03  1.000e+00  0.000e+00
2.000e+03  1.000e+00  0.000e+00
