3.392987092424090269e-132
2.695501455253154237e-134
1.460838806610842832e-136
6.998559523608490237e-139
2.732680040326157179e-141
8.079532325169113473e-144
1.696523837296671790e-146
2.686098783050129451e-149
3.081867576670955414e-152
2.245058774195321586e-155
6.027092964140341290e-156
7.724089774142423428e-153
3.071421311110603682e-149
4.608966604152391459e-145
2.617070653783456678e-140
7.135933921665912213e-135
1.335106836113424386e-128
2.040280809927988659e-121
2.901509686706916094e-113
-1.000000000000000000e+00
-1.000000000000000000e+00
-1.000000000000000000e+00
-1.000000000000000000e+00
-1.000000000000000000e+00
-1.000000000000000000e+00
5.647399299997354349e-01
-1.000000000000000000e+00
-1.000000000000000000e+00
-1.000000000000000000e+00
-1.000000000000000000e+00
-1.000000000000000000e+00
-1.000000000000000000e+00
-1.000000000000000000e+00
-1.000000000000000000e+00
-1.000000000000000000e+00
-1.000000000000000000e+00
-1.000000000000000000e+00
-1.000000000000000000e+00
-1.000000000000000000e+00
-1.000000000000000000e+00
-1.000000000000000000e+00
-1.000000000000000000e+00
-1.000000000000000000e+00
-1.000000000000000000e+00
-1.000000000000000000e+00
-1.000000000000000000e+00
-1.000000000000000000e+00
-1.000000000000000000e+00
-1.000000000000000000e+00
-1.000000000000000000e+00
