3.335077635862280528e-53
4.301998236807234871e-55
4.417486573171093475e-57
3.584815508009768508e-59
2.282869740533949245e-61
9.663797596082235451e-64
3.150812443935150708e-66
6.671528505487256275e-69
8.324029156101697896e-72
6.556816401652710989e-75
2.960177685400503107e-78
5.814279809403998139e-82
5.338400317105071407e-86
1.738105044786524631e-90
1.678144724497454075e-95
4.180294144905631415e-101
2.176251844605100409e-107
2.021541694475216753e-114
-1.000000000000000000e+00
-1.000000000000000000e+00
-1.000000000000000000e+00
-1.000000000000000000e+00
-1.000000000000000000e+00
-1.000000000000000000e+00
-1.000000000000000000e+00
-1.000000000000000000e+00
-1.000000000000000000e+00
-1.000000000000000000e+00
-1.000000000000000000e+00
-1.000000000000000000e+00
-1.000000000000000000e+00
-1.000000000000000000e+00
-1.000000000000000000e+00
-1.000000000000000000e+00
-1.000000000000000000e+00
-1.000000000000000000e+00
-1.000000000000000000e+00
-1.000000000000000000e+00
-1.000000000000000000e+00
-1.000000000000000000e+00
-1.000000000000000000e+00
-1.000000000000000000e+00
-1.000000000000000000e+00
-1.000000000000000000e+00
-1.000000000000000000e+00
-1.000000000000000000e+00
-1.000000000000000000e+00
-1.000000000000000000e+00
-1.000000000000000000e+00
-1.000000000000000000e+00
