4.435984000289772208e-95
3.510864030899127693e-97
2.369368731803673292e-99
1.240698958780252499e-101
5.106077900990857853e-104
1.357568298174563087e-106
2.939468166948878184e-109
4.297962654275852652e-112
3.936470812564598195e-115
2.351614081958238364e-118
8.682610048126039415e-122
1.716404396140767450e-125
1.613607260267308730e-129
7.400889200592761068e-134
1.456028034778732114e-138
1.071736775894699424e-143
2.470602868881512661e-149
2.781961967778494024e-152
-1.000000000000000000e+00
-1.000000000000000000e+00
-1.000000000000000000e+00
-1.000000000000000000e+00
-1.000000000000000000e+00
-1.000000000000000000e+00
-1.000000000000000000e+00
-1.000000000000000000e+00
-1.000000000000000000e+00
-1.000000000000000000e+00
-1.000000000000000000e+00
-1.000000000000000000e+00
-1.000000000000000000e+00
-1.000000000000000000e+00
-1.000000000000000000e+00
-1.000000000000000000e+00
-1.000000000000000000e+00
-1.000000000000000000e+00
-1.000000000000000000e+00
-1.000000000000000000e+00
-1.000000000000000000e+00
-1.000000000000000000e+00
-1.000000000000000000e+00
-1.000000000000000000e+00
-1.000000000000000000e+00
-1.000000000000000000e+00
-1.000000000000000000e+00
-1.000000000000000000e+00
-1.000000000000000000e+00
-1.000000000000000000e+00
-1.000000000000000000e+00
-1.000000000000000000e+00
