1.582546649915036203e-132
1.138137947117629440e-134
7.039260021544193492e-137
3.434496371593724796e-139
1.220473774937301687e-141
3.688706901138392445e-144
7.933236703458232460e-147
1.289388511620970246e-149
1.361930640394576451e-152
1.144721554611599925e-155
8.522012222781561584e-156
1.118359645520529884e-152
5.070106762443414407e-149
6.997613781466181147e-145
4.511819030742773066e-140
1.254351864624942872e-134
2.636507994575513635e-128
4.069476869138400806e-121
5.819338997282199809e-113
-1.000000000000000000e+00
-1.000000000000000000e+00
-1.000000000000000000e+00
-1.000000000000000000e+00
-1.000000000000000000e+00
-1.000000000000000000e+00
-1.000000000000000000e+00
-1.000000000000000000e+00
-1.000000000000000000e+00
-1.000000000000000000e+00
-1.000000000000000000e+00
-1.000000000000000000e+00
-1.000000000000000000e+00
-1.000000000000000000e+00
-1.000000000000000000e+00
-1.000000000000000000e+00
-1.000000000000000000e+00
-1.000000000000000000e+00
-1.000000000000000000e+00
-1.000000000000000000e+00
-1.000000000000000000e+00
-1.000000000000000000e+00
-1.000000000000000000e+00
-1.000000000000000000e+00
-1.000000000000000000e+00
-1.000000000000000000e+00
-1.000000000000000000e+00
-1.000000000000000000e+00
-1.000000000000000000e+00
-1.000000000000000000e+00
-1.000000000000000000e+00
