6.013052068464861785e-74
6.186653189914958374e-76
5.195870324702297646e-78
3.249185926609797761e-80
1.514040260493825134e-82
5.270825350053472379e-85
1.251305396409286283e-87
2.037087828904250450e-90
2.295990231567173887e-93
1.353386737775877211e-96
5.168111232503817343e-100
8.841344183113299791e-104
7.783758234437325223e-108
2.778119258621956284e-112
3.627980823916000642e-117
1.371150848450716253e-122
1.375847065332299559e-128
3.403701916292991367e-135
-1.000000000000000000e+00
-1.000000000000000000e+00
-1.000000000000000000e+00
-1.000000000000000000e+00
-1.000000000000000000e+00
-1.000000000000000000e+00
-1.000000000000000000e+00
-1.000000000000000000e+00
-1.000000000000000000e+00
-1.000000000000000000e+00
-1.000000000000000000e+00
-1.000000000000000000e+00
-1.000000000000000000e+00
-1.000000000000000000e+00
-1.000000000000000000e+00
-1.000000000000000000e+00
-1.000000000000000000e+00
-1.000000000000000000e+00
-1.000000000000000000e+00
-1.000000000000000000e+00
-1.000000000000000000e+00
-1.000000000000000000e+00
-1.000000000000000000e+00
-1.000000000000000000e+00
-1.000000000000000000e+00
-1.000000000000000000e+00
-1.000000000000000000e+00
-1.000000000000000000e+00
-1.000000000000000000e+00
-1.000000000000000000e+00
-1.000000000000000000e+00
-1.000000000000000000e+00
