1.758798843356158238e-90
1.559415293764258020e-92
1.052270518280659700e-94
6.039436422326408839e-97
2.423167557907522308e-99
6.878954875367944204e-102
1.558706542416172713e-104
2.336325737437454402e-107
2.140930183444103017e-110
1.240985195435329250e-113
4.762016069651120246e-117
8.428927542746621310e-121
8.307093700475247494e-125
3.358550886892783216e-129
5.948336860291365980e-134
3.546161653503922171e-139
7.173027751004101074e-145
4.377979681738189435e-151
-1.000000000000000000e+00
-1.000000000000000000e+00
-1.000000000000000000e+00
-1.000000000000000000e+00
-1.000000000000000000e+00
-1.000000000000000000e+00
-1.000000000000000000e+00
-1.000000000000000000e+00
-1.000000000000000000e+00
-1.000000000000000000e+00
-1.000000000000000000e+00
-1.000000000000000000e+00
-1.000000000000000000e+00
-1.000000000000000000e+00
-1.000000000000000000e+00
-1.000000000000000000e+00
-1.000000000000000000e+00
-1.000000000000000000e+00
-1.000000000000000000e+00
-1.000000000000000000e+00
-1.000000000000000000e+00
-1.000000000000000000e+00
-1.000000000000000000e+00
-1.000000000000000000e+00
-1.000000000000000000e+00
-1.000000000000000000e+00
-1.000000000000000000e+00
-1.000000000000000000e+00
-1.000000000000000000e+00
-1.000000000000000000e+00
-1.000000000000000000e+00
-1.000000000000000000e+00
