3.252424049888909111e-119
2.394964815244693502e-121
1.290987219637152476e-123
6.529493032728308980e-126
2.266957984331388025e-128
6.244710336363574605e-131
1.267479925000858002e-133
1.986619033370208866e-136
2.037976235683481017e-139
1.317792608349599154e-142
5.890880242702294189e-146
1.473058516348227441e-149
2.159544851894362317e-153
3.036521397643368827e-152
1.437751902821210235e-148
4.420799699637893349e-144
1.204710046907968188e-138
3.016897762033547771e-132
-1.000000000000000000e+00
-1.000000000000000000e+00
-1.000000000000000000e+00
-1.000000000000000000e+00
-1.000000000000000000e+00
-1.000000000000000000e+00
-1.000000000000000000e+00
5.386676993655901136e-01
-1.000000000000000000e+00
-1.000000000000000000e+00
-1.000000000000000000e+00
-1.000000000000000000e+00
-1.000000000000000000e+00
-1.000000000000000000e+00
-1.000000000000000000e+00
-1.000000000000000000e+00
-1.000000000000000000e+00
-1.000000000000000000e+00
-1.000000000000000000e+00
-1.000000000000000000e+00
-1.000000000000000000e+00
-1.000000000000000000e+00
-1.000000000000000000e+00
-1.000000000000000000e+00
-1.000000000000000000e+00
-1.000000000000000000e+00
-1.000000000000000000e+00
-1.000000000000000000e+00
-1.000000000000000000e+00
-1.000000000000000000e+00
-1.000000000000000000e+00
-1.000000000000000000e+00
