1.811659192825112230e+00
1.784522003034901383e+00
1.750000000000000222e+00
1.716981132075471761e+00
1.675762439807383597e+00
1.642622950819672134e+00
1.593277310924369861e+00
1.554404145077720178e+00
1.516014234875445066e+00
1.469613259668508531e+00
1.422562141491395815e+00
1.381957773512476173e+00
1.334600760456273738e+00
1.283302063789868885e+00
1.233333333333333393e+00
1.180327868852458995e+00
1.116279069767441845e+00
1.050788091068301400e+00
9.879931389365352867e-01
9.107589658048373948e-01
8.306922435362803503e-01
7.456213511259383031e-01
6.455379482902419142e-01
5.254378648874062918e-01
3.703085904920767613e-01
3.686635944700460826e-02
-4.954128440366972752e-01
-4.954128440366972752e-01
-4.904086738949124391e-01
-4.904086738949124391e-01
-4.954128440366972752e-01
-4.904086738949124391e-01
-4.904086738949124391e-01
-4.954128440366972752e-01
-4.954128440366972752e-01
-4.904086738949124391e-01
-4.904086738949124391e-01
-4.904086738949124391e-01
-4.904086738949124391e-01
-4.904086738949124391e-01
-4.954128440366972752e-01
-4.954128440366972752e-01
-4.954128440366972752e-01
-4.954128440366972752e-01
-4.954128440366972752e-01
-4.954128440366972752e-01
-4.904086738949124391e-01
-4.904086738949124391e-01
-4.904086738949124391e-01
-4.904086738949124391e-01
