2.154302670623145843e+00
2.113537117903930174e+00
2.074285714285714288e+00
2.030769230769231104e+00
1.985974754558204713e+00
1.934379457917261069e+00
1.889695210449927609e+00
1.837278106508875908e+00
1.794561933534743359e+00
1.746130030959752277e+00
1.688394276629570756e+00
1.632786885245901765e+00
1.578947368421052655e+00
1.529203539823008828e+00
1.460966542750929520e+00
1.384615384615384803e+00
1.324055666003976173e+00
1.256916996047430901e+00
1.175979983319432876e+00
1.085904920767306159e+00
9.958298582151794420e-01
8.907422852376981615e-01
7.756463719766473197e-01
6.305254378648874614e-01
4.453711426188490807e-01
7.506255212677231947e-02
-1.406171809841534781e+00
-1.406171809841534781e+00
-1.406171809841534781e+00
-1.411175979983319451e+00
-1.411175979983319451e+00
-1.406171809841534781e+00
-1.406171809841534781e+00
-1.406171809841534781e+00
-1.411175979983319451e+00
-1.406171809841534781e+00
-1.406171809841534781e+00
-1.406171809841534781e+00
-1.411175979983319451e+00
-1.411175979983319451e+00
-1.406171809841534781e+00
-1.406171809841534781e+00
-1.406171809841534781e+00
-1.406171809841534781e+00
-1.406171809841534781e+00
-1.406171809841534781e+00
-1.411175979983319451e+00
-1.411175979983319451e+00
-1.411175979983319451e+00
-1.411175979983319451e+00
