3.552301255230125854e+00
3.333333333333333481e+00
3.281837160751565730e+00
3.450317124735729379e+00
3.406779661016949401e+00
3.272727272727272485e+00
3.190677966101695073e+00
3.133757961783439683e+00
3.095948827292111183e+00
3.259423503325942217e+00
3.079295154185022199e+00
2.967177242888403121e+00
2.847682119205297901e+00
2.813333333333333464e+00
2.448430493273543007e+00
2.485523385300668409e+00
2.328159645232815933e+00
2.223214285714286031e+00
1.909706546275395045e+00
6.907449209932280398e-01
6.000000000000000888e-01
5.662921348314607917e-01
3.936651583710407687e-01
1.904761904761904656e-01
-8.714524207011686840e-01
-8.614357262103506940e-01
-8.614357262103506940e-01
-8.714524207011686840e-01
-8.714524207011686840e-01
-8.614357262103506940e-01
-8.714524207011686840e-01
-8.614357262103506940e-01
-8.614357262103506940e-01
-8.714524207011686840e-01
-8.714524207011686840e-01
-8.614357262103506940e-01
-8.614357262103506940e-01
-8.614357262103506940e-01
-8.614357262103506940e-01
-8.614357262103506940e-01
-8.714524207011686840e-01
-8.714524207011686840e-01
-8.714524207011686840e-01
-8.714524207011686840e-01
-8.614357262103506940e-01
-8.614357262103506940e-01
-8.614357262103506940e-01
-8.614357262103506940e-01
-8.614357262103506940e-01
-8.614357262103506940e-01
