3.615221987315011098e+00
3.403726708074534368e+00
3.407098121085595288e+00
3.385263157894736974e+00
3.382978723404255206e+00
3.331914893617021090e+00
3.262260127931770004e+00
3.133757961783439683e+00
3.128755364806866890e+00
3.237885462555066152e+00
3.112087912087912578e+00
2.915032679738561949e+00
2.907079646017699304e+00
2.754966887417218846e+00
2.669662921348314732e+00
2.357142857142857206e+00
2.323008849557522293e+00
2.213333333333333375e+00
1.656108597285067985e+00
6.907449209932280398e-01
6.108597285067873806e-01
5.270270270270270840e-01
3.918918918918918859e-01
1.900452488687782715e-01
-9.315525876460767352e-01
-9.215358931552587451e-01
-9.315525876460767352e-01
-9.215358931552587451e-01
-9.315525876460767352e-01
-9.315525876460767352e-01
-9.215358931552587451e-01
-9.315525876460767352e-01
-9.315525876460767352e-01
-9.215358931552587451e-01
-9.215358931552587451e-01
-9.315525876460767352e-01
-9.315525876460767352e-01
-9.315525876460767352e-01
-9.315525876460767352e-01
-9.315525876460767352e-01
-9.215358931552587451e-01
-9.215358931552587451e-01
-9.215358931552587451e-01
-9.215358931552587451e-01
-9.315525876460767352e-01
-9.315525876460767352e-01
-9.315525876460767352e-01
-9.315525876460767352e-01
-9.315525876460767352e-01
-9.315525876460767352e-01
