3.676595744680851041e+00
3.477707006369426868e+00
3.538461538461538769e+00
3.375796178343949183e+00
3.395744680851064068e+00
3.399141630901287847e+00
3.396963123644252125e+00
3.244635193133047490e+00
3.187904967602591899e+00
3.144104803493450007e+00
2.862144420131291334e+00
2.928104575163398948e+00
2.784313725490196401e+00
2.721238938053097467e+00
2.381374722838137892e+00
2.514412416851441456e+00
2.198675496688741848e+00
1.920529801324503572e+00
1.589403973509933898e+00
6.943231441048035579e-01
6.280623608017817938e-01
5.345211581291759995e-01
4.008908685968819996e-01
1.875000000000000000e-01
-1.314401622718052831e+00
-1.313953488372093137e+00
-1.312186978297162021e+00
-1.312186978297162021e+00
-1.312186978297162021e+00
-1.312186978297162021e+00
-1.322203672787980011e+00
-1.312186978297162021e+00
-1.312186978297162021e+00
-1.312186978297162021e+00
-1.312186978297162021e+00
-1.312186978297162021e+00
-1.312186978297162021e+00
-1.322203672787980011e+00
-1.312186978297162021e+00
-1.312186978297162021e+00
-1.312186978297162021e+00
-1.312186978297162021e+00
-1.312186978297162021e+00
-1.312186978297162021e+00
-1.312186978297162021e+00
-1.312186978297162021e+00
-1.322203672787980011e+00
-1.312186978297162021e+00
-1.312186978297162021e+00
-1.312186978297162021e+00
