2.669201520912547476e+00
2.522727272727272929e+00
2.504743833017077925e+00
2.465909090909091272e+00
2.359168241965973412e+00
2.320754716981132226e+00
2.221804511278195449e+00
2.211720226843100434e+00
2.155009451795841358e+00
2.192307692307692513e+00
2.077369439071567125e+00
1.852427184466019394e+00
1.957528957528957614e+00
1.789674952198852864e+00
1.548387096774193505e+00
1.616698292220114075e+00
1.554702495201535362e+00
1.482625482625482771e+00
1.383720930232558155e+00
1.023529411764706021e+00
1.047984644913627639e+00
6.387434554973822065e-01
3.906510851419032204e-01
1.952277657266811295e-01
-2.882352941176471006e+00
-2.881773399014778470e+00
-2.881773399014778470e+00
-2.896551724137931494e+00
-2.889434889434889353e+00
-2.889434889434889353e+00
-2.889434889434889353e+00
-2.882352941176471006e+00
-2.882352941176471006e+00
-2.882352941176471006e+00
-2.897058823529412130e+00
-2.897058823529412130e+00
-2.882352941176471006e+00
-2.889434889434889353e+00
-2.893617021276595924e+00
-2.893617021276595924e+00
-2.879432624113475558e+00
-2.893617021276595924e+00
-2.893617021276595924e+00
-2.893617021276595924e+00
-2.893617021276595924e+00
-2.879432624113475558e+00
-2.886255924170616272e+00
-2.886255924170616272e+00
-2.886255924170616272e+00
-2.886255924170616272e+00
