3.711864406779661341e+00
3.546038543897216400e+00
3.490445859872611578e+00
3.439490445859872736e+00
3.509677419354838790e+00
3.333333333333333481e+00
3.321888412017167447e+00
3.206008583690987290e+00
2.747300215982721561e+00
2.954838709677419573e+00
2.831896551724138344e+00
2.756410256410256387e+00
2.683870967741935676e+00
1.056521739130434900e+00
1.010799136069114423e+00
2.262931034482758896e+00
9.171974522292993814e-01
9.051724137931034253e-01
8.423326133909286861e-01
7.142857142857143016e-01
6.349892008639309582e-01
7.112068965517241992e-01
3.887688984881210175e-01
3.661417322834645827e-01
-1.841035120147874293e+00
-1.841155234657039674e+00
-1.835420393559928476e+00
-1.846975088967971690e+00
-1.843694493783303967e+00
-1.843694493783303967e+00
-1.843071786310517490e+00
-1.833055091819699500e+00
-1.843071786310517490e+00
-1.833055091819699500e+00
-1.843071786310517490e+00
-1.843071786310517490e+00
-1.843071786310517490e+00
-1.833055091819699500e+00
-1.843071786310517490e+00
-1.843071786310517490e+00
-1.843071786310517490e+00
-1.843071786310517490e+00
-1.833055091819699500e+00
-1.833055091819699500e+00
-1.843071786310517490e+00
-1.843071786310517490e+00
-1.843071786310517490e+00
-1.843071786310517490e+00
-1.843071786310517490e+00
-1.843071786310517490e+00
