3.412731006160164782e+00
3.430353430353430433e+00
3.380457380457380534e+00
3.450317124735729379e+00
3.315126050420168280e+00
3.181628392484342260e+00
2.975206611570248239e+00
3.037815126050420034e+00
3.128755364806866890e+00
3.170305676855895261e+00
3.132743362831858835e+00
2.775160599571734554e+00
2.828193832599119162e+00
2.832962138084632819e+00
1.411764705882353033e+00
2.503311258278146045e+00
2.298440979955457042e+00
2.004514672686230625e+00
8.610478359908884105e-01
7.123287671232876317e-01
6.122448979591836871e-01
5.170068027210884543e-01
3.826879271070615651e-01
1.922196796338672964e-01
-4.507512520868113826e-01
-4.507512520868113826e-01
-4.507512520868113826e-01
-4.507512520868113826e-01
-4.507512520868113826e-01
-4.507512520868113826e-01
-4.507512520868113826e-01
-4.507512520868113826e-01
-4.507512520868113826e-01
-4.507512520868113826e-01
-4.507512520868113826e-01
-4.507512520868113826e-01
-4.507512520868113826e-01
-4.507512520868113826e-01
-4.507512520868113826e-01
-4.507512520868113826e-01
-4.507512520868113826e-01
-4.507512520868113826e-01
-4.507512520868113826e-01
-4.507512520868113826e-01
-4.507512520868113826e-01
-4.507512520868113826e-01
-4.507512520868113826e-01
-4.507512520868113826e-01
-4.507512520868113826e-01
-4.507512520868113826e-01
