3.453416149068323282e+00
3.398340248962655519e+00
3.367983367983368392e+00
3.551282051282051544e+00
3.428571428571428381e+00
3.239495798319327768e+00
3.126050420168067667e+00
3.140425531914893487e+00
3.083155650319829189e+00
3.271523178807947296e+00
3.152317880794702099e+00
2.819742489270386621e+00
2.797385620915032955e+00
2.846325167037861981e+00
1.675675675675675658e+00
2.493333333333333623e+00
2.376106194690265738e+00
2.255033557046980164e+00
1.527272727272727115e+00
1.099547511312217285e+00
6.067415730337079038e-01
5.066666666666667096e-01
3.945578231292516946e-01
1.768707482993197300e-01
-7.011686143572621877e-01
-7.011686143572621877e-01
-6.911519198664440866e-01
-7.011686143572621877e-01
-6.911519198664440866e-01
-7.011686143572621877e-01
-6.911519198664440866e-01
-7.011686143572621877e-01
-7.011686143572621877e-01
-6.911519198664440866e-01
-6.911519198664440866e-01
-7.011686143572621877e-01
-7.011686143572621877e-01
-7.011686143572621877e-01
-7.011686143572621877e-01
-7.011686143572621877e-01
-7.011686143572621877e-01
-6.911519198664440866e-01
-6.911519198664440866e-01
-6.911519198664440866e-01
-6.911519198664440866e-01
-7.011686143572621877e-01
-7.011686143572621877e-01
-7.011686143572621877e-01
-7.011686143572621877e-01
-7.011686143572621877e-01
