1.572621035058430872e+00
1.552587646076794892e+00
1.512520868113522488e+00
1.482470784641068517e+00
1.442404006677796557e+00
1.402337228714524375e+00
1.362270450751252193e+00
1.332220367278798001e+00
1.292153589315526041e+00
1.252086811352253859e+00
1.212020033388981677e+00
1.161936560934891505e+00
1.111853088480801555e+00
1.061769616026711160e+00
1.011686143572620988e+00
9.616026711185309273e-01
9.115191986644407551e-01
8.414023372287144920e-01
7.712854757929884508e-01
6.911519198664440866e-01
6.110183639398998334e-01
5.148861646234675904e-01
3.932584269662920962e-01
1.990521327014218300e-01
-3.896103896103896069e+00
-3.888157894736842035e+00
-3.888157894736842035e+00
-3.888157894736842035e+00
-3.888157894736842035e+00
-3.888157894736842035e+00
-3.888157894736842035e+00
-3.888157894736842035e+00
-3.895081967213115171e+00
-3.875409836065573543e+00
-3.895081967213115171e+00
-3.895081967213115171e+00
-3.895081967213115171e+00
-3.888157894736842035e+00
-3.888157894736842035e+00
-3.888157894736842035e+00
-3.892405063291139555e+00
-3.892405063291139555e+00
-3.892405063291139555e+00
-3.892405063291139555e+00
-3.892405063291139555e+00
-3.892405063291139555e+00
-3.892405063291139555e+00
-3.892405063291139555e+00
-3.892405063291139555e+00
-3.892405063291139555e+00
