1.762938230383973348e+00
1.732888146911519378e+00
1.702838063439064964e+00
1.662771285475793004e+00
1.622704507512520822e+00
1.582637729549248862e+00
1.552587646076794892e+00
1.512520868113522488e+00
1.472454090150250527e+00
1.432387312186978345e+00
1.382303839732888173e+00
1.332220367278798001e+00
1.292153589315526041e+00
1.242070116861435869e+00
1.191986644407345697e+00
1.131886477462437535e+00
1.071786310517529373e+00
1.011686143572620988e+00
9.515859766277129372e-01
8.914858096828046641e-01
8.313856427378965019e-01
7.612687813021702388e-01
7.011686143572621877e-01
6.410684474123540255e-01
5.809682804674457524e-01
5.208681135225375902e-01
4.607679465776293726e-01
4.006677796327212104e-01
3.305509181969950028e-01
2.704507512520868406e-01
2.203672787979966685e-01
1.502504173622704609e-01
9.015025041736228484e-02
3.005008347245409148e-02
-5.008347245409015130e-02
-1.202003338898163659e-01
-2.103505843071786230e-01
-3.005008347245409217e-01
-4.106844741235392560e-01
-2.731132075471698339e+00
-2.734883720930232798e+00
-2.740046838407494523e+00
-2.743243243243243423e+00
-2.728506787330316818e+00
-2.734693877551020780e+00
-2.734693877551020780e+00
-2.740909090909091184e+00
-2.740909090909091184e+00
-2.740909090909091184e+00
-2.733485193621867815e+00
