0.000e+00  3.951e-11  2.844e-05
1.000e+00  3.951e-11  2.844e-05
2.000e+00  3.951e-11  2.844e-05
3.000e+00  3.951e-11  2.844e-05
4.000e+00  3.951e-11  2.844e-05
5.000e+00  3.951e-11  2.844e-05
6.000e+00  3.951e-11  2.844e-05
7.000e+00  3.951e-11  2.844e-05
8.000e+00  3.951e-11  2.844e-05
9.000e+00  3.951e-11  2.844e-05
1.000e+01  3.951e-11  2.844e-05
1.100e+01  3.951e-11  2.844e-05
1.200e+01  3.951e-11  2.844e-05
1.300e+01  3.951e-11  2.844e-05
1.400e+01  3.951e-11  2.844e-05
1.500e+01  3.951e-11  2.844e-05
1.600e+01  3.951e-11  2.844e-05
1.700e+01  3.951e-11  2.844e-05
1.800e+01  3.951e-11  2.844e-05
1.900e+01  3.951e-11  2.844e-05
2.000e+01  3.951e-11  2.844e-05
2.100e+01  3.951e-11  2.844e-05
2.200e+01  3.951e-11  2.844e-05
2.300e+01  3.951e-11  2.844e-05
2.400e+01  3.951e-11  2.844e-05
2.500e+01  3.951e-11  2.844e-05
2.600e+01  3.951e-11  2.844e-05
2.700e+01  3.951e-11  2.844e-05
2.800e+01  3.951e-11  2.844e-05
2.900e+01  3.951e-11  2.844e-05
3.000e+01  3.951e-11  2.844e-05
3.100e+01  3.951e-11  2.844e-05
3.200e+01  3.951e-11  2.844e-05
3.300e+01  3.951e-11  2.844e-05
3.400e+01  3.951e-11  2.844e-05
3.500e+01  3.951e-11  2.844e-05
3.600e+01  3.951e-11  2.844e-05
3.700e+01  3.951e-11  2.844e-05
3.800e+01  3.951e-11  2.844e-05
3.900e+01  3.951e-11  2.844e-05
4.000e+01  3.951e-11  2.844e-05
4.100e+01  3.951e-11  2.844e-05
4.200e+01  3.951e-11  2.844e-05
4.300e+01  3.951e-11  2.844e-05
4.400e+01  3.951e-11  2.844e-05
4.500e+01  3.951e-11  2.844e-05
4.600e+01  3.951e-11  2.844e-05
4.700e+01  3.951e-11  2.844e-05
4.800e+01  3.951e-11  2.844e-05
4.900e+01  3.951e-11  2.844e-05
5.000e+01  3.951e-11  2.844e-05
5.100e+01  3.951e-11  2.844e-05
5.200e+01  3.951e-11  2.844e-05
5.300e+01  3.951e-11  2.844e-05
5.400e+01  3.951e-11  2.844e-05
5.500e+01  3.951e-11  2.844e-05
5.600e+01  3.951e-11  2.844e-05
5.700e+01  3.951e-11  2.844e-05
5.800e+01  3.951e-11  2.844e-05
5.900e+01  3.951e-11  2.844e-05
6.000e+01  3.951e-11  2.844e-05
6.100e+01  3.951e-11  2.844e-05
6.200e+01  3.951e-11  2.844e-05
6.300e+01  3.951e-11  2.844e-05
6.400e+01  3.951e-11  2.844e-05
6.500e+01  3.951e-11  2.844e-05
6.600e+01  3.951e-11  2.844e-05
6.700e+01  3.951e-11  2.844e-05
6.800e+01  3.951e-11  2.844e-05
6.900e+01  3.951e-11  2.844e-05
7.000e+01  3.951e-11  2.844e-05
7.100e+01  3.951e-11  2.844e-05
7.200e+01  3.951e-11  2.844e-05
7.300e+01  3.951e-11  2.844e-05
7.400e+01  3.951e-11  2.844e-05
7.500e+01  3.951e-11  2.844e-05
7.600e+01  3.951e-11  2.844e-05
7.700e+01  3.951e-11  2.844e-05
7.800e+01  3.951e-11  2.844e-05
7.900e+01  3.951e-11  2.844e-05
8.000e+01  3.951e-11  2.844e-05
8.100e+01  3.951e-11  2.844e-05
8.200e+01  3.951e-11  2.844e-05
8.300e+01  3.951e-11  2.844e-05
8.400e+01  3.951e-11  2.844e-05
8.500e+01  3.951e-11  2.844e-05
8.600e+01  3.951e-11  2.844e-05
8.700e+01  3.951e-11  2.844e-05
8.800e+01  3.951e-11  2.844e-05
8.900e+01  3.951e-11  2.844e-05
9.000e+01  3.951e-11  2.844e-05
9.100e+01  3.951e-11  2.844e-05
9.200e+01  3.951e-11  2.844e-05
9.300e+01  3.951e-11  2.844e-05
9.400e+01  3.951e-11  2.844e-05
9.500e+01  3.951e-11  2.844e-05
9.600e+01  3.951e-11  2.844e-05
9.700e+01  3.951e-11  2.844e-05
9.800e+01  3.951e-11  2.844e-05
9.900e+01  3.951e-11  2.844e-05
1.000e+02  3.951e-11  2.844e-05
1.010e+02  3.951e-11  2.844e-05
1.020e+02  3.951e-11  2.844e-05
1.030e+02  3.951e-11  2.844e-05
1.040e+02  3.951e-11  2.844e-05
1.050e+02  3.951e-11  2.844e-05
1.060e+02  3.951e-11  2.844e-05
1.070e+02  3.951e-11  2.844e-05
1.080e+02  3.951e-11  2.844e-05
1.090e+02  3.951e-11  2.844e-05
1.100e+02  3.951e-11  2.844e-05
1.110e+02  3.951e-11  2.844e-05
1.120e+02  3.951e-11  2.844e-05
1.130e+02  3.951e-11  2.844e-05
1.140e+02  3.951e-11  2.844e-05
1.150e+02  3.951e-11  2.844e-05
1.160e+02  3.951e-11  2.844e-05
1.170e+02  3.951e-11  2.844e-05
1.180e+02  3.951e-11  2.844e-05
1.190e+02  3.951e-11  2.844e-05
1.200e+02  3.951e-11  2.844e-05
1.210e+02  3.951e-11  2.844e-05
1.220e+02  3.951e-11  2.844e-05
1.230e+02  3.951e-11  2.844e-05
1.240e+02  3.951e-11  2.844e-05
1.250e+02  3.951e-11  2.844e-05
1.260e+02  3.951e-11  2.844e-05
1.270e+02  3.951e-11  2.844e-05
1.280e+02  3.951e-11  2.844e-05
1.290e+02  3.951e-11  2.844e-05
1.300e+02  3.951e-11  2.844e-05
1.310e+02  3.951e-11  2.844e-05
1.320e+02  3.951e-11  2.844e-05
1.330e+02  3.951e-11  2.844e-05
1.340e+02  3.951e-11  2.844e-05
1.350e+02  3.951e-11  2.844e-05
1.360e+02  3.951e-11  2.844e-05
1.370e+02  3.951e-11  2.844e-05
1.380e+02  3.951e-11  2.844e-05
1.390e+02  3.951e-11  2.844e-05
1.400e+02  3.951e-11  2.844e-05
1.410e+02  3.951e-11  2.844e-05
1.420e+02  3.951e-11  2.844e-05
1.430e+02  3.951e-11  2.844e-05
1.440e+02  3.951e-11  2.844e-05
1.450e+02  3.951e-11  2.844e-05
1.460e+02  3.951e-11  2.844e-05
1.470e+02  3.951e-11  2.844e-05
1.480e+02  3.951e-11  2.844e-05
1.490e+02  3.951e-11  2.844e-05
1.500e+02  3.951e-11  2.844e-05
1.510e+02  3.951e-11  2.844e-05
1.520e+02  3.951e-11  2.844e-05
1.530e+02  3.951e-11  2.844e-05
1.540e+02  3.951e-11  2.844e-05
1.550e+02  3.951e-11  2.844e-05
1.560e+02  3.951e-11  2.844e-05
1.570e+02  3.951e-11  2.844e-05
1.580e+02  3.951e-11  2.844e-05
1.590e+02  3.951e-11  2.844e-05
1.600e+02  3.951e-11  2.844e-05
1.610e+02  3.951e-11  2.844e-05
1.620e+02  3.951e-11  2.844e-05
1.630e+02  3.951e-11  2.844e-05
1.640e+02  3.951e-11  2.844e-05
1.650e+02  3.951e-11  2.844e-05
1.660e+02  3.951e-11  2.844e-05
1.670e+02  3.952e-11  2.844e-05
1.680e+02  3.954e-11  2.844e-05
1.690e+02  3.958e-11  2.844e-05
1.700e+02  3.971e-11  2.844e-05
1.710e+02  4.007e-11  2.844e-05
1.720e+02  4.106e-11  2.844e-05
1.730e+02  4.388e-11  2.844e-05
1.740e+02  5.190e-11  2.844e-05
1.750e+02  7.489e-11  2.844e-05
1.760e+02  1.414e-10  2.845e-05
1.770e+02  3.347e-10  2.847e-05
1.780e+02  9.012e-10  2.850e-05
1.790e+02  2.571e-09  2.858e-05
1.800e+02  7.519e-09  2.873e-05
1.810e+02  2.227e-08  2.906e-05
1.820e+02  6.644e-08  2.973e-05
1.830e+02  1.993e-07  3.111e-05
1.840e+02  5.997e-07  3.398e-05
1.850e+02  1.805e-06  3.985e-05
1.860e+02  5.402e-06  5.171e-05
1.870e+02  1.588e-05  7.508e-05
1.880e+02  4.519e-05  1.197e-04
1.890e+02  1.225e-04  2.013e-04
1.900e+02  3.133e-04  3.439e-04
1.910e+02  7.513e-04  5.802e-04
1.920e+02  1.686e-03  9.502e-04
1.930e+02  3.544e-03  1.497e-03
1.940e+02  6.990e-03  2.257e-03
1.950e+02  1.297e-02  3.254e-03
1.960e+02  2.273e-02  4.481e-03
1.970e+02  3.771e-02  5.898e-03
1.980e+02  5.948e-02  7.431e-03
1.990e+02  8.946e-02  8.969e-03
2.000e+02  1.287e-01  1.039e-02
2.010e+02  1.777e-01  1.156e-02
2.020e+02  2.362e-01  1.237e-02
2.030e+02  3.028e-01  1.275e-02
2.040e+02  3.758e-01  1.267e-02
2.050e+02  4.526e-01  1.216e-02
2.060e+02  5.302e-01  1.127e-02
2.070e+02  6.059e-01  1.010e-02
2.080e+02  6.769e-01  8.768e-03
2.090e+02  7.414e-01  7.371e-03
2.100e+02  7.980e-01  6.007e-03
2.110e+02  8.460e-01  4.751e-03
2.120e+02  8.854e-01  3.648e-03
2.130e+02  9.168e-01  2.721e-03
2.140e+02  9.411e-01  1.974e-03
2.150e+02  9.593e-01  1.393e-03
2.160e+02  9.725e-01  9.565e-04
2.170e+02  9.819e-01  6.399e-04
2.180e+02  9.884e-01  4.171e-04
2.190e+02  9.927e-01  2.652e-04
2.200e+02  9.955e-01  1.644e-04
2.210e+02  9.973e-01  9.953e-05
2.220e+02  9.984e-01  5.882e-05
2.230e+02  9.991e-01  3.396e-05
2.240e+02  9.995e-01  1.916e-05
2.250e+02  9.997e-01  1.057e-05
2.260e+02  9.999e-01  5.703e-06
2.270e+02  9.999e-01  3.011e-06
2.280e+02  1.000e+00  1.556e-06
2.290e+02  1.000e+00  7.872e-07
2.300e+02  1.000e+00  3.901e-07
2.310e+02  1.000e+00  1.894e-07
2.320e+02  1.000e+00  9.013e-08
2.330e+02  1.000e+00  4.205e-08
2.340e+02  1.000e+00  1.924e-08
2.350e+02  1.000e+00  8.636e-09
2.360e+02  1.000e+00  3.803e-09
2.370e+02  1.000e+00  1.644e-09
2.380e+02  1.000e+00  6.979e-10
2.390e+02  1.000e+00  2.909e-10
2.400e+02  1.000e+00  1.191e-10
2.410e+02  1.000e+00  4.792e-11
2.420e+02  1.000e+00  1.895e-11
2.430e+02  1.000e+00  7.365e-12
2.440e+02  1.000e+00  2.815e-12
2.450e+02  1.000e+00  1.058e-12
2.460e+02  1.000e+00  3.914e-13
2.470e+02  1.000e+00  1.424e-13
2.480e+02  1.000e+00  5.102e-14
2.490e+02  1.000e+00  1.799e-14
2.500e+02  1.000e+00  6.244e-15
2.510e+02  1.000e+00  2.135e-15
2.520e+02  1.000e+00  7.189e-16
2.530e+02  1.000e+00  2.385e-16
2.540e+02  1.000e+00  7.799e-17
2.550e+02  1.000e+00  2.513e-17
2.560e+02  1.000e+00  7.984e-18
2.570e+02  1.000e+00  2.501e-18
2.580e+02  1.000e+00  7.724e-19
2.590e+02  1.000e+00  2.353e-19
2.600e+02  1.000e+00  7.073e-20
2.610e+02  1.000e+00  2.098e-20
2.620e+02  1.000e+00  6.139e-21
2.630e+02  1.000e+00  1.773e-21
2.640e+02  1.000e+00  5.056e-22
2.650e+02  1.000e+00  1.423e-22
2.660e+02  1.000e+00  3.957e-23
2.670e+02  1.000e+00  1.087e-23
2.680e+02  1.000e+00  2.947e-24
2.690e+02  1.000e+00  7.897e-25
2.700e+02  1.000e+00  2.091e-25
2.710e+02  1.000e+00  5.470e-26
2.720e+02  1.000e+00  1.415e-26
2.730e+02  1.000e+00  3.616e-27
2.740e+02  1.000e+00  9.138e-28
2.750e+02  1.000e+00  2.283e-28
2.760e+02  1.000e+00  5.642e-29
2.770e+02  1.000e+00  1.379e-29
2.780e+02  1.000e+00  3.333e-30
2.790e+02  1.000e+00  7.971e-31
2.800e+02  1.000e+00  1.886e-31
2.810e+02  1.000e+00  4.416e-32
2.820e+02  1.000e+00  1.023e-32
2.830e+02  1.000e+00  2.346e-33
2.840e+02  1.000e+00  5.326e-34
2.850e+02  1.000e+00  1.197e-34
2.860e+02  1.000e+00  2.663e-35
2.870e+02  1.000e+00  5.867e-36
2.880e+02  1.000e+00  1.280e-36
2.890e+02  1.000e+00  2.766e-37
2.900e+02  1.000e+00  5.920e-38
2.910e+02  1.000e+00  1.255e-38
2.920e+02  1.000e+00  2.637e-39
2.930e+02  1.000e+00  5.487e-40
2.940e+02  1.000e+00  1.132e-40
2.950e+02  1.000e+00  2.313e-41
2.960e+02  1.000e+00  4.685e-42
2.970e+02  1.000e+00  9.406e-43
2.980e+02  1.000e+00  1.872e-43
2.990e+02  1.000e+00  3.694e-44
3.000e+02  1.000e+00  7.226e-45
3.010e+02  1.000e+00  1.402e-45
3.020e+02  1.000e+00  2.696e-46
3.030e+02  1.000e+00  5.142e-47
3.040e+02  1.000e+00  9.729e-48
3.050e+02  1.000e+00  1.826e-48
3.060e+02  1.000e+00  3.398e-49
3.070e+02  1.000e+00  6.276e-50
3.080e+02  1.000e+00  1.150e-50
3.090e+02  1.000e+00  2.090e-51
3.100e+02  1.000e+00  3.770e-52
3.110e+02  1.000e+00  6.748e-53
3.120e+02  1.000e+00  1.199e-53
3.130e+02  1.000e+00  2.114e-54
3.140e+02  1.000e+00  3.699e-55
3.150e+02  1.000e+00  6.426e-56
3.160e+02  1.000e+00  1.108e-56
3.170e+02  1.000e+00  1.897e-57
3.180e+02  1.000e+00  3.225e-58
3.190e+02  1.000e+00  5.444e-59
3.200e+02  1.000e+00  9.124e-60
3.210e+02  1.000e+00  1.519e-60
3.220e+02  1.000e+00  2.510e-61
3.230e+02  1.000e+00  4.121e-62
3.240e+02  1.000e+00  6.719e-63
3.250e+02  1.000e+00  1.088e-63
3.260e+02  1.000e+00  1.751e-64
3.270e+02  1.000e+00  2.799e-65
3.280e+02  1.000e+00  4.445e-66
3.290e+02  1.000e+00  7.013e-67
3.300e+02  1.000e+00  1.099e-67
3.310e+02  1.000e+00  1.713e-68
3.320e+02  1.000e+00  2.651e-69
3.330e+02  1.000e+00  4.078e-70
3.340e+02  1.000e+00  6.235e-71
3.350e+02  1.000e+00  9.475e-72
3.360e+02  1.000e+00  1.431e-72
3.370e+02  1.000e+00  2.148e-73
3.380e+02  1.000e+00  3.206e-74
3.390e+02  1.000e+00  4.757e-75
3.400e+02  1.000e+00  7.016e-76
3.410e+02  1.000e+00  1.029e-76
3.420e+02  1.000e+00  1.500e-77
3.430e+02  1.000e+00  2.174e-78
3.440e+02  1.000e+00  3.134e-79
3.450e+02  1.000e+00  4.493e-80
3.460e+02  1.000e+00  6.404e-81
3.470e+02  1.000e+00  9.079e-82
3.480e+02  1.000e+00  1.280e-82
3.490e+02  1.000e+00  1.795e-83
3.500e+02  1.000e+00  2.504e-84
3.510e+02  1.000e+00  3.474e-85
3.520e+02  1.000e+00  4.794e-86
3.530e+02  1.000e+00  6.581e-87
3.540e+02  1.000e+00  8.988e-88
3.550e+02  1.000e+00  1.221e-88
3.560e+02  1.000e+00  1.651e-89
3.570e+02  1.000e+00  2.221e-90
3.580e+02  1.000e+00  2.972e-91
3.590e+02  1.000e+00  3.957e-92
3.600e+02  1.000e+00  5.243e-93
3.610e+02  1.000e+00  6.913e-94
3.620e+02  1.000e+00  9.071e-95
3.630e+02  1.000e+00  1.185e-95
3.640e+02  1.000e+00  1.540e-96
3.650e+02  1.000e+00  1.991e-97
3.660e+02  1.000e+00  2.564e-98
3.670e+02  1.000e+00  3.285e-99
3.680e+02  1.000e+00  4.190e-100
3.690e+02  1.000e+00  5.320e-101
3.700e+02  1.000e+00  6.723e-102
3.710e+02  1.000e+00  8.459e-103
3.720e+02  1.000e+00  1.060e-103
3.730e+02  1.000e+00  1.321e-104
3.740e+02  1.000e+00  1.640e-105
3.750e+02  1.000e+00  2.028e-106
3.760e+02  1.000e+00  2.495e-107
3.770e+02  1.000e+00  3.058e-108
3.780e+02  1.000e+00  3.731e-109
3.790e+02  1.000e+00  4.533e-110
3.800e+02  1.000e+00  5.485e-111
3.810e+02  1.000e+00  6.608e-112
3.820e+02  1.000e+00  7.929e-113
3.830e+02  1.000e+00  9.474e-114
3.840e+02  1.000e+00  1.128e-114
3.850e+02  1.000e+00  1.336e-115
3.860e+02  1.000e+00  1.578e-116
3.870e+02  1.000e+00  1.855e-117
3.880e+02  1.000e+00  2.172e-118
3.890e+02  1.000e+00  2.534e-119
3.900e+02  1.000e+00  2.945e-120
3.910e+02  1.000e+00  3.408e-121
3.920e+02  1.000e+00  3.930e-122
3.930e+02  1.000e+00  4.514e-123
3.940e+02  1.000e+00  5.166e-124
3.950e+02  1.000e+00  5.889e-125
3.960e+02  1.000e+00  6.689e-126
3.970e+02  1.000e+00  7.569e-127
3.980e+02  1.000e+00  8.534e-128
3.990e+02  1.000e+00  9.600e-129
4.000e+02  1.000e+00  1.193e-129
