0.000e+00  2.673e-09  2.308e-04
1.000e+00  2.673e-09  2.308e-04
2.000e+00  2.673e-09  2.308e-04
3.000e+00  2.673e-09  2.308e-04
4.000e+00  2.673e-09  2.308e-04
5.000e+00  2.673e-09  2.308e-04
6.000e+00  2.673e-09  2.308e-04
7.000e+00  2.673e-09  2.308e-04
8.000e+00  2.673e-09  2.308e-04
9.000e+00  2.673e-09  2.308e-04
1.000e+01  2.673e-09  2.308e-04
1.100e+01  2.673e-09  2.308e-04
1.200e+01  2.673e-09  2.308e-04
1.300e+01  2.673e-09  2.308e-04
1.400e+01  2.673e-09  2.308e-04
1.500e+01  2.673e-09  2.308e-04
1.600e+01  2.673e-09  2.308e-04
1.700e+01  2.673e-09  2.308e-04
1.800e+01  2.673e-09  2.308e-04
1.900e+01  2.673e-09  2.308e-04
2.000e+01  2.673e-09  2.308e-04
2.100e+01  2.673e-09  2.308e-04
2.200e+01  2.673e-09  2.308e-04
2.300e+01  2.673e-09  2.308e-04
2.400e+01  2.673e-09  2.308e-04
2.500e+01  2.673e-09  2.308e-04
2.600e+01  2.673e-09  2.308e-04
2.700e+01  2.673e-09  2.308e-04
2.800e+01  2.673e-09  2.308e-04
2.900e+01  2.673e-09  2.308e-04
3.000e+01  2.673e-09  2.308e-04
3.100e+01  2.673e-09  2.308e-04
3.200e+01  2.673e-09  2.308e-04
3.300e+01  2.673e-09  2.308e-04
3.400e+01  2.673e-09  2.308e-04
3.500e+01  2.673e-09  2.308e-04
3.600e+01  2.673e-09  2.308e-04
3.700e+01  2.673e-09  2.308e-04
3.800e+01  2.673e-09  2.308e-04
3.900e+01  2.673e-09  2.308e-04
4.000e+01  2.673e-09  2.308e-04
4.100e+01  2.673e-09  2.308e-04
4.200e+01  2.673e-09  2.308e-04
4.300e+01  2.673e-09  2.308e-04
4.400e+01  2.673e-09  2.308e-04
4.500e+01  2.673e-09  2.308e-04
4.600e+01  2.673e-09  2.308e-04
4.700e+01  2.673e-09  2.308e-04
4.800e+01  2.673e-09  2.308e-04
4.900e+01  2.673e-09  2.308e-04
5.000e+01  2.673e-09  2.308e-04
5.100e+01  2.673e-09  2.308e-04
5.200e+01  2.673e-09  2.308e-04
5.300e+01  2.673e-09  2.308e-04
5.400e+01  2.673e-09  2.308e-04
5.500e+01  2.673e-09  2.308e-04
5.600e+01  2.673e-09  2.308e-04
5.700e+01  2.673e-09  2.308e-04
5.800e+01  2.673e-09  2.308e-04
5.900e+01  2.673e-09  2.308e-04
6.000e+01  2.673e-09  2.308e-04
6.100e+01  2.673e-09  2.308e-04
6.200e+01  2.673e-09  2.308e-04
6.300e+01  2.673e-09  2.308e-04
6.400e+01  2.673e-09  2.308e-04
6.500e+01  2.673e-09  2.308e-04
6.600e+01  2.673e-09  2.308e-04
6.700e+01  2.673e-09  2.308e-04
6.800e+01  2.673e-09  2.308e-04
6.900e+01  2.673e-09  2.308e-04
7.000e+01  2.673e-09  2.308e-04
7.100e+01  2.673e-09  2.308e-04
7.200e+01  2.673e-09  2.308e-04
7.300e+01  2.673e-09  2.308e-04
7.400e+01  2.673e-09  2.308e-04
7.500e+01  2.673e-09  2.308e-04
7.600e+01  2.673e-09  2.308e-04
7.700e+01  2.673e-09  2.308e-04
7.800e+01  2.673e-09  2.308e-04
7.900e+01  2.673e-09  2.308e-04
8.000e+01  2.673e-09  2.308e-04
8.100e+01  2.673e-09  2.308e-04
8.200e+01  2.673e-09  2.308e-04
8.300e+01  2.673e-09  2.308e-04
8.400e+01  2.673e-09  2.308e-04
8.500e+01  2.673e-09  2.308e-04
8.600e+01  2.673e-09  2.308e-04
8.700e+01  2.673e-09  2.308e-04
8.800e+01  2.673e-09  2.308e-04
8.900e+01  2.673e-09  2.308e-04
9.000e+01  2.673e-09  2.308e-04
9.100e+01  2.673e-09  2.308e-04
9.200e+01  2.673e-09  2.308e-04
9.300e+01  2.673e-09  2.308e-04
9.400e+01  2.673e-09  2.308e-04
9.500e+01  2.673e-09  2.308e-04
9.600e+01  2.673e-09  2.308e-04
9.700e+01  2.673e-09  2.308e-04
9.800e+01  2.673e-09  2.308e-04
9.900e+01  2.673e-09  2.308e-04
1.000e+02  2.673e-09  2.308e-04
1.010e+02  2.673e-09  2.308e-04
1.020e+02  2.673e-09  2.308e-04
1.030e+02  2.673e-09  2.308e-04
1.040e+02  2.673e-09  2.308e-04
1.050e+02  2.673e-09  2.308e-04
1.060e+02  2.673e-09  2.308e-04
1.070e+02  2.673e-09  2.308e-04
1.080e+02  2.673e-09  2.308e-04
1.090e+02  2.673e-09  2.308e-04
1.100e+02  2.673e-09  2.308e-04
1.110e+02  2.673e-09  2.308e-04
1.120e+02  2.673e-09  2.308e-04
1.130e+02  2.673e-09  2.308e-04
1.140e+02  2.673e-09  2.308e-04
1.150e+02  2.673e-09  2.308e-04
1.160e+02  2.673e-09  2.308e-04
1.170e+02  2.673e-09  2.308e-04
1.180e+02  2.673e-09  2.308e-04
1.190e+02  2.673e-09  2.308e-04
1.200e+02  2.673e-09  2.308e-04
1.210e+02  2.673e-09  2.308e-04
1.220e+02  2.673e-09  2.308e-04
1.230e+02  2.673e-09  2.308e-04
1.240e+02  2.673e-09  2.308e-04
1.250e+02  2.673e-09  2.308e-04
1.260e+02  2.673e-09  2.308e-04
1.270e+02  2.673e-09  2.308e-04
1.280e+02  2.673e-09  2.308e-04
1.290e+02  2.673e-09  2.308e-04
1.300e+02  2.673e-09  2.308e-04
1.310e+02  2.673e-09  2.308e-04
1.320e+02  2.673e-09  2.308e-04
1.330e+02  2.673e-09  2.308e-04
1.340e+02  2.673e-09  2.308e-04
1.350e+02  2.673e-09  2.308e-04
1.360e+02  2.673e-09  2.308e-04
1.370e+02  2.673e-09  2.308e-04
1.380e+02  2.673e-09  2.308e-04
1.390e+02  2.673e-09  2.308e-04
1.400e+02  2.673e-09  2.308e-04
1.410e+02  2.673e-09  2.308e-04
1.420e+02  2.673e-09  2.308e-04
1.430e+02  2.673e-09  2.308e-04
1.440e+02  2.673e-09  2.308e-04
1.450e+02  2.673e-09  2.308e-04
1.460e+02  2.673e-09  2.308e-04
1.470e+02  2.673e-09  2.308e-04
1.480e+02  2.673e-09  2.308e-04
1.490e+02  2.673e-09  2.308e-04
1.500e+02  2.673e-09  2.308e-04
1.510e+02  2.673e-09  2.308e-04
1.520e+02  2.673e-09  2.308e-04
1.530e+02  2.673e-09  2.308e-04
1.540e+02  2.673e-09  2.308e-04
1.550e+02  2.673e-09  2.308e-04
1.560e+02  2.673e-09  2.308e-04
1.570e+02  2.673e-09  2.308e-04
1.580e+02  2.673e-09  2.308e-04
1.590e+02  2.673e-09  2.308e-04
1.600e+02  2.673e-09  2.308e-04
1.610e+02  2.673e-09  2.308e-04
1.620e+02  2.673e-09  2.308e-04
1.630e+02  2.673e-09  2.308e-04
1.640e+02  2.673e-09  2.308e-04
1.650e+02  2.673e-09  2.308e-04
1.660e+02  2.673e-09  2.308e-04
1.670e+02  2.673e-09  2.308e-04
1.680e+02  2.673e-09  2.308e-04
1.690e+02  2.673e-09  2.308e-04
1.700e+02  2.673e-09  2.308e-04
1.710e+02  2.673e-09  2.308e-04
1.720e+02  2.674e-09  2.308e-04
1.730e+02  2.676e-09  2.308e-04
1.740e+02  2.681e-09  2.308e-04
1.750e+02  2.693e-09  2.308e-04
1.760e+02  2.727e-09  2.308e-04
1.770e+02  2.819e-09  2.308e-04
1.780e+02  3.067e-09  2.308e-04
1.790e+02  3.742e-09  2.309e-04
1.800e+02  5.602e-09  2.310e-04
1.810e+02  1.076e-08  2.313e-04
1.820e+02  2.518e-08  2.318e-04
1.830e+02  6.585e-08  2.329e-04
1.840e+02  1.814e-07  2.352e-04
1.850e+02  5.119e-07  2.399e-04
1.860e+02  1.464e-06  2.492e-04
1.870e+02  4.217e-06  2.678e-04
1.880e+02  1.219e-05  3.044e-04
1.890e+02  3.513e-05  3.751e-04
1.900e+02  9.980e-05  5.078e-04
1.910e+02  2.749e-04  7.466e-04
1.920e+02  7.211e-04  1.155e-03
1.930e+02  1.775e-03  1.812e-03
1.940e+02  4.062e-03  2.799e-03
1.950e+02  8.623e-03  4.181e-03
1.960e+02  1.699e-02  5.972e-03
1.970e+02  3.114e-02  8.118e-03
1.980e+02  5.334e-02  1.048e-02
1.990e+02  8.579e-02  1.285e-02
2.000e+02  1.301e-01  1.498e-02
2.010e+02  1.870e-01  1.661e-02
2.020e+02  2.558e-01  1.756e-02
2.030e+02  3.344e-01  1.772e-02
2.040e+02  4.197e-01  1.710e-02
2.050e+02  5.075e-01  1.580e-02
2.060e+02  5.937e-01  1.400e-02
2.070e+02  6.745e-01  1.191e-02
2.080e+02  7.469e-01  9.739e-03
2.090e+02  8.091e-01  7.666e-03
2.100e+02  8.603e-01  5.813e-03
2.110e+02  9.009e-01  4.252e-03
2.120e+02  9.318e-01  3.003e-03
2.130e+02  9.544e-01  2.050e-03
2.140e+02  9.705e-01  1.354e-03
2.150e+02  9.814e-01  8.654e-04
2.160e+02  9.886e-01  5.362e-04
2.170e+02  9.933e-01  3.221e-04
2.180e+02  9.961e-01  1.878e-04
2.190e+02  9.978e-01  1.064e-04
2.200e+02  9.988e-01  5.855e-05
2.210e+02  9.994e-01  3.134e-05
2.220e+02  9.997e-01  1.632e-05
2.230e+02  9.998e-01  8.277e-06
2.240e+02  9.999e-01  4.089e-06
2.250e+02  1.000e+00  1.969e-06
2.260e+02  1.000e+00  9.248e-07
2.270e+02  1.000e+00  4.238e-07
2.280e+02  1.000e+00  1.896e-07
2.290e+02  1.000e+00  8.281e-08
2.300e+02  1.000e+00  3.535e-08
2.310e+02  1.000e+00  1.475e-08
2.320e+02  1.000e+00  6.017e-09
2.330e+02  1.000e+00  2.402e-09
2.340e+02  1.000e+00  9.381e-10
2.350e+02  1.000e+00  3.588e-10
2.360e+02  1.000e+00  1.344e-10
2.370e+02  1.000e+00  4.932e-11
2.380e+02  1.000e+00  1.774e-11
2.390e+02  1.000e+00  6.258e-12
2.400e+02  1.000e+00  2.165e-12
2.410e+02  1.000e+00  7.347e-13
2.420e+02  1.000e+00  2.447e-13
2.430e+02  1.000e+00  8.002e-14
2.440e+02  1.000e+00  2.570e-14
2.450e+02  1.000e+00  8.106e-15
2.460e+02  1.000e+00  2.513e-15
2.470e+02  1.000e+00  7.656e-16
2.480e+02  1.000e+00  2.293e-16
2.490e+02  1.000e+00  6.756e-17
2.500e+02  1.000e+00  1.958e-17
2.510e+02  1.000e+00  5.582e-18
2.520e+02  1.000e+00  1.566e-18
2.530e+02  1.000e+00  4.327e-19
2.540e+02  1.000e+00  1.177e-19
2.550e+02  1.000e+00  3.154e-20
2.560e+02  1.000e+00  8.324e-21
2.570e+02  1.000e+00  2.165e-21
2.580e+02  1.000e+00  5.548e-22
2.590e+02  1.000e+00  1.402e-22
2.600e+02  1.000e+00  3.492e-23
2.610e+02  1.000e+00  8.580e-24
2.620e+02  1.000e+00  2.079e-24
2.630e+02  1.000e+00  4.971e-25
2.640e+02  1.000e+00  1.173e-25
2.650e+02  1.000e+00  2.731e-26
2.660e+02  1.000e+00  6.277e-27
2.670e+02  1.000e+00  1.425e-27
2.680e+02  1.000e+00  3.192e-28
2.690e+02  1.000e+00  7.066e-29
2.700e+02  1.000e+00  1.545e-29
2.710e+02  1.000e+00  3.337e-30
2.720e+02  1.000e+00  7.124e-31
2.730e+02  1.000e+00  1.503e-31
2.740e+02  1.000e+00  3.134e-32
2.750e+02  1.000e+00  6.462e-33
2.760e+02  1.000e+00  1.317e-33
2.770e+02  1.000e+00  2.655e-34
2.780e+02  1.000e+00  5.295e-35
2.790e+02  1.000e+00  1.044e-35
2.800e+02  1.000e+00  2.038e-36
2.810e+02  1.000e+00  3.935e-37
2.820e+02  1.000e+00  7.519e-38
2.830e+02  1.000e+00  1.422e-38
2.840e+02  1.000e+00  2.662e-39
2.850e+02  1.000e+00  4.933e-40
2.860e+02  1.000e+00  9.053e-41
2.870e+02  1.000e+00  1.645e-41
2.880e+02  1.000e+00  2.961e-42
2.890e+02  1.000e+00  5.277e-43
2.900e+02  1.000e+00  9.318e-44
2.910e+02  1.000e+00  1.630e-44
2.920e+02  1.000e+00  2.826e-45
2.930e+02  1.000e+00  4.853e-46
2.940e+02  1.000e+00  8.261e-47
2.950e+02  1.000e+00  1.394e-47
2.960e+02  1.000e+00  2.331e-48
2.970e+02  1.000e+00  3.865e-49
2.980e+02  1.000e+00  6.353e-50
2.990e+02  1.000e+00  1.035e-50
3.000e+02  1.000e+00  1.674e-51
3.010e+02  1.000e+00  2.683e-52
3.020e+02  1.000e+00  4.265e-53
3.030e+02  1.000e+00  6.727e-54
3.040e+02  1.000e+00  1.052e-54
3.050e+02  1.000e+00  1.634e-55
3.060e+02  1.000e+00  2.516e-56
3.070e+02  1.000e+00  3.845e-57
3.080e+02  1.000e+00  5.831e-58
3.090e+02  1.000e+00  8.776e-59
3.100e+02  1.000e+00  1.311e-59
3.110e+02  1.000e+00  1.944e-60
3.120e+02  1.000e+00  2.862e-61
3.130e+02  1.000e+00  4.183e-62
3.140e+02  1.000e+00  6.070e-63
3.150e+02  1.000e+00  8.746e-64
3.160e+02  1.000e+00  1.251e-64
3.170e+02  1.000e+00  1.778e-65
3.180e+02  1.000e+00  2.509e-66
3.190e+02  1.000e+00  3.517e-67
3.200e+02  1.000e+00  4.896e-68
3.210e+02  1.000e+00  6.772e-69
3.220e+02  1.000e+00  9.305e-70
3.230e+02  1.000e+00  1.270e-70
3.240e+02  1.000e+00  1.723e-71
3.250e+02  1.000e+00  2.322e-72
3.260e+02  1.000e+00  3.110e-73
3.270e+02  1.000e+00  4.139e-74
3.280e+02  1.000e+00  5.475e-75
3.290e+02  1.000e+00  7.198e-76
3.300e+02  1.000e+00  9.407e-77
3.310e+02  1.000e+00  1.222e-77
3.320e+02  1.000e+00  1.578e-78
3.330e+02  1.000e+00  2.026e-79
3.340e+02  1.000e+00  2.585e-80
3.350e+02  1.000e+00  3.281e-81
3.360e+02  1.000e+00  4.140e-82
3.370e+02  1.000e+00  5.195e-83
3.380e+02  1.000e+00  6.482e-84
3.390e+02  1.000e+00  8.043e-85
3.400e+02  1.000e+00  9.926e-86
3.410e+02  1.000e+00  1.218e-86
3.420e+02  1.000e+00  1.487e-87
3.430e+02  1.000e+00  1.806e-88
3.440e+02  1.000e+00  2.182e-89
3.450e+02  1.000e+00  2.622e-90
3.460e+02  1.000e+00  3.135e-91
3.470e+02  1.000e+00  3.729e-92
3.480e+02  1.000e+00  4.414e-93
3.490e+02  1.000e+00  5.197e-94
3.500e+02  1.000e+00  6.090e-95
3.510e+02  1.000e+00  7.100e-96
3.520e+02  1.000e+00  8.238e-97
3.530e+02  1.000e+00  9.513e-98
3.540e+02  1.000e+00  1.093e-98
3.550e+02  1.000e+00  1.250e-99
3.560e+02  1.000e+00  1.423e-100
3.570e+02  1.000e+00  1.613e-101
3.580e+02  1.000e+00  1.819e-102
3.590e+02  1.000e+00  2.042e-103
3.600e+02  1.000e+00  2.283e-104
3.610e+02  1.000e+00  2.540e-105
3.620e+02  1.000e+00  2.814e-106
3.630e+02  1.000e+00  3.103e-107
3.640e+02  1.000e+00  3.408e-108
3.650e+02  1.000e+00  3.726e-109
3.660e+02  1.000e+00  4.056e-110
3.670e+02  1.000e+00  4.397e-111
3.680e+02  1.000e+00  4.746e-112
3.690e+02  1.000e+00  5.102e-113
3.700e+02  1.000e+00  5.462e-114
3.710e+02  1.000e+00  5.823e-115
3.720e+02  1.000e+00  6.183e-116
3.730e+02  1.000e+00  6.539e-117
3.740e+02  1.000e+00  6.888e-118
3.750e+02  1.000e+00  7.227e-119
3.760e+02  1.000e+00  7.552e-120
3.770e+02  1.000e+00  7.862e-121
3.780e+02  1.000e+00  8.153e-122
3.790e+02  1.000e+00  8.422e-123
3.800e+02  1.000e+00  8.667e-124
3.810e+02  1.000e+00  8.886e-125
3.820e+02  1.000e+00  9.077e-126
3.830e+02  1.000e+00  9.237e-127
3.840e+02  1.000e+00  9.365e-128
3.850e+02  1.000e+00  9.461e-129
3.860e+02  1.000e+00  9.524e-130
3.870e+02  1.000e+00  9.553e-131
3.880e+02  1.000e+00  9.547e-132
3.890e+02  1.000e+00  9.509e-133
3.900e+02  1.000e+00  9.437e-134
3.910e+02  1.000e+00  9.334e-135
3.920e+02  1.000e+00  9.200e-136
3.930e+02  1.000e+00  9.037e-137
3.940e+02  1.000e+00  8.847e-138
3.950e+02  1.000e+00  8.632e-139
3.960e+02  1.000e+00  8.395e-140
3.970e+02  1.000e+00  8.137e-141
3.980e+02  1.000e+00  7.861e-142
3.990e+02  1.000e+00  7.577e-143
4.000e+02  1.000e+00  7.962e-144
