0.000e+00  8.160e-04  1.226e-01
1.000e+00  8.160e-04  1.226e-01
2.000e+00  8.160e-04  1.226e-01
3.000e+00  8.160e-04  1.226e-01
4.000e+00  8.160e-04  1.226e-01
5.000e+00  8.160e-04  1.226e-01
6.000e+00  8.160e-04  1.226e-01
7.000e+00  8.160e-04  1.226e-01
8.000e+00  8.160e-04  1.226e-01
9.000e+00  8.160e-04  1.226e-01
1.000e+01  8.160e-04  1.226e-01
1.100e+01  8.160e-04  1.226e-01
1.200e+01  8.160e-04  1.226e-01
1.300e+01  8.160e-04  1.226e-01
1.400e+01  8.160e-04  1.226e-01
1.500e+01  8.160e-04  1.226e-01
1.600e+01  8.160e-04  1.226e-01
1.700e+01  8.160e-04  1.226e-01
1.800e+01  8.160e-04  1.226e-01
1.900e+01  8.160e-04  1.226e-01
2.000e+01  8.160e-04  1.226e-01
2.100e+01  8.160e-04  1.226e-01
2.200e+01  8.160e-04  1.226e-01
2.300e+01  8.160e-04  1.226e-01
2.400e+01  8.160e-04  1.226e-01
2.500e+01  8.160e-04  1.226e-01
2.600e+01  8.160e-04  1.226e-01
2.700e+01  8.160e-04  1.226e-01
2.800e+01  8.160e-04  1.226e-01
2.900e+01  8.160e-04  1.226e-01
3.000e+01  8.160e-04  1.226e-01
3.100e+01  8.160e-04  1.226e-01
3.200e+01  8.160e-04  1.226e-01
3.300e+01  8.160e-04  1.226e-01
3.400e+01  8.160e-04  1.226e-01
3.500e+01  8.160e-04  1.226e-01
3.600e+01  8.160e-04  1.226e-01
3.700e+01  8.160e-04  1.226e-01
3.800e+01  8.160e-04  1.226e-01
3.900e+01  8.160e-04  1.226e-01
4.000e+01  8.160e-04  1.226e-01
4.100e+01  8.160e-04  1.226e-01
4.200e+01  8.160e-04  1.226e-01
4.300e+01  8.160e-04  1.226e-01
4.400e+01  8.160e-04  1.226e-01
4.500e+01  8.160e-04  1.226e-01
4.600e+01  8.160e-04  1.226e-01
4.700e+01  8.160e-04  1.226e-01
4.800e+01  8.160e-04  1.226e-01
4.900e+01  8.160e-04  1.226e-01
5.000e+01  8.160e-04  1.226e-01
5.100e+01  8.160e-04  1.226e-01
5.200e+01  8.160e-04  1.226e-01
5.300e+01  8.160e-04  1.226e-01
5.400e+01  8.160e-04  1.226e-01
5.500e+01  8.160e-04  1.226e-01
5.600e+01  8.160e-04  1.226e-01
5.700e+01  8.160e-04  1.226e-01
5.800e+01  8.160e-04  1.226e-01
5.900e+01  8.160e-04  1.226e-01
6.000e+01  8.160e-04  1.226e-01
6.100e+01  8.160e-04  1.226e-01
6.200e+01  8.160e-04  1.226e-01
6.300e+01  8.160e-04  1.226e-01
6.400e+01  8.160e-04  1.226e-01
6.500e+01  8.160e-04  1.226e-01
6.600e+01  8.160e-04  1.226e-01
6.700e+01  8.160e-04  1.226e-01
6.800e+01  8.160e-04  1.226e-01
6.900e+01  8.160e-04  1.226e-01
7.000e+01  8.160e-04  1.226e-01
7.100e+01  8.160e-04  1.226e-01
7.200e+01  8.160e-04  1.226e-01
7.300e+01  8.160e-04  1.226e-01
7.400e+01  8.160e-04  1.226e-01
7.500e+01  8.160e-04  1.226e-01
7.600e+01  8.160e-04  1.226e-01
7.700e+01  8.160e-04  1.226e-01
7.800e+01  8.160e-04  1.226e-01
7.900e+01  8.160e-04  1.226e-01
8.000e+01  8.160e-04  1.226e-01
8.100e+01  8.160e-04  1.226e-01
8.200e+01  8.160e-04  1.226e-01
8.300e+01  8.160e-04  1.226e-01
8.400e+01  8.160e-04  1.226e-01
8.500e+01  8.160e-04  1.226e-01
8.600e+01  8.160e-04  1.226e-01
8.700e+01  8.160e-04  1.226e-01
8.800e+01  8.160e-04  1.226e-01
8.900e+01  8.160e-04  1.226e-01
9.000e+01  8.160e-04  1.226e-01
9.100e+01  8.160e-04  1.226e-01
9.200e+01  8.160e-04  1.226e-01
9.300e+01  8.160e-04  1.226e-01
9.400e+01  8.160e-04  1.226e-01
9.500e+01  8.160e-04  1.226e-01
9.600e+01  8.160e-04  1.226e-01
9.700e+01  8.160e-04  1.226e-01
9.800e+01  8.160e-04  1.226e-01
9.900e+01  8.160e-04  1.226e-01
1.000e+02  8.160e-04  1.226e-01
1.010e+02  8.160e-04  1.226e-01
1.020e+02  8.160e-04  1.226e-01
1.030e+02  8.160e-04  1.226e-01
1.040e+02  8.160e-04  1.226e-01
1.050e+02  8.160e-04  1.226e-01
1.060e+02  8.160e-04  1.226e-01
1.070e+02  8.160e-04  1.226e-01
1.080e+02  8.160e-04  1.226e-01
1.090e+02  8.160e-04  1.226e-01
1.100e+02  8.160e-04  1.226e-01
1.110e+02  8.160e-04  1.226e-01
1.120e+02  8.160e-04  1.226e-01
1.130e+02  8.160e-04  1.226e-01
1.140e+02  8.160e-04  1.226e-01
1.150e+02  8.160e-04  1.226e-01
1.160e+02  8.160e-04  1.226e-01
1.170e+02  8.160e-04  1.226e-01
1.180e+02  8.160e-04  1.226e-01
1.190e+02  8.160e-04  1.226e-01
1.200e+02  8.160e-04  1.226e-01
1.210e+02  8.160e-04  1.226e-01
1.220e+02  8.160e-04  1.226e-01
1.230e+02  8.160e-04  1.226e-01
1.240e+02  8.160e-04  1.226e-01
1.250e+02  8.160e-04  1.226e-01
1.260e+02  8.160e-04  1.226e-01
1.270e+02  8.160e-04  1.226e-01
1.280e+02  8.160e-04  1.226e-01
1.290e+02  8.160e-04  1.226e-01
1.300e+02  8.160e-04  1.226e-01
1.310e+02  8.160e-04  1.226e-01
1.320e+02  8.160e-04  1.226e-01
1.330e+02  8.160e-04  1.226e-01
1.340e+02  8.160e-04  1.226e-01
1.350e+02  8.160e-04  1.226e-01
1.360e+02  8.160e-04  1.226e-01
1.370e+02  8.160e-04  1.226e-01
1.380e+02  8.160e-04  1.226e-01
1.390e+02  8.160e-04  1.226e-01
1.400e+02  8.160e-04  1.226e-01
1.410e+02  8.160e-04  1.226e-01
1.420e+02  8.160e-04  1.226e-01
1.430e+02  8.160e-04  1.226e-01
1.440e+02  8.160e-04  1.226e-01
1.450e+02  8.160e-04  1.226e-01
1.460e+02  8.160e-04  1.226e-01
1.470e+02  8.160e-04  1.226e-01
1.480e+02  8.160e-04  1.226e-01
1.490e+02  8.160e-04  1.226e-01
1.500e+02  8.160e-04  1.226e-01
1.510e+02  8.160e-04  1.226e-01
1.520e+02  8.160e-04  1.226e-01
1.530e+02  8.160e-04  1.226e-01
1.540e+02  8.160e-04  1.226e-01
1.550e+02  8.160e-04  1.226e-01
1.560e+02  8.160e-04  1.226e-01
1.570e+02  8.160e-04  1.226e-01
1.580e+02  8.160e-04  1.226e-01
1.590e+02  8.160e-04  1.226e-01
1.600e+02  8.160e-04  1.226e-01
1.610e+02  8.160e-04  1.226e-01
1.620e+02  8.160e-04  1.226e-01
1.630e+02  8.160e-04  1.226e-01
1.640e+02  8.160e-04  1.226e-01
1.650e+02  8.160e-04  1.226e-01
1.660e+02  8.160e-04  1.226e-01
1.670e+02  8.160e-04  1.226e-01
1.680e+02  8.160e-04  1.226e-01
1.690e+02  8.160e-04  1.226e-01
1.700e+02  8.160e-04  1.226e-01
1.710e+02  8.160e-04  1.226e-01
1.720e+02  8.160e-04  1.226e-01
1.730e+02  8.160e-04  1.226e-01
1.740e+02  8.160e-04  1.226e-01
1.750e+02  8.160e-04  1.226e-01
1.760e+02  8.160e-04  1.226e-01
1.770e+02  8.160e-04  1.226e-01
1.780e+02  8.160e-04  1.226e-01
1.790e+02  8.160e-04  1.226e-01
1.800e+02  8.160e-04  1.226e-01
1.810e+02  8.160e-04  1.226e-01
1.820e+02  8.160e-04  1.226e-01
1.830e+02  8.160e-04  1.226e-01
1.840e+02  8.160e-04  1.226e-01
1.850e+02  8.160e-04  1.226e-01
1.860e+02  8.162e-04  1.226e-01
1.870e+02  8.166e-04  1.226e-01
1.880e+02  8.183e-04  1.226e-01
1.890e+02  8.239e-04  1.226e-01
1.900e+02  8.421e-04  1.226e-01
1.910e+02  8.979e-04  1.226e-01
1.920e+02  1.061e-03  1.227e-01
1.930e+02  1.515e-03  1.229e-01
1.940e+02  2.724e-03  1.235e-01
1.950e+02  5.830e-03  1.247e-01
1.960e+02  1.350e-02  1.271e-01
1.970e+02  3.155e-02  1.306e-01
1.980e+02  7.084e-02  1.337e-01
1.990e+02  1.462e-01  1.322e-01
2.000e+02  2.674e-01  1.217e-01
2.010e+02  4.264e-01  1.009e-01
2.020e+02  5.960e-01  7.426e-02
2.030e+02  7.456e-01  4.828e-02
2.040e+02  8.567e-01  2.784e-02
2.050e+02  9.275e-01  1.433e-02
2.060e+02  9.668e-01  6.643e-03
2.070e+02  9.862e-01  2.793e-03
2.080e+02  9.948e-01  1.073e-03
2.090e+02  9.982e-01  3.793e-04
2.100e+02  9.994e-01  1.241e-04
2.110e+02  9.998e-01  3.779e-05
2.120e+02  9.999e-01  1.076e-05
2.130e+02  1.000e+00  2.874e-06
2.140e+02  1.000e+00  7.238e-07
2.150e+02  1.000e+00  1.724e-07
2.160e+02  1.000e+00  3.896e-08
2.170e+02  1.000e+00  8.378e-09
2.180e+02  1.000e+00  1.719e-09
2.190e+02  1.000e+00  3.373e-10
2.200e+02  1.000e+00  6.344e-11
2.210e+02  1.000e+00  1.146e-11
2.220e+02  1.000e+00  1.993e-12
2.230e+02  1.000e+00  3.343e-13
2.240e+02  1.000e+00  5.414e-14
2.250e+02  1.000e+00  8.484e-15
2.260e+02  1.000e+00  1.288e-15
2.270e+02  1.000e+00  1.897e-16
2.280e+02  1.000e+00  2.715e-17
2.290e+02  1.000e+00  3.780e-18
2.300e+02  1.000e+00  5.124e-19
2.310e+02  1.000e+00  6.771e-20
2.320e+02  1.000e+00  8.733e-21
2.330e+02  1.000e+00  1.100e-21
2.340e+02  1.000e+00  1.355e-22
2.350e+02  1.000e+00  1.634e-23
2.360e+02  1.000e+00  1.929e-24
2.370e+02  1.000e+00  2.233e-25
2.380e+02  1.000e+00  2.535e-26
2.390e+02  1.000e+00  2.824e-27
2.400e+02  1.000e+00  3.092e-28
2.410e+02  1.000e+00  3.326e-29
2.420e+02  1.000e+00  3.519e-30
2.430e+02  1.000e+00  3.665e-31
2.440e+02  1.000e+00  3.757e-32
2.450e+02  1.000e+00  3.794e-33
2.460e+02  1.000e+00  3.777e-34
2.470e+02  1.000e+00  3.708e-35
2.480e+02  1.000e+00  3.590e-36
2.490e+02  1.000e+00  3.431e-37
2.500e+02  1.000e+00  3.238e-38
2.510e+02  1.000e+00  3.018e-39
2.520e+02  1.000e+00  2.780e-40
2.530e+02  1.000e+00  2.531e-41
2.540e+02  1.000e+00  2.279e-42
2.550e+02  1.000e+00  2.029e-43
2.560e+02  1.000e+00  1.788e-44
2.570e+02  1.000e+00  1.560e-45
2.580e+02  1.000e+00  1.347e-46
2.590e+02  1.000e+00  1.152e-47
2.600e+02  1.000e+00  9.761e-49
2.610e+02  1.000e+00  8.195e-50
2.620e+02  1.000e+00  6.819e-51
2.630e+02  1.000e+00  5.626e-52
2.640e+02  1.000e+00  4.602e-53
2.650e+02  1.000e+00  3.734e-54
2.660e+02  1.000e+00  3.005e-55
2.670e+02  1.000e+00  2.400e-56
2.680e+02  1.000e+00  1.903e-57
2.690e+02  1.000e+00  1.497e-58
2.700e+02  1.000e+00  1.169e-59
2.710e+02  1.000e+00  9.071e-61
2.720e+02  1.000e+00  6.988e-62
2.730e+02  1.000e+00  5.348e-63
2.740e+02  1.000e+00  4.066e-64
2.750e+02  1.000e+00  3.072e-65
2.760e+02  1.000e+00  2.306e-66
2.770e+02  1.000e+00  1.721e-67
2.780e+02  1.000e+00  1.277e-68
2.790e+02  1.000e+00  9.418e-70
2.800e+02  1.000e+00  6.907e-71
2.810e+02  1.000e+00  5.038e-72
2.820e+02  1.000e+00  3.654e-73
2.830e+02  1.000e+00  2.637e-74
2.840e+02  1.000e+00  1.893e-75
2.850e+02  1.000e+00  1.352e-76
2.860e+02  1.000e+00  9.609e-78
2.870e+02  1.000e+00  6.796e-79
2.880e+02  1.000e+00  4.784e-80
2.890e+02  1.000e+00  3.352e-81
2.900e+02  1.000e+00  2.337e-82
2.910e+02  1.000e+00  1.623e-83
2.920e+02  1.000e+00  1.122e-84
2.930e+02  1.000e+00  7.723e-86
2.940e+02  1.000e+00  5.294e-87
2.950e+02  1.000e+00  3.614e-88
2.960e+02  1.000e+00  2.457e-89
2.970e+02  1.000e+00  1.664e-90
2.980e+02  1.000e+00  1.122e-91
2.990e+02  1.000e+00  7.542e-93
3.000e+02  1.000e+00  5.049e-94
3.010e+02  1.000e+00  3.368e-95
3.020e+02  1.000e+00  2.238e-96
3.030e+02  1.000e+00  1.483e-97
3.040e+02  1.000e+00  9.784e-99
3.050e+02  1.000e+00  6.435e-100
3.060e+02  1.000e+00  4.219e-101
3.070e+02  1.000e+00  2.756e-102
3.080e+02  1.000e+00  1.795e-103
3.090e+02  1.000e+00  1.165e-104
3.100e+02  1.000e+00  7.542e-106
3.110e+02  1.000e+00  4.866e-107
3.120e+02  1.000e+00  3.130e-108
3.130e+02  1.000e+00  2.007e-109
3.140e+02  1.000e+00  1.284e-110
3.150e+02  1.000e+00  8.185e-112
3.160e+02  1.000e+00  5.205e-113
3.170e+02  1.000e+00  3.300e-114
3.180e+02  1.000e+00  2.087e-115
3.190e+02  1.000e+00  1.316e-116
3.200e+02  1.000e+00  8.278e-118
3.210e+02  1.000e+00  5.193e-119
3.220e+02  1.000e+00  3.250e-120
3.230e+02  1.000e+00  2.028e-121
3.240e+02  1.000e+00  1.263e-122
3.250e+02  1.000e+00  7.844e-124
3.260e+02  1.000e+00  4.860e-125
3.270e+02  1.000e+00  3.004e-126
3.280e+02  1.000e+00  1.853e-127
3.290e+02  1.000e+00  1.140e-128
3.300e+02  1.000e+00  6.998e-130
3.310e+02  1.000e+00  4.286e-131
3.320e+02  1.000e+00  2.620e-132
3.330e+02  1.000e+00  1.598e-133
3.340e+02  1.000e+00  9.723e-135
3.350e+02  1.000e+00  5.904e-136
3.360e+02  1.000e+00  3.578e-137
3.370e+02  1.000e+00  2.164e-138
3.380e+02  1.000e+00  1.306e-139
3.390e+02  1.000e+00  7.867e-141
3.400e+02  1.000e+00  4.729e-142
3.410e+02  1.000e+00  2.838e-143
3.420e+02  1.000e+00  1.699e-144
3.430e+02  1.000e+00  1.016e-145
3.440e+02  1.000e+00  6.061e-147
3.450e+02  1.000e+00  3.609e-148
3.460e+02  1.000e+00  2.146e-149
3.470e+02  1.000e+00  1.273e-150
3.480e+02  1.000e+00  7.542e-152
3.490e+02  1.000e+00  4.460e-153
3.500e+02  1.000e+00  2.633e-154
3.510e+02  1.000e+00  1.551e-155
3.520e+02  1.000e+00  9.128e-157
3.530e+02  1.000e+00  5.361e-158
3.540e+02  1.000e+00  3.144e-159
3.550e+02  1.000e+00  1.841e-160
3.560e+02  1.000e+00  1.076e-161
3.570e+02  1.000e+00  6.280e-163
3.580e+02  1.000e+00  3.659e-164
3.590e+02  1.000e+00  2.129e-165
3.600e+02  1.000e+00  1.237e-166
3.610e+02  1.000e+00  7.175e-168
3.620e+02  1.000e+00  4.156e-169
3.630e+02  1.000e+00  2.404e-170
3.640e+02  1.000e+00  1.388e-171
3.650e+02  1.000e+00  8.006e-173
3.660e+02  1.000e+00  4.611e-174
3.670e+02  1.000e+00  2.652e-175
3.680e+02  1.000e+00  1.523e-176
3.690e+02  1.000e+00  8.735e-178
3.700e+02  1.000e+00  5.003e-179
3.710e+02  1.000e+00  2.862e-180
3.720e+02  1.000e+00  1.635e-181
3.730e+02  1.000e+00  9.328e-183
3.740e+02  1.000e+00  5.315e-184
3.750e+02  1.000e+00  3.025e-185
3.760e+02  1.000e+00  1.719e-186
3.770e+02  1.000e+00  9.759e-188
3.780e+02  1.000e+00  5.533e-189
3.790e+02  1.000e+00  3.133e-190
3.800e+02  1.000e+00  1.772e-191
3.810e+02  1.000e+00  1.001e-192
3.820e+02  1.000e+00  5.649e-194
3.830e+02  1.000e+00  3.184e-195
3.840e+02  1.000e+00  1.792e-196
3.850e+02  1.000e+00  1.008e-197
3.860e+02  1.000e+00  5.662e-199
3.870e+02  1.000e+00  3.177e-200
3.880e+02  1.000e+00  1.780e-201
3.890e+02  1.000e+00  9.967e-203
3.900e+02  1.000e+00  5.574e-204
3.910e+02  1.000e+00  3.114e-205
3.920e+02  1.000e+00  1.738e-206
3.930e+02  1.000e+00  9.688e-208
3.940e+02  1.000e+00  5.395e-209
3.950e+02  1.000e+00  3.001e-210
3.960e+02  1.000e+00  1.668e-211
3.970e+02  1.000e+00  9.261e-213
3.980e+02  1.000e+00  5.137e-214
3.990e+02  1.000e+00  2.847e-215
4.000e+02  1.000e+00  1.663e-216
