0.000e+00  1.808e-07  1.873e-03
1.000e+00  1.808e-07  1.873e-03
2.000e+00  1.808e-07  1.873e-03
3.000e+00  1.808e-07  1.873e-03
4.000e+00  1.808e-07  1.873e-03
5.000e+00  1.808e-07  1.873e-03
6.000e+00  1.808e-07  1.873e-03
7.000e+00  1.808e-07  1.873e-03
8.000e+00  1.808e-07  1.873e-03
9.000e+00  1.808e-07  1.873e-03
1.000e+01  1.808e-07  1.873e-03
1.100e+01  1.808e-07  1.873e-03
1.200e+01  1.808e-07  1.873e-03
1.300e+01  1.808e-07  1.873e-03
1.400e+01  1.808e-07  1.873e-03
1.500e+01  1.808e-07  1.873e-03
1.600e+01  1.808e-07  1.873e-03
1.700e+01  1.808e-07  1.873e-03
1.800e+01  1.808e-07  1.873e-03
1.900e+01  1.808e-07  1.873e-03
2.000e+01  1.808e-07  1.873e-03
2.100e+01  1.808e-07  1.873e-03
2.200e+01  1.808e-07  1.873e-03
2.300e+01  1.808e-07  1.873e-03
2.400e+01  1.808e-07  1.873e-03
2.500e+01  1.808e-07  1.873e-03
2.600e+01  1.808e-07  1.873e-03
2.700e+01  1.808e-07  1.873e-03
2.800e+01  1.808e-07  1.873e-03
2.900e+01  1.808e-07  1.873e-03
3.000e+01  1.808e-07  1.873e-03
3.100e+01  1.808e-07  1.873e-03
3.200e+01  1.808e-07  1.873e-03
3.300e+01  1.808e-07  1.873e-03
3.400e+01  1.808e-07  1.873e-03
3.500e+01  1.808e-07  1.873e-03
3.600e+01  1.808e-07  1.873e-03
3.700e+01  1.808e-07  1.873e-03
3.800e+01  1.808e-07  1.873e-03
3.900e+01  1.808e-07  1.873e-03
4.000e+01  1.808e-07  1.873e-03
4.100e+01  1.808e-07  1.873e-03
4.200e+01  1.808e-07  1.873e-03
4.300e+01  1.808e-07  1.873e-03
4.400e+01  1.808e-07  1.873e-03
4.500e+01  1.808e-07  1.873e-03
4.600e+01  1.808e-07  1.873e-03
4.700e+01  1.808e-07  1.873e-03
4.800e+01  1.808e-07  1.873e-03
4.900e+01  1.808e-07  1.873e-03
5.000e+01  1.808e-07  1.873e-03
5.100e+01  1.808e-07  1.873e-03
5.200e+01  1.808e-07  1.873e-03
5.300e+01  1.808e-07  1.873e-03
5.400e+01  1.808e-07  1.873e-03
5.500e+01  1.808e-07  1.873e-03
5.600e+01  1.808e-07  1.873e-03
5.700e+01  1.808e-07  1.873e-03
5.800e+01  1.808e-07  1.873e-03
5.900e+01  1.808e-07  1.873e-03
6.000e+01  1.808e-07  1.873e-03
6.100e+01  1.808e-07  1.873e-03
6.200e+01  1.808e-07  1.873e-03
6.300e+01  1.808e-07  1.873e-03
6.400e+01  1.808e-07  1.873e-03
6.500e+01  1.808e-07  1.873e-03
6.600e+01  1.808e-07  1.873e-03
6.700e+01  1.808e-07  1.873e-03
6.800e+01  1.808e-07  1.873e-03
6.900e+01  1.808e-07  1.873e-03
7.000e+01  1.808e-07  1.873e-03
7.100e+01  1.808e-07  1.873e-03
7.200e+01  1.808e-07  1.873e-03
7.300e+01  1.808e-07  1.873e-03
7.400e+01  1.808e-07  1.873e-03
7.500e+01  1.808e-07  1.873e-03
7.600e+01  1.808e-07  1.873e-03
7.700e+01  1.808e-07  1.873e-03
7.800e+01  1.808e-07  1.873e-03
7.900e+01  1.808e-07  1.873e-03
8.000e+01  1.808e-07  1.873e-03
8.100e+01  1.808e-07  1.873e-03
8.200e+01  1.808e-07  1.873e-03
8.300e+01  1.808e-07  1.873e-03
8.400e+01  1.808e-07  1.873e-03
8.500e+01  1.808e-07  1.873e-03
8.600e+01  1.808e-07  1.873e-03
8.700e+01  1.808e-07  1.873e-03
8.800e+01  1.808e-07  1.873e-03
8.900e+01  1.808e-07  1.873e-03
9.000e+01  1.808e-07  1.873e-03
9.100e+01  1.808e-07  1.873e-03
9.200e+01  1.808e-07  1.873e-03
9.300e+01  1.808e-07  1.873e-03
9.400e+01  1.808e-07  1.873e-03
9.500e+01  1.808e-07  1.873e-03
9.600e+01  1.808e-07  1.873e-03
9.700e+01  1.808e-07  1.873e-03
9.800e+01  1.808e-07  1.873e-03
9.900e+01  1.808e-07  1.873e-03
1.000e+02  1.808e-07  1.873e-03
1.010e+02  1.808e-07  1.873e-03
1.020e+02  1.808e-07  1.873e-03
1.030e+02  1.808e-07  1.873e-03
1.040e+02  1.808e-07  1.873e-03
1.050e+02  1.808e-07  1.873e-03
1.060e+02  1.808e-07  1.873e-03
1.070e+02  1.808e-07  1.873e-03
1.080e+02  1.808e-07  1.873e-03
1.090e+02  1.808e-07  1.873e-03
1.100e+02  1.808e-07  1.873e-03
1.110e+02  1.808e-07  1.873e-03
1.120e+02  1.808e-07  1.873e-03
1.130e+02  1.808e-07  1.873e-03
1.140e+02  1.808e-07  1.873e-03
1.150e+02  1.808e-07  1.873e-03
1.160e+02  1.808e-07  1.873e-03
1.170e+02  1.808e-07  1.873e-03
1.180e+02  1.808e-07  1.873e-03
1.190e+02  1.808e-07  1.873e-03
1.200e+02  1.808e-07  1.873e-03
1.210e+02  1.808e-07  1.873e-03
1.220e+02  1.808e-07  1.873e-03
1.230e+02  1.808e-07  1.873e-03
1.240e+02  1.808e-07  1.873e-03
1.250e+02  1.808e-07  1.873e-03
1.260e+02  1.808e-07  1.873e-03
1.270e+02  1.808e-07  1.873e-03
1.280e+02  1.808e-07  1.873e-03
1.290e+02  1.808e-07  1.873e-03
1.300e+02  1.808e-07  1.873e-03
1.310e+02  1.808e-07  1.873e-03
1.320e+02  1.808e-07  1.873e-03
1.330e+02  1.808e-07  1.873e-03
1.340e+02  1.808e-07  1.873e-03
1.350e+02  1.808e-07  1.873e-03
1.360e+02  1.808e-07  1.873e-03
1.370e+02  1.808e-07  1.873e-03
1.380e+02  1.808e-07  1.873e-03
1.390e+02  1.808e-07  1.873e-03
1.400e+02  1.808e-07  1.873e-03
1.410e+02  1.808e-07  1.873e-03
1.420e+02  1.808e-07  1.873e-03
1.430e+02  1.808e-07  1.873e-03
1.440e+02  1.808e-07  1.873e-03
1.450e+02  1.808e-07  1.873e-03
1.460e+02  1.808e-07  1.873e-03
1.470e+02  1.808e-07  1.873e-03
1.480e+02  1.808e-07  1.873e-03
1.490e+02  1.808e-07  1.873e-03
1.500e+02  1.808e-07  1.873e-03
1.510e+02  1.808e-07  1.873e-03
1.520e+02  1.808e-07  1.873e-03
1.530e+02  1.808e-07  1.873e-03
1.540e+02  1.808e-07  1.873e-03
1.550e+02  1.808e-07  1.873e-03
1.560e+02  1.808e-07  1.873e-03
1.570e+02  1.808e-07  1.873e-03
1.580e+02  1.808e-07  1.873e-03
1.590e+02  1.808e-07  1.873e-03
1.600e+02  1.808e-07  1.873e-03
1.610e+02  1.808e-07  1.873e-03
1.620e+02  1.808e-07  1.873e-03
1.630e+02  1.808e-07  1.873e-03
1.640e+02  1.808e-07  1.873e-03
1.650e+02  1.808e-07  1.873e-03
1.660e+02  1.808e-07  1.873e-03
1.670e+02  1.808e-07  1.873e-03
1.680e+02  1.808e-07  1.873e-03
1.690e+02  1.808e-07  1.873e-03
1.700e+02  1.808e-07  1.873e-03
1.710e+02  1.808e-07  1.873e-03
1.720e+02  1.808e-07  1.873e-03
1.730e+02  1.808e-07  1.873e-03
1.740e+02  1.808e-07  1.873e-03
1.750e+02  1.808e-07  1.873e-03
1.760e+02  1.809e-07  1.873e-03
1.770e+02  1.809e-07  1.873e-03
1.780e+02  1.812e-07  1.873e-03
1.790e+02  1.817e-07  1.873e-03
1.800e+02  1.832e-07  1.873e-03
1.810e+02  1.872e-07  1.873e-03
1.820e+02  1.974e-07  1.874e-03
1.830e+02  2.243e-07  1.874e-03
1.840e+02  2.948e-07  1.876e-03
1.850e+02  4.812e-07  1.880e-03
1.860e+02  9.771e-07  1.888e-03
1.870e+02  2.306e-06  1.905e-03
1.880e+02  5.898e-06  1.940e-03
1.890e+02  1.567e-05  2.008e-03
1.900e+02  4.244e-05  2.141e-03
1.910e+02  1.159e-04  2.392e-03
1.920e+02  3.158e-04  2.852e-03
1.930e+02  8.471e-04  3.656e-03
1.940e+02  2.194e-03  4.977e-03
1.950e+02  5.366e-03  6.986e-03
1.960e+02  1.218e-02  9.776e-03
1.970e+02  2.541e-02  1.328e-02
1.980e+02  4.857e-02  1.721e-02
1.990e+02  8.531e-02  2.109e-02
2.000e+02  1.384e-01  2.434e-02
2.010e+02  2.086e-01  2.643e-02
2.020e+02  2.944e-01  2.702e-02
2.030e+02  3.914e-01  2.605e-02
2.040e+02  4.936e-01  2.372e-02
2.050e+02  5.943e-01  2.045e-02
2.060e+02  6.875e-01  1.672e-02
2.070e+02  7.687e-01  1.299e-02
2.080e+02  8.356e-01  9.604e-03
2.090e+02  8.878e-01  6.773e-03
2.100e+02  9.264e-01  4.562e-03
2.110e+02  9.536e-01  2.940e-03
2.120e+02  9.718e-01  1.816e-03
2.130e+02  9.836e-01  1.076e-03
2.140e+02  9.908e-01  6.126e-04
2.150e+02  9.950e-01  3.356e-04
2.160e+02  9.974e-01  1.771e-04
2.170e+02  9.987e-01  9.014e-05
2.180e+02  9.994e-01  4.429e-05
2.190e+02  9.997e-01  2.103e-05
2.200e+02  9.999e-01  9.657e-06
2.210e+02  9.999e-01  4.294e-06
2.220e+02  1.000e+00  1.850e-06
2.230e+02  1.000e+00  7.730e-07
2.240e+02  1.000e+00  3.135e-07
2.250e+02  1.000e+00  1.235e-07
2.260e+02  1.000e+00  4.726e-08
2.270e+02  1.000e+00  1.759e-08
2.280e+02  1.000e+00  6.375e-09
2.290e+02  1.000e+00  2.249e-09
2.300e+02  1.000e+00  7.735e-10
2.310e+02  1.000e+00  2.593e-10
2.320e+02  1.000e+00  8.482e-11
2.330e+02  1.000e+00  2.708e-11
2.340e+02  1.000e+00  8.444e-12
2.350e+02  1.000e+00  2.573e-12
2.360e+02  1.000e+00  7.663e-13
2.370e+02  1.000e+00  2.233e-13
2.380e+02  1.000e+00  6.365e-14
2.390e+02  1.000e+00  1.777e-14
2.400e+02  1.000e+00  4.856e-15
2.410e+02  1.000e+00  1.301e-15
2.420e+02  1.000e+00  3.415e-16
2.430e+02  1.000e+00  8.794e-17
2.440e+02  1.000e+00  2.221e-17
2.450e+02  1.000e+00  5.506e-18
2.460e+02  1.000e+00  1.340e-18
2.470e+02  1.000e+00  3.202e-19
2.480e+02  1.000e+00  7.518e-20
2.490e+02  1.000e+00  1.735e-20
2.500e+02  1.000e+00  3.935e-21
2.510e+02  1.000e+00  8.778e-22
2.520e+02  1.000e+00  1.926e-22
2.530e+02  1.000e+00  4.159e-23
2.540e+02  1.000e+00  8.838e-24
2.550e+02  1.000e+00  1.849e-24
2.560e+02  1.000e+00  3.810e-25
2.570e+02  1.000e+00  7.734e-26
2.580e+02  1.000e+00  1.547e-26
2.590e+02  1.000e+00  3.049e-27
2.600e+02  1.000e+00  5.926e-28
2.610e+02  1.000e+00  1.136e-28
2.620e+02  1.000e+00  2.146e-29
2.630e+02  1.000e+00  4.002e-30
2.640e+02  1.000e+00  7.363e-31
2.650e+02  1.000e+00  1.337e-31
2.660e+02  1.000e+00  2.397e-32
2.670e+02  1.000e+00  4.243e-33
2.680e+02  1.000e+00  7.419e-34
2.690e+02  1.000e+00  1.281e-34
2.700e+02  1.000e+00  2.186e-35
2.710e+02  1.000e+00  3.685e-36
2.720e+02  1.000e+00  6.141e-37
2.730e+02  1.000e+00  1.012e-37
2.740e+02  1.000e+00  1.648e-38
2.750e+02  1.000e+00  2.654e-39
2.760e+02  1.000e+00  4.228e-40
2.770e+02  1.000e+00  6.663e-41
2.780e+02  1.000e+00  1.039e-41
2.790e+02  1.000e+00  1.603e-42
2.800e+02  1.000e+00  2.448e-43
2.810e+02  1.000e+00  3.701e-44
2.820e+02  1.000e+00  5.538e-45
2.830e+02  1.000e+00  8.207e-46
2.840e+02  1.000e+00  1.204e-46
2.850e+02  1.000e+00  1.750e-47
2.860e+02  1.000e+00  2.520e-48
2.870e+02  1.000e+00  3.595e-49
2.880e+02  1.000e+00  5.080e-50
2.890e+02  1.000e+00  7.115e-51
2.900e+02  1.000e+00  9.877e-52
2.910e+02  1.000e+00  1.359e-52
2.920e+02  1.000e+00  1.854e-53
2.930e+02  1.000e+00  2.507e-54
2.940e+02  1.000e+00  3.362e-55
2.950e+02  1.000e+00  4.471e-56
2.960e+02  1.000e+00  5.898e-57
2.970e+02  1.000e+00  7.716e-58
2.980e+02  1.000e+00  1.002e-58
2.990e+02  1.000e+00  1.290e-59
3.000e+02  1.000e+00  1.648e-60
3.010e+02  1.000e+00  2.090e-61
3.020e+02  1.000e+00  2.630e-62
3.030e+02  1.000e+00  3.285e-63
3.040e+02  1.000e+00  4.073e-64
3.050e+02  1.000e+00  5.013e-65
3.060e+02  1.000e+00  6.126e-66
3.070e+02  1.000e+00  7.434e-67
3.080e+02  1.000e+00  8.957e-68
3.090e+02  1.000e+00  1.072e-68
3.100e+02  1.000e+00  1.274e-69
3.110e+02  1.000e+00  1.504e-70
3.120e+02  1.000e+00  1.764e-71
3.130e+02  1.000e+00  2.054e-72
3.140e+02  1.000e+00  2.378e-73
3.150e+02  1.000e+00  2.735e-74
3.160e+02  1.000e+00  3.125e-75
3.170e+02  1.000e+00  3.549e-76
3.180e+02  1.000e+00  4.006e-77
3.190e+02  1.000e+00  4.494e-78
3.200e+02  1.000e+00  5.011e-79
3.210e+02  1.000e+00  5.555e-80
3.220e+02  1.000e+00  6.121e-81
3.230e+02  1.000e+00  6.706e-82
3.240e+02  1.000e+00  7.305e-83
3.250e+02  1.000e+00  7.912e-84
3.260e+02  1.000e+00  8.522e-85
3.270e+02  1.000e+00  9.128e-86
3.280e+02  1.000e+00  9.724e-87
3.290e+02  1.000e+00  1.030e-87
3.300e+02  1.000e+00  1.086e-88
3.310e+02  1.000e+00  1.138e-89
3.320e+02  1.000e+00  1.187e-90
3.330e+02  1.000e+00  1.231e-91
3.340e+02  1.000e+00  1.271e-92
3.350e+02  1.000e+00  1.305e-93
3.360e+02  1.000e+00  1.334e-94
3.370e+02  1.000e+00  1.356e-95
3.380e+02  1.000e+00  1.372e-96
3.390e+02  1.000e+00  1.382e-97
3.400e+02  1.000e+00  1.385e-98
3.410e+02  1.000e+00  1.381e-99
3.420e+02  1.000e+00  1.371e-100
3.430e+02  1.000e+00  1.355e-101
3.440e+02  1.000e+00  1.333e-102
3.450e+02  1.000e+00  1.305e-103
3.460e+02  1.000e+00  1.273e-104
3.470e+02  1.000e+00  1.235e-105
3.480e+02  1.000e+00  1.194e-106
3.490e+02  1.000e+00  1.148e-107
3.500e+02  1.000e+00  1.100e-108
3.510e+02  1.000e+00  1.050e-109
3.520e+02  1.000e+00  9.972e-111
3.530e+02  1.000e+00  9.434e-112
3.540e+02  1.000e+00  8.889e-113
3.550e+02  1.000e+00  8.341e-114
3.560e+02  1.000e+00  7.796e-115
3.570e+02  1.000e+00  7.257e-116
3.580e+02  1.000e+00  6.729e-117
3.590e+02  1.000e+00  6.215e-118
3.600e+02  1.000e+00  5.718e-119
3.610e+02  1.000e+00  5.241e-120
3.620e+02  1.000e+00  4.785e-121
3.630e+02  1.000e+00  4.353e-122
3.640e+02  1.000e+00  3.945e-123
3.650e+02  1.000e+00  3.563e-124
3.660e+02  1.000e+00  3.205e-125
3.670e+02  1.000e+00  2.873e-126
3.680e+02  1.000e+00  2.567e-127
3.690e+02  1.000e+00  2.285e-128
3.700e+02  1.000e+00  2.027e-129
3.710e+02  1.000e+00  1.792e-130
3.720e+02  1.000e+00  1.578e-131
3.730e+02  1.000e+00  1.386e-132
3.740e+02  1.000e+00  1.212e-133
3.750e+02  1.000e+00  1.057e-134
3.760e+02  1.000e+00  9.191e-136
3.770e+02  1.000e+00  7.963e-137
3.780e+02  1.000e+00  6.877e-138
3.790e+02  1.000e+00  5.920e-139
3.800e+02  1.000e+00  5.080e-140
3.810e+02  1.000e+00  4.346e-141
3.820e+02  1.000e+00  3.706e-142
3.830e+02  1.000e+00  3.150e-143
3.840e+02  1.000e+00  2.670e-144
3.850e+02  1.000e+00  2.256e-145
3.860e+02  1.000e+00  1.901e-146
3.870e+02  1.000e+00  1.596e-147
3.880e+02  1.000e+00  1.337e-148
3.890e+02  1.000e+00  1.116e-149
3.900e+02  1.000e+00  9.295e-151
3.910e+02  1.000e+00  7.717e-152
3.920e+02  1.000e+00  6.389e-153
3.930e+02  1.000e+00  5.274e-154
3.940e+02  1.000e+00  4.342e-155
3.950e+02  1.000e+00  3.564e-156
3.960e+02  1.000e+00  2.918e-157
3.970e+02  1.000e+00  2.383e-158
3.980e+02  1.000e+00  1.940e-159
3.990e+02  1.000e+00  1.576e-160
4.000e+02  1.000e+00  1.379e-161
