7.212020033388982787e-01
6.811352253756260966e-01
6.210350584307179345e-01
5.709515859766277623e-01
5.008347245409014992e-01
4.407345575959933370e-01
3.405676126878130483e-01
2.303839732888146863e-01
5.008347245409015130e-02
-3.305509181969950028e-01
-3.305509181969950028e-01
-3.305509181969950028e-01
-3.305509181969950028e-01
-3.305509181969950028e-01
-3.305509181969950028e-01
-3.305509181969950028e-01
-3.305509181969950028e-01
-3.305509181969950028e-01
-3.305509181969950028e-01
-3.305509181969950028e-01
-3.305509181969950028e-01
-3.305509181969950028e-01
-3.305509181969950028e-01
-3.305509181969950028e-01
-3.305509181969950028e-01
-3.405676126878130483e-01
-3.305509181969950028e-01
-3.305509181969950028e-01
-3.305509181969950028e-01
-3.305509181969950028e-01
-3.305509181969950028e-01
-3.305509181969950028e-01
-3.305509181969950028e-01
-3.405676126878130483e-01
-3.305509181969950028e-01
-3.305509181969950028e-01
-3.305509181969950028e-01
-3.305509181969950028e-01
-3.305509181969950028e-01
-3.305509181969950028e-01
-3.305509181969950028e-01
-3.305509181969950028e-01
-3.305509181969950028e-01
-3.305509181969950028e-01
-3.305509181969950028e-01
-3.305509181969950028e-01
-3.305509181969950028e-01
-3.305509181969950028e-01
-3.305509181969950028e-01
-3.305509181969950028e-01
