7.212020033388982787e-01
6.711185308848079956e-01
6.310517529215359245e-01
5.709515859766277623e-01
5.108514190317196002e-01
4.507512520868113826e-01
3.906510851419032204e-01
3.305509181969950028e-01
2.804674457429048862e-01
2.203672787979966685e-01
1.702838063439065242e-01
1.302170283806343976e-01
8.013355592654425319e-02
4.006677796327212659e-02
-1.001669449081803165e-02
-5.008347245409015130e-02
-9.015025041736228484e-02
-1.402337228714524431e-01
-1.803005008347245697e-01
-2.203672787979966685e-01
-2.704507512520868406e-01
-3.105175292153589672e-01
-3.505843071786310938e-01
-3.906510851419032204e-01
-4.307178631051753470e-01
-4.808013355592654636e-01
-5.308848080133555802e-01
-5.809682804674457524e-01
-6.310517529215359245e-01
-6.811352253756260966e-01
-7.312186978297162687e-01
-7.913188647746244309e-01
-8.614357262103506940e-01
-9.415692821368949472e-01
-1.011686143572620988e+00
-1.111853088480801555e+00
-1.232053422370617879e+00
-1.382303839732888173e+00
-1.602671118530884842e+00
-2.033388981636059967e+00
-2.966442953020134610e+00
-3.049881235154394687e+00
-3.058252427184465994e+00
-3.066339066339066388e+00
-3.066666666666666430e+00
-3.066997518610422357e+00
-3.067331670822942780e+00
-3.074999999999999734e+00
-3.067669172932330657e+00
-3.067669172932330657e+00
