7.212020033388982787e-01
6.711185308848079956e-01
6.210350584307179345e-01
5.709515859766277623e-01
5.108514190317196002e-01
4.507512520868113826e-01
3.906510851419032204e-01
3.305509181969950028e-01
2.804674457429048862e-01
2.303839732888146863e-01
1.903171953255425597e-01
1.402337228714524431e-01
9.015025041736228484e-02
5.008347245409015130e-02
1.001669449081803165e-02
-3.005008347245409148e-02
-7.011686143572622154e-02
-1.101836393989983343e-01
-1.502504173622704609e-01
-1.803005008347245697e-01
-2.203672787979966685e-01
-2.604340567612687951e-01
-3.005008347245409217e-01
-3.405676126878130483e-01
-3.806343906510851194e-01
-4.106844741235392560e-01
-4.607679465776293726e-01
-5.008347245409014992e-01
-5.409015025041736813e-01
-5.909849749582637424e-01
-6.210350584307179345e-01
-6.711185308848079956e-01
-7.111853088480801777e-01
-7.612687813021702388e-01
-8.213689482470785119e-01
-8.714524207011686840e-01
-9.215358931552587451e-01
-9.816360601001670183e-01
-1.041736227045075180e+00
-1.101836393989983343e+00
-1.171953255425709495e+00
-1.252086811352253859e+00
-1.332220367278798001e+00
-1.432387312186978345e+00
-1.532554257095158468e+00
-1.652754590984975014e+00
-1.782971619365609328e+00
-1.963272120200334037e+00
-2.197802197802197988e+00
-2.564102564102564319e+00
