7.212020033388982787e-01
6.711185308848079956e-01
6.210350584307179345e-01
5.709515859766277623e-01
5.008347245409014992e-01
4.307178631051753470e-01
3.505843071786310938e-01
2.404006677796327318e-01
1.001669449081803026e-01
-5.108514190317196002e-01
-5.609348914858097723e-01
-5.609348914858097723e-01
-5.609348914858097723e-01
-5.709515859766277623e-01
-5.609348914858097723e-01
-5.709515859766277623e-01
-5.709515859766277623e-01
-5.609348914858097723e-01
-5.609348914858097723e-01
-5.609348914858097723e-01
-5.609348914858097723e-01
-5.709515859766277623e-01
-5.609348914858097723e-01
-5.609348914858097723e-01
-5.709515859766277623e-01
-5.609348914858097723e-01
-5.609348914858097723e-01
-5.609348914858097723e-01
-5.709515859766277623e-01
-5.609348914858097723e-01
-5.609348914858097723e-01
-5.609348914858097723e-01
-5.609348914858097723e-01
-5.609348914858097723e-01
-5.609348914858097723e-01
-5.709515859766277623e-01
-5.609348914858097723e-01
-5.609348914858097723e-01
-5.609348914858097723e-01
-5.609348914858097723e-01
-5.609348914858097723e-01
-5.609348914858097723e-01
-5.609348914858097723e-01
-5.609348914858097723e-01
-5.609348914858097723e-01
-5.609348914858097723e-01
-5.609348914858097723e-01
-5.709515859766277623e-01
-5.709515859766277623e-01
-5.709515859766277623e-01
