7.212020033388982787e-01
6.711185308848079956e-01
6.310517529215359245e-01
5.709515859766277623e-01
5.108514190317196002e-01
4.507512520868113826e-01
3.906510851419032204e-01
3.405676126878130483e-01
2.804674457429048862e-01
2.303839732888146863e-01
1.803005008347245697e-01
1.302170283806343976e-01
9.015025041736228484e-02
4.006677796327212659e-02
0.000000000000000000e+00
-4.006677796327212659e-02
-8.013355592654425319e-02
-1.202003338898163659e-01
-1.602671118530885064e-01
-2.003338898163606052e-01
-2.504173622704507496e-01
-2.904841402337228762e-01
-3.305509181969950028e-01
-3.706176961602671294e-01
-4.006677796327212104e-01
-4.507512520868113826e-01
-4.908180300500835092e-01
-5.409015025041736813e-01
-5.809682804674457524e-01
-6.210350584307179345e-01
-6.711185308848079956e-01
-7.212020033388982787e-01
-7.712854757929884508e-01
-8.313856427378965019e-01
-8.914858096828046641e-01
-9.515859766277129372e-01
-1.021702838063439200e+00
-1.091819699499165353e+00
-1.181969949916527485e+00
-1.272120200333890061e+00
-1.382303839732888173e+00
-1.532554257095158468e+00
-1.722871452420701388e+00
-2.037162162162162282e+00
-3.034965034965035002e+00
-3.626740947075208776e+00
-3.658959537572254561e+00
-3.659824046920821417e+00
-3.674556213017751816e+00
-3.660714285714286031e+00
