0.000e+00  3.838e-29  2.434e-55
1.000e+00  5.334e-29  2.459e-55
2.000e+00  8.891e-29  2.509e-55
3.000e+00  1.584e-28  2.585e-55
4.000e+00  2.878e-28  2.686e-55
5.000e+00  5.248e-28  2.814e-55
6.000e+00  9.560e-28  2.968e-55
7.000e+00  1.737e-27  3.149e-55
8.000e+00  3.149e-27  3.360e-55
9.000e+00  5.692e-27  3.599e-55
1.000e+01  1.026e-26  3.870e-55
1.100e+01  1.844e-26  4.172e-55
1.200e+01  3.304e-26  4.509e-55
1.300e+01  5.905e-26  4.882e-55
1.400e+01  1.052e-25  5.293e-55
1.500e+01  1.869e-25  5.745e-55
1.600e+01  3.312e-25  6.241e-55
1.700e+01  5.851e-25  6.784e-55
1.800e+01  1.031e-24  7.378e-55
1.900e+01  1.811e-24  8.027e-55
2.000e+01  3.171e-24  8.736e-55
2.100e+01  5.538e-24  9.509e-55
2.200e+01  9.645e-24  1.035e-54
2.300e+01  1.675e-23  1.127e-54
2.400e+01  2.900e-23  1.227e-54
2.500e+01  5.007e-23  1.336e-54
2.600e+01  8.620e-23  1.455e-54
2.700e+01  1.480e-22  1.585e-54
2.800e+01  2.533e-22  1.726e-54
2.900e+01  4.323e-22  1.879e-54
3.000e+01  7.357e-22  2.047e-54
3.100e+01  1.248e-21  2.229e-54
3.200e+01  2.113e-21  2.428e-54
3.300e+01  3.564e-21  2.644e-54
3.400e+01  5.996e-21  2.880e-54
3.500e+01  1.006e-20  3.136e-54
3.600e+01  1.683e-20  3.416e-54
3.700e+01  2.806e-20  3.721e-54
3.800e+01  4.667e-20  4.052e-54
3.900e+01  7.739e-20  4.414e-54
4.000e+01  1.280e-19  4.807e-54
4.100e+01  2.110e-19  5.236e-54
4.200e+01  3.468e-19  5.703e-54
4.300e+01  5.684e-19  6.212e-54
4.400e+01  9.291e-19  6.767e-54
4.500e+01  1.514e-18  7.371e-54
4.600e+01  2.460e-18  8.029e-54
4.700e+01  3.986e-18  8.746e-54
4.800e+01  6.439e-18  9.527e-54
4.900e+01  1.037e-17  1.038e-53
5.000e+01  1.666e-17  1.130e-53
5.100e+01  2.668e-17  1.232e-53
5.200e+01  4.260e-17  1.342e-53
5.300e+01  6.783e-17  1.461e-53
5.400e+01  1.077e-16  1.592e-53
5.500e+01  1.705e-16  1.734e-53
5.600e+01  2.690e-16  1.890e-53
5.700e+01  4.234e-16  2.059e-53
5.800e+01  6.643e-16  2.243e-53
5.900e+01  1.039e-15  2.444e-53
6.000e+01  1.621e-15  2.662e-53
6.100e+01  2.522e-15  2.901e-53
6.200e+01  3.911e-15  3.160e-53
6.300e+01  6.047e-15  3.443e-53
6.400e+01  9.323e-15  3.752e-53
6.500e+01  1.433e-14  4.088e-53
6.600e+01  2.197e-14  4.454e-53
6.700e+01  3.357e-14  4.854e-53
6.800e+01  5.115e-14  5.289e-53
6.900e+01  7.772e-14  5.763e-53
7.000e+01  1.177e-13  6.280e-53
7.100e+01  1.778e-13  6.844e-53
7.200e+01  2.678e-13  7.458e-53
7.300e+01  4.021e-13  8.127e-53
7.400e+01  6.019e-13  8.857e-53
7.500e+01  8.985e-13  9.653e-53
7.600e+01  1.337e-12  1.052e-52
7.700e+01  1.984e-12  1.147e-52
7.800e+01  2.936e-12  1.250e-52
7.900e+01  4.331e-12  1.362e-52
8.000e+01  6.369e-12  1.485e-52
8.100e+01  9.340e-12  1.618e-52
8.200e+01  1.366e-11  1.764e-52
8.300e+01  1.991e-11  1.923e-52
8.400e+01  2.894e-11  2.096e-52
8.500e+01  4.194e-11  2.285e-52
8.600e+01  6.059e-11  2.491e-52
8.700e+01  8.729e-11  2.716e-52
8.800e+01  1.254e-10  2.961e-52
8.900e+01  1.796e-10  3.228e-52
9.000e+01  2.564e-10  3.520e-52
9.100e+01  3.650e-10  3.838e-52
9.200e+01  5.181e-10  4.185e-52
9.300e+01  7.332e-10  4.563e-52
9.400e+01  1.035e-09  4.976e-52
9.500e+01  1.455e-09  5.426e-52
9.600e+01  2.041e-09  5.918e-52
9.700e+01  2.855e-09  6.454e-52
9.800e+01  3.981e-09  7.040e-52
9.900e+01  5.534e-09  7.678e-52
1.000e+02  7.670e-09  8.375e-52
1.010e+02  1.060e-08  9.136e-52
1.020e+02  1.461e-08  9.967e-52
1.030e+02  2.006e-08  1.087e-51
1.040e+02  2.748e-08  1.186e-51
1.050e+02  3.753e-08  1.294e-51
1.060e+02  5.109e-08  1.412e-51
1.070e+02  6.936e-08  1.541e-51
1.080e+02  9.387e-08  1.682e-51
1.090e+02  1.267e-07  1.836e-51
1.100e+02  1.704e-07  2.003e-51
1.110e+02  2.286e-07  2.187e-51
1.120e+02  3.057e-07  2.387e-51
1.130e+02  4.076e-07  2.606e-51
1.140e+02  5.419e-07  2.845e-51
1.150e+02  7.183e-07  3.106e-51
1.160e+02  9.493e-07  3.391e-51
1.170e+02  1.251e-06  3.703e-51
1.180e+02  1.643e-06  4.044e-51
1.190e+02  2.152e-06  4.416e-51
1.200e+02  2.811e-06  4.823e-51
1.210e+02  3.660e-06  5.268e-51
1.220e+02  4.751e-06  5.754e-51
1.230e+02  6.149e-06  6.285e-51
1.240e+02  7.935e-06  6.866e-51
1.250e+02  1.021e-05  7.500e-51
1.260e+02  1.310e-05  8.193e-51
1.270e+02  1.675e-05  8.949e-51
1.280e+02  2.136e-05  9.776e-51
1.290e+02  2.716e-05  1.068e-50
1.300e+02  3.443e-05  1.166e-50
1.310e+02  4.352e-05  1.274e-50
1.320e+02  5.484e-05  1.391e-50
1.330e+02  6.890e-05  1.519e-50
1.340e+02  8.631e-05  1.658e-50
1.350e+02  1.078e-04  1.810e-50
1.360e+02  1.343e-04  1.976e-50
1.370e+02  1.667e-04  2.155e-50
1.380e+02  2.064e-04  2.351e-50
1.390e+02  2.548e-04  2.564e-50
1.400e+02  3.136e-04  2.794e-50
1.410e+02  3.848e-04  3.045e-50
1.420e+02  4.708e-04  3.316e-50
1.430e+02  5.744e-04  3.609e-50
1.440e+02  6.987e-04  3.926e-50
1.450e+02  8.474e-04  4.269e-50
1.460e+02  1.025e-03  4.639e-50
1.470e+02  1.236e-03  5.037e-50
1.480e+02  1.486e-03  5.464e-50
1.490e+02  1.781e-03  5.924e-50
1.500e+02  2.129e-03  6.416e-50
1.510e+02  2.537e-03  6.943e-50
1.520e+02  3.015e-03  7.506e-50
1.530e+02  3.572e-03  8.106e-50
1.540e+02  4.221e-03  8.745e-50
1.550e+02  4.973e-03  9.423e-50
1.560e+02  5.842e-03  1.014e-49
1.570e+02  6.843e-03  1.090e-49
1.580e+02  7.994e-03  1.170e-49
1.590e+02  9.310e-03  1.254e-49
1.600e+02  1.081e-02  1.343e-49
1.610e+02  1.252e-02  1.435e-49
1.620e+02  1.446e-02  1.532e-49
1.630e+02  1.666e-02  1.632e-49
1.640e+02  1.913e-02  1.736e-49
1.650e+02  2.190e-02  1.844e-49
1.660e+02  2.501e-02  1.955e-49
1.670e+02  2.848e-02  2.069e-49
1.680e+02  3.235e-02  2.186e-49
1.690e+02  3.663e-02  2.305e-49
1.700e+02  4.137e-02  2.425e-49
1.710e+02  4.660e-02  2.548e-49
1.720e+02  5.234e-02  2.671e-49
1.730e+02  5.863e-02  2.794e-49
1.740e+02  6.551e-02  2.917e-49
1.750e+02  7.298e-02  3.039e-49
1.760e+02  8.110e-02  3.160e-49
1.770e+02  8.988e-02  3.278e-49
1.780e+02  9.935e-02  3.393e-49
1.790e+02  1.095e-01  3.504e-49
1.800e+02  1.204e-01  3.611e-49
1.810e+02  1.321e-01  3.713e-49
1.820e+02  1.445e-01  3.809e-49
1.830e+02  1.576e-01  3.898e-49
1.840e+02  1.716e-01  3.980e-49
1.850e+02  1.863e-01  4.054e-49
1.860e+02  2.017e-01  4.119e-49
1.870e+02  2.179e-01  4.175e-49
1.880e+02  2.348e-01  4.222e-49
1.890e+02  2.524e-01  4.259e-49
1.900e+02  2.707e-01  4.285e-49
1.910e+02  2.896e-01  4.301e-49
1.920e+02  3.092e-01  4.306e-49
1.930e+02  3.292e-01  4.300e-49
1.940e+02  3.498e-01  4.283e-49
1.950e+02  3.709e-01  4.255e-49
1.960e+02  3.923e-01  4.217e-49
1.970e+02  4.141e-01  4.167e-49
1.980e+02  4.361e-01  4.108e-49
1.990e+02  4.583e-01  4.039e-49
2.000e+02  4.807e-01  3.961e-49
2.010e+02  5.031e-01  3.873e-49
2.020e+02  5.255e-01  3.778e-49
2.030e+02  5.478e-01  3.675e-49
2.040e+02  5.700e-01  3.566e-49
2.050e+02  5.919e-01  3.450e-49
2.060e+02  6.136e-01  3.329e-49
2.070e+02  6.349e-01  3.203e-49
2.080e+02  6.558e-01  3.074e-49
2.090e+02  6.763e-01  2.942e-49
2.100e+02  6.962e-01  2.808e-49
2.110e+02  7.155e-01  2.673e-49
2.120e+02  7.343e-01  2.537e-49
2.130e+02  7.524e-01  2.402e-49
2.140e+02  7.698e-01  2.267e-49
2.150e+02  7.865e-01  2.134e-49
2.160e+02  8.025e-01  2.003e-49
2.170e+02  8.177e-01  1.875e-49
2.180e+02  8.322e-01  1.751e-49
2.190e+02  8.459e-01  1.630e-49
2.200e+02  8.589e-01  1.513e-49
2.210e+02  8.710e-01  1.400e-49
2.220e+02  8.825e-01  1.293e-49
2.230e+02  8.932e-01  1.190e-49
2.240e+02  9.032e-01  1.092e-49
2.250e+02  9.124e-01  9.995e-50
2.260e+02  9.210e-01  9.123e-50
2.270e+02  9.290e-01  8.302e-50
2.280e+02  9.363e-01  7.534e-50
2.290e+02  9.430e-01  6.818e-50
2.300e+02  9.491e-01  6.152e-50
2.310e+02  9.547e-01  5.536e-50
2.320e+02  9.598e-01  4.967e-50
2.330e+02  9.644e-01  4.443e-50
2.340e+02  9.686e-01  3.964e-50
2.350e+02  9.724e-01  3.526e-50
2.360e+02  9.757e-01  3.128e-50
2.370e+02  9.788e-01  2.766e-50
2.380e+02  9.815e-01  2.440e-50
2.390e+02  9.839e-01  2.145e-50
2.400e+02  9.860e-01  1.881e-50
2.410e+02  9.879e-01  1.645e-50
2.420e+02  9.895e-01  1.434e-50
2.430e+02  9.910e-01  1.247e-50
2.440e+02  9.923e-01  1.081e-50
2.450e+02  9.934e-01  9.341e-51
2.460e+02  9.943e-01  8.051e-51
2.470e+02  9.952e-01  6.918e-51
2.480e+02  9.959e-01  5.928e-51
2.490e+02  9.965e-01  5.065e-51
2.500e+02  9.971e-01  4.315e-51
2.510e+02  9.975e-01  3.666e-51
2.520e+02  9.979e-01  3.105e-51
2.530e+02  9.983e-01  2.623e-51
2.540e+02  9.986e-01  2.209e-51
2.550e+02  9.988e-01  1.855e-51
2.560e+02  9.990e-01  1.553e-51
2.570e+02  9.992e-01  1.297e-51
2.580e+02  9.993e-01  1.080e-51
2.590e+02  9.994e-01  8.961e-52
2.600e+02  9.995e-01  7.417e-52
2.610e+02  9.996e-01  6.121e-52
2.620e+02  9.997e-01  5.037e-52
2.630e+02  9.998e-01  4.133e-52
2.640e+02  9.998e-01  3.382e-52
2.650e+02  9.998e-01  2.759e-52
2.660e+02  9.999e-01  2.244e-52
2.670e+02  9.999e-01  1.820e-52
2.680e+02  9.999e-01  1.472e-52
2.690e+02  9.999e-01  1.187e-52
2.700e+02  9.999e-01  9.548e-53
2.710e+02  1.000e+00  7.655e-53
2.720e+02  1.000e+00  6.120e-53
2.730e+02  1.000e+00  4.879e-53
2.740e+02  1.000e+00  3.878e-53
2.750e+02  1.000e+00  3.074e-53
2.760e+02  1.000e+00  2.429e-53
2.770e+02  1.000e+00  1.915e-53
2.780e+02  1.000e+00  1.504e-53
2.790e+02  1.000e+00  1.179e-53
2.800e+02  1.000e+00  9.209e-54
2.810e+02  1.000e+00  7.174e-54
2.820e+02  1.000e+00  5.572e-54
2.830e+02  1.000e+00  4.316e-54
2.840e+02  1.000e+00  3.333e-54
2.850e+02  1.000e+00  2.567e-54
2.860e+02  1.000e+00  1.971e-54
2.870e+02  1.000e+00  1.509e-54
2.880e+02  1.000e+00  1.152e-54
2.890e+02  1.000e+00  8.773e-55
2.900e+02  1.000e+00  6.660e-55
2.910e+02  1.000e+00  5.041e-55
2.920e+02  1.000e+00  3.805e-55
2.930e+02  1.000e+00  2.864e-55
2.940e+02  1.000e+00  2.149e-55
2.950e+02  1.000e+00  1.608e-55
2.960e+02  1.000e+00  1.200e-55
2.970e+02  1.000e+00  8.930e-56
2.980e+02  1.000e+00  6.626e-56
2.990e+02  1.000e+00  4.902e-56
3.000e+02  1.000e+00  3.616e-56
3.010e+02  1.000e+00  2.660e-56
3.020e+02  1.000e+00  1.951e-56
3.030e+02  1.000e+00  1.427e-56
3.040e+02  1.000e+00  1.041e-56
3.050e+02  1.000e+00  7.572e-57
3.060e+02  1.000e+00  5.492e-57
3.070e+02  1.000e+00  3.972e-57
3.080e+02  1.000e+00  2.864e-57
3.090e+02  1.000e+00  2.060e-57
3.100e+02  1.000e+00  1.477e-57
3.110e+02  1.000e+00  1.056e-57
3.120e+02  1.000e+00  7.530e-58
3.130e+02  1.000e+00  5.354e-58
3.140e+02  1.000e+00  3.796e-58
3.150e+02  1.000e+00  2.684e-58
3.160e+02  1.000e+00  1.892e-58
3.170e+02  1.000e+00  1.330e-58
3.180e+02  1.000e+00  9.325e-59
3.190e+02  1.000e+00  6.519e-59
3.200e+02  1.000e+00  4.545e-59
3.210e+02  1.000e+00  3.159e-59
3.220e+02  1.000e+00  2.190e-59
3.230e+02  1.000e+00  1.514e-59
3.240e+02  1.000e+00  1.044e-59
3.250e+02  1.000e+00  7.174e-60
3.260e+02  1.000e+00  4.918e-60
3.270e+02  1.000e+00  3.362e-60
3.280e+02  1.000e+00  2.292e-60
3.290e+02  1.000e+00  1.558e-60
3.300e+02  1.000e+00  1.056e-60
3.310e+02  1.000e+00  7.139e-61
3.320e+02  1.000e+00  4.813e-61
3.330e+02  1.000e+00  3.236e-61
3.340e+02  1.000e+00  2.169e-61
3.350e+02  1.000e+00  1.450e-61
3.360e+02  1.000e+00  9.668e-62
3.370e+02  1.000e+00  6.428e-62
3.380e+02  1.000e+00  4.262e-62
3.390e+02  1.000e+00  2.818e-62
3.400e+02  1.000e+00  1.858e-62
3.410e+02  1.000e+00  1.222e-62
3.420e+02  1.000e+00  8.011e-63
3.430e+02  1.000e+00  5.239e-63
3.440e+02  1.000e+00  3.416e-63
3.450e+02  1.000e+00  2.222e-63
3.460e+02  1.000e+00  1.441e-63
3.470e+02  1.000e+00  9.320e-64
3.480e+02  1.000e+00  6.012e-64
3.490e+02  1.000e+00  3.867e-64
3.500e+02  1.000e+00  2.481e-64
3.510e+02  1.000e+00  1.587e-64
3.520e+02  1.000e+00  1.013e-64
3.530e+02  1.000e+00  6.443e-65
3.540e+02  1.000e+00  4.088e-65
3.550e+02  1.000e+00  2.587e-65
3.560e+02  1.000e+00  1.633e-65
3.570e+02  1.000e+00  1.028e-65
3.580e+02  1.000e+00  6.451e-66
3.590e+02  1.000e+00  4.039e-66
3.600e+02  1.000e+00  2.521e-66
3.610e+02  1.000e+00  1.570e-66
3.620e+02  1.000e+00  9.748e-67
3.630e+02  1.000e+00  6.037e-67
3.640e+02  1.000e+00  3.729e-67
3.650e+02  1.000e+00  2.297e-67
3.660e+02  1.000e+00  1.411e-67
3.670e+02  1.000e+00  8.644e-68
3.680e+02  1.000e+00  5.282e-68
3.690e+02  1.000e+00  3.219e-68
3.700e+02  1.000e+00  1.956e-68
3.710e+02  1.000e+00  1.186e-68
3.720e+02  1.000e+00  7.168e-69
3.730e+02  1.000e+00  4.322e-69
3.740e+02  1.000e+00  2.599e-69
3.750e+02  1.000e+00  1.559e-69
3.760e+02  1.000e+00  9.322e-70
3.770e+02  1.000e+00  5.561e-70
3.780e+02  1.000e+00  3.309e-70
3.790e+02  1.000e+00  1.963e-70
3.800e+02  1.000e+00  1.162e-70
3.810e+02  1.000e+00  6.860e-71
3.820e+02  1.000e+00  4.038e-71
3.830e+02  1.000e+00  2.371e-71
3.840e+02  1.000e+00  1.389e-71
3.850e+02  1.000e+00  8.112e-72
3.860e+02  1.000e+00  4.726e-72
3.870e+02  1.000e+00  2.746e-72
3.880e+02  1.000e+00  1.591e-72
3.890e+02  1.000e+00  9.198e-73
3.900e+02  1.000e+00  5.303e-73
3.910e+02  1.000e+00  3.049e-73
3.920e+02  1.000e+00  1.749e-73
3.930e+02  1.000e+00  1.001e-73
3.940e+02  1.000e+00  5.711e-74
3.950e+02  1.000e+00  3.254e-74
3.960e+02  1.000e+00  1.854e-74
3.970e+02  1.000e+00  1.062e-74
3.980e+02  1.000e+00  6.219e-75
3.990e+02  1.000e+00  3.904e-75
4.000e+02  1.000e+00  2.910e-75
