0.000e+00  1.660e-38  1.079e-29
1.000e+00  1.660e-38  1.079e-29
2.000e+00  1.660e-38  1.079e-29
3.000e+00  1.660e-38  1.079e-29
4.000e+00  1.660e-38  1.079e-29
5.000e+00  1.660e-38  1.079e-29
6.000e+00  1.660e-38  1.079e-29
7.000e+00  1.660e-38  1.079e-29
8.000e+00  1.660e-38  1.079e-29
9.000e+00  1.660e-38  1.079e-29
1.000e+01  1.660e-38  1.079e-29
1.100e+01  1.660e-38  1.079e-29
1.200e+01  1.660e-38  1.079e-29
1.300e+01  1.660e-38  1.079e-29
1.400e+01  1.660e-38  1.079e-29
1.500e+01  1.660e-38  1.079e-29
1.600e+01  1.660e-38  1.079e-29
1.700e+01  1.660e-38  1.079e-29
1.800e+01  1.660e-38  1.079e-29
1.900e+01  1.660e-38  1.079e-29
2.000e+01  1.660e-38  1.079e-29
2.100e+01  1.660e-38  1.079e-29
2.200e+01  1.660e-38  1.079e-29
2.300e+01  1.660e-38  1.079e-29
2.400e+01  1.660e-38  1.079e-29
2.500e+01  1.660e-38  1.079e-29
2.600e+01  1.660e-38  1.079e-29
2.700e+01  1.660e-38  1.079e-29
2.800e+01  1.660e-38  1.079e-29
2.900e+01  1.660e-38  1.079e-29
3.000e+01  1.660e-38  1.079e-29
3.100e+01  1.660e-38  1.079e-29
3.200e+01  1.660e-38  1.079e-29
3.300e+01  1.660e-38  1.079e-29
3.400e+01  1.660e-38  1.079e-29
3.500e+01  1.660e-38  1.079e-29
3.600e+01  1.660e-38  1.079e-29
3.700e+01  1.660e-38  1.079e-29
3.800e+01  1.660e-38  1.079e-29
3.900e+01  1.660e-38  1.079e-29
4.000e+01  1.660e-38  1.079e-29
4.100e+01  1.660e-38  1.079e-29
4.200e+01  1.660e-38  1.079e-29
4.300e+01  1.660e-38  1.079e-29
4.400e+01  1.660e-38  1.079e-29
4.500e+01  1.662e-38  1.079e-29
4.600e+01  1.667e-38  1.079e-29
4.700e+01  1.695e-38  1.079e-29
4.800e+01  1.825e-38  1.079e-29
4.900e+01  2.439e-38  1.079e-29
5.000e+01  5.339e-38  1.079e-29
5.100e+01  1.903e-37  1.079e-29
5.200e+01  8.365e-37  1.079e-29
5.300e+01  3.888e-36  1.079e-29
5.400e+01  1.830e-35  1.079e-29
5.500e+01  8.634e-35  1.079e-29
5.600e+01  4.077e-34  1.079e-29
5.700e+01  1.926e-33  1.079e-29
5.800e+01  9.096e-33  1.079e-29
5.900e+01  4.296e-32  1.080e-29
6.000e+01  2.028e-31  1.085e-29
6.100e+01  9.549e-31  1.099e-29
6.200e+01  4.441e-30  1.138e-29
6.300e+01  1.974e-29  1.223e-29
6.400e+01  7.901e-29  1.355e-29
6.500e+01  2.775e-28  1.523e-29
6.600e+01  8.754e-28  1.720e-29
6.700e+01  2.556e-27  1.947e-29
6.800e+01  7.063e-27  2.204e-29
6.900e+01  1.873e-26  2.497e-29
7.000e+01  4.815e-26  2.828e-29
7.100e+01  1.207e-25  3.204e-29
7.200e+01  2.962e-25  3.630e-29
7.300e+01  7.142e-25  4.113e-29
7.400e+01  1.696e-24  4.660e-29
7.500e+01  3.971e-24  5.280e-29
7.600e+01  9.185e-24  5.983e-29
7.700e+01  2.100e-23  6.779e-29
7.800e+01  4.751e-23  7.681e-29
7.900e+01  1.064e-22  8.704e-29
8.000e+01  2.361e-22  9.864e-29
8.100e+01  5.190e-22  1.118e-28
8.200e+01  1.131e-21  1.267e-28
8.300e+01  2.446e-21  1.436e-28
8.400e+01  5.244e-21  1.627e-28
8.500e+01  1.116e-20  1.844e-28
8.600e+01  2.356e-20  2.090e-28
8.700e+01  4.937e-20  2.369e-28
8.800e+01  1.027e-19  2.685e-28
8.900e+01  2.121e-19  3.044e-28
9.000e+01  4.351e-19  3.451e-28
9.100e+01  8.861e-19  3.912e-28
9.200e+01  1.792e-18  4.435e-28
9.300e+01  3.601e-18  5.028e-28
9.400e+01  7.187e-18  5.700e-28
9.500e+01  1.425e-17  6.463e-28
9.600e+01  2.806e-17  7.328e-28
9.700e+01  5.490e-17  8.310e-28
9.800e+01  1.067e-16  9.423e-28
9.900e+01  2.061e-16  1.069e-27
1.000e+02  3.956e-16  1.212e-27
1.010e+02  7.544e-16  1.374e-27
1.020e+02  1.429e-15  1.559e-27
1.030e+02  2.692e-15  1.768e-27
1.040e+02  5.037e-15  2.006e-27
1.050e+02  9.365e-15  2.275e-27
1.060e+02  1.731e-14  2.581e-27
1.070e+02  3.178e-14  2.928e-27
1.080e+02  5.801e-14  3.322e-27
1.090e+02  1.052e-13  3.770e-27
1.100e+02  1.897e-13  4.277e-27
1.110e+02  3.398e-13  4.854e-27
1.120e+02  6.051e-13  5.509e-27
1.130e+02  1.071e-12  6.252e-27
1.140e+02  1.884e-12  7.097e-27
1.150e+02  3.293e-12  8.056e-27
1.160e+02  5.722e-12  9.146e-27
1.170e+02  9.881e-12  1.038e-26
1.180e+02  1.696e-11  1.179e-26
1.190e+02  2.894e-11  1.339e-26
1.200e+02  4.907e-11  1.520e-26
1.210e+02  8.270e-11  1.727e-26
1.220e+02  1.385e-10  1.962e-26
1.230e+02  2.307e-10  2.228e-26
1.240e+02  3.818e-10  2.532e-26
1.250e+02  6.280e-10  2.877e-26
1.260e+02  1.027e-09  3.270e-26
1.270e+02  1.669e-09  3.716e-26
1.280e+02  2.695e-09  4.225e-26
1.290e+02  4.328e-09  4.803e-26
1.300e+02  6.906e-09  5.462e-26
1.310e+02  1.095e-08  6.212e-26
1.320e+02  1.727e-08  7.067e-26
1.330e+02  2.707e-08  8.040e-26
1.340e+02  4.216e-08  9.150e-26
1.350e+02  6.528e-08  1.041e-25
1.360e+02  1.005e-07  1.186e-25
1.370e+02  1.537e-07  1.350e-25
1.380e+02  2.336e-07  1.538e-25
1.390e+02  3.531e-07  1.752e-25
1.400e+02  5.304e-07  1.997e-25
1.410e+02  7.920e-07  2.276e-25
1.420e+02  1.175e-06  2.595e-25
1.430e+02  1.734e-06  2.959e-25
1.440e+02  2.542e-06  3.376e-25
1.450e+02  3.705e-06  3.852e-25
1.460e+02  5.368e-06  4.396e-25
1.470e+02  7.730e-06  5.018e-25
1.480e+02  1.106e-05  5.730e-25
1.490e+02  1.574e-05  6.542e-25
1.500e+02  2.226e-05  7.471e-25
1.510e+02  3.129e-05  8.532e-25
1.520e+02  4.373e-05  9.743e-25
1.530e+02  6.073e-05  1.112e-24
1.540e+02  8.385e-05  1.270e-24
1.550e+02  1.151e-04  1.449e-24
1.560e+02  1.570e-04  1.653e-24
1.570e+02  2.129e-04  1.885e-24
1.580e+02  2.869e-04  2.148e-24
1.590e+02  3.844e-04  2.445e-24
1.600e+02  5.121e-04  2.781e-24
1.610e+02  6.780e-04  3.159e-24
1.620e+02  8.924e-04  3.584e-24
1.630e+02  1.168e-03  4.060e-24
1.640e+02  1.519e-03  4.592e-24
1.650e+02  1.964e-03  5.185e-24
1.660e+02  2.524e-03  5.842e-24
1.670e+02  3.226e-03  6.568e-24
1.680e+02  4.098e-03  7.367e-24
1.690e+02  5.176e-03  8.243e-24
1.700e+02  6.499e-03  9.198e-24
1.710e+02  8.114e-03  1.024e-23
1.720e+02  1.007e-02  1.135e-23
1.730e+02  1.243e-02  1.256e-23
1.740e+02  1.525e-02  1.384e-23
1.750e+02  1.860e-02  1.520e-23
1.760e+02  2.257e-02  1.664e-23
1.770e+02  2.722e-02  1.814e-23
1.780e+02  3.265e-02  1.970e-23
1.790e+02  3.894e-02  2.131e-23
1.800e+02  4.618e-02  2.296e-23
1.810e+02  5.447e-02  2.463e-23
1.820e+02  6.389e-02  2.631e-23
1.830e+02  7.454e-02  2.798e-23
1.840e+02  8.649e-02  2.962e-23
1.850e+02  9.982e-02  3.121e-23
1.860e+02  1.146e-01  3.274e-23
1.870e+02  1.308e-01  3.418e-23
1.880e+02  1.486e-01  3.551e-23
1.890e+02  1.680e-01  3.671e-23
1.900e+02  1.888e-01  3.776e-23
1.910e+02  2.113e-01  3.865e-23
1.920e+02  2.351e-01  3.936e-23
1.930e+02  2.605e-01  3.987e-23
1.940e+02  2.871e-01  4.019e-23
1.950e+02  3.150e-01  4.030e-23
1.960e+02  3.439e-01  4.019e-23
1.970e+02  3.738e-01  3.987e-23
1.980e+02  4.045e-01  3.934e-23
1.990e+02  4.358e-01  3.862e-23
2.000e+02  4.675e-01  3.770e-23
2.010e+02  4.994e-01  3.660e-23
2.020e+02  5.312e-01  3.534e-23
2.030e+02  5.629e-01  3.394e-23
2.040e+02  5.942e-01  3.241e-23
2.050e+02  6.249e-01  3.078e-23
2.060e+02  6.548e-01  2.907e-23
2.070e+02  6.837e-01  2.730e-23
2.080e+02  7.116e-01  2.549e-23
2.090e+02  7.383e-01  2.367e-23
2.100e+02  7.636e-01  2.186e-23
2.110e+02  7.875e-01  2.007e-23
2.120e+02  8.099e-01  1.833e-23
2.130e+02  8.308e-01  1.664e-23
2.140e+02  8.502e-01  1.502e-23
2.150e+02  8.680e-01  1.348e-23
2.160e+02  8.843e-01  1.203e-23
2.170e+02  8.991e-01  1.067e-23
2.180e+02  9.125e-01  9.418e-24
2.190e+02  9.245e-01  8.261e-24
2.200e+02  9.352e-01  7.205e-24
2.210e+02  9.447e-01  6.248e-24
2.220e+02  9.530e-01  5.387e-24
2.230e+02  9.603e-01  4.618e-24
2.240e+02  9.667e-01  3.936e-24
2.250e+02  9.722e-01  3.335e-24
2.260e+02  9.769e-01  2.810e-24
2.270e+02  9.809e-01  2.354e-24
2.280e+02  9.843e-01  1.961e-24
2.290e+02  9.872e-01  1.623e-24
2.300e+02  9.896e-01  1.337e-24
2.310e+02  9.916e-01  1.094e-24
2.320e+02  9.932e-01  8.904e-25
2.330e+02  9.946e-01  7.205e-25
2.340e+02  9.957e-01  5.796e-25
2.350e+02  9.966e-01  4.636e-25
2.360e+02  9.973e-01  3.687e-25
2.370e+02  9.979e-01  2.915e-25
2.380e+02  9.984e-01  2.292e-25
2.390e+02  9.988e-01  1.791e-25
2.400e+02  9.990e-01  1.392e-25
2.410e+02  9.993e-01  1.076e-25
2.420e+02  9.994e-01  8.264e-26
2.430e+02  9.996e-01  6.313e-26
2.440e+02  9.997e-01  4.795e-26
2.450e+02  9.998e-01  3.621e-26
2.460e+02  9.998e-01  2.719e-26
2.470e+02  9.999e-01  2.030e-26
2.480e+02  9.999e-01  1.507e-26
2.490e+02  9.999e-01  1.112e-26
2.500e+02  1.000e+00  8.162e-27
2.510e+02  1.000e+00  5.956e-27
2.520e+02  1.000e+00  4.322e-27
2.530e+02  1.000e+00  3.118e-27
2.540e+02  1.000e+00  2.237e-27
2.550e+02  1.000e+00  1.596e-27
2.560e+02  1.000e+00  1.132e-27
2.570e+02  1.000e+00  7.984e-28
2.580e+02  1.000e+00  5.600e-28
2.590e+02  1.000e+00  3.906e-28
2.600e+02  1.000e+00  2.709e-28
2.610e+02  1.000e+00  1.868e-28
2.620e+02  1.000e+00  1.281e-28
2.630e+02  1.000e+00  8.738e-29
2.640e+02  1.000e+00  5.926e-29
2.650e+02  1.000e+00  3.997e-29
2.660e+02  1.000e+00  2.681e-29
2.670e+02  1.000e+00  1.788e-29
2.680e+02  1.000e+00  1.186e-29
2.690e+02  1.000e+00  7.822e-30
2.700e+02  1.000e+00  5.131e-30
2.710e+02  1.000e+00  3.348e-30
2.720e+02  1.000e+00  2.172e-30
2.730e+02  1.000e+00  1.402e-30
2.740e+02  1.000e+00  8.995e-31
2.750e+02  1.000e+00  5.741e-31
2.760e+02  1.000e+00  3.644e-31
2.770e+02  1.000e+00  2.301e-31
2.780e+02  1.000e+00  1.445e-31
2.790e+02  1.000e+00  9.022e-32
2.800e+02  1.000e+00  5.604e-32
2.810e+02  1.000e+00  3.463e-32
2.820e+02  1.000e+00  2.128e-32
2.830e+02  1.000e+00  1.300e-32
2.840e+02  1.000e+00  7.906e-33
2.850e+02  1.000e+00  4.781e-33
2.860e+02  1.000e+00  2.876e-33
2.870e+02  1.000e+00  1.721e-33
2.880e+02  1.000e+00  1.024e-33
2.890e+02  1.000e+00  6.062e-34
2.900e+02  1.000e+00  3.569e-34
2.910e+02  1.000e+00  2.091e-34
2.920e+02  1.000e+00  1.218e-34
2.930e+02  1.000e+00  7.062e-35
2.940e+02  1.000e+00  4.072e-35
2.950e+02  1.000e+00  2.336e-35
2.960e+02  1.000e+00  1.333e-35
2.970e+02  1.000e+00  7.568e-36
2.980e+02  1.000e+00  4.274e-36
2.990e+02  1.000e+00  2.401e-36
3.000e+02  1.000e+00  1.342e-36
3.010e+02  1.000e+00  7.465e-37
3.020e+02  1.000e+00  4.130e-37
3.030e+02  1.000e+00  2.273e-37
3.040e+02  1.000e+00  1.245e-37
3.050e+02  1.000e+00  6.783e-38
3.060e+02  1.000e+00  3.677e-38
3.070e+02  1.000e+00  1.983e-38
3.080e+02  1.000e+00  1.064e-38
3.090e+02  1.000e+00  5.684e-39
3.100e+02  1.000e+00  3.020e-39
3.110e+02  1.000e+00  1.596e-39
3.120e+02  1.000e+00  8.397e-40
3.130e+02  1.000e+00  4.395e-40
3.140e+02  1.000e+00  2.289e-40
3.150e+02  1.000e+00  1.186e-40
3.160e+02  1.000e+00  6.118e-41
3.170e+02  1.000e+00  3.139e-41
3.180e+02  1.000e+00  1.603e-41
3.190e+02  1.000e+00  8.147e-42
3.200e+02  1.000e+00  4.120e-42
3.210e+02  1.000e+00  2.073e-42
3.220e+02  1.000e+00  1.038e-42
3.230e+02  1.000e+00  5.174e-43
3.240e+02  1.000e+00  2.566e-43
3.250e+02  1.000e+00  1.267e-43
3.260e+02  1.000e+00  6.223e-44
3.270e+02  1.000e+00  3.043e-44
3.280e+02  1.000e+00  1.480e-44
3.290e+02  1.000e+00  7.170e-45
3.300e+02  1.000e+00  3.456e-45
3.310e+02  1.000e+00  1.658e-45
3.320e+02  1.000e+00  7.915e-46
3.330e+02  1.000e+00  3.761e-46
3.340e+02  1.000e+00  1.779e-46
3.350e+02  1.000e+00  8.376e-47
3.360e+02  1.000e+00  3.925e-47
3.370e+02  1.000e+00  1.831e-47
3.380e+02  1.000e+00  8.500e-48
3.390e+02  1.000e+00  3.928e-48
3.400e+02  1.000e+00  1.807e-48
3.410e+02  1.000e+00  8.275e-49
3.420e+02  1.000e+00  3.772e-49
3.430e+02  1.000e+00  1.712e-49
3.440e+02  1.000e+00  7.732e-50
3.450e+02  1.000e+00  3.477e-50
3.460e+02  1.000e+00  1.556e-50
3.470e+02  1.000e+00  6.935e-51
3.480e+02  1.000e+00  3.076e-51
3.490e+02  1.000e+00  1.359e-51
3.500e+02  1.000e+00  5.974e-52
3.510e+02  1.000e+00  2.615e-52
3.520e+02  1.000e+00  1.140e-52
3.530e+02  1.000e+00  4.944e-53
3.540e+02  1.000e+00  2.136e-53
3.550e+02  1.000e+00  9.185e-54
3.560e+02  1.000e+00  3.933e-54
3.570e+02  1.000e+00  1.677e-54
3.580e+02  1.000e+00  7.116e-55
3.590e+02  1.000e+00  3.008e-55
3.600e+02  1.000e+00  1.266e-55
3.610e+02  1.000e+00  5.303e-56
3.620e+02  1.000e+00  2.212e-56
3.630e+02  1.000e+00  9.189e-57
3.640e+02  1.000e+00  3.801e-57
3.650e+02  1.000e+00  1.566e-57
3.660e+02  1.000e+00  6.421e-58
3.670e+02  1.000e+00  2.622e-58
3.680e+02  1.000e+00  1.066e-58
3.690e+02  1.000e+00  4.318e-59
3.700e+02  1.000e+00  1.741e-59
3.710e+02  1.000e+00  6.993e-60
3.720e+02  1.000e+00  2.797e-60
3.730e+02  1.000e+00  1.114e-60
3.740e+02  1.000e+00  4.417e-61
3.750e+02  1.000e+00  1.745e-61
3.760e+02  1.000e+00  6.863e-62
3.770e+02  1.000e+00  2.688e-62
3.780e+02  1.000e+00  1.049e-62
3.790e+02  1.000e+00  4.075e-63
3.800e+02  1.000e+00  1.577e-63
3.810e+02  1.000e+00  6.077e-64
3.820e+02  1.000e+00  2.333e-64
3.830e+02  1.000e+00  8.918e-65
3.840e+02  1.000e+00  3.396e-65
3.850e+02  1.000e+00  1.288e-65
3.860e+02  1.000e+00  4.865e-66
3.870e+02  1.000e+00  1.830e-66
3.880e+02  1.000e+00  6.859e-67
3.890e+02  1.000e+00  2.560e-67
3.900e+02  1.000e+00  9.518e-68
3.910e+02  1.000e+00  3.525e-68
3.920e+02  1.000e+00  1.300e-68
3.930e+02  1.000e+00  4.778e-69
3.940e+02  1.000e+00  1.749e-69
3.950e+02  1.000e+00  6.376e-70
3.960e+02  1.000e+00  2.316e-70
3.970e+02  1.000e+00  8.385e-71
3.980e+02  1.000e+00  3.037e-71
3.990e+02  1.000e+00  1.133e-71
4.000e+02  1.000e+00  5.259e-72
