0.000e+00  3.335e-20  3.294e-15
1.000e+00  3.335e-20  3.294e-15
2.000e+00  3.335e-20  3.294e-15
3.000e+00  3.335e-20  3.294e-15
4.000e+00  3.335e-20  3.294e-15
5.000e+00  3.335e-20  3.294e-15
6.000e+00  3.335e-20  3.294e-15
7.000e+00  3.335e-20  3.294e-15
8.000e+00  3.335e-20  3.294e-15
9.000e+00  3.335e-20  3.294e-15
1.000e+01  3.335e-20  3.294e-15
1.100e+01  3.335e-20  3.294e-15
1.200e+01  3.335e-20  3.294e-15
1.300e+01  3.335e-20  3.294e-15
1.400e+01  3.335e-20  3.294e-15
1.500e+01  3.335e-20  3.294e-15
1.600e+01  3.335e-20  3.294e-15
1.700e+01  3.335e-20  3.294e-15
1.800e+01  3.335e-20  3.294e-15
1.900e+01  3.335e-20  3.294e-15
2.000e+01  3.335e-20  3.294e-15
2.100e+01  3.335e-20  3.294e-15
2.200e+01  3.335e-20  3.294e-15
2.300e+01  3.335e-20  3.294e-15
2.400e+01  3.335e-20  3.294e-15
2.500e+01  3.335e-20  3.294e-15
2.600e+01  3.335e-20  3.294e-15
2.700e+01  3.335e-20  3.294e-15
2.800e+01  3.335e-20  3.294e-15
2.900e+01  3.335e-20  3.294e-15
3.000e+01  3.335e-20  3.294e-15
3.100e+01  3.335e-20  3.294e-15
3.200e+01  3.335e-20  3.294e-15
3.300e+01  3.335e-20  3.294e-15
3.400e+01  3.335e-20  3.294e-15
3.500e+01  3.335e-20  3.294e-15
3.600e+01  3.335e-20  3.294e-15
3.700e+01  3.335e-20  3.294e-15
3.800e+01  3.335e-20  3.294e-15
3.900e+01  3.335e-20  3.294e-15
4.000e+01  3.335e-20  3.294e-15
4.100e+01  3.335e-20  3.294e-15
4.200e+01  3.335e-20  3.294e-15
4.300e+01  3.335e-20  3.294e-15
4.400e+01  3.335e-20  3.294e-15
4.500e+01  3.335e-20  3.294e-15
4.600e+01  3.335e-20  3.294e-15
4.700e+01  3.335e-20  3.294e-15
4.800e+01  3.335e-20  3.294e-15
4.900e+01  3.335e-20  3.294e-15
5.000e+01  3.335e-20  3.294e-15
5.100e+01  3.335e-20  3.294e-15
5.200e+01  3.335e-20  3.294e-15
5.300e+01  3.335e-20  3.294e-15
5.400e+01  3.335e-20  3.294e-15
5.500e+01  3.335e-20  3.294e-15
5.600e+01  3.335e-20  3.294e-15
5.700e+01  3.335e-20  3.294e-15
5.800e+01  3.335e-20  3.294e-15
5.900e+01  3.335e-20  3.294e-15
6.000e+01  3.335e-20  3.294e-15
6.100e+01  3.335e-20  3.294e-15
6.200e+01  3.335e-20  3.294e-15
6.300e+01  3.335e-20  3.294e-15
6.400e+01  3.335e-20  3.294e-15
6.500e+01  3.335e-20  3.294e-15
6.600e+01  3.335e-20  3.294e-15
6.700e+01  3.335e-20  3.294e-15
6.800e+01  3.335e-20  3.294e-15
6.900e+01  3.335e-20  3.294e-15
7.000e+01  3.335e-20  3.294e-15
7.100e+01  3.335e-20  3.294e-15
7.200e+01  3.335e-20  3.294e-15
7.300e+01  3.335e-20  3.294e-15
7.400e+01  3.335e-20  3.294e-15
7.500e+01  3.335e-20  3.294e-15
7.600e+01  3.335e-20  3.294e-15
7.700e+01  3.335e-20  3.294e-15
7.800e+01  3.335e-20  3.294e-15
7.900e+01  3.335e-20  3.294e-15
8.000e+01  3.335e-20  3.294e-15
8.100e+01  3.335e-20  3.294e-15
8.200e+01  3.335e-20  3.294e-15
8.300e+01  3.335e-20  3.294e-15
8.400e+01  3.335e-20  3.294e-15
8.500e+01  3.335e-20  3.294e-15
8.600e+01  3.335e-20  3.294e-15
8.700e+01  3.335e-20  3.294e-15
8.800e+01  3.335e-20  3.294e-15
8.900e+01  3.335e-20  3.294e-15
9.000e+01  3.335e-20  3.294e-15
9.100e+01  3.335e-20  3.294e-15
9.200e+01  3.335e-20  3.294e-15
9.300e+01  3.335e-20  3.294e-15
9.400e+01  3.335e-20  3.294e-15
9.500e+01  3.335e-20  3.294e-15
9.600e+01  3.335e-20  3.294e-15
9.700e+01  3.335e-20  3.294e-15
9.800e+01  3.335e-20  3.294e-15
9.900e+01  3.335e-20  3.294e-15
1.000e+02  3.335e-20  3.294e-15
1.010e+02  3.335e-20  3.294e-15
1.020e+02  3.335e-20  3.294e-15
1.030e+02  3.335e-20  3.294e-15
1.040e+02  3.335e-20  3.294e-15
1.050e+02  3.335e-20  3.294e-15
1.060e+02  3.335e-20  3.294e-15
1.070e+02  3.335e-20  3.294e-15
1.080e+02  3.335e-20  3.294e-15
1.090e+02  3.335e-20  3.294e-15
1.100e+02  3.335e-20  3.294e-15
1.110e+02  3.335e-20  3.294e-15
1.120e+02  3.335e-20  3.294e-15
1.130e+02  3.335e-20  3.294e-15
1.140e+02  3.335e-20  3.294e-15
1.150e+02  3.335e-20  3.294e-15
1.160e+02  3.335e-20  3.294e-15
1.170e+02  3.335e-20  3.294e-15
1.180e+02  3.335e-20  3.294e-15
1.190e+02  3.335e-20  3.294e-15
1.200e+02  3.335e-20  3.294e-15
1.210e+02  3.335e-20  3.294e-15
1.220e+02  3.335e-20  3.294e-15
1.230e+02  3.336e-20  3.294e-15
1.240e+02  3.338e-20  3.294e-15
1.250e+02  3.347e-20  3.294e-15
1.260e+02  3.390e-20  3.294e-15
1.270e+02  3.588e-20  3.294e-15
1.280e+02  4.503e-20  3.294e-15
1.290e+02  8.729e-20  3.294e-15
1.300e+02  2.825e-19  3.294e-15
1.310e+02  1.185e-18  3.295e-15
1.320e+02  5.357e-18  3.297e-15
1.330e+02  2.465e-17  3.303e-15
1.340e+02  1.138e-16  3.325e-15
1.350e+02  5.231e-16  3.393e-15
1.360e+02  2.355e-15  3.563e-15
1.370e+02  9.916e-15  3.887e-15
1.380e+02  3.690e-14  4.347e-15
1.390e+02  1.207e-13  4.912e-15
1.400e+02  3.570e-13  5.570e-15
1.410e+02  9.803e-13  6.326e-15
1.420e+02  2.546e-12  7.190e-15
1.430e+02  6.331e-12  8.175e-15
1.440e+02  1.519e-11  9.296e-15
1.450e+02  3.538e-11  1.057e-14
1.460e+02  8.027e-11  1.203e-14
1.470e+02  1.779e-10  1.369e-14
1.480e+02  3.858e-10  1.558e-14
1.490e+02  8.205e-10  1.774e-14
1.500e+02  1.713e-09  2.020e-14
1.510e+02  3.512e-09  2.301e-14
1.520e+02  7.082e-09  2.621e-14
1.530e+02  1.405e-08  2.987e-14
1.540e+02  2.744e-08  3.405e-14
1.550e+02  5.276e-08  3.883e-14
1.560e+02  9.994e-08  4.429e-14
1.570e+02  1.866e-07  5.054e-14
1.580e+02  3.432e-07  5.770e-14
1.590e+02  6.226e-07  6.591e-14
1.600e+02  1.114e-06  7.531e-14
1.610e+02  1.965e-06  8.610e-14
1.620e+02  3.419e-06  9.848e-14
1.630e+02  5.869e-06  1.127e-13
1.640e+02  9.940e-06  1.291e-13
1.650e+02  1.661e-05  1.479e-13
1.660e+02  2.740e-05  1.695e-13
1.670e+02  4.460e-05  1.944e-13
1.680e+02  7.165e-05  2.230e-13
1.690e+02  1.136e-04  2.559e-13
1.700e+02  1.779e-04  2.936e-13
1.710e+02  2.750e-04  3.369e-13
1.720e+02  4.196e-04  3.863e-13
1.730e+02  6.322e-04  4.428e-13
1.740e+02  9.406e-04  5.069e-13
1.750e+02  1.382e-03  5.794e-13
1.760e+02  2.005e-03  6.612e-13
1.770e+02  2.873e-03  7.526e-13
1.780e+02  4.067e-03  8.544e-13
1.790e+02  5.686e-03  9.666e-13
1.800e+02  7.853e-03  1.089e-12
1.810e+02  1.071e-02  1.223e-12
1.820e+02  1.444e-02  1.365e-12
1.830e+02  1.924e-02  1.516e-12
1.840e+02  2.532e-02  1.675e-12
1.850e+02  3.294e-02  1.838e-12
1.860e+02  4.235e-02  2.003e-12
1.870e+02  5.382e-02  2.168e-12
1.880e+02  6.761e-02  2.328e-12
1.890e+02  8.399e-02  2.481e-12
1.900e+02  1.032e-01  2.622e-12
1.910e+02  1.254e-01  2.747e-12
1.920e+02  1.506e-01  2.853e-12
1.930e+02  1.791e-01  2.936e-12
1.940e+02  2.107e-01  2.993e-12
1.950e+02  2.454e-01  3.023e-12
1.960e+02  2.829e-01  3.022e-12
1.970e+02  3.230e-01  2.992e-12
1.980e+02  3.651e-01  2.932e-12
1.990e+02  4.090e-01  2.844e-12
2.000e+02  4.540e-01  2.730e-12
2.010e+02  4.996e-01  2.593e-12
2.020e+02  5.451e-01  2.437e-12
2.030e+02  5.901e-01  2.265e-12
2.040e+02  6.339e-01  2.083e-12
2.050e+02  6.759e-01  1.895e-12
2.060e+02  7.158e-01  1.705e-12
2.070e+02  7.532e-01  1.517e-12
2.080e+02  7.877e-01  1.335e-12
2.090e+02  8.192e-01  1.162e-12
2.100e+02  8.476e-01  9.998e-13
2.110e+02  8.729e-01  8.507e-13
2.120e+02  8.950e-01  7.158e-13
2.130e+02  9.142e-01  5.955e-13
2.140e+02  9.307e-01  4.899e-13
2.150e+02  9.445e-01  3.984e-13
2.160e+02  9.561e-01  3.204e-13
2.170e+02  9.657e-01  2.548e-13
2.180e+02  9.734e-01  2.003e-13
2.190e+02  9.796e-01  1.557e-13
2.200e+02  9.846e-01  1.197e-13
2.210e+02  9.885e-01  9.095e-14
2.220e+02  9.914e-01  6.834e-14
2.230e+02  9.937e-01  5.078e-14
2.240e+02  9.955e-01  3.731e-14
2.250e+02  9.967e-01  2.710e-14
2.260e+02  9.977e-01  1.947e-14
2.270e+02  9.984e-01  1.383e-14
2.280e+02  9.989e-01  9.716e-15
2.290e+02  9.992e-01  6.749e-15
2.300e+02  9.995e-01  4.637e-15
2.310e+02  9.997e-01  3.151e-15
2.320e+02  9.998e-01  2.117e-15
2.330e+02  9.998e-01  1.407e-15
2.340e+02  9.999e-01  9.251e-16
2.350e+02  9.999e-01  6.015e-16
2.360e+02  1.000e+00  3.869e-16
2.370e+02  1.000e+00  2.462e-16
2.380e+02  1.000e+00  1.550e-16
2.390e+02  1.000e+00  9.649e-17
2.400e+02  1.000e+00  5.944e-17
2.410e+02  1.000e+00  3.623e-17
2.420e+02  1.000e+00  2.185e-17
2.430e+02  1.000e+00  1.304e-17
2.440e+02  1.000e+00  7.697e-18
2.450e+02  1.000e+00  4.498e-18
2.460e+02  1.000e+00  2.601e-18
2.470e+02  1.000e+00  1.488e-18
2.480e+02  1.000e+00  8.429e-19
2.490e+02  1.000e+00  4.725e-19
2.500e+02  1.000e+00  2.622e-19
2.510e+02  1.000e+00  1.440e-19
2.520e+02  1.000e+00  7.828e-20
2.530e+02  1.000e+00  4.214e-20
2.540e+02  1.000e+00  2.245e-20
2.550e+02  1.000e+00  1.185e-20
2.560e+02  1.000e+00  6.188e-21
2.570e+02  1.000e+00  3.201e-21
2.580e+02  1.000e+00  1.639e-21
2.590e+02  1.000e+00  8.315e-22
2.600e+02  1.000e+00  4.177e-22
2.610e+02  1.000e+00  2.078e-22
2.620e+02  1.000e+00  1.024e-22
2.630e+02  1.000e+00  4.998e-23
2.640e+02  1.000e+00  2.416e-23
2.650e+02  1.000e+00  1.157e-23
2.660e+02  1.000e+00  5.490e-24
2.670e+02  1.000e+00  2.581e-24
2.680e+02  1.000e+00  1.202e-24
2.690e+02  1.000e+00  5.546e-25
2.700e+02  1.000e+00  2.536e-25
2.710e+02  1.000e+00  1.149e-25
2.720e+02  1.000e+00  5.159e-26
2.730e+02  1.000e+00  2.296e-26
2.740e+02  1.000e+00  1.012e-26
2.750e+02  1.000e+00  4.425e-27
2.760e+02  1.000e+00  1.917e-27
2.770e+02  1.000e+00  8.235e-28
2.780e+02  1.000e+00  3.506e-28
2.790e+02  1.000e+00  1.480e-28
2.800e+02  1.000e+00  6.192e-29
2.810e+02  1.000e+00  2.569e-29
2.820e+02  1.000e+00  1.057e-29
2.830e+02  1.000e+00  4.311e-30
2.840e+02  1.000e+00  1.743e-30
2.850e+02  1.000e+00  6.993e-31
2.860e+02  1.000e+00  2.782e-31
2.870e+02  1.000e+00  1.097e-31
2.880e+02  1.000e+00  4.294e-32
2.890e+02  1.000e+00  1.667e-32
2.900e+02  1.000e+00  6.416e-33
2.910e+02  1.000e+00  2.450e-33
2.920e+02  1.000e+00  9.282e-34
2.930e+02  1.000e+00  3.488e-34
2.940e+02  1.000e+00  1.301e-34
2.950e+02  1.000e+00  4.812e-35
2.960e+02  1.000e+00  1.766e-35
2.970e+02  1.000e+00  6.433e-36
2.980e+02  1.000e+00  2.325e-36
2.990e+02  1.000e+00  8.340e-37
3.000e+02  1.000e+00  2.968e-37
3.010e+02  1.000e+00  1.049e-37
3.020e+02  1.000e+00  3.677e-38
3.030e+02  1.000e+00  1.279e-38
3.040e+02  1.000e+00  4.419e-39
3.050e+02  1.000e+00  1.515e-39
3.060e+02  1.000e+00  5.157e-40
3.070e+02  1.000e+00  1.742e-40
3.080e+02  1.000e+00  5.845e-41
3.090e+02  1.000e+00  1.947e-41
3.100e+02  1.000e+00  6.436e-42
3.110e+02  1.000e+00  2.113e-42
3.120e+02  1.000e+00  6.888e-43
3.130e+02  1.000e+00  2.230e-43
3.140e+02  1.000e+00  7.167e-44
3.150e+02  1.000e+00  2.288e-44
3.160e+02  1.000e+00  7.252e-45
3.170e+02  1.000e+00  2.283e-45
3.180e+02  1.000e+00  7.140e-46
3.190e+02  1.000e+00  2.217e-46
3.200e+02  1.000e+00  6.841e-47
3.210e+02  1.000e+00  2.096e-47
3.220e+02  1.000e+00  6.381e-48
3.230e+02  1.000e+00  1.929e-48
3.240e+02  1.000e+00  5.796e-49
3.250e+02  1.000e+00  1.730e-49
3.260e+02  1.000e+00  5.129e-50
3.270e+02  1.000e+00  1.511e-50
3.280e+02  1.000e+00  4.422e-51
3.290e+02  1.000e+00  1.286e-51
3.300e+02  1.000e+00  3.717e-52
3.310e+02  1.000e+00  1.067e-52
3.320e+02  1.000e+00  3.046e-53
3.330e+02  1.000e+00  8.638e-54
3.340e+02  1.000e+00  2.434e-54
3.350e+02  1.000e+00  6.819e-55
3.360e+02  1.000e+00  1.898e-55
3.370e+02  1.000e+00  5.252e-56
3.380e+02  1.000e+00  1.445e-56
3.390e+02  1.000e+00  3.949e-57
3.400e+02  1.000e+00  1.073e-57
3.410e+02  1.000e+00  2.899e-58
3.420e+02  1.000e+00  7.783e-59
3.430e+02  1.000e+00  2.078e-59
3.440e+02  1.000e+00  5.514e-60
3.450e+02  1.000e+00  1.455e-60
3.460e+02  1.000e+00  3.816e-61
3.470e+02  1.000e+00  9.953e-62
3.480e+02  1.000e+00  2.581e-62
3.490e+02  1.000e+00  6.655e-63
3.500e+02  1.000e+00  1.706e-63
3.510e+02  1.000e+00  4.350e-64
3.520e+02  1.000e+00  1.103e-64
3.530e+02  1.000e+00  2.781e-65
3.540e+02  1.000e+00  6.972e-66
3.550e+02  1.000e+00  1.738e-66
3.560e+02  1.000e+00  4.311e-67
3.570e+02  1.000e+00  1.063e-67
3.580e+02  1.000e+00  2.609e-68
3.590e+02  1.000e+00  6.365e-69
3.600e+02  1.000e+00  1.545e-69
3.610e+02  1.000e+00  3.729e-70
3.620e+02  1.000e+00  8.954e-71
3.630e+02  1.000e+00  2.139e-71
3.640e+02  1.000e+00  5.082e-72
3.650e+02  1.000e+00  1.201e-72
3.660e+02  1.000e+00  2.825e-73
3.670e+02  1.000e+00  6.610e-74
3.680e+02  1.000e+00  1.538e-74
3.690e+02  1.000e+00  3.563e-75
3.700e+02  1.000e+00  8.209e-76
3.710e+02  1.000e+00  1.882e-76
3.720e+02  1.000e+00  4.292e-77
3.730e+02  1.000e+00  9.742e-78
3.740e+02  1.000e+00  2.200e-78
3.750e+02  1.000e+00  4.944e-79
3.760e+02  1.000e+00  1.106e-79
3.770e+02  1.000e+00  2.461e-80
3.780e+02  1.000e+00  5.449e-81
3.790e+02  1.000e+00  1.201e-81
3.800e+02  1.000e+00  2.634e-82
3.810e+02  1.000e+00  5.750e-83
3.820e+02  1.000e+00  1.249e-83
3.830e+02  1.000e+00  2.701e-84
3.840e+02  1.000e+00  5.814e-85
3.850e+02  1.000e+00  1.245e-85
3.860e+02  1.000e+00  2.655e-86
3.870e+02  1.000e+00  5.636e-87
3.880e+02  1.000e+00  1.191e-87
3.890e+02  1.000e+00  2.504e-88
3.900e+02  1.000e+00  5.241e-89
3.910e+02  1.000e+00  1.092e-89
3.920e+02  1.000e+00  2.266e-90
3.930e+02  1.000e+00  4.679e-91
3.940e+02  1.000e+00  9.619e-92
3.950e+02  1.000e+00  1.969e-92
3.960e+02  1.000e+00  4.012e-93
3.970e+02  1.000e+00  8.141e-94
3.980e+02  1.000e+00  1.645e-94
3.990e+02  1.000e+00  3.334e-95
4.000e+02  1.000e+00  7.944e-96
