0.000e+00  1.025e-23  4.945e-67
1.000e+00  1.282e-23  4.988e-67
2.000e+00  1.858e-23  5.075e-67
3.000e+00  2.891e-23  5.207e-67
4.000e+00  4.628e-23  5.383e-67
5.000e+00  7.478e-23  5.605e-67
6.000e+00  1.211e-22  5.876e-67
7.000e+00  1.960e-22  6.195e-67
8.000e+00  3.166e-22  6.566e-67
9.000e+00  5.104e-22  6.991e-67
1.000e+01  8.211e-22  7.472e-67
1.100e+01  1.318e-21  8.014e-67
1.200e+01  2.110e-21  8.619e-67
1.300e+01  3.371e-21  9.291e-67
1.400e+01  5.373e-21  1.004e-66
1.500e+01  8.543e-21  1.086e-66
1.600e+01  1.355e-20  1.176e-66
1.700e+01  2.145e-20  1.276e-66
1.800e+01  3.388e-20  1.385e-66
1.900e+01  5.337e-20  1.504e-66
2.000e+01  8.389e-20  1.635e-66
2.100e+01  1.316e-19  1.777e-66
2.200e+01  2.058e-19  1.933e-66
2.300e+01  3.213e-19  2.103e-66
2.400e+01  5.003e-19  2.289e-66
2.500e+01  7.773e-19  2.492e-66
2.600e+01  1.205e-18  2.713e-66
2.700e+01  1.863e-18  2.954e-66
2.800e+01  2.875e-18  3.216e-66
2.900e+01  4.425e-18  3.502e-66
3.000e+01  6.795e-18  3.814e-66
3.100e+01  1.041e-17  4.153e-66
3.200e+01  1.591e-17  4.524e-66
3.300e+01  2.426e-17  4.927e-66
3.400e+01  3.691e-17  5.366e-66
3.500e+01  5.603e-17  5.845e-66
3.600e+01  8.484e-17  6.366e-66
3.700e+01  1.282e-16  6.935e-66
3.800e+01  1.932e-16  7.554e-66
3.900e+01  2.904e-16  8.228e-66
4.000e+01  4.357e-16  8.963e-66
4.100e+01  6.520e-16  9.763e-66
4.200e+01  9.735e-16  1.064e-65
4.300e+01  1.450e-15  1.159e-65
4.400e+01  2.155e-15  1.262e-65
4.500e+01  3.195e-15  1.375e-65
4.600e+01  4.725e-15  1.498e-65
4.700e+01  6.973e-15  1.632e-65
4.800e+01  1.027e-14  1.778e-65
4.900e+01  1.508e-14  1.937e-65
5.000e+01  2.209e-14  2.110e-65
5.100e+01  3.229e-14  2.299e-65
5.200e+01  4.709e-14  2.504e-65
5.300e+01  6.851e-14  2.729e-65
5.400e+01  9.943e-14  2.973e-65
5.500e+01  1.440e-13  3.239e-65
5.600e+01  2.080e-13  3.529e-65
5.700e+01  2.998e-13  3.846e-65
5.800e+01  4.310e-13  4.190e-65
5.900e+01  6.182e-13  4.566e-65
6.000e+01  8.846e-13  4.975e-65
6.100e+01  1.263e-12  5.422e-65
6.200e+01  1.799e-12  5.908e-65
6.300e+01  2.556e-12  6.438e-65
6.400e+01  3.623e-12  7.016e-65
6.500e+01  5.123e-12  7.646e-65
6.600e+01  7.227e-12  8.333e-65
6.700e+01  1.017e-11  9.081e-65
6.800e+01  1.428e-11  9.897e-65
6.900e+01  2.001e-11  1.079e-64
7.000e+01  2.796e-11  1.176e-64
7.100e+01  3.897e-11  1.281e-64
7.200e+01  5.421e-11  1.397e-64
7.300e+01  7.521e-11  1.522e-64
7.400e+01  1.041e-10  1.660e-64
7.500e+01  1.438e-10  1.809e-64
7.600e+01  1.981e-10  1.972e-64
7.700e+01  2.722e-10  2.150e-64
7.800e+01  3.732e-10  2.344e-64
7.900e+01  5.105e-10  2.555e-64
8.000e+01  6.966e-10  2.786e-64
8.100e+01  9.483e-10  3.037e-64
8.200e+01  1.288e-09  3.312e-64
8.300e+01  1.745e-09  3.611e-64
8.400e+01  2.359e-09  3.938e-64
8.500e+01  3.180e-09  4.294e-64
8.600e+01  4.278e-09  4.682e-64
8.700e+01  5.741e-09  5.106e-64
8.800e+01  7.687e-09  5.569e-64
8.900e+01  1.027e-08  6.074e-64
9.000e+01  1.368e-08  6.625e-64
9.100e+01  1.818e-08  7.226e-64
9.200e+01  2.411e-08  7.882e-64
9.300e+01  3.190e-08  8.598e-64
9.400e+01  4.210e-08  9.380e-64
9.500e+01  5.543e-08  1.023e-63
9.600e+01  7.281e-08  1.117e-63
9.700e+01  9.540e-08  1.218e-63
9.800e+01  1.247e-07  1.329e-63
9.900e+01  1.626e-07  1.451e-63
1.000e+02  2.116e-07  1.583e-63
1.010e+02  2.746e-07  1.727e-63
1.020e+02  3.556e-07  1.885e-63
1.030e+02  4.594e-07  2.058e-63
1.040e+02  5.920e-07  2.246e-63
1.050e+02  7.610e-07  2.452e-63
1.060e+02  9.760e-07  2.676e-63
1.070e+02  1.249e-06  2.922e-63
1.080e+02  1.594e-06  3.190e-63
1.090e+02  2.030e-06  3.482e-63
1.100e+02  2.579e-06  3.802e-63
1.110e+02  3.268e-06  4.151e-63
1.120e+02  4.132e-06  4.532e-63
1.130e+02  5.211e-06  4.948e-63
1.140e+02  6.557e-06  5.403e-63
1.150e+02  8.232e-06  5.899e-63
1.160e+02  1.031e-05  6.441e-63
1.170e+02  1.288e-05  7.032e-63
1.180e+02  1.605e-05  7.677e-63
1.190e+02  1.996e-05  8.381e-63
1.200e+02  2.476e-05  9.148e-63
1.210e+02  3.065e-05  9.985e-63
1.220e+02  3.784e-05  1.090e-62
1.230e+02  4.660e-05  1.189e-62
1.240e+02  5.727e-05  1.297e-62
1.250e+02  7.020e-05  1.415e-62
1.260e+02  8.586e-05  1.544e-62
1.270e+02  1.048e-04  1.683e-62
1.280e+02  1.275e-04  1.835e-62
1.290e+02  1.548e-04  2.000e-62
1.300e+02  1.876e-04  2.178e-62
1.310e+02  2.267e-04  2.372e-62
1.320e+02  2.734e-04  2.583e-62
1.330e+02  3.289e-04  2.810e-62
1.340e+02  3.947e-04  3.057e-62
1.350e+02  4.726e-04  3.323e-62
1.360e+02  5.645e-04  3.611e-62
1.370e+02  6.728e-04  3.922e-62
1.380e+02  7.999e-04  4.256e-62
1.390e+02  9.488e-04  4.616e-62
1.400e+02  1.123e-03  5.004e-62
1.410e+02  1.326e-03  5.420e-62
1.420e+02  1.562e-03  5.866e-62
1.430e+02  1.835e-03  6.343e-62
1.440e+02  2.152e-03  6.854e-62
1.450e+02  2.517e-03  7.399e-62
1.460e+02  2.937e-03  7.980e-62
1.470e+02  3.420e-03  8.599e-62
1.480e+02  3.973e-03  9.256e-62
1.490e+02  4.604e-03  9.954e-62
1.500e+02  5.324e-03  1.069e-61
1.510e+02  6.142e-03  1.147e-61
1.520e+02  7.070e-03  1.229e-61
1.530e+02  8.120e-03  1.316e-61
1.540e+02  9.304e-03  1.407e-61
1.550e+02  1.064e-02  1.502e-61
1.560e+02  1.213e-02  1.602e-61
1.570e+02  1.381e-02  1.706e-61
1.580e+02  1.568e-02  1.814e-61
1.590e+02  1.776e-02  1.927e-61
1.600e+02  2.008e-02  2.043e-61
1.610e+02  2.265e-02  2.164e-61
1.620e+02  2.548e-02  2.288e-61
1.630e+02  2.862e-02  2.415e-61
1.640e+02  3.206e-02  2.546e-61
1.650e+02  3.584e-02  2.679e-61
1.660e+02  3.998e-02  2.815e-61
1.670e+02  4.450e-02  2.953e-61
1.680e+02  4.942e-02  3.093e-61
1.690e+02  5.477e-02  3.233e-61
1.700e+02  6.056e-02  3.375e-61
1.710e+02  6.683e-02  3.516e-61
1.720e+02  7.358e-02  3.657e-61
1.730e+02  8.084e-02  3.797e-61
1.740e+02  8.864e-02  3.934e-61
1.750e+02  9.698e-02  4.070e-61
1.760e+02  1.059e-01  4.203e-61
1.770e+02  1.154e-01  4.331e-61
1.780e+02  1.254e-01  4.456e-61
1.790e+02  1.361e-01  4.575e-61
1.800e+02  1.473e-01  4.688e-61
1.810e+02  1.592e-01  4.795e-61
1.820e+02  1.717e-01  4.895e-61
1.830e+02  1.848e-01  4.987e-61
1.840e+02  1.985e-01  5.071e-61
1.850e+02  2.128e-01  5.146e-61
1.860e+02  2.277e-01  5.212e-61
1.870e+02  2.431e-01  5.268e-61
1.880e+02  2.591e-01  5.314e-61
1.890e+02  2.756e-01  5.349e-61
1.900e+02  2.927e-01  5.374e-61
1.910e+02  3.102e-01  5.387e-61
1.920e+02  3.281e-01  5.390e-61
1.930e+02  3.464e-01  5.381e-61
1.940e+02  3.652e-01  5.361e-61
1.950e+02  3.842e-01  5.330e-61
1.960e+02  4.035e-01  5.288e-61
1.970e+02  4.231e-01  5.235e-61
1.980e+02  4.428e-01  5.171e-61
1.990e+02  4.627e-01  5.098e-61
2.000e+02  4.827e-01  5.015e-61
2.010e+02  5.027e-01  4.922e-61
2.020e+02  5.227e-01  4.821e-61
2.030e+02  5.427e-01  4.712e-61
2.040e+02  5.626e-01  4.595e-61
2.050e+02  5.823e-01  4.471e-61
2.060e+02  6.018e-01  4.341e-61
2.070e+02  6.210e-01  4.206e-61
2.080e+02  6.400e-01  4.066e-61
2.090e+02  6.586e-01  3.922e-61
2.100e+02  6.768e-01  3.775e-61
2.110e+02  6.946e-01  3.625e-61
2.120e+02  7.120e-01  3.473e-61
2.130e+02  7.289e-01  3.321e-61
2.140e+02  7.452e-01  3.168e-61
2.150e+02  7.611e-01  3.015e-61
2.160e+02  7.764e-01  2.863e-61
2.170e+02  7.911e-01  2.713e-61
2.180e+02  8.052e-01  2.565e-61
2.190e+02  8.187e-01  2.420e-61
2.200e+02  8.317e-01  2.277e-61
2.210e+02  8.440e-01  2.139e-61
2.220e+02  8.557e-01  2.004e-61
2.230e+02  8.668e-01  1.873e-61
2.240e+02  8.773e-01  1.747e-61
2.250e+02  8.872e-01  1.626e-61
2.260e+02  8.965e-01  1.510e-61
2.270e+02  9.052e-01  1.399e-61
2.280e+02  9.134e-01  1.293e-61
2.290e+02  9.211e-01  1.192e-61
2.300e+02  9.282e-01  1.097e-61
2.310e+02  9.348e-01  1.007e-61
2.320e+02  9.409e-01  9.220e-62
2.330e+02  9.466e-01  8.425e-62
2.340e+02  9.518e-01  7.681e-62
2.350e+02  9.567e-01  6.987e-62
2.360e+02  9.611e-01  6.340e-62
2.370e+02  9.651e-01  5.741e-62
2.380e+02  9.688e-01  5.186e-62
2.390e+02  9.722e-01  4.674e-62
2.400e+02  9.752e-01  4.203e-62
2.410e+02  9.780e-01  3.770e-62
2.420e+02  9.805e-01  3.375e-62
2.430e+02  9.828e-01  3.014e-62
2.440e+02  9.848e-01  2.685e-62
2.450e+02  9.866e-01  2.387e-62
2.460e+02  9.882e-01  2.116e-62
2.470e+02  9.897e-01  1.873e-62
2.480e+02  9.910e-01  1.653e-62
2.490e+02  9.921e-01  1.456e-62
2.500e+02  9.931e-01  1.279e-62
2.510e+02  9.940e-01  1.121e-62
2.520e+02  9.948e-01  9.807e-63
2.530e+02  9.955e-01  8.558e-63
2.540e+02  9.962e-01  7.450e-63
2.550e+02  9.967e-01  6.470e-63
2.560e+02  9.972e-01  5.607e-63
2.570e+02  9.976e-01  4.847e-63
2.580e+02  9.979e-01  4.181e-63
2.590e+02  9.982e-01  3.598e-63
2.600e+02  9.985e-01  3.089e-63
2.610e+02  9.987e-01  2.645e-63
2.620e+02  9.989e-01  2.261e-63
2.630e+02  9.991e-01  1.927e-63
2.640e+02  9.992e-01  1.639e-63
2.650e+02  9.993e-01  1.391e-63
2.660e+02  9.995e-01  1.178e-63
2.670e+02  9.995e-01  9.949e-64
2.680e+02  9.996e-01  8.384e-64
2.690e+02  9.997e-01  7.049e-64
2.700e+02  9.997e-01  5.913e-64
2.710e+02  9.998e-01  4.948e-64
2.720e+02  9.998e-01  4.131e-64
2.730e+02  9.999e-01  3.441e-64
2.740e+02  9.999e-01  2.860e-64
2.750e+02  9.999e-01  2.371e-64
2.760e+02  9.999e-01  1.961e-64
2.770e+02  9.999e-01  1.619e-64
2.780e+02  9.999e-01  1.333e-64
2.790e+02  1.000e+00  1.095e-64
2.800e+02  1.000e+00  8.972e-65
2.810e+02  1.000e+00  7.336e-65
2.820e+02  1.000e+00  5.984e-65
2.830e+02  1.000e+00  4.870e-65
2.840e+02  1.000e+00  3.954e-65
2.850e+02  1.000e+00  3.203e-65
2.860e+02  1.000e+00  2.589e-65
2.870e+02  1.000e+00  2.088e-65
2.880e+02  1.000e+00  1.679e-65
2.890e+02  1.000e+00  1.348e-65
2.900e+02  1.000e+00  1.079e-65
2.910e+02  1.000e+00  8.622e-66
2.920e+02  1.000e+00  6.872e-66
2.930e+02  1.000e+00  5.465e-66
2.940e+02  1.000e+00  4.335e-66
2.950e+02  1.000e+00  3.432e-66
2.960e+02  1.000e+00  2.710e-66
2.970e+02  1.000e+00  2.135e-66
2.980e+02  1.000e+00  1.678e-66
2.990e+02  1.000e+00  1.316e-66
3.000e+02  1.000e+00  1.030e-66
3.010e+02  1.000e+00  8.038e-67
3.020e+02  1.000e+00  6.260e-67
3.030e+02  1.000e+00  4.864e-67
3.040e+02  1.000e+00  3.771e-67
3.050e+02  1.000e+00  2.916e-67
3.060e+02  1.000e+00  2.250e-67
3.070e+02  1.000e+00  1.733e-67
3.080e+02  1.000e+00  1.331e-67
3.090e+02  1.000e+00  1.020e-67
3.100e+02  1.000e+00  7.797e-68
3.110e+02  1.000e+00  5.948e-68
3.120e+02  1.000e+00  4.527e-68
3.130e+02  1.000e+00  3.437e-68
3.140e+02  1.000e+00  2.604e-68
3.150e+02  1.000e+00  1.968e-68
3.160e+02  1.000e+00  1.484e-68
3.170e+02  1.000e+00  1.117e-68
3.180e+02  1.000e+00  8.381e-69
3.190e+02  1.000e+00  6.277e-69
3.200e+02  1.000e+00  4.690e-69
3.210e+02  1.000e+00  3.496e-69
3.220e+02  1.000e+00  2.601e-69
3.230e+02  1.000e+00  1.930e-69
3.240e+02  1.000e+00  1.429e-69
3.250e+02  1.000e+00  1.055e-69
3.260e+02  1.000e+00  7.779e-70
3.270e+02  1.000e+00  5.720e-70
3.280e+02  1.000e+00  4.196e-70
3.290e+02  1.000e+00  3.072e-70
3.300e+02  1.000e+00  2.243e-70
3.310e+02  1.000e+00  1.635e-70
3.320e+02  1.000e+00  1.188e-70
3.330e+02  1.000e+00  8.619e-71
3.340e+02  1.000e+00  6.237e-71
3.350e+02  1.000e+00  4.504e-71
3.360e+02  1.000e+00  3.244e-71
3.370e+02  1.000e+00  2.332e-71
3.380e+02  1.000e+00  1.672e-71
3.390e+02  1.000e+00  1.197e-71
3.400e+02  1.000e+00  8.542e-72
3.410e+02  1.000e+00  6.084e-72
3.420e+02  1.000e+00  4.324e-72
3.430e+02  1.000e+00  3.066e-72
3.440e+02  1.000e+00  2.169e-72
3.450e+02  1.000e+00  1.531e-72
3.460e+02  1.000e+00  1.078e-72
3.470e+02  1.000e+00  7.577e-73
3.480e+02  1.000e+00  5.312e-73
3.490e+02  1.000e+00  3.716e-73
3.500e+02  1.000e+00  2.593e-73
3.510e+02  1.000e+00  1.806e-73
3.520e+02  1.000e+00  1.255e-73
3.530e+02  1.000e+00  8.699e-74
3.540e+02  1.000e+00  6.017e-74
3.550e+02  1.000e+00  4.152e-74
3.560e+02  1.000e+00  2.859e-74
3.570e+02  1.000e+00  1.964e-74
3.580e+02  1.000e+00  1.347e-74
3.590e+02  1.000e+00  9.211e-75
3.600e+02  1.000e+00  6.286e-75
3.610e+02  1.000e+00  4.280e-75
3.620e+02  1.000e+00  2.908e-75
3.630e+02  1.000e+00  1.971e-75
3.640e+02  1.000e+00  1.333e-75
3.650e+02  1.000e+00  8.999e-76
3.660e+02  1.000e+00  6.059e-76
3.670e+02  1.000e+00  4.071e-76
3.680e+02  1.000e+00  2.729e-76
3.690e+02  1.000e+00  1.826e-76
3.700e+02  1.000e+00  1.218e-76
3.710e+02  1.000e+00  8.114e-77
3.720e+02  1.000e+00  5.391e-77
3.730e+02  1.000e+00  3.574e-77
3.740e+02  1.000e+00  2.365e-77
3.750e+02  1.000e+00  1.561e-77
3.760e+02  1.000e+00  1.028e-77
3.770e+02  1.000e+00  6.755e-78
3.780e+02  1.000e+00  4.429e-78
3.790e+02  1.000e+00  2.898e-78
3.800e+02  1.000e+00  1.892e-78
3.810e+02  1.000e+00  1.232e-78
3.820e+02  1.000e+00  8.009e-79
3.830e+02  1.000e+00  5.194e-79
3.840e+02  1.000e+00  3.361e-79
3.850e+02  1.000e+00  2.170e-79
3.860e+02  1.000e+00  1.398e-79
3.870e+02  1.000e+00  8.989e-80
3.880e+02  1.000e+00  5.766e-80
3.890e+02  1.000e+00  3.691e-80
3.900e+02  1.000e+00  2.357e-80
3.910e+02  1.000e+00  1.502e-80
3.920e+02  1.000e+00  9.554e-81
3.930e+02  1.000e+00  6.065e-81
3.940e+02  1.000e+00  3.845e-81
3.950e+02  1.000e+00  2.437e-81
3.960e+02  1.000e+00  1.550e-81
3.970e+02  1.000e+00  9.963e-82
3.980e+02  1.000e+00  6.601e-82
3.990e+02  1.000e+00  4.694e-82
4.000e+02  1.000e+00  3.833e-82
