2.453713123092573944e+00
2.443768996960486550e+00
2.431451612903225978e+00
2.419257773319960059e+00
2.404785643070788126e+00
2.392857142857143238e+00
2.381046396841066226e+00
2.367026496565260096e+00
2.355468750000000000e+00
2.341747572815534362e+00
2.328185328185328196e+00
2.317002881844380635e+00
2.303724928366762459e+00
2.288425047438330306e+00
2.275471698113207708e+00
2.262664165103189351e+00
2.247903075489282809e+00
2.235403151065801897e+00
2.220994475138121871e+00
2.206770356816102563e+00
2.192727272727272858e+00
2.178861788617886042e+00
2.165170556552962200e+00
2.155080213903743491e+00
2.136403897254207429e+00
2.121372031662269286e+00
2.106550218340611735e+00
2.091934084995663579e+00
2.075731497418244587e+00
2.061538461538461764e+00
2.045801526717557550e+00
2.030303030303030720e+00
2.013355592654423987e+00
1.996663886572143554e+00
1.981651376146789101e+00
1.961634695579649756e+00
1.946622185154295082e+00
1.926605504587156181e+00
1.916597164303586398e+00
1.896580483736447054e+00
1.881567973311092823e+00
1.861551292743953478e+00
1.846538782318598804e+00
1.826522101751459681e+00
1.806505421184320337e+00
1.791492910758965662e+00
1.776480400333611431e+00
1.751459549624687417e+00
1.731442869057548073e+00
1.716430358632193620e+00
