2.444893832153690827e+00
2.397614314115308343e+00
2.353170731707317387e+00
2.310344827586206851e+00
2.264788732394366289e+00
2.222426470588235503e+00
2.169064748201438686e+00
2.124780316344464293e+00
2.073756432246998127e+00
2.021739130434782705e+00
1.961634695579649756e+00
1.906588824020016837e+00
1.846538782318598804e+00
1.786488740617180992e+00
1.721434528773978290e+00
1.656380316930775587e+00
1.581317764804003323e+00
1.511259382819015951e+00
1.431192660550458795e+00
1.346121768140116748e+00
1.256046705587990031e+00
1.160967472894078645e+00
1.050875729774812584e+00
9.307756463719767392e-01
7.906588824020016615e-01
6.105087572977481170e-01
3.603002502085070891e-01
-3.502919099249374862e-02
-1.922739244951712223e+00
-1.926605504587156181e+00
-1.921601334445371068e+00
-1.926605504587156181e+00
-1.921601334445371068e+00
-1.921601334445371068e+00
-1.926605504587156181e+00
-1.926605504587156181e+00
-1.926605504587156181e+00
-1.926605504587156181e+00
-1.926605504587156181e+00
-1.926605504587156181e+00
-1.921601334445371068e+00
-1.926605504587156181e+00
-1.926605504587156181e+00
-1.926605504587156181e+00
-1.926605504587156181e+00
-1.921601334445371068e+00
-1.921601334445371068e+00
-1.926605504587156181e+00
-1.926605504587156181e+00
-1.926605504587156181e+00
