2.456211812627291380e+00
2.448730964467005222e+00
2.441295546558704732e+00
2.431451612903225978e+00
2.424120603015075481e+00
2.414414414414414622e+00
2.407185628742515071e+00
2.397614314115308343e+00
2.390485629335976192e+00
2.381046396841066226e+00
2.371681415929203673e+00
2.364705882352941213e+00
2.355468750000000000e+00
2.346303501945525394e+00
2.337209302325581550e+00
2.328185328185328196e+00
2.319230769230769429e+00
2.310344827586206851e+00
2.301526717557252244e+00
2.292775665399239493e+00
2.284090909090909172e+00
2.275471698113207708e+00
2.264788732394366289e+00
2.256314312441534575e+00
2.247903075489282809e+00
2.237476808905380476e+00
2.227146814404432185e+00
2.218951241950322117e+00
2.208791208791208938e+00
2.198723792160437451e+00
2.190735694822888657e+00
2.180831826401446794e+00
2.171017101710171371e+00
2.161290322580645462e+00
2.151650312221231154e+00
2.142095914742451424e+00
2.130742049469965149e+00
2.121372031662269286e+00
2.110236220472441193e+00
2.101045296167247667e+00
2.090121317157712433e+00
2.081104400345125338e+00
2.070386266094420780e+00
2.059777967549103472e+00
2.049277824978759543e+00
2.038884192730346712e+00
2.028595458368376736e+00
2.016722408026756064e+00
2.006672226855713337e+00
1.991659716430358884e+00
