2.446247464503042757e+00
2.414414414414414622e+00
2.385756676557863720e+00
2.353170731707317387e+00
2.321462945139557643e+00
2.290598290598290898e+00
2.256314312441534575e+00
2.228571428571428648e+00
2.194192377495463031e+00
2.158928571428571530e+00
2.122914837576821867e+00
2.086281276962899334e+00
2.049152542372881580e+00
2.001668056713928223e+00
1.966638865721434426e+00
1.926605504587156181e+00
1.886572143452877492e+00
1.841534612176814134e+00
1.796497080900750776e+00
1.751459549624687417e+00
1.706422018348624059e+00
1.661384487072560701e+00
1.611342785654712229e+00
1.556296914095079309e+00
1.501251042535446167e+00
1.446205170975813248e+00
1.391159299416180106e+00
1.326105087572977403e+00
1.266055045871559814e+00
1.190992493744787328e+00
1.115929941618015064e+00
1.040867389491242800e+00
9.557964970809007532e-01
8.607172643869891449e-01
7.506255212677230837e-01
6.205170975813177892e-01
4.904086738949124391e-01
3.603002502085070891e-01
2.351959966638866029e-01
1.150959132610508834e-01
-1.000834028356964098e-02
-1.401167639699749945e-01
-2.802335279399499890e-01
-4.653878231859883696e-01
-1.926605504587156181e+00
-1.926605504587156181e+00
-1.926605504587156181e+00
-1.926605504587156181e+00
-1.926605504587156181e+00
-1.921601334445371068e+00
