2.443768996960486550e+00
2.412000000000000366e+00
2.382266009852216815e+00
2.341747572815534362e+00
2.308133971291866260e+00
2.276836158192090842e+00
2.235403151065801897e+00
2.198723792160437451e+00
2.164726947179946404e+00
2.121372031662269286e+00
2.086281276962899334e+00
2.043956043956044244e+00
1.996663886572143554e+00
1.951626355296080195e+00
1.906588824020016837e+00
1.861551292743953478e+00
1.816513761467890120e+00
1.766472060050041648e+00
1.716430358632193620e+00
1.661384487072560701e+00
1.611342785654712229e+00
1.551292743953294639e+00
1.491242702251876606e+00
1.431192660550458795e+00
1.366138448707256092e+00
1.296080066722268720e+00
1.221017514595496234e+00
1.140950792326939300e+00
1.055879899916597253e+00
9.608006672226855338e-01
8.557130942452043643e-01
7.356130108423687419e-01
5.904920767306088836e-01
4.253544620517097363e-01
2.652210175145954807e-01
1.150959132610508834e-01
-4.003336113427856391e-02
-2.001668056713928334e-01
-4.003336113427856668e-01
-1.926605504587156181e+00
-1.926605504587156181e+00
-1.926605504587156181e+00
-1.926605504587156181e+00
-1.926605504587156181e+00
-1.926605504587156181e+00
-1.926605504587156181e+00
-1.926605504587156181e+00
-1.926605504587156181e+00
-1.926605504587156181e+00
-1.926605504587156181e+00
