1.762938230383973348e+00
1.742904841402337368e+00
1.722871452420701388e+00
1.712854757929883398e+00
1.682804674457428984e+00
1.662771285475793004e+00
1.642737896494157024e+00
1.632721202003339034e+00
1.612687813021702832e+00
1.582637729549248862e+00
1.562604340567612882e+00
1.542570951585976902e+00
1.522537562604340478e+00
1.492487479131886507e+00
1.472454090150250527e+00
1.452420701168614547e+00
1.422370617696160355e+00
1.402337228714524375e+00
1.382303839732888173e+00
1.352253756260433981e+00
1.332220367278798001e+00
1.302170283806344031e+00
1.282136894824708051e+00
1.252086811352253859e+00
1.222036727879799667e+00
1.191986644407345697e+00
1.161936560934891505e+00
1.131886477462437535e+00
1.101836393989983343e+00
1.071786310517529373e+00
1.031719532554257190e+00
1.001669449081802998e+00
9.616026711185309273e-01
9.215358931552587451e-01
8.814691151919866741e-01
8.414023372287144920e-01
8.013355592654424209e-01
7.512520868113522488e-01
7.011686143572621877e-01
6.510851419031720155e-01
5.909849749582637424e-01
5.308848080133555802e-01
4.507512520868113826e-01
3.606010016694491394e-01
2.404006677796327318e-01
1.001669449081803165e-02
-3.005008347245409148e-02
-3.005008347245409148e-02
-3.005008347245409148e-02
-3.005008347245409148e-02
