1.752921535893155358e+00
1.722871452420701388e+00
1.682804674457428984e+00
1.642737896494157024e+00
1.602671118530884842e+00
1.562604340567612882e+00
1.522537562604340478e+00
1.482470784641068517e+00
1.442404006677796557e+00
1.402337228714524375e+00
1.362270450751252193e+00
1.312186978297162021e+00
1.262103505843071849e+00
1.212020033388981677e+00
1.161936560934891505e+00
1.101836393989983343e+00
1.041736227045075180e+00
9.716193656093489173e-01
9.115191986644407551e-01
8.414023372287144920e-01
7.512520868113522488e-01
6.711185308848079956e-01
5.609348914858097723e-01
4.207011686143572460e-01
2.103505843071786230e-01
-3.005008347245409148e-02
-3.005008347245409148e-02
-3.005008347245409148e-02
-3.005008347245409148e-02
-3.005008347245409148e-02
-3.005008347245409148e-02
-3.005008347245409148e-02
-2.003338898163606330e-02
-2.003338898163606330e-02
-3.005008347245409148e-02
-3.005008347245409148e-02
-3.005008347245409148e-02
-3.005008347245409148e-02
-3.005008347245409148e-02
-3.005008347245409148e-02
-3.005008347245409148e-02
-3.005008347245409148e-02
-3.005008347245409148e-02
-3.005008347245409148e-02
-3.005008347245409148e-02
-3.005008347245409148e-02
-2.003338898163606330e-02
-2.003338898163606330e-02
-2.003338898163606330e-02
-2.003338898163606330e-02
