1.752921535893155358e+00
1.722871452420701388e+00
1.682804674457428984e+00
1.652754590984975014e+00
1.622704507512520822e+00
1.582637729549248862e+00
1.542570951585976902e+00
1.512520868113522488e+00
1.472454090150250527e+00
1.432387312186978345e+00
1.392320534223706163e+00
1.352253756260433981e+00
1.302170283806344031e+00
1.262103505843071849e+00
1.202003338898163687e+00
1.161936560934891505e+00
1.111853088480801555e+00
1.051752921535893170e+00
9.916527545909850083e-01
9.315525876460767352e-01
8.614357262103506940e-01
7.913188647746244309e-01
7.111853088480801777e-01
6.210350584307179345e-01
5.108514190317196002e-01
3.606010016694491394e-01
7.011686143572622154e-02
-3.005008347245409148e-02
-3.005008347245409148e-02
-2.003338898163606330e-02
-3.005008347245409148e-02
-2.003338898163606330e-02
-3.005008347245409148e-02
-3.005008347245409148e-02
-3.005008347245409148e-02
-2.003338898163606330e-02
-2.003338898163606330e-02
-3.005008347245409148e-02
-3.005008347245409148e-02
-3.005008347245409148e-02
-3.005008347245409148e-02
-3.005008347245409148e-02
-3.005008347245409148e-02
-3.005008347245409148e-02
-3.005008347245409148e-02
-3.005008347245409148e-02
-3.005008347245409148e-02
-3.005008347245409148e-02
-3.005008347245409148e-02
-3.005008347245409148e-02
