1.716430358632193620e+00
1.681401167639699601e+00
1.651376146788990917e+00
1.616346955796497342e+00
1.576313594662218653e+00
1.541284403669724856e+00
1.501251042535446167e+00
1.461217681401167701e+00
1.426188490408674125e+00
1.376146788990825875e+00
1.336113427856547187e+00
1.291075896580483828e+00
1.246038365304420470e+00
1.195996663886572220e+00
1.140950792326939300e+00
1.085904920767306159e+00
1.030859049207673239e+00
9.758131776480400976e-01
9.157631359466221754e-01
8.557130942452043643e-01
8.006672226855713337e-01
7.456213511259383031e-01
6.855713094245204919e-01
6.355296080066722419e-01
5.854879065888239920e-01
5.304420350291909614e-01
4.753961634695579308e-01
4.203502919099249002e-01
3.653044203502919252e-01
3.102585487906588946e-01
2.552126772310258640e-01
2.001668056713928334e-01
1.351125938281901584e-01
8.006672226855712782e-02
1.501251042535446147e-02
-5.004170141784820836e-02
-1.201000834028356917e-01
-1.901584653878231890e-01
-2.702251876563803168e-01
-3.502919099249374724e-01
-4.503753127606338613e-01
-5.504587155963303058e-01
-6.755629691409508197e-01
-8.256880733944954587e-01
-1.025854879065888348e+00
-1.311092577147623173e+00
-1.801501251042535445e+00
-3.516129032258064946e+00
-4.221105527638191468e+00
-4.232876712328767610e+00
