1.716430358632193620e+00
1.681401167639699601e+00
1.651376146788990917e+00
1.616346955796497342e+00
1.576313594662218653e+00
1.541284403669724856e+00
1.501251042535446167e+00
1.461217681401167701e+00
1.421184320266889234e+00
1.381150959132610545e+00
1.336113427856547187e+00
1.291075896580483828e+00
1.241034195162635578e+00
1.190992493744787328e+00
1.140950792326939300e+00
1.085904920767306159e+00
1.030859049207673239e+00
9.758131776480400976e-01
9.157631359466221754e-01
8.607172643869891449e-01
8.056713928273561143e-01
7.556296914095079753e-01
7.005838198498749447e-01
6.505421184320266947e-01
5.954962468723936642e-01
5.454545454545455252e-01
4.904086738949124391e-01
4.403669724770642446e-01
3.903252710592160502e-01
3.352793994995830196e-01
2.802335279399499890e-01
2.301918265221017668e-01
1.751459549624687362e-01
1.150959132610508834e-01
6.005004170141784586e-02
0.000000000000000000e+00
-6.005004170141784586e-02
-1.251042535446205139e-01
-1.901584653878231890e-01
-2.652210175145954807e-01
-3.402835696413678557e-01
-4.203502919099249002e-01
-5.104253544620517280e-01
-6.155129274395330086e-01
-7.356130108423687419e-01
-8.757297748123437087e-01
-1.050875729774812584e+00
-1.291075896580483828e+00
-1.656380316930775587e+00
-2.331395348837209447e+00
