1.716430358632193620e+00
1.681401167639699601e+00
1.651376146788990917e+00
1.616346955796497342e+00
1.576313594662218653e+00
1.541284403669724856e+00
1.501251042535446167e+00
1.461217681401167701e+00
1.421184320266889234e+00
1.381150959132610545e+00
1.336113427856547187e+00
1.291075896580483828e+00
1.241034195162635578e+00
1.190992493744787328e+00
1.140950792326939300e+00
1.085904920767306159e+00
1.030859049207673239e+00
9.708090075062552060e-01
9.157631359466221754e-01
8.657214345287740365e-01
8.106755629691410059e-01
7.556296914095079753e-01
7.055879899916597253e-01
6.505421184320266947e-01
6.005004170141785558e-01
5.504587155963303058e-01
5.004170141784820558e-01
4.453711426188490807e-01
3.903252710592160502e-01
3.452877397831526363e-01
2.902418682235196612e-01
2.351959966638866029e-01
1.801501251042535445e-01
1.301084236864053501e-01
7.506255212677231947e-02
1.501251042535446147e-02
-4.503753127606338613e-02
-1.100917431192660612e-01
-1.701417848206839278e-01
-2.351959966638866029e-01
-3.152627189324437307e-01
-3.903252710592160502e-01
-4.753961634695579308e-01
-5.654712260216847586e-01
-6.705587989991660391e-01
-7.956630525437864421e-01
-9.457881567973311920e-01
-1.130942452043369517e+00
-1.386155129274395437e+00
-1.796497080900750776e+00
