1.716430358632193620e+00
1.681401167639699601e+00
1.651376146788990917e+00
1.616346955796497342e+00
1.576313594662218653e+00
1.541284403669724856e+00
1.501251042535446167e+00
1.461217681401167701e+00
1.421184320266889234e+00
1.376146788990825875e+00
1.336113427856547187e+00
1.291075896580483828e+00
1.246038365304420470e+00
1.195996663886572220e+00
1.140950792326939300e+00
1.090909090909091050e+00
1.030859049207673239e+00
9.708090075062552060e-01
9.157631359466221754e-01
8.607172643869891449e-01
8.056713928273561143e-01
7.506255212677230837e-01
6.955796497080900531e-01
6.405337781484570225e-01
5.904920767306088836e-01
5.354462051709758530e-01
4.804003336113427669e-01
4.303586321934945724e-01
3.753127606338615418e-01
3.252710592160133474e-01
2.652210175145954807e-01
2.151793160967472862e-01
1.551292743953294473e-01
9.507923269391159449e-02
3.502919099249374862e-02
-2.502085070892410418e-02
-9.007506255212677226e-02
-1.551292743953294473e-01
-2.301918265221017668e-01
-3.102585487906588946e-01
-3.953294412010008307e-01
-4.854045037531276030e-01
-5.904920767306088836e-01
-7.105921601334446169e-01
-8.607172643869891449e-01
-1.050875729774812584e+00
-1.321100917431192734e+00
-1.751459549624687417e+00
-2.715083798882681698e+00
-4.510948905109489537e+00
