1.716430358632193620e+00
1.681401167639699601e+00
1.651376146788990917e+00
1.616346955796497342e+00
1.576313594662218653e+00
1.541284403669724856e+00
1.501251042535446167e+00
1.461217681401167701e+00
1.421184320266889234e+00
1.376146788990825875e+00
1.336113427856547187e+00
1.291075896580483828e+00
1.246038365304420470e+00
1.195996663886572220e+00
1.140950792326939300e+00
1.090909090909091050e+00
1.025854879065888348e+00
9.708090075062552060e-01
9.157631359466221754e-01
8.607172643869891449e-01
8.056713928273561143e-01
7.456213511259383031e-01
6.905754795663052725e-01
6.405337781484570225e-01
5.854879065888239920e-01
5.354462051709758530e-01
4.804003336113427669e-01
4.253544620517097363e-01
3.753127606338615418e-01
3.152627189324437307e-01
2.602168473728107001e-01
2.051709758131776695e-01
1.501251042535446389e-01
9.007506255212677226e-02
3.002502085070892293e-02
-3.002502085070892293e-02
-1.000834028356964167e-01
-1.701417848206839278e-01
-2.452043369474562196e-01
-3.202668890742285113e-01
-4.103419516263553390e-01
-5.104253544620517280e-01
-6.155129274395330086e-01
-7.506255212677230837e-01
-9.107589658048373948e-01
-1.130942452043369517e+00
-1.451209341117598139e+00
-2.018456375838926231e+00
-4.239234449760766132e+00
-4.412698412698413009e+00
