1.716430358632193620e+00
1.681401167639699601e+00
1.651376146788990917e+00
1.616346955796497342e+00
1.576313594662218653e+00
1.541284403669724856e+00
1.501251042535446167e+00
1.461217681401167701e+00
1.421184320266889234e+00
1.376146788990825875e+00
1.336113427856547187e+00
1.291075896580483828e+00
1.246038365304420470e+00
1.195996663886572220e+00
1.140950792326939300e+00
1.085904920767306159e+00
1.030859049207673239e+00
9.708090075062552060e-01
9.157631359466221754e-01
8.607172643869891449e-01
8.056713928273561143e-01
7.506255212677230837e-01
6.955796497080900531e-01
6.455379482902419142e-01
5.954962468723936642e-01
5.404503753127606336e-01
4.854045037531276030e-01
4.353628023352794085e-01
3.853211009174312141e-01
3.302752293577981835e-01
2.802335279399499890e-01
2.251876563803169307e-01
1.651376146788990917e-01
1.100917431192660612e-01
5.504587155963303058e-02
-5.004170141784820489e-03
-7.005838198498749725e-02
-1.351125938281901584e-01
-2.001668056713928334e-01
-2.752293577981651529e-01
-3.552960800667223085e-01
-4.453711426188490807e-01
-5.354462051709758530e-01
-6.455379482902419142e-01
-7.706422018348624281e-01
-9.257714762301918476e-01
-1.120934111759799956e+00
-1.406171809841534781e+00
-1.866555462885738148e+00
-2.956204379562044071e+00
