1.716430358632193620e+00
1.681401167639699601e+00
1.651376146788990917e+00
1.616346955796497342e+00
1.576313594662218653e+00
1.541284403669724856e+00
1.501251042535446167e+00
1.461217681401167701e+00
1.421184320266889234e+00
1.376146788990825875e+00
1.336113427856547187e+00
1.286071726438698937e+00
1.241034195162635578e+00
1.190992493744787328e+00
1.140950792326939300e+00
1.085904920767306159e+00
1.025854879065888348e+00
9.708090075062552060e-01
9.157631359466221754e-01
8.507089241034194727e-01
8.006672226855713337e-01
7.406171809841535225e-01
6.855713094245204919e-01
6.305254378648874614e-01
5.754795663052544308e-01
5.154295246038366196e-01
4.603836530442035335e-01
4.053377814845705029e-01
3.502919099249374724e-01
2.952460383653044418e-01
2.351959966638866029e-01
1.751459549624687362e-01
1.100917431192660612e-01
4.503753127606338613e-02
-2.001668056713928195e-02
-8.507089241034196392e-02
-1.651376146788990917e-01
-2.402001668056713835e-01
-3.352793994995830196e-01
-4.303586321934945724e-01
-5.454545454545455252e-01
-6.855713094245204919e-01
-8.557130942452043643e-01
-1.100917431192660612e+00
-1.511259382819015951e+00
-2.439560439560439775e+00
-3.851963746223565188e+00
-3.875195007800312119e+00
-3.880126182965299542e+00
-3.879556259904913151e+00
