0.000000000000000000e+00
5.000625078134923740e-03
0.000000000000000000e+00
0.000000000000000000e+00
5.000625078134812718e-03
5.000625078134812718e-03
0.000000000000000000e+00
0.000000000000000000e+00
0.000000000000000000e+00
5.000625078134812718e-03
1.000125015626962544e-02
5.000625078134812718e-03
5.000625078134757207e-03
1.000125015626956992e-02
1.000125015626956992e-02
1.000125015626951441e-02
1.000125015626954217e-02
1.500187523440429938e-02
2.000250031253906352e-02
2.000250031253906699e-02
2.000250031253906352e-02
2.500312539067381379e-02
3.000375046880859875e-02
3.500437554694335596e-02
4.000500062507805765e-02
5.000625078134762758e-02
6.000750093761719750e-02
7.500937617202141361e-02
1.050131266408300679e-01
1.400175021877733128e-01
