1.752190237797246475e+00
1.752190237797246475e+00
1.747183979974968659e+00
1.742177722152690844e+00
1.739674593241552047e+00
1.734668335419274010e+00
1.732165206508135213e+00
1.729662077596996195e+00
1.727158948685857398e+00
1.722152690863579583e+00
1.719649561952440564e+00
1.717146433041301545e+00
1.712140175219023730e+00
1.709637046307884933e+00
1.704630788485607118e+00
1.702127659574468099e+00
1.699624530663329081e+00
1.694618272841051265e+00
1.692115143929912469e+00
1.689612015018773450e+00
1.682102628285356616e+00
1.679599499374217819e+00
1.677096370463078800e+00
1.674593241551940004e+00
1.669586983729662188e+00
1.667083854818523170e+00
1.662077596996245354e+00
1.659574468085106336e+00
1.654568210262828520e+00
1.649561952440550705e+00
1.647058823529411686e+00
1.644555694618272890e+00
1.639549436795995074e+00
1.637046307884856056e+00
1.634543178973717037e+00
1.629536921151439222e+00
1.627033792240300425e+00
1.622027534418022610e+00
1.619524405506883591e+00
1.614518147684605776e+00
1.612015018773466757e+00
1.607008760951188941e+00
1.602002503128911126e+00
1.599499374217772107e+00
1.594493116395494292e+00
1.591989987484355495e+00
1.586983729662077680e+00
1.581977471839799643e+00
1.579474342928660846e+00
1.576971214017521827e+00
