1.727158948685857398e+00
1.694618272841051265e+00
1.659574468085106336e+00
1.624530663329161406e+00
1.591989987484355495e+00
1.554443053817271547e+00
1.516896120150187821e+00
1.479349186483103873e+00
1.439299123904881128e+00
1.399249061326658383e+00
1.356695869837296620e+00
1.314142678347934856e+00
1.269086357947434296e+00
1.219023779724655920e+00
1.168961201501877323e+00
1.116395494367959929e+00
1.061326658322903738e+00
9.987484355444304907e-01
9.361702127659574657e-01
8.660826032540676067e-01
7.934918648310388400e-01
7.058823529411765163e-01
6.107634543178973585e-01
4.931163954943679761e-01
3.379224030037547011e-01
1.051314142678347885e-01
-7.509386733416771598e-02
-2.027534418022528262e-01
-3.103879849812265501e-01
-4.080100125156445601e-01
-5.056320400500625700e-01
-6.057571964956195432e-01
-7.108886107634543317e-01
-8.310387984981226772e-01
-9.812265331664580259e-01
-1.186483103879849788e+00
-1.464330413016270427e+00
-1.732165206508135213e+00
-1.932415519399249160e+00
-2.084832904884318605e+00
-2.198369565217391131e+00
-2.297450424929178503e+00
-2.375366568914956122e+00
-2.446455505279034881e+00
-2.503863987635239763e+00
-2.556082148499210227e+00
-2.601286173633440502e+00
-2.643790849673202548e+00
-2.683250414593698174e+00
-2.719327731092437084e+00
