1.871559633027523040e+00
1.866555462885738148e+00
1.861551292743953478e+00
1.856547122602168365e+00
1.856547122602168365e+00
1.856547122602168365e+00
1.851542952460383695e+00
1.846538782318598804e+00
1.841534612176814134e+00
1.836530442035029465e+00
1.831526271893244351e+00
1.831526271893244351e+00
1.826522101751459681e+00
1.821517931609674790e+00
1.816513761467890120e+00
1.816513761467890120e+00
1.811509591326105006e+00
1.806505421184320337e+00
1.801501251042535445e+00
1.801501251042535445e+00
1.791492910758965662e+00
1.786488740617180992e+00
1.781484570475396323e+00
1.781484570475396323e+00
1.776480400333611431e+00
1.771476230191826762e+00
1.771476230191826762e+00
1.766472060050041648e+00
1.756463719766472087e+00
1.756463719766472087e+00
1.751459549624687417e+00
1.751459549624687417e+00
1.746455379482902304e+00
1.736447039199332742e+00
1.736447039199332742e+00
1.731442869057548073e+00
1.726438698915763403e+00
1.721434528773978290e+00
1.721434528773978290e+00
1.716430358632193620e+00
1.706422018348624059e+00
1.706422018348624059e+00
1.696413678065054276e+00
1.692551505546751045e+00
1.697933227344992080e+00
1.691082802547770658e+00
1.680365296803652875e+00
1.681318681318681341e+00
1.677835051546391787e+00
1.665427509293680552e+00
