1.772954924874791338e+00
1.752921535893155358e+00
1.742904841402337368e+00
1.722871452420701388e+00
1.712854757929883398e+00
1.692821368948246974e+00
1.672787979966610994e+00
1.652754590984975014e+00
1.642737896494157024e+00
1.622704507512520822e+00
1.602671118530884842e+00
1.582637729549248862e+00
1.572621035058430872e+00
1.552587646076794892e+00
1.532554257095158468e+00
1.512520868113522488e+00
1.492487479131886507e+00
1.472454090150250527e+00
1.452420701168614547e+00
1.432387312186978345e+00
1.412353923205342365e+00
1.392320534223706163e+00
1.372287145242070183e+00
1.352253756260433981e+00
1.322203672787980011e+00
1.302170283806344031e+00
1.282136894824708051e+00
1.262103505843071849e+00
1.232053422370617879e+00
1.212020033388981677e+00
1.191986644407345697e+00
1.161936560934891505e+00
1.131886477462437535e+00
1.111853088480801555e+00
1.071786310517529373e+00
1.041736227045075180e+00
1.021702838063439200e+00
9.916527545909850083e-01
9.616026711185309273e-01
9.215358931552587451e-01
8.914858096828046641e-01
8.614357262103506940e-01
8.414023372287144920e-01
8.013355592654424209e-01
7.712854757929884508e-01
7.512520868113522488e-01
7.111853088480801777e-01
7.011686143572621877e-01
6.611018363939900055e-01
6.410684474123540255e-01
