1.766233766233766378e+00
1.734782608695652151e+00
1.706783369803063444e+00
1.665198237885462618e+00
1.636363636363636243e+00
1.602671118530884842e+00
1.562604340567612882e+00
1.522537562604340478e+00
1.482470784641068517e+00
1.442404006677796557e+00
1.392320534223706163e+00
1.362270450751252193e+00
1.312186978297162021e+00
1.262103505843071849e+00
1.222036727879799667e+00
1.161936560934891505e+00
1.111853088480801555e+00
1.051752921535893170e+00
9.916527545909850083e-01
9.315525876460767352e-01
8.514190317195324820e-01
7.813021702838064408e-01
7.011686143572621877e-01
6.010016694490818434e-01
4.808013355592654636e-01
3.305509181969950028e-01
1.702838063439065242e-01
6.010016694490818295e-02
-5.008347245409015130e-02
-1.302170283806343976e-01
-2.103505843071786230e-01
-2.804674457429048862e-01
-3.505843071786310938e-01
-4.207011686143572460e-01
-4.908180300500835092e-01
-5.609348914858097723e-01
-6.210350584307179345e-01
-6.911519198664440866e-01
-7.512520868113522488e-01
-8.113522537562604109e-01
-8.914858096828046641e-01
-9.515859766277129372e-01
-1.021702838063439200e+00
-1.081803005008347363e+00
-1.141903171953255525e+00
-1.212020033388981677e+00
-1.272120200333890061e+00
-1.322203672787980011e+00
-1.392320534223706163e+00
-1.432387312186978345e+00
