1.772954924874791338e+00
1.762938230383973348e+00
1.752921535893155358e+00
1.742904841402337368e+00
1.732888146911519378e+00
1.712854757929883398e+00
1.702838063439064964e+00
1.692821368948246974e+00
1.672787979966610994e+00
1.662771285475793004e+00
1.652754590984975014e+00
1.632721202003339034e+00
1.622704507512520822e+00
1.612687813021702832e+00
1.592654424040066852e+00
1.582637729549248862e+00
1.572621035058430872e+00
1.552587646076794892e+00
1.542570951585976902e+00
1.522537562604340478e+00
1.512520868113522488e+00
1.502504173622704498e+00
1.482470784641068517e+00
1.472454090150250527e+00
1.452420701168614547e+00
1.432387312186978345e+00
1.412353923205342365e+00
1.402337228714524375e+00
1.382303839732888173e+00
1.372287145242070183e+00
1.352253756260433981e+00
1.332220367278798001e+00
1.322203672787980011e+00
1.302170283806344031e+00
1.292153589315526041e+00
1.272120200333890061e+00
1.252086811352253859e+00
1.232053422370617879e+00
1.202003338898163687e+00
1.191986644407345697e+00
1.171953255425709495e+00
1.151919866444073515e+00
1.131886477462437535e+00
1.111853088480801555e+00
1.091819699499165353e+00
1.061769616026711160e+00
1.051752921535893170e+00
1.021702838063439200e+00
1.001669449081802998e+00
9.816360601001670183e-01
