1.845769070446019233e+00
1.843268028345143916e+00
1.838265944143393060e+00
1.835764902042517743e+00
1.830762817840767109e+00
1.828261775739891792e+00
1.823259691538141158e+00
1.818257607336390080e+00
1.815756565235514763e+00
1.810754481033764129e+00
1.808253438932888812e+00
1.803251354731137956e+00
1.798249270529387323e+00
1.795748228428512006e+00
1.790746144226761372e+00
1.785744060025010294e+00
1.783243017924134977e+00
1.780741975823259660e+00
1.773238849520633709e+00
1.770737807419758392e+00
1.765735723218007536e+00
1.763234681117132219e+00
1.758232596915381585e+00
1.753230512713630951e+00
1.748228428511879873e+00
1.745727386411004556e+00
1.740725302209253922e+00
1.738224260108378605e+00
1.733222175906627749e+00
1.728220091704877115e+00
1.725719049604001798e+00
1.720716965402251164e+00
1.715714881200500086e+00
1.713213839099624769e+00
1.708211754897874135e+00
1.703209670696123501e+00
1.698207586494372645e+00
1.695706544393497328e+00
1.690704460191746694e+00
1.685702375989996060e+00
1.683201333889120743e+00
1.678199249687369665e+00
1.673197165485619031e+00
1.668009669621273172e+00
1.663702506063055697e+00
1.658022690437601421e+00
1.654531371030209197e+00
1.647735442127965522e+00
1.648261758691206502e+00
1.641361256544502600e+00
