2.136263736263736668e+00
2.134210526315789558e+00
2.126914660831509707e+00
2.122270742358078888e+00
2.117647058823529882e+00
2.113043478260869801e+00
2.111062906724511912e+00
2.106493506493506640e+00
2.101943844492440761e+00
2.097413793103448221e+00
2.092003439380911711e+00
2.087516087516087637e+00
2.080479452054794898e+00
2.078598889363520108e+00
2.075841499786962085e+00
2.066326530612245360e+00
2.066157760814249844e+00
2.059246720270842435e+00
2.052364864864864913e+00
2.049705139005897347e+00
2.047058823529412042e+00
2.040251572327044016e+00
2.037641154328732718e+00
2.035043804755944929e+00
2.015839933305544118e+00
2.008336807002918167e+00
2.005835764902042850e+00
2.000833680700292216e+00
1.995831596498540916e+00
1.990829512296790282e+00
1.985827428095039648e+00
1.980825343893289014e+00
1.978324301792413475e+00
1.973322217590662842e+00
1.968320133388912208e+00
1.963318049187161574e+00
1.958315964985410496e+00
1.953313880783659862e+00
1.948311796581909228e+00
1.940808670279283055e+00
1.935806586077532421e+00
1.930804501875781787e+00
1.925802417674030709e+00
1.923959827833572556e+00
1.915168943206326579e+00
1.910662824207492783e+00
1.906271536871123384e+00
1.902343750000000222e+00
1.895131086142322063e+00
1.889963724304715820e+00
