3.767550702028081400e+00
3.763424124513618629e+00
3.752913752913753065e+00
3.744186046511627897e+00
3.738390092879257054e+00
3.729729729729729826e+00
3.721109399075501312e+00
3.710769230769231264e+00
3.706830391404451142e+00
3.702909647779479396e+00
3.695150115473441410e+00
3.684210526315789824e+00
3.675799086757991052e+00
3.671981776765376182e+00
3.665903890160183476e+00
3.658093797276853021e+00
3.649811320754716704e+00
3.641566265060240948e+00
3.633358377160030184e+00
3.629685157421289166e+00
3.615269461077844415e+00
3.611650485436892932e+00
3.599105812220566136e+00
3.595539033457249012e+00
3.587537091988131088e+00
3.579570688378978627e+00
3.565152643335815608e+00
3.568165070007369266e+00
3.555882352941176716e+00
3.549853372434017995e+00
3.537673738112655286e+00
3.529927007299269892e+00
3.522214129643117531e+00
3.514534883720930480e+00
3.506889050036258393e+00
3.496746203904555816e+00
3.493506493506493449e+00
3.481641468682505458e+00
3.475951184493898172e+00
3.469358327325162250e+00
3.461043602573266487e+00
3.455452601568068438e+00
3.442693409742120458e+00
3.439716312056737557e+00
3.431603773584905870e+00
3.417721518987342222e+00
3.420131291028446707e+00
3.400835073068893877e+00
3.392607392607392303e+00
3.384023099133782964e+00
