2.341534008683068269e+00
2.337024554646124130e+00
2.331412103746397957e+00
2.329817833173537966e+00
2.321377331420373391e+00
2.319809069212410702e+00
2.311428571428571388e+00
2.304182509505703802e+00
2.304409672830725508e+00
2.298959318826868437e+00
2.291784702549575226e+00
2.289213377296278829e+00
2.286654135338345828e+00
2.281293952180028395e+00
2.275958840037418440e+00
2.268907563025210017e+00
2.260829063809967732e+00
2.258364312267658214e+00
2.253129346314325598e+00
2.247918593894542294e+00
2.242731887401938184e+00
2.234806629834254377e+00
2.232429949471750330e+00
2.231791113147045813e+00
2.226691042047532321e+00
2.221614227086183391e+00
2.213830755232029102e+00
2.206082614616432291e+00
2.202806699864192197e+00
2.197831978319783275e+00
2.191891891891891930e+00
2.189662921348314750e+00
2.181084715374271621e+00
2.176207513416815953e+00
2.170383586083854066e+00
2.165554072096128380e+00
2.159786950732356825e+00
2.156706507304117171e+00
2.150993377483443769e+00
2.146255506607929409e+00
2.137961335676625829e+00
2.134969325153374342e+00
2.131993006993007089e+00
2.129172714078374717e+00
2.131693198263386435e+00
2.122743682310469282e+00
2.119341563786008464e+00
2.110317975340687990e+00
2.099626400996264408e+00
2.090415913200723619e+00
