7.212020033388982787e-01
6.711185308848079956e-01
6.310517529215359245e-01
5.709515859766277623e-01
5.008347245409014992e-01
4.407345575959933370e-01
3.505843071786310938e-01
2.504173622704507496e-01
1.402337228714524431e-01
-2.003338898163606330e-02
-7.512520868113522488e-01
-7.512520868113522488e-01
-7.512520868113522488e-01
-7.512520868113522488e-01
-7.512520868113522488e-01
-7.512520868113522488e-01
-7.512520868113522488e-01
-7.512520868113522488e-01
-7.512520868113522488e-01
-7.512520868113522488e-01
-7.512520868113522488e-01
-7.512520868113522488e-01
-7.512520868113522488e-01
-7.512520868113522488e-01
-7.512520868113522488e-01
-7.512520868113522488e-01
-7.512520868113522488e-01
-7.512520868113522488e-01
-7.512520868113522488e-01
-7.512520868113522488e-01
-7.512520868113522488e-01
-7.512520868113522488e-01
-7.512520868113522488e-01
-7.512520868113522488e-01
-7.412353923205342587e-01
-7.512520868113522488e-01
-7.512520868113522488e-01
-7.512520868113522488e-01
-7.512520868113522488e-01
-7.512520868113522488e-01
-7.512520868113522488e-01
-7.512520868113522488e-01
-7.412353923205342587e-01
-7.412353923205342587e-01
-7.512520868113522488e-01
-7.512520868113522488e-01
-7.512520868113522488e-01
-7.512520868113522488e-01
-7.512520868113522488e-01
-7.512520868113522488e-01
