1.941618015012510412e+00
1.906588824020016837e+00
1.871559633027523040e+00
1.831526271893244351e+00
1.786488740617180992e+00
1.746455379482902304e+00
1.706422018348624059e+00
1.661384487072560701e+00
1.616346955796497342e+00
1.571309424520433540e+00
1.526271893244370181e+00
1.476230191826522153e+00
1.426188490408674125e+00
1.371142618849040984e+00
1.316096747289408064e+00
1.251042535446205362e+00
1.195996663886572220e+00
1.125938281901584626e+00
1.050875729774812584e+00
9.758131776480400976e-01
8.907422852376981615e-01
8.006672226855713337e-01
6.905754795663052725e-01
5.704753961634696502e-01
4.053377814845705029e-01
1.751459549624687362e-01
-4.653878231859883696e-01
-4.653878231859883696e-01
-4.653878231859883696e-01
-4.653878231859883696e-01
-4.653878231859883696e-01
-4.603836530442035335e-01
-4.653878231859883696e-01
-4.653878231859883696e-01
-4.653878231859883696e-01
-4.653878231859883696e-01
-4.653878231859883696e-01
-4.603836530442035335e-01
-4.653878231859883696e-01
-4.653878231859883696e-01
-4.653878231859883696e-01
-4.653878231859883696e-01
-4.653878231859883696e-01
-4.653878231859883696e-01
-4.653878231859883696e-01
-4.603836530442035335e-01
-4.603836530442035335e-01
-4.653878231859883696e-01
-4.653878231859883696e-01
-4.653878231859883696e-01
