2.388118811881188464e+00
2.346303501945525394e+00
2.299332697807435544e+00
2.254205607476635898e+00
2.206770356816102563e+00
2.157423971377459893e+00
2.106550218340611735e+00
2.054514480408858645e+00
1.996663886572143554e+00
1.941618015012510412e+00
1.881567973311092823e+00
1.821517931609674790e+00
1.766472060050041648e+00
1.696413678065054276e+00
1.626355296080066681e+00
1.556296914095079309e+00
1.476230191826522153e+00
1.401167639699749889e+00
1.311092577147623173e+00
1.216013344453711564e+00
1.115929941618015064e+00
9.958298582151794420e-01
8.657214345287740365e-01
7.155963302752293975e-01
5.404503753127606336e-01
3.402835696413678557e-01
7.506255212677231947e-02
-9.257714762301918476e-01
-9.257714762301918476e-01
-9.257714762301918476e-01
-9.257714762301918476e-01
-9.257714762301918476e-01
-9.257714762301918476e-01
-9.257714762301918476e-01
-9.307756463719767392e-01
-9.257714762301918476e-01
-9.257714762301918476e-01
-9.307756463719767392e-01
-9.307756463719767392e-01
-9.257714762301918476e-01
-9.257714762301918476e-01
-9.257714762301918476e-01
-9.257714762301918476e-01
-9.257714762301918476e-01
-9.307756463719767392e-01
-9.307756463719767392e-01
-9.307756463719767392e-01
-9.307756463719767392e-01
-9.307756463719767392e-01
-9.257714762301918476e-01
