3.241935483870967527e+00
3.178335535006604928e+00
3.120622568093385674e+00
3.061068702290076438e+00
3.000000000000000000e+00
2.937728937728937950e+00
2.871121718377088516e+00
2.811188811188811254e+00
2.740909090909091184e+00
2.668141592920354466e+00
2.593548387096774377e+00
2.515119916579770631e+00
2.431451612903225978e+00
2.344023323615160415e+00
2.254205607476635898e+00
2.157423971377459893e+00
2.054514480408858645e+00
1.941618015012510412e+00
1.826522101751459681e+00
1.696413678065054276e+00
1.556296914095079309e+00
1.396163469557964998e+00
1.221017514595496234e+00
1.020850708924103456e+00
8.056713928273561143e-01
5.754795663052544308e-01
3.152627189324437307e-01
-3.502919099249374862e-02
-1.576313594662218653e+00
-1.576313594662218653e+00
-1.581317764804003323e+00
-1.581317764804003323e+00
-1.576313594662218653e+00
-1.581317764804003323e+00
-1.576313594662218653e+00
-1.576313594662218653e+00
-1.576313594662218653e+00
-1.581317764804003323e+00
-1.581317764804003323e+00
-1.576313594662218653e+00
-1.576313594662218653e+00
-1.576313594662218653e+00
-1.576313594662218653e+00
-1.576313594662218653e+00
-1.581317764804003323e+00
-1.581317764804003323e+00
-1.581317764804003323e+00
-1.581317764804003323e+00
-1.581317764804003323e+00
-1.581317764804003323e+00
