1.966638865721434426e+00
1.931609674728940851e+00
1.896580483736447054e+00
1.851542952460383695e+00
1.811509591326105006e+00
1.771476230191826762e+00
1.731442869057548073e+00
1.686405337781484715e+00
1.636363636363636243e+00
1.596330275229357998e+00
1.546288573811509526e+00
1.496246872393661498e+00
1.441201000834028356e+00
1.391159299416180106e+00
1.331109257714762295e+00
1.271059216013344484e+00
1.211009174311926673e+00
1.140950792326939300e+00
1.070892410341951706e+00
9.908256880733945504e-01
9.057547956630525032e-01
8.106755629691410059e-01
7.005838198498749447e-01
5.754795663052544308e-01
4.153461217681401751e-01
1.901584653878231890e-01
-5.004170141784820558e-01
-5.004170141784820558e-01
-4.954128440366972752e-01
-5.004170141784820558e-01
-5.004170141784820558e-01
-4.954128440366972752e-01
-5.004170141784820558e-01
-4.954128440366972752e-01
-5.004170141784820558e-01
-5.004170141784820558e-01
-5.004170141784820558e-01
-4.954128440366972752e-01
-4.954128440366972752e-01
-5.004170141784820558e-01
-5.004170141784820558e-01
-5.004170141784820558e-01
-5.004170141784820558e-01
-4.954128440366972752e-01
-4.954128440366972752e-01
-4.954128440366972752e-01
-4.954128440366972752e-01
-4.954128440366972752e-01
-4.954128440366972752e-01
-5.004170141784820558e-01
