1.871559633027523040e+00
1.831526271893244351e+00
1.796497080900750776e+00
1.756463719766472087e+00
1.721434528773978290e+00
1.686405337781484715e+00
1.641367806505421356e+00
1.601334445371142667e+00
1.556296914095079309e+00
1.511259382819015951e+00
1.466221851542952592e+00
1.416180150125104342e+00
1.366138448707256092e+00
1.316096747289408064e+00
1.266055045871559814e+00
1.206005004170142003e+00
1.145954962468723970e+00
1.080900750625521267e+00
1.015846538782318564e+00
9.357798165137615198e-01
8.557130942452043643e-01
7.656380316930776475e-01
6.655546288573811475e-01
5.454545454545455252e-01
3.853211009174312141e-01
1.401167639699749945e-01
-3.502919099249374724e-01
-3.502919099249374724e-01
-3.502919099249374724e-01
-3.502919099249374724e-01
-3.502919099249374724e-01
-3.502919099249374724e-01
-3.502919099249374724e-01
-3.552960800667223085e-01
-3.502919099249374724e-01
-3.502919099249374724e-01
-3.502919099249374724e-01
-3.552960800667223085e-01
-3.502919099249374724e-01
-3.502919099249374724e-01
-3.502919099249374724e-01
-3.502919099249374724e-01
-3.502919099249374724e-01
-3.502919099249374724e-01
-3.502919099249374724e-01
-3.552960800667223085e-01
-3.552960800667223085e-01
-3.502919099249374724e-01
-3.502919099249374724e-01
-3.502919099249374724e-01
