0.000e+00  0.000e+00  5.557e-44
1.000e+00  0.000e+00  5.557e-44
2.000e+00  0.000e+00  5.557e-44
3.000e+00  0.000e+00  5.557e-44
4.000e+00  0.000e+00  5.557e-44
5.000e+00  0.000e+00  5.557e-44
6.000e+00  0.000e+00  5.557e-44
7.000e+00  0.000e+00  5.557e-44
8.000e+00  0.000e+00  5.557e-44
9.000e+00  0.000e+00  5.557e-44
1.000e+01  0.000e+00  5.557e-44
1.100e+01  0.000e+00  5.557e-44
1.200e+01  0.000e+00  5.557e-44
1.300e+01  0.000e+00  5.557e-44
1.400e+01  0.000e+00  5.557e-44
1.500e+01  0.000e+00  5.557e-44
1.600e+01  0.000e+00  5.557e-44
1.700e+01  0.000e+00  5.557e-44
1.800e+01  0.000e+00  5.557e-44
1.900e+01  0.000e+00  5.557e-44
2.000e+01  0.000e+00  5.557e-44
2.100e+01  0.000e+00  5.557e-44
2.200e+01  0.000e+00  5.557e-44
2.300e+01  0.000e+00  5.557e-44
2.400e+01  0.000e+00  5.557e-44
2.500e+01  0.000e+00  5.557e-44
2.600e+01  0.000e+00  5.557e-44
2.700e+01  0.000e+00  5.557e-44
2.800e+01  0.000e+00  5.557e-44
2.900e+01  0.000e+00  5.557e-44
3.000e+01  0.000e+00  5.557e-44
3.100e+01  0.000e+00  5.557e-44
3.200e+01  0.000e+00  5.557e-44
3.300e+01  0.000e+00  5.557e-44
3.400e+01  0.000e+00  5.557e-44
3.500e+01  0.000e+00  5.557e-44
3.600e+01  0.000e+00  5.557e-44
3.700e+01  0.000e+00  5.557e-44
3.800e+01  0.000e+00  5.557e-44
3.900e+01  0.000e+00  5.557e-44
4.000e+01  0.000e+00  5.557e-44
4.100e+01  0.000e+00  5.557e-44
4.200e+01  0.000e+00  5.557e-44
4.300e+01  0.000e+00  5.557e-44
4.400e+01  0.000e+00  5.557e-44
4.500e+01  0.000e+00  5.557e-44
4.600e+01  0.000e+00  5.557e-44
4.700e+01  0.000e+00  5.557e-44
4.800e+01  0.000e+00  5.557e-44
4.900e+01  0.000e+00  5.557e-44
5.000e+01  0.000e+00  5.557e-44
5.100e+01  0.000e+00  5.557e-44
5.200e+01  0.000e+00  5.557e-44
5.300e+01  0.000e+00  5.557e-44
5.400e+01  0.000e+00  5.557e-44
5.500e+01  0.000e+00  5.557e-44
5.600e+01  0.000e+00  5.557e-44
5.700e+01  0.000e+00  5.557e-44
5.800e+01  0.000e+00  5.557e-44
5.900e+01  0.000e+00  5.557e-44
6.000e+01  0.000e+00  5.557e-44
6.100e+01  0.000e+00  5.557e-44
6.200e+01  0.000e+00  5.557e-44
6.300e+01  0.000e+00  5.557e-44
6.400e+01  0.000e+00  5.557e-44
6.500e+01  0.000e+00  5.557e-44
6.600e+01  0.000e+00  5.557e-44
6.700e+01  0.000e+00  5.557e-44
6.800e+01  0.000e+00  5.557e-44
6.900e+01  0.000e+00  5.557e-44
7.000e+01  0.000e+00  5.557e-44
7.100e+01  0.000e+00  5.557e-44
7.200e+01  0.000e+00  5.557e-44
7.300e+01  0.000e+00  5.557e-44
7.400e+01  0.000e+00  5.557e-44
7.500e+01  0.000e+00  5.557e-44
7.600e+01  0.000e+00  5.557e-44
7.700e+01  0.000e+00  5.557e-44
7.800e+01  0.000e+00  5.557e-44
7.900e+01  0.000e+00  5.557e-44
8.000e+01  0.000e+00  5.557e-44
8.100e+01  0.000e+00  5.557e-44
8.200e+01  0.000e+00  5.557e-44
8.300e+01  0.000e+00  5.557e-44
8.400e+01  0.000e+00  5.557e-44
8.500e+01  0.000e+00  5.557e-44
8.600e+01  0.000e+00  5.557e-44
8.700e+01  0.000e+00  5.557e-44
8.800e+01  0.000e+00  5.557e-44
8.900e+01  0.000e+00  5.557e-44
9.000e+01  0.000e+00  5.557e-44
9.100e+01  0.000e+00  5.557e-44
9.200e+01  0.000e+00  5.557e-44
9.300e+01  0.000e+00  5.557e-44
9.400e+01  0.000e+00  5.557e-44
9.500e+01  0.000e+00  5.557e-44
9.600e+01  0.000e+00  5.557e-44
9.700e+01  0.000e+00  5.557e-44
9.800e+01  0.000e+00  5.557e-44
9.900e+01  0.000e+00  5.557e-44
1.000e+02  0.000e+00  5.557e-44
1.010e+02  0.000e+00  5.557e-44
1.020e+02  0.000e+00  5.557e-44
1.030e+02  0.000e+00  5.557e-44
1.040e+02  0.000e+00  5.557e-44
1.050e+02  0.000e+00  5.557e-44
1.060e+02  0.000e+00  5.557e-44
1.070e+02  0.000e+00  5.557e-44
1.080e+02  0.000e+00  5.557e-44
1.090e+02  0.000e+00  5.557e-44
1.100e+02  0.000e+00  5.557e-44
1.110e+02  0.000e+00  5.557e-44
1.120e+02  0.000e+00  5.557e-44
1.130e+02  0.000e+00  5.557e-44
1.140e+02  0.000e+00  5.557e-44
1.150e+02  0.000e+00  5.557e-44
1.160e+02  0.000e+00  5.557e-44
1.170e+02  0.000e+00  5.557e-44
1.180e+02  0.000e+00  5.557e-44
1.190e+02  0.000e+00  5.557e-44
1.200e+02  0.000e+00  5.557e-44
1.210e+02  0.000e+00  5.557e-44
1.220e+02  0.000e+00  5.557e-44
1.230e+02  0.000e+00  5.557e-44
1.240e+02  0.000e+00  5.557e-44
1.250e+02  0.000e+00  5.557e-44
1.260e+02  0.000e+00  5.557e-44
1.270e+02  0.000e+00  5.557e-44
1.280e+02  0.000e+00  5.557e-44
1.290e+02  0.000e+00  5.557e-44
1.300e+02  0.000e+00  5.557e-44
1.310e+02  0.000e+00  5.557e-44
1.320e+02  0.000e+00  5.557e-44
1.330e+02  0.000e+00  5.557e-44
1.340e+02  0.000e+00  5.557e-44
1.350e+02  0.000e+00  5.557e-44
1.360e+02  0.000e+00  5.557e-44
1.370e+02  0.000e+00  5.557e-44
1.380e+02  0.000e+00  5.557e-44
1.390e+02  0.000e+00  5.557e-44
1.400e+02  0.000e+00  5.557e-44
1.410e+02  0.000e+00  5.557e-44
1.420e+02  0.000e+00  5.557e-44
1.430e+02  0.000e+00  5.557e-44
1.440e+02  0.000e+00  5.557e-44
1.450e+02  0.000e+00  5.557e-44
1.460e+02  0.000e+00  5.557e-44
1.470e+02  0.000e+00  5.557e-44
1.480e+02  0.000e+00  5.557e-44
1.490e+02  0.000e+00  5.557e-44
1.500e+02  0.000e+00  5.557e-44
1.510e+02  0.000e+00  5.557e-44
1.520e+02  0.000e+00  5.557e-44
1.530e+02  0.000e+00  5.557e-44
1.540e+02  0.000e+00  5.557e-44
1.550e+02  0.000e+00  5.557e-44
1.560e+02  0.000e+00  5.557e-44
1.570e+02  0.000e+00  5.557e-44
1.580e+02  0.000e+00  5.557e-44
1.590e+02  0.000e+00  5.557e-44
1.600e+02  0.000e+00  5.557e-44
1.610e+02  0.000e+00  5.557e-44
1.620e+02  0.000e+00  5.557e-44
1.630e+02  0.000e+00  5.557e-44
1.640e+02  0.000e+00  5.557e-44
1.650e+02  0.000e+00  5.557e-44
1.660e+02  0.000e+00  5.557e-44
1.670e+02  0.000e+00  5.557e-44
1.680e+02  0.000e+00  5.557e-44
1.690e+02  0.000e+00  5.557e-44
1.700e+02  0.000e+00  5.557e-44
1.710e+02  0.000e+00  5.557e-44
1.720e+02  0.000e+00  5.557e-44
1.730e+02  0.000e+00  5.557e-44
1.740e+02  0.000e+00  5.557e-44
1.750e+02  0.000e+00  5.557e-44
1.760e+02  0.000e+00  5.557e-44
1.770e+02  0.000e+00  5.557e-44
1.780e+02  0.000e+00  5.557e-44
1.790e+02  0.000e+00  5.557e-44
1.800e+02  0.000e+00  5.557e-44
1.810e+02  0.000e+00  5.557e-44
1.820e+02  0.000e+00  5.557e-44
1.830e+02  0.000e+00  5.557e-44
1.840e+02  0.000e+00  5.557e-44
1.850e+02  0.000e+00  5.557e-44
1.860e+02  0.000e+00  5.557e-44
1.870e+02  0.000e+00  5.557e-44
1.880e+02  0.000e+00  5.557e-44
1.890e+02  0.000e+00  5.557e-44
1.900e+02  0.000e+00  5.557e-44
1.910e+02  0.000e+00  5.557e-44
1.920e+02  0.000e+00  5.557e-44
1.930e+02  0.000e+00  5.557e-44
1.940e+02  0.000e+00  5.557e-44
1.950e+02  0.000e+00  5.557e-44
1.960e+02  0.000e+00  5.557e-44
1.970e+02  0.000e+00  5.557e-44
1.980e+02  0.000e+00  5.557e-44
1.990e+02  0.000e+00  5.557e-44
2.000e+02  0.000e+00  5.557e-44
2.010e+02  0.000e+00  5.557e-44
2.020e+02  0.000e+00  5.557e-44
2.030e+02  0.000e+00  5.557e-44
2.040e+02  0.000e+00  5.557e-44
2.050e+02  0.000e+00  5.557e-44
2.060e+02  0.000e+00  5.557e-44
2.070e+02  0.000e+00  5.557e-44
2.080e+02  0.000e+00  5.557e-44
2.090e+02  0.000e+00  5.557e-44
2.100e+02  0.000e+00  5.557e-44
2.110e+02  0.000e+00  5.557e-44
2.120e+02  0.000e+00  5.557e-44
2.130e+02  0.000e+00  5.557e-44
2.140e+02  0.000e+00  5.557e-44
2.150e+02  0.000e+00  5.557e-44
2.160e+02  0.000e+00  5.557e-44
2.170e+02  0.000e+00  5.557e-44
2.180e+02  0.000e+00  5.557e-44
2.190e+02  0.000e+00  5.557e-44
2.200e+02  0.000e+00  5.557e-44
2.210e+02  0.000e+00  5.557e-44
2.220e+02  0.000e+00  5.557e-44
2.230e+02  0.000e+00  5.557e-44
2.240e+02  0.000e+00  5.557e-44
2.250e+02  0.000e+00  5.557e-44
2.260e+02  0.000e+00  5.557e-44
2.270e+02  0.000e+00  5.557e-44
2.280e+02  0.000e+00  5.557e-44
2.290e+02  0.000e+00  5.557e-44
2.300e+02  0.000e+00  5.557e-44
2.310e+02  0.000e+00  5.557e-44
2.320e+02  0.000e+00  5.557e-44
2.330e+02  0.000e+00  5.557e-44
2.340e+02  0.000e+00  5.557e-44
2.350e+02  0.000e+00  5.557e-44
2.360e+02  0.000e+00  5.557e-44
2.370e+02  0.000e+00  5.557e-44
2.380e+02  0.000e+00  5.557e-44
2.390e+02  0.000e+00  5.557e-44
2.400e+02  0.000e+00  5.557e-44
2.410e+02  0.000e+00  5.557e-44
2.420e+02  0.000e+00  5.557e-44
2.430e+02  0.000e+00  5.557e-44
2.440e+02  0.000e+00  5.557e-44
2.450e+02  0.000e+00  5.557e-44
2.460e+02  0.000e+00  5.557e-44
2.470e+02  0.000e+00  5.557e-44
2.480e+02  0.000e+00  5.557e-44
2.490e+02  0.000e+00  5.557e-44
2.500e+02  0.000e+00  5.557e-44
2.510e+02  0.000e+00  5.557e-44
2.520e+02  0.000e+00  5.557e-44
2.530e+02  0.000e+00  5.557e-44
2.540e+02  0.000e+00  5.557e-44
2.550e+02  0.000e+00  5.557e-44
2.560e+02  0.000e+00  5.557e-44
2.570e+02  0.000e+00  5.557e-44
2.580e+02  0.000e+00  5.557e-44
2.590e+02  0.000e+00  5.557e-44
2.600e+02  0.000e+00  5.557e-44
2.610e+02  0.000e+00  5.557e-44
2.620e+02  0.000e+00  5.557e-44
2.630e+02  0.000e+00  5.557e-44
2.640e+02  0.000e+00  5.557e-44
2.650e+02  0.000e+00  5.557e-44
2.660e+02  0.000e+00  5.557e-44
2.670e+02  0.000e+00  5.557e-44
2.680e+02  0.000e+00  5.557e-44
2.690e+02  0.000e+00  5.557e-44
2.700e+02  0.000e+00  5.557e-44
2.710e+02  0.000e+00  5.557e-44
2.720e+02  0.000e+00  5.557e-44
2.730e+02  0.000e+00  5.557e-44
2.740e+02  0.000e+00  5.557e-44
2.750e+02  0.000e+00  5.557e-44
2.760e+02  0.000e+00  5.557e-44
2.770e+02  0.000e+00  5.557e-44
2.780e+02  0.000e+00  5.557e-44
2.790e+02  0.000e+00  5.557e-44
2.800e+02  0.000e+00  5.557e-44
2.810e+02  0.000e+00  5.557e-44
2.820e+02  0.000e+00  5.557e-44
2.830e+02  0.000e+00  5.557e-44
2.840e+02  0.000e+00  5.557e-44
2.850e+02  0.000e+00  5.557e-44
2.860e+02  0.000e+00  5.557e-44
2.870e+02  0.000e+00  5.557e-44
2.880e+02  0.000e+00  5.557e-44
2.890e+02  0.000e+00  5.557e-44
2.900e+02  0.000e+00  5.557e-44
2.910e+02  0.000e+00  5.557e-44
2.920e+02  0.000e+00  5.557e-44
2.930e+02  0.000e+00  5.557e-44
2.940e+02  0.000e+00  5.557e-44
2.950e+02  0.000e+00  5.557e-44
2.960e+02  0.000e+00  5.557e-44
2.970e+02  0.000e+00  5.557e-44
2.980e+02  0.000e+00  5.557e-44
2.990e+02  0.000e+00  5.557e-44
3.000e+02  0.000e+00  5.557e-44
3.010e+02  0.000e+00  5.557e-44
3.020e+02  0.000e+00  5.557e-44
3.030e+02  0.000e+00  5.557e-44
3.040e+02  0.000e+00  5.557e-44
3.050e+02  0.000e+00  5.557e-44
3.060e+02  0.000e+00  5.557e-44
3.070e+02  0.000e+00  5.557e-44
3.080e+02  0.000e+00  5.557e-44
3.090e+02  0.000e+00  5.557e-44
3.100e+02  0.000e+00  5.557e-44
3.110e+02  0.000e+00  5.557e-44
3.120e+02  0.000e+00  5.557e-44
3.130e+02  0.000e+00  5.557e-44
3.140e+02  0.000e+00  5.557e-44
3.150e+02  0.000e+00  5.557e-44
3.160e+02  0.000e+00  5.557e-44
3.170e+02  0.000e+00  5.557e-44
3.180e+02  0.000e+00  5.557e-44
3.190e+02  0.000e+00  5.557e-44
3.200e+02  2.470e-323  5.557e-44
3.210e+02  1.038e-322  5.557e-44
3.220e+02  4.397e-322  5.557e-44
3.230e+02  1.892e-321  5.557e-44
3.240e+02  8.122e-321  5.557e-44
3.250e+02  3.489e-320  5.557e-44
3.260e+02  1.497e-319  5.557e-44
3.270e+02  6.414e-319  5.557e-44
3.280e+02  2.745e-318  5.557e-44
3.290e+02  1.174e-317  5.557e-44
3.300e+02  5.012e-317  5.557e-44
3.310e+02  2.138e-316  5.557e-44
3.320e+02  9.106e-316  5.557e-44
3.330e+02  3.874e-315  5.557e-44
3.340e+02  1.646e-314  5.557e-44
3.350e+02  6.988e-314  5.557e-44
3.360e+02  2.962e-313  5.557e-44
3.370e+02  1.254e-312  5.557e-44
3.380e+02  5.304e-312  5.557e-44
3.390e+02  2.240e-311  5.557e-44
3.400e+02  9.450e-311  5.557e-44
3.410e+02  3.981e-310  5.557e-44
3.420e+02  1.675e-309  5.557e-44
3.430e+02  7.042e-309  5.557e-44
3.440e+02  2.956e-308  5.557e-44
3.450e+02  1.239e-307  5.557e-44
3.460e+02  5.189e-307  5.557e-44
3.470e+02  2.170e-306  5.557e-44
3.480e+02  9.065e-306  5.557e-44
3.490e+02  3.782e-305  5.557e-44
3.500e+02  1.576e-304  5.557e-44
3.510e+02  6.557e-304  5.557e-44
3.520e+02  2.725e-303  5.557e-44
3.530e+02  1.131e-302  5.557e-44
3.540e+02  4.690e-302  5.557e-44
3.550e+02  1.942e-301  5.557e-44
3.560e+02  8.030e-301  5.557e-44
3.570e+02  3.316e-300  5.557e-44
3.580e+02  1.368e-299  5.557e-44
3.590e+02  5.636e-299  5.557e-44
3.600e+02  2.319e-298  5.557e-44
3.610e+02  9.529e-298  5.557e-44
3.620e+02  3.911e-297  5.557e-44
3.630e+02  1.603e-296  5.557e-44
3.640e+02  6.562e-296  5.557e-44
3.650e+02  2.683e-295  5.557e-44
3.660e+02  1.096e-294  5.557e-44
3.670e+02  4.468e-294  5.557e-44
3.680e+02  1.820e-293  5.557e-44
3.690e+02  7.402e-293  5.557e-44
3.700e+02  3.007e-292  5.557e-44
3.710e+02  1.220e-291  5.557e-44
3.720e+02  4.943e-291  5.557e-44
3.730e+02  2.000e-290  5.557e-44
3.740e+02  8.085e-290  5.557e-44
3.750e+02  3.263e-289  5.557e-44
3.760e+02  1.316e-288  5.557e-44
3.770e+02  5.296e-288  5.557e-44
3.780e+02  2.129e-287  5.557e-44
3.790e+02  8.551e-287  5.557e-44
3.800e+02  3.429e-286  5.557e-44
3.810e+02  1.373e-285  5.557e-44
3.820e+02  5.493e-285  5.557e-44
3.830e+02  2.194e-284  5.557e-44
3.840e+02  8.754e-284  5.557e-44
3.850e+02  3.488e-283  5.557e-44
3.860e+02  1.388e-282  5.557e-44
3.870e+02  5.515e-282  5.557e-44
3.880e+02  2.188e-281  5.557e-44
3.890e+02  8.673e-281  5.557e-44
3.900e+02  3.433e-280  5.557e-44
3.910e+02  1.357e-279  5.557e-44
3.920e+02  5.357e-279  5.557e-44
3.930e+02  2.112e-278  5.557e-44
3.940e+02  8.315e-278  5.557e-44
3.950e+02  3.269e-277  5.557e-44
3.960e+02  1.284e-276  5.557e-44
3.970e+02  5.034e-276  5.557e-44
3.980e+02  1.972e-275  5.557e-44
3.990e+02  7.711e-275  5.557e-44
4.000e+02  3.012e-274  5.557e-44
4.010e+02  1.175e-273  5.557e-44
4.020e+02  4.576e-273  5.557e-44
4.030e+02  1.780e-272  5.557e-44
4.040e+02  6.916e-272  5.557e-44
4.050e+02  2.683e-271  5.557e-44
4.060e+02  1.040e-270  5.557e-44
4.070e+02  4.023e-270  5.557e-44
4.080e+02  1.555e-269  5.557e-44
4.090e+02  5.999e-269  5.557e-44
4.100e+02  2.312e-268  5.557e-44
4.110e+02  8.898e-268  5.557e-44
4.120e+02  3.420e-267  5.557e-44
4.130e+02  1.313e-266  5.557e-44
4.140e+02  5.031e-266  5.557e-44
4.150e+02  1.926e-265  5.557e-44
4.160e+02  7.361e-265  5.557e-44
4.170e+02  2.810e-264  5.557e-44
4.180e+02  1.071e-263  5.557e-44
4.190e+02  4.079e-263  5.557e-44
4.200e+02  1.551e-262  5.557e-44
4.210e+02  5.887e-262  5.557e-44
4.220e+02  2.232e-261  5.557e-44
4.230e+02  8.452e-261  5.557e-44
4.240e+02  3.196e-260  5.557e-44
4.250e+02  1.207e-259  5.557e-44
4.260e+02  4.551e-259  5.557e-44
4.270e+02  1.714e-258  5.557e-44
4.280e+02  6.445e-258  5.557e-44
4.290e+02  2.421e-257  5.557e-44
4.300e+02  9.078e-257  5.557e-44
4.310e+02  3.400e-256  5.557e-44
4.320e+02  1.272e-255  5.557e-44
4.330e+02  4.750e-255  5.557e-44
4.340e+02  1.772e-254  5.557e-44
4.350e+02  6.601e-254  5.557e-44
4.360e+02  2.456e-253  5.557e-44
4.370e+02  9.123e-253  5.557e-44
4.380e+02  3.385e-252  5.557e-44
4.390e+02  1.254e-251  5.557e-44
4.400e+02  4.640e-251  5.557e-44
4.410e+02  1.714e-250  5.557e-44
4.420e+02  6.327e-250  5.557e-44
4.430e+02  2.332e-249  5.557e-44
4.440e+02  8.581e-249  5.557e-44
4.450e+02  3.154e-248  5.557e-44
4.460e+02  1.158e-247  5.557e-44
4.470e+02  4.244e-247  5.557e-44
4.480e+02  1.554e-246  5.557e-44
4.490e+02  5.682e-246  5.557e-44
4.500e+02  2.075e-245  5.557e-44
4.510e+02  7.568e-245  5.557e-44
4.520e+02  2.757e-244  5.557e-44
4.530e+02  1.003e-243  5.557e-44
4.540e+02  3.645e-243  5.557e-44
4.550e+02  1.323e-242  5.557e-44
4.560e+02  4.797e-242  5.557e-44
4.570e+02  1.737e-241  5.557e-44
4.580e+02  6.284e-241  5.557e-44
4.590e+02  2.271e-240  5.557e-44
4.600e+02  8.199e-240  5.557e-44
4.610e+02  2.957e-239  5.557e-44
4.620e+02  1.066e-238  5.557e-44
4.630e+02  3.836e-238  5.557e-44
4.640e+02  1.380e-237  5.557e-44
4.650e+02  4.962e-237  5.557e-44
4.660e+02  1.783e-236  5.557e-44
4.670e+02  6.404e-236  5.557e-44
4.680e+02  2.299e-235  5.557e-44
4.690e+02  8.253e-235  5.557e-44
4.700e+02  2.963e-234  5.557e-44
4.710e+02  1.064e-233  5.557e-44
4.720e+02  3.820e-233  5.557e-44
4.730e+02  1.373e-232  5.557e-44
4.740e+02  4.937e-232  5.557e-44
4.750e+02  1.778e-231  5.557e-44
4.760e+02  6.410e-231  5.557e-44
4.770e+02  2.316e-230  5.557e-44
4.780e+02  8.384e-230  5.557e-44
4.790e+02  3.043e-229  5.557e-44
4.800e+02  1.108e-228  5.557e-44
4.810e+02  4.048e-228  5.557e-44
4.820e+02  1.485e-227  5.557e-44
4.830e+02  5.470e-227  5.557e-44
4.840e+02  2.025e-226  5.557e-44
4.850e+02  7.536e-226  5.557e-44
4.860e+02  2.820e-225  5.557e-44
4.870e+02  1.061e-224  5.557e-44
4.880e+02  4.020e-224  5.557e-44
4.890e+02  1.532e-223  5.557e-44
4.900e+02  5.876e-223  5.557e-44
4.910e+02  2.268e-222  5.557e-44
4.920e+02  8.809e-222  5.557e-44
4.930e+02  3.443e-221  5.557e-44
4.940e+02  1.353e-220  5.557e-44
4.950e+02  5.349e-220  5.557e-44
4.960e+02  2.125e-219  5.557e-44
4.970e+02  8.485e-219  5.557e-44
4.980e+02  3.403e-218  5.557e-44
4.990e+02  1.371e-217  5.557e-44
5.000e+02  5.541e-217  5.557e-44
5.010e+02  2.247e-216  5.557e-44
5.020e+02  9.145e-216  5.557e-44
5.030e+02  3.731e-215  5.557e-44
5.040e+02  1.526e-214  5.557e-44
5.050e+02  6.256e-214  5.557e-44
5.060e+02  2.570e-213  5.557e-44
5.070e+02  1.058e-212  5.557e-44
5.080e+02  4.360e-212  5.557e-44
5.090e+02  1.800e-211  5.557e-44
5.100e+02  7.440e-211  5.557e-44
5.110e+02  3.079e-210  5.557e-44
5.120e+02  1.276e-209  5.557e-44
5.130e+02  5.292e-209  5.557e-44
5.140e+02  2.197e-208  5.557e-44
5.150e+02  9.130e-208  5.557e-44
5.160e+02  3.797e-207  5.557e-44
5.170e+02  1.580e-206  5.557e-44
5.180e+02  6.582e-206  5.557e-44
5.190e+02  2.743e-205  5.557e-44
5.200e+02  1.144e-204  5.557e-44
5.210e+02  4.775e-204  5.557e-44
5.220e+02  1.994e-203  5.557e-44
5.230e+02  8.331e-203  5.557e-44
5.240e+02  3.483e-202  5.557e-44
5.250e+02  1.457e-201  5.557e-44
5.260e+02  6.097e-201  5.557e-44
5.270e+02  2.553e-200  5.557e-44
5.280e+02  1.069e-199  5.557e-44
5.290e+02  4.482e-199  5.557e-44
5.300e+02  1.879e-198  5.557e-44
5.310e+02  7.883e-198  5.557e-44
5.320e+02  3.308e-197  5.557e-44
5.330e+02  1.389e-196  5.557e-44
5.340e+02  5.833e-196  5.557e-44
5.350e+02  2.451e-195  5.557e-44
5.360e+02  1.030e-194  5.557e-44
5.370e+02  4.333e-194  5.557e-44
5.380e+02  1.823e-193  5.557e-44
5.390e+02  7.671e-193  5.557e-44
5.400e+02  3.229e-192  5.557e-44
5.410e+02  1.360e-191  5.557e-44
5.420e+02  5.730e-191  5.557e-44
5.430e+02  2.415e-190  5.557e-44
5.440e+02  1.018e-189  5.557e-44
5.450e+02  4.293e-189  5.557e-44
5.460e+02  1.811e-188  5.557e-44
5.470e+02  7.644e-188  5.557e-44
5.480e+02  3.227e-187  5.557e-44
5.490e+02  1.363e-186  5.557e-44
5.500e+02  5.756e-186  5.557e-44
5.510e+02  2.432e-185  5.557e-44
5.520e+02  1.028e-184  5.557e-44
5.530e+02  4.346e-184  5.557e-44
5.540e+02  1.838e-183  5.557e-44
5.550e+02  7.776e-183  5.557e-44
5.560e+02  3.290e-182  5.557e-44
5.570e+02  1.393e-181  5.557e-44
5.580e+02  5.897e-181  5.557e-44
5.590e+02  2.498e-180  5.557e-44
5.600e+02  1.058e-179  5.557e-44
5.610e+02  4.483e-179  5.557e-44
5.620e+02  1.900e-178  5.557e-44
5.630e+02  8.057e-178  5.557e-44
5.640e+02  3.417e-177  5.557e-44
5.650e+02  1.449e-176  5.557e-44
5.660e+02  6.149e-176  5.557e-44
5.670e+02  2.610e-175  5.557e-44
5.680e+02  1.108e-174  5.557e-44
5.690e+02  4.704e-174  5.557e-44
5.700e+02  1.998e-173  5.557e-44
5.710e+02  8.487e-173  5.557e-44
5.720e+02  3.606e-172  5.557e-44
5.730e+02  1.533e-171  5.557e-44
5.740e+02  6.515e-171  5.557e-44
5.750e+02  2.770e-170  5.557e-44
5.760e+02  1.178e-169  5.557e-44
5.770e+02  5.012e-169  5.557e-44
5.780e+02  2.132e-168  5.557e-44
5.790e+02  9.075e-168  5.557e-44
5.800e+02  3.863e-167  5.557e-44
5.810e+02  1.645e-166  5.557e-44
5.820e+02  7.004e-166  5.557e-44
5.830e+02  2.983e-165  5.557e-44
5.840e+02  1.271e-164  5.557e-44
5.850e+02  5.416e-164  5.557e-44
5.860e+02  2.308e-163  5.557e-44
5.870e+02  9.839e-163  5.557e-44
5.880e+02  4.195e-162  5.557e-44
5.890e+02  1.789e-161  5.557e-44
5.900e+02  7.630e-161  5.557e-44
5.910e+02  3.255e-160  5.557e-44
5.920e+02  1.389e-159  5.557e-44
5.930e+02  5.928e-159  5.557e-44
5.940e+02  2.530e-158  5.557e-44
5.950e+02  1.080e-157  5.557e-44
5.960e+02  4.613e-157  5.557e-44
5.970e+02  1.970e-156  5.557e-44
5.980e+02  8.416e-156  5.557e-44
5.990e+02  3.596e-155  5.557e-44
6.000e+02  1.536e-154  5.557e-44
6.010e+02  6.567e-154  5.557e-44
6.020e+02  2.807e-153  5.557e-44
6.030e+02  1.200e-152  5.557e-44
6.040e+02  5.132e-152  5.557e-44
6.050e+02  2.195e-151  5.557e-44
6.060e+02  9.389e-151  5.557e-44
6.070e+02  4.017e-150  5.557e-44
6.080e+02  1.719e-149  5.557e-44
6.090e+02  7.356e-149  5.557e-44
6.100e+02  3.149e-148  5.557e-44
6.110e+02  1.348e-147  5.557e-44
6.120e+02  5.772e-147  5.557e-44
6.130e+02  2.472e-146  5.557e-44
6.140e+02  1.059e-145  5.557e-44
6.150e+02  4.535e-145  5.557e-44
6.160e+02  1.943e-144  5.557e-44
6.170e+02  8.326e-144  5.557e-44
6.180e+02  3.568e-143  5.557e-44
6.190e+02  1.530e-142  5.557e-44
6.200e+02  6.557e-142  5.557e-44
6.210e+02  2.812e-141  5.557e-44
6.220e+02  1.206e-140  5.557e-44
6.230e+02  5.171e-140  5.557e-44
6.240e+02  2.218e-139  5.557e-44
6.250e+02  9.517e-139  5.557e-44
6.260e+02  4.084e-138  5.557e-44
6.270e+02  1.752e-137  5.557e-44
6.280e+02  7.522e-137  5.557e-44
6.290e+02  3.229e-136  5.557e-44
6.300e+02  1.386e-135  5.557e-44
6.310e+02  5.952e-135  5.557e-44
6.320e+02  2.556e-134  5.557e-44
6.330e+02  1.098e-133  5.557e-44
6.340e+02  4.716e-133  5.557e-44
6.350e+02  2.026e-132  5.557e-44
6.360e+02  8.706e-132  5.557e-44
6.370e+02  3.741e-131  5.557e-44
6.380e+02  1.608e-130  5.557e-44
6.390e+02  6.912e-130  5.557e-44
6.400e+02  2.972e-129  5.557e-44
6.410e+02  1.278e-128  5.557e-44
6.420e+02  5.494e-128  5.557e-44
6.430e+02  2.363e-127  5.557e-44
6.440e+02  1.016e-126  5.557e-44
6.450e+02  4.372e-126  5.557e-44
6.460e+02  1.881e-125  5.557e-44
6.470e+02  8.094e-125  5.557e-44
6.480e+02  3.483e-124  5.557e-44
6.490e+02  1.499e-123  5.557e-44
6.500e+02  6.453e-123  5.557e-44
6.510e+02  2.778e-122  5.557e-44
6.520e+02  1.196e-121  5.557e-44
6.530e+02  5.150e-121  5.557e-44
6.540e+02  2.218e-120  5.557e-44
6.550e+02  9.553e-120  5.557e-44
6.560e+02  4.115e-119  5.557e-44
6.570e+02  1.773e-118  5.557e-44
6.580e+02  7.639e-118  5.557e-44
6.590e+02  3.292e-117  5.557e-44
6.600e+02  1.419e-116  5.557e-44
6.610e+02  6.114e-116  5.557e-44
6.620e+02  2.635e-115  5.557e-44
6.630e+02  1.136e-114  5.557e-44
6.640e+02  4.899e-114  5.557e-44
6.650e+02  2.112e-113  5.557e-44
6.660e+02  9.109e-113  5.557e-44
6.670e+02  3.929e-112  5.557e-44
6.680e+02  1.695e-111  5.557e-44
6.690e+02  7.311e-111  5.557e-44
6.700e+02  3.154e-110  5.557e-44
6.710e+02  1.361e-109  5.557e-44
6.720e+02  5.873e-109  5.557e-44
6.730e+02  2.535e-108  5.557e-44
6.740e+02  1.094e-107  5.557e-44
6.750e+02  4.723e-107  5.557e-44
6.760e+02  2.039e-106  5.557e-44
6.770e+02  8.803e-106  5.557e-44
6.780e+02  3.801e-105  5.557e-44
6.790e+02  1.642e-104  5.557e-44
6.800e+02  7.090e-104  5.557e-44
6.810e+02  3.062e-103  5.557e-44
6.820e+02  1.323e-102  5.557e-44
6.830e+02  5.716e-102  5.557e-44
6.840e+02  2.470e-101  5.557e-44
6.850e+02  1.067e-100  5.557e-44
6.860e+02  4.612e-100  5.557e-44
6.870e+02  1.993e-99  5.557e-44
6.880e+02  8.615e-99  5.557e-44
6.890e+02  3.724e-98  5.557e-44
6.900e+02  1.610e-97  5.557e-44
6.910e+02  6.962e-97  5.557e-44
6.920e+02  3.010e-96  5.557e-44
6.930e+02  1.302e-95  5.557e-44
6.940e+02  5.631e-95  5.557e-44
6.950e+02  2.435e-94  5.557e-44
6.960e+02  1.054e-93  5.557e-44
6.970e+02  4.558e-93  5.557e-44
6.980e+02  1.972e-92  5.557e-44
6.990e+02  8.533e-92  5.557e-44
7.000e+02  3.693e-91  5.557e-44
7.010e+02  1.598e-90  5.557e-44
7.020e+02  6.917e-90  5.557e-44
7.030e+02  2.994e-89  5.557e-44
7.040e+02  1.296e-88  5.557e-44
7.050e+02  5.612e-88  5.557e-44
7.060e+02  2.430e-87  5.557e-44
7.070e+02  1.052e-86  5.557e-44
7.080e+02  4.556e-86  5.557e-44
7.090e+02  1.973e-85  5.557e-44
7.100e+02  8.547e-85  5.557e-44
7.110e+02  3.703e-84  5.557e-44
7.120e+02  1.604e-83  5.557e-44
7.130e+02  6.949e-83  5.557e-44
7.140e+02  3.011e-82  5.557e-44
7.150e+02  1.305e-81  5.557e-44
7.160e+02  5.655e-81  5.557e-44
7.170e+02  2.451e-80  5.557e-44
7.180e+02  1.062e-79  5.557e-44
7.190e+02  4.605e-79  5.557e-44
7.200e+02  1.996e-78  5.557e-44
7.210e+02  8.654e-78  5.557e-44
7.220e+02  3.752e-77  5.557e-44
7.230e+02  1.627e-76  5.557e-44
7.240e+02  7.056e-76  5.557e-44
7.250e+02  3.060e-75  5.557e-44
7.260e+02  1.327e-74  5.557e-44
7.270e+02  5.758e-74  5.557e-44
7.280e+02  2.498e-73  5.557e-44
7.290e+02  1.084e-72  5.557e-44
7.300e+02  4.702e-72  5.557e-44
7.310e+02  2.040e-71  5.557e-44
7.320e+02  8.853e-71  5.557e-44
7.330e+02  3.842e-70  5.557e-44
7.340e+02  1.668e-69  5.557e-44
7.350e+02  7.238e-69  5.557e-44
7.360e+02  3.142e-68  5.557e-44
7.370e+02  1.364e-67  5.557e-44
7.380e+02  5.922e-67  5.557e-44
7.390e+02  2.571e-66  5.557e-44
7.400e+02  1.116e-65  5.557e-44
7.410e+02  4.848e-65  5.557e-44
7.420e+02  2.106e-64  5.557e-44
7.430e+02  9.145e-64  5.557e-44
7.440e+02  3.972e-63  5.557e-44
7.450e+02  1.726e-62  5.557e-44
7.460e+02  7.496e-62  5.557e-44
7.470e+02  3.257e-61  5.557e-44
7.480e+02  1.415e-60  5.557e-44
7.490e+02  6.149e-60  5.557e-44
7.500e+02  2.672e-59  5.557e-44
7.510e+02  1.161e-58  5.557e-44
7.520e+02  5.047e-58  5.557e-44
7.530e+02  2.194e-57  5.557e-44
7.540e+02  9.536e-57  5.557e-44
7.550e+02  4.145e-56  5.557e-44
7.560e+02  1.802e-55  5.557e-44
7.570e+02  7.836e-55  5.557e-44
7.580e+02  3.407e-54  5.557e-44
7.590e+02  1.482e-53  5.557e-44
7.600e+02  6.443e-53  5.557e-44
7.610e+02  2.802e-52  5.557e-44
7.620e+02  1.219e-51  5.557e-44
7.630e+02  5.302e-51  5.557e-44
7.640e+02  2.306e-50  5.557e-44
7.650e+02  1.003e-49  5.557e-44
7.660e+02  4.365e-49  5.557e-44
7.670e+02  1.899e-48  5.557e-44
7.680e+02  8.263e-48  5.558e-44
7.690e+02  3.595e-47  5.561e-44
7.700e+02  1.563e-46  5.569e-44
7.710e+02  6.783e-46  5.590e-44
7.720e+02  2.925e-45  5.637e-44
7.730e+02  1.238e-44  5.751e-44
7.740e+02  4.997e-44  6.042e-44
7.750e+02  1.858e-43  6.827e-44
7.760e+02  6.276e-43  8.858e-44
7.770e+02  1.947e-42  1.385e-43
7.780e+02  5.648e-42  2.581e-43
7.790e+02  1.558e-41  5.417e-43
7.800e+02  4.135e-41  1.211e-42
7.810e+02  1.065e-40  2.785e-42
7.820e+02  2.675e-40  6.468e-42
7.830e+02  6.591e-40  1.504e-41
7.840e+02  1.597e-39  3.485e-41
7.850e+02  3.817e-39  8.037e-41
7.860e+02  9.014e-39  1.843e-40
7.870e+02  2.106e-38  4.199e-40
7.880e+02  4.876e-38  9.510e-40
7.890e+02  1.119e-37  2.141e-39
7.900e+02  2.551e-37  4.793e-39
7.910e+02  5.772e-37  1.067e-38
7.920e+02  1.298e-36  2.363e-38
7.930e+02  2.901e-36  5.207e-38
7.940e+02  6.450e-36  1.142e-37
7.950e+02  1.426e-35  2.492e-37
7.960e+02  3.139e-35  5.414e-37
7.970e+02  6.877e-35  1.171e-36
7.980e+02  1.500e-34  2.522e-36
7.990e+02  3.256e-34  5.410e-36
8.000e+02  7.041e-34  1.156e-35
8.010e+02  1.516e-33  2.459e-35
8.020e+02  3.253e-33  5.213e-35
8.030e+02  6.951e-33  1.101e-34
8.040e+02  1.480e-32  2.316e-34
8.050e+02  3.139e-32  4.855e-34
8.060e+02  6.633e-32  1.014e-33
8.070e+02  1.397e-31  2.110e-33
8.080e+02  2.931e-31  4.376e-33
8.090e+02  6.129e-31  9.044e-33
8.100e+02  1.277e-30  1.863e-32
8.110e+02  2.652e-30  3.822e-32
8.120e+02  5.490e-30  7.818e-32
8.130e+02  1.132e-29  1.594e-31
8.140e+02  2.328e-29  3.237e-31
8.150e+02  4.770e-29  6.554e-31
8.160e+02  9.740e-29  1.323e-30
8.170e+02  1.982e-28  2.660e-30
8.180e+02  4.022e-28  5.331e-30
8.190e+02  8.132e-28  1.065e-29
8.200e+02  1.639e-27  2.121e-29
8.210e+02  3.292e-27  4.208e-29
8.220e+02  6.590e-27  8.323e-29
8.230e+02  1.315e-26  1.641e-28
8.240e+02  2.616e-26  3.224e-28
8.250e+02  5.185e-26  6.313e-28
8.260e+02  1.025e-25  1.232e-27
8.270e+02  2.018e-25  2.397e-27
8.280e+02  3.961e-25  4.648e-27
8.290e+02  7.749e-25  8.981e-27
8.300e+02  1.511e-24  1.730e-26
8.310e+02  2.937e-24  3.321e-26
8.320e+02  5.690e-24  6.354e-26
8.330e+02  1.099e-23  1.212e-25
8.340e+02  2.114e-23  2.303e-25
8.350e+02  4.056e-23  4.362e-25
8.360e+02  7.754e-23  8.236e-25
8.370e+02  1.477e-22  1.550e-24
8.380e+02  2.806e-22  2.906e-24
8.390e+02  5.311e-22  5.432e-24
8.400e+02  1.002e-21  1.012e-23
8.410e+02  1.884e-21  1.879e-23
8.420e+02  3.530e-21  3.476e-23
8.430e+02  6.593e-21  6.410e-23
8.440e+02  1.227e-20  1.178e-22
8.450e+02  2.276e-20  2.158e-22
8.460e+02  4.208e-20  3.938e-22
8.470e+02  7.754e-20  7.164e-22
8.480e+02  1.424e-19  1.299e-21
8.490e+02  2.606e-19  2.347e-21
8.500e+02  4.753e-19  4.226e-21
8.510e+02  8.639e-19  7.582e-21
8.520e+02  1.565e-18  1.356e-20
8.530e+02  2.825e-18  2.416e-20
8.540e+02  5.082e-18  4.291e-20
8.550e+02  9.111e-18  7.595e-20
8.560e+02  1.628e-17  1.340e-19
8.570e+02  2.898e-17  2.354e-19
8.580e+02  5.142e-17  4.124e-19
8.590e+02  9.092e-17  7.197e-19
8.600e+02  1.602e-16  1.252e-18
8.610e+02  2.812e-16  2.169e-18
8.620e+02  4.921e-16  3.747e-18
8.630e+02  8.579e-16  6.448e-18
8.640e+02  1.490e-15  1.106e-17
8.650e+02  2.580e-15  1.890e-17
8.660e+02  4.451e-15  3.217e-17
8.670e+02  7.651e-15  5.459e-17
8.680e+02  1.311e-14  9.229e-17
8.690e+02  2.237e-14  1.555e-16
8.700e+02  3.804e-14  2.610e-16
8.710e+02  6.445e-14  4.365e-16
8.720e+02  1.088e-13  7.274e-16
8.730e+02  1.831e-13  1.208e-15
8.740e+02  3.068e-13  1.998e-15
8.750e+02  5.124e-13  3.294e-15
8.760e+02  8.526e-13  5.410e-15
8.770e+02  1.414e-12  8.853e-15
8.780e+02  2.335e-12  1.443e-14
8.790e+02  3.843e-12  2.345e-14
8.800e+02  6.300e-12  3.795e-14
8.810e+02  1.029e-11  6.119e-14
8.820e+02  1.675e-11  9.830e-14
8.830e+02  2.716e-11  1.573e-13
8.840e+02  4.387e-11  2.508e-13
8.850e+02  7.059e-11  3.985e-13
8.860e+02  1.132e-10  6.306e-13
8.870e+02  1.807e-10  9.941e-13
8.880e+02  2.876e-10  1.561e-12
8.890e+02  4.558e-10  2.443e-12
8.900e+02  7.196e-10  3.807e-12
8.910e+02  1.132e-09  5.911e-12
8.920e+02  1.773e-09  9.143e-12
8.930e+02  2.767e-09  1.409e-11
8.940e+02  4.301e-09  2.162e-11
8.950e+02  6.659e-09  3.305e-11
8.960e+02  1.027e-08  5.032e-11
8.970e+02  1.578e-08  7.632e-11
8.980e+02  2.414e-08  1.153e-10
8.990e+02  3.679e-08  1.735e-10
9.000e+02  5.584e-08  2.600e-10
9.010e+02  8.440e-08  3.881e-10
9.020e+02  1.271e-07  5.770e-10
9.030e+02  1.905e-07  8.543e-10
9.040e+02  2.845e-07  1.260e-09
9.050e+02  4.230e-07  1.850e-09
9.060e+02  6.264e-07  2.706e-09
9.070e+02  9.236e-07  3.940e-09
9.080e+02  1.356e-06  5.714e-09
9.090e+02  1.983e-06  8.253e-09
9.100e+02  2.886e-06  1.187e-08
9.110e+02  4.183e-06  1.699e-08
9.120e+02  6.036e-06  2.422e-08
9.130e+02  8.672e-06  3.439e-08
9.140e+02  1.240e-05  4.859e-08
9.150e+02  1.766e-05  6.837e-08
9.160e+02  2.503e-05  9.575e-08
9.170e+02  3.532e-05  1.335e-07
9.180e+02  4.960e-05  1.853e-07
9.190e+02  6.932e-05  2.559e-07
9.200e+02  9.642e-05  3.519e-07
9.210e+02  1.335e-04  4.815e-07
9.220e+02  1.838e-04  6.557e-07
9.230e+02  2.520e-04  8.884e-07
9.240e+02  3.436e-04  1.198e-06
9.250e+02  4.661e-04  1.607e-06
9.260e+02  6.290e-04  2.144e-06
9.270e+02  8.443e-04  2.846e-06
9.280e+02  1.127e-03  3.757e-06
9.290e+02  1.496e-03  4.933e-06
9.300e+02  1.975e-03  6.440e-06
9.310e+02  2.591e-03  8.360e-06
9.320e+02  3.379e-03  1.079e-05
9.330e+02  4.380e-03  1.383e-05
9.340e+02  5.642e-03  1.763e-05
9.350e+02  7.221e-03  2.233e-05
9.360e+02  9.180e-03  2.809e-05
9.370e+02  1.159e-02  3.510e-05
9.380e+02  1.453e-02  4.355e-05
9.390e+02  1.809e-02  5.366e-05
9.400e+02  2.235e-02  6.562e-05
9.410e+02  2.741e-02  7.966e-05
9.420e+02  3.336e-02  9.595e-05
9.430e+02  4.028e-02  1.147e-04
9.440e+02  4.825e-02  1.360e-04
9.450e+02  5.734e-02  1.599e-04
9.460e+02  6.758e-02  1.865e-04
9.470e+02  7.900e-02  2.158e-04
9.480e+02  9.160e-02  2.476e-04
9.490e+02  1.053e-01  2.817e-04
9.500e+02  1.202e-01  3.179e-04
9.510e+02  1.360e-01  3.559e-04
9.520e+02  1.528e-01  3.953e-04
9.530e+02  1.702e-01  4.355e-04
9.540e+02  1.883e-01  4.763e-04
9.550e+02  2.069e-01  5.170e-04
9.560e+02  2.257e-01  5.572e-04
9.570e+02  2.447e-01  5.964e-04
9.580e+02  2.636e-01  6.342e-04
9.590e+02  2.824e-01  6.702e-04
9.600e+02  3.009e-01  7.041e-04
9.610e+02  3.189e-01  7.356e-04
9.620e+02  3.365e-01  7.645e-04
9.630e+02  3.535e-01  7.905e-04
9.640e+02  3.700e-01  8.136e-04
9.650e+02  3.858e-01  8.338e-04
9.660e+02  4.009e-01  8.509e-04
9.670e+02  4.155e-01  8.651e-04
9.680e+02  4.294e-01  8.762e-04
9.690e+02  4.427e-01  8.845e-04
9.700e+02  4.555e-01  8.900e-04
9.710e+02  4.678e-01  8.927e-04
9.720e+02  4.796e-01  8.928e-04
9.730e+02  4.911e-01  8.904e-04
9.740e+02  5.021e-01  8.857e-04
9.750e+02  5.129e-01  8.786e-04
9.760e+02  5.234e-01  8.694e-04
9.770e+02  5.337e-01  8.581e-04
9.780e+02  5.438e-01  8.448e-04
9.790e+02  5.539e-01  8.298e-04
9.800e+02  5.638e-01  8.130e-04
9.810e+02  5.737e-01  7.945e-04
9.820e+02  5.836e-01  7.746e-04
9.830e+02  5.935e-01  7.533e-04
9.840e+02  6.034e-01  7.308e-04
9.850e+02  6.134e-01  7.070e-04
9.860e+02  6.234e-01  6.823e-04
9.870e+02  6.336e-01  6.566e-04
9.880e+02  6.438e-01  6.302e-04
9.890e+02  6.541e-01  6.031e-04
9.900e+02  6.645e-01  5.756e-04
9.910e+02  6.749e-01  5.477e-04
9.920e+02  6.854e-01  5.195e-04
9.930e+02  6.960e-01  4.913e-04
9.940e+02  7.066e-01  4.631e-04
9.950e+02  7.173e-01  4.352e-04
9.960e+02  7.280e-01  4.075e-04
9.970e+02  7.387e-01  3.803e-04
9.980e+02  7.493e-01  3.537e-04
9.990e+02  7.599e-01  3.278e-04
1.000e+03  7.704e-01  3.027e-04
1.001e+03  7.809e-01  2.785e-04
1.002e+03  7.912e-01  2.553e-04
1.003e+03  8.014e-01  2.331e-04
1.004e+03  8.115e-01  2.120e-04
1.005e+03  8.213e-01  1.920e-04
1.006e+03  8.310e-01  1.732e-04
1.007e+03  8.405e-01  1.556e-04
1.008e+03  8.497e-01  1.393e-04
1.009e+03  8.587e-01  1.241e-04
1.010e+03  8.674e-01  1.101e-04
1.011e+03  8.758e-01  9.720e-05
1.012e+03  8.839e-01  8.547e-05
1.013e+03  8.917e-01  7.482e-05
1.014e+03  8.993e-01  6.519e-05
1.015e+03  9.065e-01  5.654e-05
1.016e+03  9.134e-01  4.881e-05
1.017e+03  9.199e-01  4.193e-05
1.018e+03  9.261e-01  3.585e-05
1.019e+03  9.320e-01  3.051e-05
1.020e+03  9.376e-01  2.583e-05
1.021e+03  9.429e-01  2.176e-05
1.022e+03  9.478e-01  1.824e-05
1.023e+03  9.525e-01  1.521e-05
1.024e+03  9.568e-01  1.262e-05
1.025e+03  9.608e-01  1.042e-05
1.026e+03  9.646e-01  8.552e-06
1.027e+03  9.680e-01  6.984e-06
1.028e+03  9.713e-01  5.673e-06
1.029e+03  9.742e-01  4.583e-06
1.030e+03  9.769e-01  3.682e-06
1.031e+03  9.794e-01  2.942e-06
1.032e+03  9.817e-01  2.338e-06
1.033e+03  9.837e-01  1.848e-06
1.034e+03  9.856e-01  1.452e-06
1.035e+03  9.873e-01  1.134e-06
1.036e+03  9.888e-01  8.810e-07
1.037e+03  9.902e-01  6.804e-07
1.038e+03  9.914e-01  5.225e-07
1.039e+03  9.925e-01  3.988e-07
1.040e+03  9.935e-01  3.027e-07
1.041e+03  9.943e-01  2.284e-07
1.042e+03  9.951e-01  1.713e-07
1.043e+03  9.958e-01  1.277e-07
1.044e+03  9.964e-01  9.462e-08
1.045e+03  9.969e-01  6.970e-08
1.046e+03  9.973e-01  5.103e-08
1.047e+03  9.977e-01  3.714e-08
1.048e+03  9.981e-01  2.686e-08
1.049e+03  9.984e-01  1.931e-08
1.050e+03  9.986e-01  1.380e-08
1.051e+03  9.988e-01  9.798e-09
1.052e+03  9.990e-01  6.915e-09
1.053e+03  9.992e-01  4.851e-09
1.054e+03  9.993e-01  3.381e-09
1.055e+03  9.994e-01  2.343e-09
1.056e+03  9.995e-01  1.613e-09
1.057e+03  9.996e-01  1.104e-09
1.058e+03  9.997e-01  7.504e-10
1.059e+03  9.997e-01  5.071e-10
1.060e+03  9.998e-01  3.405e-10
1.061e+03  9.998e-01  2.272e-10
1.062e+03  9.999e-01  1.507e-10
1.063e+03  9.999e-01  9.932e-11
1.064e+03  9.999e-01  6.504e-11
1.065e+03  9.999e-01  4.233e-11
1.066e+03  9.999e-01  2.738e-11
1.067e+03  1.000e+00  1.759e-11
1.068e+03  1.000e+00  1.124e-11
1.069e+03  1.000e+00  7.130e-12
1.070e+03  1.000e+00  4.497e-12
1.071e+03  1.000e+00  2.818e-12
1.072e+03  1.000e+00  1.755e-12
1.073e+03  1.000e+00  1.086e-12
1.074e+03  1.000e+00  6.678e-13
1.075e+03  1.000e+00  4.081e-13
1.076e+03  1.000e+00  2.478e-13
1.077e+03  1.000e+00  1.495e-13
1.078e+03  1.000e+00  8.966e-14
1.079e+03  1.000e+00  5.343e-14
1.080e+03  1.000e+00  3.164e-14
1.081e+03  1.000e+00  1.861e-14
1.082e+03  1.000e+00  1.088e-14
1.083e+03  1.000e+00  6.325e-15
1.084e+03  1.000e+00  3.652e-15
1.085e+03  1.000e+00  2.095e-15
1.086e+03  1.000e+00  1.195e-15
1.087e+03  1.000e+00  6.770e-16
1.088e+03  1.000e+00  3.812e-16
1.089e+03  1.000e+00  2.133e-16
1.090e+03  1.000e+00  1.186e-16
1.091e+03  1.000e+00  6.555e-17
1.092e+03  1.000e+00  3.600e-17
1.093e+03  1.000e+00  1.965e-17
1.094e+03  1.000e+00  1.065e-17
1.095e+03  1.000e+00  5.742e-18
1.096e+03  1.000e+00  3.076e-18
1.097e+03  1.000e+00  1.637e-18
1.098e+03  1.000e+00  8.660e-19
1.099e+03  1.000e+00  4.553e-19
1.100e+03  1.000e+00  2.379e-19
1.101e+03  1.000e+00  1.235e-19
1.102e+03  1.000e+00  6.373e-20
1.103e+03  1.000e+00  3.268e-20
1.104e+03  1.000e+00  1.666e-20
1.105e+03  1.000e+00  8.437e-21
1.106e+03  1.000e+00  4.247e-21
1.107e+03  1.000e+00  2.125e-21
1.108e+03  1.000e+00  1.057e-21
1.109e+03  1.000e+00  5.221e-22
1.110e+03  1.000e+00  2.565e-22
1.111e+03  1.000e+00  1.252e-22
1.112e+03  1.000e+00  6.074e-23
1.113e+03  1.000e+00  2.929e-23
1.114e+03  1.000e+00  1.404e-23
1.115e+03  1.000e+00  6.688e-24
1.116e+03  1.000e+00  3.167e-24
1.117e+03  1.000e+00  1.490e-24
1.118e+03  1.000e+00  6.971e-25
1.119e+03  1.000e+00  3.241e-25
1.120e+03  1.000e+00  1.498e-25
1.121e+03  1.000e+00  6.881e-26
1.122e+03  1.000e+00  3.142e-26
1.123e+03  1.000e+00  1.426e-26
1.124e+03  1.000e+00  6.433e-27
1.125e+03  1.000e+00  2.885e-27
1.126e+03  1.000e+00  1.286e-27
1.127e+03  1.000e+00  5.698e-28
1.128e+03  1.000e+00  2.510e-28
1.129e+03  1.000e+00  1.099e-28
1.130e+03  1.000e+00  4.783e-29
1.131e+03  1.000e+00  2.070e-29
1.132e+03  1.000e+00  8.903e-30
1.133e+03  1.000e+00  3.807e-30
1.134e+03  1.000e+00  1.618e-30
1.135e+03  1.000e+00  6.839e-31
1.136e+03  1.000e+00  2.873e-31
1.137e+03  1.000e+00  1.200e-31
1.138e+03  1.000e+00  4.984e-32
1.139e+03  1.000e+00  2.057e-32
1.140e+03  1.000e+00  8.445e-33
1.141e+03  1.000e+00  3.446e-33
1.142e+03  1.000e+00  1.398e-33
1.143e+03  1.000e+00  5.640e-34
1.144e+03  1.000e+00  2.262e-34
1.145e+03  1.000e+00  9.021e-35
1.146e+03  1.000e+00  3.577e-35
1.147e+03  1.000e+00  1.410e-35
1.148e+03  1.000e+00  5.529e-36
1.149e+03  1.000e+00  2.155e-36
1.150e+03  1.000e+00  8.354e-37
1.151e+03  1.000e+00  3.220e-37
1.152e+03  1.000e+00  1.234e-37
1.153e+03  1.000e+00  4.705e-38
1.154e+03  1.000e+00  1.783e-38
1.155e+03  1.000e+00  6.722e-39
1.156e+03  1.000e+00  2.520e-39
1.157e+03  1.000e+00  9.394e-40
1.158e+03  1.000e+00  3.483e-40
1.159e+03  1.000e+00  1.284e-40
1.160e+03  1.000e+00  4.710e-41
1.161e+03  1.000e+00  1.718e-41
1.162e+03  1.000e+00  6.234e-42
1.163e+03  1.000e+00  2.250e-42
1.164e+03  1.000e+00  8.076e-43
1.165e+03  1.000e+00  2.884e-43
1.166e+03  1.000e+00  1.024e-43
1.167e+03  1.000e+00  3.619e-44
1.168e+03  1.000e+00  1.272e-44
1.169e+03  1.000e+00  4.448e-45
1.170e+03  1.000e+00  1.548e-45
1.171e+03  1.000e+00  5.356e-46
1.172e+03  1.000e+00  1.845e-46
1.173e+03  1.000e+00  6.320e-47
1.174e+03  1.000e+00  2.155e-47
1.175e+03  1.000e+00  7.310e-48
1.176e+03  1.000e+00  2.468e-48
1.177e+03  1.000e+00  8.291e-49
1.178e+03  1.000e+00  2.772e-49
1.179e+03  1.000e+00  9.224e-50
1.180e+03  1.000e+00  3.055e-50
1.181e+03  1.000e+00  1.007e-50
1.182e+03  1.000e+00  3.304e-51
1.183e+03  1.000e+00  1.079e-51
1.184e+03  1.000e+00  3.509e-52
1.185e+03  1.000e+00  1.136e-52
1.186e+03  1.000e+00  3.662e-53
1.187e+03  1.000e+00  1.175e-53
1.188e+03  1.000e+00  3.756e-54
1.189e+03  1.000e+00  1.196e-54
1.190e+03  1.000e+00  3.790e-55
1.191e+03  1.000e+00  1.196e-55
1.192e+03  1.000e+00  3.762e-56
1.193e+03  1.000e+00  1.179e-56
1.194e+03  1.000e+00  3.679e-57
1.195e+03  1.000e+00  1.144e-57
1.196e+03  1.000e+00  3.545e-58
1.197e+03  1.000e+00  1.095e-58
1.198e+03  1.000e+00  3.369e-59
1.199e+03  1.000e+00  1.034e-59
1.200e+03  1.000e+00  3.161e-60
1.201e+03  1.000e+00  9.639e-61
1.202e+03  1.000e+00  2.930e-61
1.203e+03  1.000e+00  8.884e-62
1.204e+03  1.000e+00  2.686e-62
1.205e+03  1.000e+00  8.102e-63
1.206e+03  1.000e+00  2.438e-63
1.207e+03  1.000e+00  7.317e-64
1.208e+03  1.000e+00  2.192e-64
1.209e+03  1.000e+00  6.551e-65
1.210e+03  1.000e+00  1.954e-65
1.211e+03  1.000e+00  5.820e-66
1.212e+03  1.000e+00  1.730e-66
1.213e+03  1.000e+00  5.136e-67
1.214e+03  1.000e+00  1.522e-67
1.215e+03  1.000e+00  4.506e-68
1.216e+03  1.000e+00  1.332e-68
1.217e+03  1.000e+00  3.934e-69
1.218e+03  1.000e+00  1.161e-69
1.219e+03  1.000e+00  3.421e-70
1.220e+03  1.000e+00  1.008e-70
1.221e+03  1.000e+00  2.965e-71
1.222e+03  1.000e+00  8.720e-72
1.223e+03  1.000e+00  2.563e-72
1.224e+03  1.000e+00  7.529e-73
1.225e+03  1.000e+00  2.211e-73
1.226e+03  1.000e+00  6.489e-74
1.227e+03  1.000e+00  1.904e-74
1.228e+03  1.000e+00  5.585e-75
1.229e+03  1.000e+00  1.638e-75
1.230e+03  1.000e+00  4.803e-76
1.231e+03  1.000e+00  1.408e-76
1.232e+03  1.000e+00  4.127e-77
1.233e+03  1.000e+00  1.209e-77
1.234e+03  1.000e+00  3.544e-78
1.235e+03  1.000e+00  1.038e-78
1.236e+03  1.000e+00  3.043e-79
1.237e+03  1.000e+00  8.914e-80
1.238e+03  1.000e+00  2.611e-80
1.239e+03  1.000e+00  7.651e-81
1.240e+03  1.000e+00  2.241e-81
1.241e+03  1.000e+00  6.565e-82
1.242e+03  1.000e+00  1.923e-82
1.243e+03  1.000e+00  5.634e-83
1.244e+03  1.000e+00  1.650e-83
1.245e+03  1.000e+00  4.835e-84
1.246e+03  1.000e+00  1.416e-84
1.247e+03  1.000e+00  4.149e-85
1.248e+03  1.000e+00  1.215e-85
1.249e+03  1.000e+00  3.560e-86
1.250e+03  1.000e+00  1.043e-86
1.251e+03  1.000e+00  3.055e-87
1.252e+03  1.000e+00  8.949e-88
1.253e+03  1.000e+00  2.621e-88
1.254e+03  1.000e+00  7.679e-89
1.255e+03  1.000e+00  2.250e-89
1.256e+03  1.000e+00  6.590e-90
1.257e+03  1.000e+00  1.931e-90
1.258e+03  1.000e+00  5.656e-91
1.259e+03  1.000e+00  1.657e-91
1.260e+03  1.000e+00  4.854e-92
1.261e+03  1.000e+00  1.422e-92
1.262e+03  1.000e+00  4.166e-93
1.263e+03  1.000e+00  1.221e-93
1.264e+03  1.000e+00  3.576e-94
1.265e+03  1.000e+00  1.048e-94
1.266e+03  1.000e+00  3.069e-95
1.267e+03  1.000e+00  8.992e-96
1.268e+03  1.000e+00  2.634e-96
1.269e+03  1.000e+00  7.718e-97
1.270e+03  1.000e+00  2.261e-97
1.271e+03  1.000e+00  6.625e-98
1.272e+03  1.000e+00  1.941e-98
1.273e+03  1.000e+00  5.687e-99
1.274e+03  1.000e+00  1.666e-99
1.275e+03  1.000e+00  4.882e-100
1.276e+03  1.000e+00  1.431e-100
1.277e+03  1.000e+00  4.192e-101
1.278e+03  1.000e+00  1.228e-101
1.279e+03  1.000e+00  3.599e-102
1.280e+03  1.000e+00  1.054e-102
1.281e+03  1.000e+00  3.090e-103
1.282e+03  1.000e+00  9.053e-104
1.283e+03  1.000e+00  2.653e-104
1.284e+03  1.000e+00  7.773e-105
1.285e+03  1.000e+00  2.278e-105
1.286e+03  1.000e+00  6.674e-106
1.287e+03  1.000e+00  1.956e-106
1.288e+03  1.000e+00  5.731e-107
1.289e+03  1.000e+00  1.679e-107
1.290e+03  1.000e+00  4.921e-108
1.291e+03  1.000e+00  1.442e-108
1.292e+03  1.000e+00  4.226e-109
1.293e+03  1.000e+00  1.238e-109
1.294e+03  1.000e+00  3.629e-110
1.295e+03  1.000e+00  1.064e-110
1.296e+03  1.000e+00  3.117e-111
1.297e+03  1.000e+00  9.135e-112
1.298e+03  1.000e+00  2.677e-112
1.299e+03  1.000e+00  7.846e-113
1.300e+03  1.000e+00  2.299e-113
1.301e+03  1.000e+00  6.739e-114
1.302e+03  1.000e+00  1.975e-114
1.303e+03  1.000e+00  5.789e-115
1.304e+03  1.000e+00  1.697e-115
1.305e+03  1.000e+00  4.973e-116
1.306e+03  1.000e+00  1.457e-116
1.307e+03  1.000e+00  4.272e-117
1.308e+03  1.000e+00  1.252e-117
1.309e+03  1.000e+00  3.670e-118
1.310e+03  1.000e+00  1.076e-118
1.311e+03  1.000e+00  3.153e-119
1.312e+03  1.000e+00  9.242e-120
1.313e+03  1.000e+00  2.709e-120
1.314e+03  1.000e+00  7.941e-121
1.315e+03  1.000e+00  2.328e-121
1.316e+03  1.000e+00  6.823e-122
1.317e+03  1.000e+00  2.000e-122
1.318e+03  1.000e+00  5.863e-123
1.319e+03  1.000e+00  1.719e-123
1.320e+03  1.000e+00  5.039e-124
1.321e+03  1.000e+00  1.477e-124
1.322e+03  1.000e+00  4.330e-125
1.323e+03  1.000e+00  1.270e-125
1.324e+03  1.000e+00  3.722e-126
1.325e+03  1.000e+00  1.091e-126
1.326e+03  1.000e+00  3.199e-127
1.327e+03  1.000e+00  9.379e-128
1.328e+03  1.000e+00  2.750e-128
1.329e+03  1.000e+00  8.062e-129
1.330e+03  1.000e+00  2.364e-129
1.331e+03  1.000e+00  6.931e-130
1.332e+03  1.000e+00  2.032e-130
1.333e+03  1.000e+00  5.958e-131
1.334e+03  1.000e+00  1.747e-131
1.335e+03  1.000e+00  5.123e-132
1.336e+03  1.000e+00  1.502e-132
1.337e+03  1.000e+00  4.405e-133
1.338e+03  1.000e+00  1.292e-133
1.339e+03  1.000e+00  3.788e-134
1.340e+03  1.000e+00  1.111e-134
1.341e+03  1.000e+00  3.257e-135
1.342e+03  1.000e+00  9.552e-136
1.343e+03  1.000e+00  2.801e-136
1.344e+03  1.000e+00  8.216e-137
1.345e+03  1.000e+00  2.409e-137
1.346e+03  1.000e+00  7.066e-138
1.347e+03  1.000e+00  2.073e-138
1.348e+03  1.000e+00  6.079e-139
1.349e+03  1.000e+00  1.783e-139
1.350e+03  1.000e+00  5.229e-140
1.351e+03  1.000e+00  1.534e-140
1.352e+03  1.000e+00  4.499e-141
1.353e+03  1.000e+00  1.320e-141
1.354e+03  1.000e+00  3.871e-142
1.355e+03  1.000e+00  1.136e-142
1.356e+03  1.000e+00  3.331e-143
1.357e+03  1.000e+00  9.772e-144
1.358e+03  1.000e+00  2.867e-144
1.359e+03  1.000e+00  8.410e-145
1.360e+03  1.000e+00  2.467e-145
1.361e+03  1.000e+00  7.238e-146
1.362e+03  1.000e+00  2.124e-146
1.363e+03  1.000e+00  6.231e-147
1.364e+03  1.000e+00  1.828e-147
1.365e+03  1.000e+00  5.364e-148
1.366e+03  1.000e+00  1.574e-148
1.367e+03  1.000e+00  4.618e-149
1.368e+03  1.000e+00  1.355e-149
1.369e+03  1.000e+00  3.977e-150
1.370e+03  1.000e+00  1.167e-150
1.371e+03  1.000e+00  3.425e-151
1.372e+03  1.000e+00  1.005e-151
1.373e+03  1.000e+00  2.950e-152
1.374e+03  1.000e+00  8.657e-153
1.375e+03  1.000e+00  2.541e-153
1.376e+03  1.000e+00  7.457e-154
1.377e+03  1.000e+00  2.189e-154
1.378e+03  1.000e+00  6.425e-155
1.379e+03  1.000e+00  1.886e-155
1.380e+03  1.000e+00  5.536e-156
1.381e+03  1.000e+00  1.625e-156
1.382e+03  1.000e+00  4.771e-157
1.383e+03  1.000e+00  1.401e-157
1.384e+03  1.000e+00  4.112e-158
1.385e+03  1.000e+00  1.207e-158
1.386e+03  1.000e+00  3.545e-159
1.387e+03  1.000e+00  1.041e-159
1.388e+03  1.000e+00  3.056e-160
1.389e+03  1.000e+00  8.975e-161
1.390e+03  1.000e+00  2.636e-161
1.391e+03  1.000e+00  7.740e-162
1.392e+03  1.000e+00  2.273e-162
1.393e+03  1.000e+00  6.677e-163
1.394e+03  1.000e+00  1.961e-163
1.395e+03  1.000e+00  5.760e-164
1.396e+03  1.000e+00  1.692e-164
1.397e+03  1.000e+00  4.971e-165
1.398e+03  1.000e+00  1.460e-165
1.399e+03  1.000e+00  4.290e-166
1.400e+03  1.000e+00  1.261e-166
1.401e+03  1.000e+00  3.704e-167
1.402e+03  1.000e+00  1.088e-167
1.403e+03  1.000e+00  3.199e-168
1.404e+03  1.000e+00  9.400e-169
1.405e+03  1.000e+00  2.763e-169
1.406e+03  1.000e+00  8.121e-170
1.407e+03  1.000e+00  2.387e-170
1.408e+03  1.000e+00  7.019e-171
1.409e+03  1.000e+00  2.064e-171
1.410e+03  1.000e+00  6.068e-172
1.411e+03  1.000e+00  1.785e-172
1.412e+03  1.000e+00  5.249e-173
1.413e+03  1.000e+00  1.544e-173
1.414e+03  1.000e+00  4.542e-174
1.415e+03  1.000e+00  1.336e-174
1.416e+03  1.000e+00  3.933e-175
1.417e+03  1.000e+00  1.158e-175
1.418e+03  1.000e+00  3.408e-176
1.419e+03  1.000e+00  1.003e-176
1.420e+03  1.000e+00  2.955e-177
1.421e+03  1.000e+00  8.705e-178
1.422e+03  1.000e+00  2.565e-178
1.423e+03  1.000e+00  7.560e-179
1.424e+03  1.000e+00  2.229e-179
1.425e+03  1.000e+00  6.573e-180
1.426e+03  1.000e+00  1.939e-180
1.427e+03  1.000e+00  5.723e-181
1.428e+03  1.000e+00  1.690e-181
1.429e+03  1.000e+00  4.991e-182
1.430e+03  1.000e+00  1.475e-182
1.431e+03  1.000e+00  4.361e-183
1.432e+03  1.000e+00  1.290e-183
1.433e+03  1.000e+00  3.819e-184
1.434e+03  1.000e+00  1.131e-184
1.435e+03  1.000e+00  3.353e-185
1.436e+03  1.000e+00  9.946e-186
1.437e+03  1.000e+00  2.952e-186
1.438e+03  1.000e+00  8.771e-187
1.439e+03  1.000e+00  2.608e-187
1.440e+03  1.000e+00  7.760e-188
1.441e+03  1.000e+00  2.312e-188
1.442e+03  1.000e+00  6.892e-189
1.443e+03  1.000e+00  2.057e-189
1.444e+03  1.000e+00  6.144e-190
1.445e+03  1.000e+00  1.838e-190
1.446e+03  1.000e+00  5.501e-191
1.447e+03  1.000e+00  1.649e-191
1.448e+03  1.000e+00  4.947e-192
1.449e+03  1.000e+00  1.486e-192
1.450e+03  1.000e+00  4.468e-193
1.451e+03  1.000e+00  1.345e-193
1.452e+03  1.000e+00  4.052e-194
1.453e+03  1.000e+00  1.222e-194
1.454e+03  1.000e+00  3.691e-195
1.455e+03  1.000e+00  1.116e-195
1.456e+03  1.000e+00  3.376e-196
1.457e+03  1.000e+00  1.022e-196
1.458e+03  1.000e+00  3.098e-197
1.459e+03  1.000e+00  9.395e-198
1.460e+03  1.000e+00  2.852e-198
1.461e+03  1.000e+00  8.660e-199
1.462e+03  1.000e+00  2.632e-199
1.463e+03  1.000e+00  8.001e-200
1.464e+03  1.000e+00  2.433e-200
1.465e+03  1.000e+00  7.403e-201
1.466e+03  1.000e+00  2.253e-201
1.467e+03  1.000e+00  6.857e-202
1.468e+03  1.000e+00  2.087e-202
1.469e+03  1.000e+00  6.353e-203
1.470e+03  1.000e+00  1.934e-203
1.471e+03  1.000e+00  5.885e-204
1.472e+03  1.000e+00  1.790e-204
1.473e+03  1.000e+00  5.446e-205
1.474e+03  1.000e+00  1.656e-205
1.475e+03  1.000e+00  5.032e-206
1.476e+03  1.000e+00  1.529e-206
1.477e+03  1.000e+00  4.641e-207
1.478e+03  1.000e+00  1.408e-207
1.479e+03  1.000e+00  4.269e-208
1.480e+03  1.000e+00  1.293e-208
1.481e+03  1.000e+00  3.915e-209
1.482e+03  1.000e+00  1.184e-209
1.483e+03  1.000e+00  3.579e-210
1.484e+03  1.000e+00  1.081e-210
1.485e+03  1.000e+00  3.259e-211
1.486e+03  1.000e+00  9.822e-212
1.487e+03  1.000e+00  2.956e-212
1.488e+03  1.000e+00  8.890e-213
1.489e+03  1.000e+00  2.670e-213
1.490e+03  1.000e+00  8.011e-214
1.491e+03  1.000e+00  2.401e-214
1.492e+03  1.000e+00  7.186e-215
1.493e+03  1.000e+00  2.148e-215
1.494e+03  1.000e+00  6.414e-216
1.495e+03  1.000e+00  1.913e-216
1.496e+03  1.000e+00  5.697e-217
1.497e+03  1.000e+00  1.695e-217
1.498e+03  1.000e+00  5.034e-218
1.499e+03  1.000e+00  1.493e-218
1.500e+03  1.000e+00  4.425e-219
1.501e+03  1.000e+00  1.309e-219
1.502e+03  1.000e+00  3.868e-220
1.503e+03  1.000e+00  1.141e-220
1.504e+03  1.000e+00  3.363e-221
1.505e+03  1.000e+00  9.895e-222
1.506e+03  1.000e+00  2.908e-222
1.507e+03  1.000e+00  8.532e-223
1.508e+03  1.000e+00  2.500e-223
1.509e+03  1.000e+00  7.314e-224
1.510e+03  1.000e+00  2.137e-224
1.511e+03  1.000e+00  6.235e-225
1.512e+03  1.000e+00  1.816e-225
1.513e+03  1.000e+00  5.284e-226
1.514e+03  1.000e+00  1.535e-226
1.515e+03  1.000e+00  4.452e-227
1.516e+03  1.000e+00  1.290e-227
1.517e+03  1.000e+00  3.730e-228
1.518e+03  1.000e+00  1.077e-228
1.519e+03  1.000e+00  3.106e-229
1.520e+03  1.000e+00  8.945e-230
1.521e+03  1.000e+00  2.572e-230
1.522e+03  1.000e+00  7.384e-231
1.523e+03  1.000e+00  2.117e-231
1.524e+03  1.000e+00  6.060e-232
1.525e+03  1.000e+00  1.732e-232
1.526e+03  1.000e+00  4.944e-233
1.527e+03  1.000e+00  1.409e-233
1.528e+03  1.000e+00  4.010e-234
1.529e+03  1.000e+00  1.139e-234
1.530e+03  1.000e+00  3.233e-235
1.531e+03  1.000e+00  9.159e-236
1.532e+03  1.000e+00  2.591e-236
1.533e+03  1.000e+00  7.319e-237
1.534e+03  1.000e+00  2.065e-237
1.535e+03  1.000e+00  5.815e-238
1.536e+03  1.000e+00  1.635e-238
1.537e+03  1.000e+00  4.592e-239
1.538e+03  1.000e+00  1.288e-239
1.539e+03  1.000e+00  3.605e-240
1.540e+03  1.000e+00  1.008e-240
1.541e+03  1.000e+00  2.814e-241
1.542e+03  1.000e+00  7.844e-242
1.543e+03  1.000e+00  2.183e-242
1.544e+03  1.000e+00  6.068e-243
1.545e+03  1.000e+00  1.684e-243
1.546e+03  1.000e+00  4.667e-244
1.547e+03  1.000e+00  1.291e-244
1.548e+03  1.000e+00  3.568e-245
1.549e+03  1.000e+00  9.846e-246
1.550e+03  1.000e+00  2.712e-246
1.551e+03  1.000e+00  7.462e-247
1.552e+03  1.000e+00  2.050e-247
1.553e+03  1.000e+00  5.623e-248
1.554e+03  1.000e+00  1.540e-248
1.555e+03  1.000e+00  4.212e-249
1.556e+03  1.000e+00  1.150e-249
1.557e+03  1.000e+00  3.137e-250
1.558e+03  1.000e+00  8.543e-251
1.559e+03  1.000e+00  2.323e-251
1.560e+03  1.000e+00  6.308e-252
1.561e+03  1.000e+00  1.710e-252
1.562e+03  1.000e+00  4.631e-253
1.563e+03  1.000e+00  1.252e-253
1.564e+03  1.000e+00  3.380e-254
1.565e+03  1.000e+00  9.112e-255
1.566e+03  1.000e+00  2.453e-255
1.567e+03  1.000e+00  6.594e-256
1.568e+03  1.000e+00  1.770e-256
1.569e+03  1.000e+00  4.744e-257
1.570e+03  1.000e+00  1.270e-257
1.571e+03  1.000e+00  3.394e-258
1.572e+03  1.000e+00  9.059e-259
1.573e+03  1.000e+00  2.414e-259
1.574e+03  1.000e+00  6.426e-260
1.575e+03  1.000e+00  1.708e-260
1.576e+03  1.000e+00  4.532e-261
1.577e+03  1.000e+00  1.201e-261
1.578e+03  1.000e+00  3.179e-262
1.579e+03  1.000e+00  8.400e-263
1.580e+03  1.000e+00  2.217e-263
1.581e+03  1.000e+00  5.842e-264
1.582e+03  1.000e+00  1.537e-264
1.583e+03  1.000e+00  4.040e-265
1.584e+03  1.000e+00  1.060e-265
1.585e+03  1.000e+00  2.778e-266
1.586e+03  1.000e+00  7.271e-267
1.587e+03  1.000e+00  1.900e-267
1.588e+03  1.000e+00  4.959e-268
1.589e+03  1.000e+00  1.292e-268
1.590e+03  1.000e+00  3.363e-269
1.591e+03  1.000e+00  8.740e-270
1.592e+03  1.000e+00  2.268e-270
1.593e+03  1.000e+00  5.878e-271
1.594e+03  1.000e+00  1.521e-271
1.595e+03  1.000e+00  3.932e-272
1.596e+03  1.000e+00  1.015e-272
1.597e+03  1.000e+00  2.616e-273
1.598e+03  1.000e+00  6.733e-274
1.599e+03  1.000e+00  1.731e-274
1.600e+03  1.000e+00  4.442e-275
1.601e+03  1.000e+00  1.139e-275
1.602e+03  1.000e+00  2.915e-276
1.603e+03  1.000e+00  7.453e-277
1.604e+03  1.000e+00  1.903e-277
1.605e+03  1.000e+00  4.851e-278
1.606e+03  1.000e+00  1.235e-278
1.607e+03  1.000e+00  3.140e-279
1.608e+03  1.000e+00  7.974e-280
1.609e+03  1.000e+00  2.022e-280
1.610e+03  1.000e+00  5.121e-281
1.611e+03  1.000e+00  1.295e-281
1.612e+03  1.000e+00  3.271e-282
1.613e+03  1.000e+00  8.250e-283
1.614e+03  1.000e+00  2.078e-283
1.615e+03  1.000e+00  5.227e-284
1.616e+03  1.000e+00  1.313e-284
1.617e+03  1.000e+00  3.295e-285
1.618e+03  1.000e+00  8.255e-286
1.619e+03  1.000e+00  2.066e-286
1.620e+03  1.000e+00  5.162e-287
1.621e+03  1.000e+00  1.288e-287
1.622e+03  1.000e+00  3.210e-288
1.623e+03  1.000e+00  7.991e-289
1.624e+03  1.000e+00  1.986e-289
1.625e+03  1.000e+00  4.931e-290
1.626e+03  1.000e+00  1.223e-290
1.627e+03  1.000e+00  3.027e-291
1.628e+03  1.000e+00  7.485e-292
1.629e+03  1.000e+00  1.848e-292
1.630e+03  1.000e+00  4.559e-293
1.631e+03  1.000e+00  1.123e-293
1.632e+03  1.000e+00  2.762e-294
1.633e+03  1.000e+00  6.786e-295
1.634e+03  1.000e+00  1.665e-295
1.635e+03  1.000e+00  4.080e-296
1.636e+03  1.000e+00  9.985e-297
1.637e+03  1.000e+00  2.441e-297
1.638e+03  1.000e+00  5.957e-298
1.639e+03  1.000e+00  1.452e-298
1.640e+03  1.000e+00  3.536e-299
1.641e+03  1.000e+00  8.598e-300
1.642e+03  1.000e+00  2.088e-300
1.643e+03  1.000e+00  5.064e-301
1.644e+03  1.000e+00  1.227e-301
1.645e+03  1.000e+00  2.968e-302
1.646e+03  1.000e+00  7.171e-303
1.647e+03  1.000e+00  1.730e-303
1.648e+03  1.000e+00  4.170e-304
1.649e+03  1.000e+00  1.004e-304
1.650e+03  1.000e+00  2.413e-305
1.651e+03  1.000e+00  5.794e-306
1.652e+03  1.000e+00  1.389e-306
1.653e+03  1.000e+00  3.327e-307
1.654e+03  1.000e+00  7.959e-308
1.655e+03  1.000e+00  1.901e-308
1.656e+03  1.000e+00  4.537e-309
1.657e+03  1.000e+00  1.081e-309
1.658e+03  1.000e+00  2.573e-310
1.659e+03  1.000e+00  6.116e-311
1.660e+03  1.000e+00  1.452e-311
1.661e+03  1.000e+00  3.443e-312
1.662e+03  1.000e+00  8.155e-313
1.663e+03  1.000e+00  1.929e-313
1.664e+03  1.000e+00  4.557e-314
1.665e+03  1.000e+00  1.075e-314
1.666e+03  1.000e+00  2.534e-315
1.667e+03  1.000e+00  5.964e-316
1.668e+03  1.000e+00  1.402e-316
1.669e+03  1.000e+00  3.292e-317
1.670e+03  1.000e+00  7.720e-318
1.671e+03  1.000e+00  1.808e-318
1.672e+03  1.000e+00  4.230e-319
1.673e+03  1.000e+00  9.883e-320
1.674e+03  1.000e+00  2.306e-320
1.675e+03  1.000e+00  5.370e-321
1.676e+03  1.000e+00  1.245e-321
1.677e+03  1.000e+00  2.964e-322
1.678e+03  1.000e+00  6.423e-323
1.679e+03  1.000e+00  1.976e-323
1.680e+03  1.000e+00  0.000e+00
1.681e+03  1.000e+00  0.000e+00
1.682e+03  1.000e+00  0.000e+00
1.683e+03  1.000e+00  0.000e+00
1.684e+03  1.000e+00  0.000e+00
1.685e+03  1.000e+00  0.000e+00
1.686e+03  1.000e+00  0.000e+00
1.687e+03  1.000e+00  0.000e+00
1.688e+03  1.000e+00  0.000e+00
1.689e+03  1.000e+00  0.000e+00
1.690e+03  1.000e+00  0.000e+00
1.691e+03  1.000e+00  0.000e+00
1.692e+03  1.000e+00  0.000e+00
1.693e+03  1.000e+00  0.000e+00
1.694e+03  1.000e+00  0.000e+00
1.695e+03  1.000e+00  0.000e+00
1.696e+03  1.000e+00  0.000e+00
1.697e+03  1.000e+00  0.000e+00
1.698e+03  1.000e+00  0.000e+00
1.699e+03  1.000e+00  0.000e+00
1.700e+03  1.000e+00  0.000e+00
1.701e+03  1.000e+00  0.000e+00
1.702e+03  1.000e+00  0.000e+00
1.703e+03  1.000e+00  0.000e+00
1.704e+03  1.000e+00  0.000e+00
1.705e+03  1.000e+00  0.000e+00
1.706e+03  1.000e+00  0.000e+00
1.707e+03  1.000e+00  0.000e+00
1.708e+03  1.000e+00  0.000e+00
1.709e+03  1.000e+00  0.000e+00
1.710e+03  1.000e+00  0.000e+00
1.711e+03  1.000e+00  0.000e+00
1.712e+03  1.000e+00  0.000e+00
1.713e+03  1.000e+00  0.000e+00
1.714e+03  1.000e+00  0.000e+00
1.715e+03  1.000e+00  0.000e+00
1.716e+03  1.000e+00  0.000e+00
1.717e+03  1.000e+00  0.000e+00
1.718e+03  1.000e+00  0.000e+00
1.719e+03  1.000e+00  0.000e+00
1.720e+03  1.000e+00  0.000e+00
1.721e+03  1.000e+00  0.000e+00
1.722e+03  1.000e+00  0.000e+00
1.723e+03  1.000e+00  0.000e+00
1.724e+03  1.000e+00  0.000e+00
1.725e+03  1.000e+00  0.000e+00
1.726e+03  1.000e+00  0.000e+00
1.727e+03  1.000e+00  0.000e+00
1.728e+03  1.000e+00  0.000e+00
1.729e+03  1.000e+00  0.000e+00
1.730e+03  1.000e+00  0.000e+00
1.731e+03  1.000e+00  0.000e+00
1.732e+03  1.000e+00  0.000e+00
1.733e+03  1.000e+00  0.000e+00
1.734e+03  1.000e+00  0.000e+00
1.735e+03  1.000e+00  0.000e+00
1.736e+03  1.000e+00  0.000e+00
1.737e+03  1.000e+00  0.000e+00
1.738e+03  1.000e+00  0.000e+00
1.739e+03  1.000e+00  0.000e+00
1.740e+03  1.000e+00  0.000e+00
1.741e+03  1.000e+00  0.000e+00
1.742e+03  1.000e+00  0.000e+00
1.743e+03  1.000e+00  0.000e+00
1.744e+03  1.000e+00  0.000e+00
1.745e+03  1.000e+00  0.000e+00
1.746e+03  1.000e+00  0.000e+00
1.747e+03  1.000e+00  0.000e+00
1.748e+03  1.000e+00  0.000e+00
1.749e+03  1.000e+00  0.000e+00
1.750e+03  1.000e+00  0.000e+00
1.751e+03  1.000e+00  0.000e+00
1.752e+03  1.000e+00  0.000e+00
1.753e+03  1.000e+00  0.000e+00
1.754e+03  1.000e+00  0.000e+00
1.755e+03  1.000e+00  0.000e+00
1.756e+03  1.000e+00  0.000e+00
1.757e+03  1.000e+00  0.000e+00
1.758e+03  1.000e+00  0.000e+00
1.759e+03  1.000e+00  0.000e+00
1.760e+03  1.000e+00  0.000e+00
1.761e+03  1.000e+00  0.000e+00
1.762e+03  1.000e+00  0.000e+00
1.763e+03  1.000e+00  0.000e+00
1.764e+03  1.000e+00  0.000e+00
1.765e+03  1.000e+00  0.000e+00
1.766e+03  1.000e+00  0.000e+00
1.767e+03  1.000e+00  0.000e+00
1.768e+03  1.000e+00  0.000e+00
1.769e+03  1.000e+00  0.000e+00
1.770e+03  1.000e+00  0.000e+00
1.771e+03  1.000e+00  0.000e+00
1.772e+03  1.000e+00  0.000e+00
1.773e+03  1.000e+00  0.000e+00
1.774e+03  1.000e+00  0.000e+00
1.775e+03  1.000e+00  0.000e+00
1.776e+03  1.000e+00  0.000e+00
1.777e+03  1.000e+00  0.000e+00
1.778e+03  1.000e+00  0.000e+00
1.779e+03  1.000e+00  0.000e+00
1.780e+03  1.000e+00  0.000e+00
1.781e+03  1.000e+00  0.000e+00
1.782e+03  1.000e+00  0.000e+00
1.783e+03  1.000e+00  0.000e+00
1.784e+03  1.000e+00  0.000e+00
1.785e+03  1.000e+00  0.000e+00
1.786e+03  1.000e+00  0.000e+00
1.787e+03  1.000e+00  0.000e+00
1.788e+03  1.000e+00  0.000e+00
1.789e+03  1.000e+00  0.000e+00
1.790e+03  1.000e+00  0.000e+00
1.791e+03  1.000e+00  0.000e+00
1.792e+03  1.000e+00  0.000e+00
1.793e+03  1.000e+00  0.000e+00
1.794e+03  1.000e+00  0.000e+00
1.795e+03  1.000e+00  0.000e+00
1.796e+03  1.000e+00  0.000e+00
1.797e+03  1.000e+00  0.000e+00
1.798e+03  1.000e+00  0.000e+00
1.799e+03  1.000e+00  0.000e+00
1.800e+03  1.000e+00  0.000e+00
1.801e+03  1.000e+00  0.000e+00
1.802e+03  1.000e+00  0.000e+00
1.803e+03  1.000e+00  0.000e+00
1.804e+03  1.000e+00  0.000e+00
1.805e+03  1.000e+00  0.000e+00
1.806e+03  1.000e+00  0.000e+00
1.807e+03  1.000e+00  0.000e+00
1.808e+03  1.000e+00  0.000e+00
1.809e+03  1.000e+00  0.000e+00
1.810e+03  1.000e+00  0.000e+00
1.811e+03  1.000e+00  0.000e+00
1.812e+03  1.000e+00  0.000e+00
1.813e+03  1.000e+00  0.000e+00
1.814e+03  1.000e+00  0.000e+00
1.815e+03  1.000e+00  0.000e+00
1.816e+03  1.000e+00  0.000e+00
1.817e+03  1.000e+00  0.000e+00
1.818e+03  1.000e+00  0.000e+00
1.819e+03  1.000e+00  0.000e+00
1.820e+03  1.000e+00  0.000e+00
1.821e+03  1.000e+00  0.000e+00
1.822e+03  1.000e+00  0.000e+00
1.823e+03  1.000e+00  0.000e+00
1.824e+03  1.000e+00  0.000e+00
1.825e+03  1.000e+00  0.000e+00
1.826e+03  1.000e+00  0.000e+00
1.827e+03  1.000e+00  0.000e+00
1.828e+03  1.000e+00  0.000e+00
1.829e+03  1.000e+00  0.000e+00
1.830e+03  1.000e+00  0.000e+00
1.831e+03  1.000e+00  0.000e+00
1.832e+03  1.000e+00  0.000e+00
1.833e+03  1.000e+00  0.000e+00
1.834e+03  1.000e+00  0.000e+00
1.835e+03  1.000e+00  0.000e+00
1.836e+03  1.000e+00  0.000e+00
1.837e+03  1.000e+00  0.000e+00
1.838e+03  1.000e+00  0.000e+00
1.839e+03  1.000e+00  0.000e+00
1.840e+03  1.000e+00  0.000e+00
1.841e+03  1.000e+00  0.000e+00
1.842e+03  1.000e+00  0.000e+00
1.843e+03  1.000e+00  0.000e+00
1.844e+03  1.000e+00  0.000e+00
1.845e+03  1.000e+00  0.000e+00
1.846e+03  1.000e+00  0.000e+00
1.847e+03  1.000e+00  0.000e+00
1.848e+03  1.000e+00  0.000e+00
1.849e+03  1.000e+00  0.000e+00
1.850e+03  1.000e+00  0.000e+00
1.851e+03  1.000e+00  0.000e+00
1.852e+03  1.000e+00  0.000e+00
1.853e+03  1.000e+00  0.000e+00
1.854e+03  1.000e+00  0.000e+00
1.855e+03  1.000e+00  0.000e+00
1.856e+03  1.000e+00  0.000e+00
1.857e+03  1.000e+00  0.000e+00
1.858e+03  1.000e+00  0.000e+00
1.859e+03  1.000e+00  0.000e+00
1.860e+03  1.000e+00  0.000e+00
1.861e+03  1.000e+00  0.000e+00
1.862e+03  1.000e+00  0.000e+00
1.863e+03  1.000e+00  0.000e+00
1.864e+03  1.000e+00  0.000e+00
1.865e+03  1.000e+00  0.000e+00
1.866e+03  1.000e+00  0.000e+00
1.867e+03  1.000e+00  0.000e+00
1.868e+03  1.000e+00  0.000e+00
1.869e+03  1.000e+00  0.000e+00
1.870e+03  1.000e+00  0.000e+00
1.871e+03  1.000e+00  0.000e+00
1.872e+03  1.000e+00  0.000e+00
1.873e+03  1.000e+00  0.000e+00
1.874e+03  1.000e+00  0.000e+00
1.875e+03  1.000e+00  0.000e+00
1.876e+03  1.000e+00  0.000e+00
1.877e+03  1.000e+00  0.000e+00
1.878e+03  1.000e+00  0.000e+00
1.879e+03  1.000e+00  0.000e+00
1.880e+03  1.000e+00  0.000e+00
1.881e+03  1.000e+00  0.000e+00
1.882e+03  1.000e+00  0.000e+00
1.883e+03  1.000e+00  0.000e+00
1.884e+03  1.000e+00  0.000e+00
1.885e+03  1.000e+00  0.000e+00
1.886e+03  1.000e+00  0.000e+00
1.887e+03  1.000e+00  0.000e+00
1.888e+03  1.000e+00  0.000e+00
1.889e+03  1.000e+00  0.000e+00
1.890e+03  1.000e+00  0.000e+00
1.891e+03  1.000e+00  0.000e+00
1.892e+03  1.000e+00  0.000e+00
1.893e+03  1.000e+00  0.000e+00
1.894e+03  1.000e+00  0.000e+00
1.895e+03  1.000e+00  0.000e+00
1.896e+03  1.000e+00  0.000e+00
1.897e+03  1.000e+00  0.000e+00
1.898e+03  1.000e+00  0.000e+00
1.899e+03  1.000e+00  0.000e+00
1.900e+03  1.000e+00  0.000e+00
1.901e+03  1.000e+00  0.000e+00
1.902e+03  1.000e+00  0.000e+00
1.903e+03  1.000e+00  0.000e+00
1.904e+03  1.000e+00  0.000e+00
1.905e+03  1.000e+00  0.000e+00
1.906e+03  1.000e+00  0.000e+00
1.907e+03  1.000e+00  0.000e+00
1.908e+03  1.000e+00  0.000e+00
1.909e+03  1.000e+00  0.000e+00
1.910e+03  1.000e+00  0.000e+00
1.911e+03  1.000e+00  0.000e+00
1.912e+03  1.000e+00  0.000e+00
1.913e+03  1.000e+00  0.000e+00
1.914e+03  1.000e+00  0.000e+00
1.915e+03  1.000e+00  0.000e+00
1.916e+03  1.000e+00  0.000e+00
1.917e+03  1.000e+00  0.000e+00
1.918e+03  1.000e+00  0.000e+00
1.919e+03  1.000e+00  0.000e+00
1.920e+03  1.000e+00  0.000e+00
1.921e+03  1.000e+00  0.000e+00
1.922e+03  1.000e+00  0.000e+00
1.923e+03  1.000e+00  0.000e+00
1.924e+03  1.000e+00  0.000e+00
1.925e+03  1.000e+00  0.000e+00
1.926e+03  1.000e+00  0.000e+00
1.927e+03  1.000e+00  0.000e+00
1.928e+03  1.000e+00  0.000e+00
1.929e+03  1.000e+00  0.000e+00
1.930e+03  1.000e+00  0.000e+00
1.931e+03  1.000e+00  0.000e+00
1.932e+03  1.000e+00  0.000e+00
1.933e+03  1.000e+00  0.000e+00
1.934e+03  1.000e+00  0.000e+00
1.935e+03  1.000e+00  0.000e+00
1.936e+03  1.000e+00  0.000e+00
1.937e+03  1.000e+00  0.000e+00
1.938e+03  1.000e+00  0.000e+00
1.939e+03  1.000e+00  0.000e+00
1.940e+03  1.000e+00  0.000e+00
1.941e+03  1.000e+00  0.000e+00
1.942e+03  1.000e+00  0.000e+00
1.943e+03  1.000e+00  0.000e+00
1.944e+03  1.000e+00  0.000e+00
1.945e+03  1.000e+00  0.000e+00
1.946e+03  1.000e+00  0.000e+00
1.947e+03  1.000e+00  0.000e+00
1.948e+03  1.000e+00  0.000e+00
1.949e+03  1.000e+00  0.000e+00
1.950e+03  1.000e+00  0.000e+00
1.951e+03  1.000e+00  0.000e+00
1.952e+03  1.000e+00  0.000e+00
1.953e+03  1.000e+00  0.000e+00
1.954e+03  1.000e+00  0.000e+00
1.955e+03  1.000e+00  0.000e+00
1.956e+03  1.000e+00  0.000e+00
1.957e+03  1.000e+00  0.000e+00
1.958e+03  1.000e+00  0.000e+00
1.959e+03  1.000e+00  0.000e+00
1.960e+03  1.000e+00  0.000e+00
1.961e+03  1.000e+00  0.000e+00
1.962e+03  1.000e+00  0.000e+00
1.963e+03  1.000e+00  0.000e+00
1.964e+03  1.000e+00  0.000e+00
1.965e+03  1.000e+00  0.000e+00
1.966e+03  1.000e+00  0.000e+00
1.967e+03  1.000e+00  0.000e+00
1.968e+03  1.000e+00  0.000e+00
1.969e+03  1.000e+00  0.000e+00
1.970e+03  1.000e+00  0.000e+00
1.971e+03  1.000e+00  0.000e+00
1.972e+03  1.000e+00  0.000e+00
1.973e+03  1.000e+00  0.000e+00
1.974e+03  1.000e+00  0.000e+00
1.975e+03  1.000e+00  0.000e+00
1.976e+03  1.000e+00  0.000e+00
1.977e+03  1.000e+00  0.000e+00
1.978e+03  1.000e+00  0.000e+00
1.979e+03  1.000e+00  0.000e+00
1.980e+03  1.000e+00  0.000e+00
1.981e+03  1.000e+00  0.000e+00
1.982e+03  1.000e+00  0.000e+00
1.983e+03  1.000e+00  0.000e+00
1.984e+03  1.000e+00  0.000e+00
1.985e+03  1.000e+00  0.000e+00
1.986e+03  1.000e+00  0.000e+00
1.987e+03  1.000e+00  0.000e+00
1.988e+03  1.000e+00  0.000e+00
1.989e+03  1.000e+00  0.000e+00
1.990e+03  1.000e+00  0.000e+00
1.991e+03  1.000e+00  0.000e+00
1.992e+03  1.000e+00  0.000e+00
1.993e+03  1.000e+00  0.000e+00
1.994e+03  1.000e+00  0.000e+00
1.995e+03  1.000e+00  0.000e+00
1.996e+03  1.000e+00  0.000e+00
1.997e+03  1.000e+00  0.000e+00
1.998e+03  1.000e+00  0.000e+00
1.999e+03  1.000e+00  0.000e+00
2.000e+03  1.000e+00  0.000e+00
