1.500000000000000000e+00
1.500000000000000000e+00
0.000000000000000000e+00
0.000000000000000000e+00
1.500000000000000000e+00
1.200000000000000178e+00
1.200000000000000178e+00
1.200000000000000178e+00
1.200000000000000178e+00
1.200000000000000178e+00
1.000000000000000000e+00
1.000000000000000000e+00
1.000000000000000000e+00
1.000000000000000000e+00
2.000000000000000000e+00
1.714285714285714191e+00
8.571428571428570953e-01
8.571428571428570953e-01
1.714285714285714191e+00
1.714285714285714191e+00
1.500000000000000000e+00
1.500000000000000000e+00
1.500000000000000000e+00
1.500000000000000000e+00
1.500000000000000000e+00
1.333333333333333259e+00
1.333333333333333259e+00
1.333333333333333259e+00
1.333333333333333259e+00
1.333333333333333259e+00
1.200000000000000178e+00
1.800000000000000044e+00
1.200000000000000178e+00
1.200000000000000178e+00
1.200000000000000178e+00
1.636363636363636243e+00
1.636363636363636243e+00
1.636363636363636243e+00
1.090909090909091050e+00
1.636363636363636243e+00
1.500000000000000000e+00
1.500000000000000000e+00
1.500000000000000000e+00
1.500000000000000000e+00
1.500000000000000000e+00
1.384615384615384803e+00
1.384615384615384803e+00
1.846153846153846256e+00
1.384615384615384803e+00
1.384615384615384803e+00
1.285714285714285809e+00
1.714285714285714191e+00
1.714285714285714191e+00
1.285714285714285809e+00
1.285714285714285809e+00
1.600000000000000089e+00
1.600000000000000089e+00
1.600000000000000089e+00
1.600000000000000089e+00
1.600000000000000089e+00
1.500000000000000000e+00
1.500000000000000000e+00
1.875000000000000000e+00
1.500000000000000000e+00
1.500000000000000000e+00
1.411764705882353033e+00
1.764705882352941346e+00
1.764705882352941346e+00
1.411764705882353033e+00
1.411764705882353033e+00
1.666666666666666741e+00
1.666666666666666741e+00
1.666666666666666741e+00
1.666666666666666741e+00
1.666666666666666741e+00
1.578947368421052655e+00
1.578947368421052655e+00
1.578947368421052655e+00
1.578947368421052655e+00
1.578947368421052655e+00
1.500000000000000000e+00
1.800000000000000044e+00
1.500000000000000000e+00
1.500000000000000000e+00
1.500000000000000000e+00
1.714285714285714191e+00
1.714285714285714191e+00
1.428571428571428603e+00
1.714285714285714191e+00
1.714285714285714191e+00
1.636363636363636243e+00
1.636363636363636243e+00
1.636363636363636243e+00
1.636363636363636243e+00
1.636363636363636243e+00
1.565217391304347894e+00
1.565217391304347894e+00
1.565217391304347894e+00
1.565217391304347894e+00
1.826086956521739246e+00
1.750000000000000222e+00
1.500000000000000000e+00
1.500000000000000000e+00
1.750000000000000222e+00
1.750000000000000222e+00
1.680000000000000160e+00
1.439999999999999947e+00
1.680000000000000160e+00
1.680000000000000160e+00
1.680000000000000160e+00
1.846153846153846256e+00
1.615384615384615419e+00
1.615384615384615419e+00
1.615384615384615419e+00
1.615384615384615419e+00
1.555555555555555580e+00
1.555555555555555580e+00
1.555555555555555580e+00
1.777777777777777679e+00
1.555555555555555580e+00
1.500000000000000000e+00
1.714285714285714191e+00
1.714285714285714191e+00
1.714285714285714191e+00
1.500000000000000000e+00
1.655172413793103425e+00
1.655172413793103425e+00
1.655172413793103425e+00
1.655172413793103425e+00
1.655172413793103425e+00
1.600000000000000089e+00
1.600000000000000089e+00
1.800000000000000044e+00
1.600000000000000089e+00
1.600000000000000089e+00
1.548387096774193505e+00
1.741935483870967971e+00
1.741935483870967971e+00
1.548387096774193505e+00
1.741935483870967971e+00
1.687500000000000000e+00
1.687500000000000000e+00
1.500000000000000000e+00
1.687500000000000000e+00
1.687500000000000000e+00
1.636363636363636243e+00
1.636363636363636243e+00
1.636363636363636243e+00
1.636363636363636243e+00
1.636363636363636243e+00
1.764705882352941346e+00
1.764705882352941346e+00
1.588235294117647189e+00
1.588235294117647189e+00
1.764705882352941346e+00
1.714285714285714191e+00
1.542857142857142705e+00
1.714285714285714191e+00
1.714285714285714191e+00
1.714285714285714191e+00
1.666666666666666741e+00
1.666666666666666741e+00
1.666666666666666741e+00
1.666666666666666741e+00
1.666666666666666741e+00
1.621621621621621712e+00
1.621621621621621712e+00
1.621621621621621712e+00
1.783783783783783994e+00
1.621621621621621712e+00
1.578947368421052655e+00
1.578947368421052655e+00
1.736842105263157965e+00
1.736842105263157965e+00
1.578947368421052655e+00
1.692307692307692291e+00
1.692307692307692291e+00
1.692307692307692291e+00
1.538461538461538325e+00
1.692307692307692291e+00
1.650000000000000133e+00
1.650000000000000133e+00
1.800000000000000044e+00
1.650000000000000133e+00
1.650000000000000133e+00
1.609756097560975707e+00
1.756097560975609762e+00
1.756097560975609762e+00
1.609756097560975707e+00
1.609756097560975707e+00
1.714285714285714191e+00
1.714285714285714191e+00
1.571428571428571619e+00
1.714285714285714191e+00
1.714285714285714191e+00
1.674418604651162878e+00
1.674418604651162878e+00
1.674418604651162878e+00
1.674418604651162878e+00
1.674418604651162878e+00
1.772727272727272929e+00
1.636363636363636243e+00
1.636363636363636243e+00
1.636363636363636243e+00
1.772727272727272929e+00
1.733333333333333171e+00
1.600000000000000089e+00
1.733333333333333171e+00
1.733333333333333171e+00
1.600000000000000089e+00
1.565217391304347894e+00
1.695652173913043459e+00
1.695652173913043459e+00
1.695652173913043459e+00
1.695652173913043459e+00
1.659574468085106558e+00
1.659574468085106558e+00
1.659574468085106558e+00
1.787234042553191404e+00
1.659574468085106558e+00
1.625000000000000000e+00
1.625000000000000000e+00
1.750000000000000222e+00
1.625000000000000000e+00
1.625000000000000000e+00
1.714285714285714191e+00
1.714285714285714191e+00
1.714285714285714191e+00
1.591836734693877764e+00
1.714285714285714191e+00
1.680000000000000160e+00
1.680000000000000160e+00
1.680000000000000160e+00
1.680000000000000160e+00
1.680000000000000160e+00
1.647058823529411908e+00
1.764705882352941346e+00
1.647058823529411908e+00
1.647058823529411908e+00
1.764705882352941346e+00
1.730769230769230616e+00
1.730769230769230616e+00
1.615384615384615419e+00
1.730769230769230616e+00
1.730769230769230616e+00
1.698113207547169878e+00
1.698113207547169878e+00
1.698113207547169878e+00
1.698113207547169878e+00
1.698113207547169878e+00
1.777777777777777679e+00
1.666666666666666741e+00
1.666666666666666741e+00
1.777777777777777679e+00
1.666666666666666741e+00
1.636363636363636243e+00
1.636363636363636243e+00
1.745454545454545370e+00
1.745454545454545370e+00
1.636363636363636243e+00
1.714285714285714191e+00
1.714285714285714191e+00
1.714285714285714191e+00
1.607142857142857206e+00
1.714285714285714191e+00
1.684210526315789380e+00
1.684210526315789380e+00
1.684210526315789380e+00
1.684210526315789380e+00
1.684210526315789380e+00
1.655172413793103425e+00
1.758620689655172376e+00
1.655172413793103425e+00
1.655172413793103425e+00
1.655172413793103425e+00
1.728813559322033955e+00
1.728813559322033955e+00
1.627118644067796716e+00
1.728813559322033955e+00
1.728813559322033955e+00
1.699999999999999956e+00
1.699999999999999956e+00
1.699999999999999956e+00
1.699999999999999956e+00
1.699999999999999956e+00
1.770491803278688492e+00
1.672131147540983465e+00
1.672131147540983465e+00
1.672131147540983465e+00
1.770491803278688492e+00
1.741935483870967971e+00
1.645161290322580516e+00
1.741935483870967971e+00
1.741935483870967971e+00
1.645161290322580516e+00
1.619047619047619069e+00
1.714285714285714191e+00
1.714285714285714191e+00
1.714285714285714191e+00
1.714285714285714191e+00
1.687500000000000000e+00
1.687500000000000000e+00
1.687500000000000000e+00
1.687500000000000000e+00
1.687500000000000000e+00
1.661538461538461631e+00
1.753846153846154055e+00
1.753846153846154055e+00
1.661538461538461631e+00
1.661538461538461631e+00
1.727272727272727515e+00
1.727272727272727515e+00
1.636363636363636243e+00
1.727272727272727515e+00
1.727272727272727515e+00
1.701492537313432862e+00
1.701492537313432862e+00
1.701492537313432862e+00
1.701492537313432862e+00
1.701492537313432862e+00
1.764705882352941346e+00
1.676470588235294157e+00
1.676470588235294157e+00
1.676470588235294157e+00
1.764705882352941346e+00
1.739130434782608869e+00
1.652173913043478271e+00
1.739130434782608869e+00
1.739130434782608869e+00
1.652173913043478271e+00
1.628571428571428559e+00
1.714285714285714191e+00
1.714285714285714191e+00
1.714285714285714191e+00
1.628571428571428559e+00
1.690140845070422726e+00
1.690140845070422726e+00
1.690140845070422726e+00
1.774647887323943740e+00
1.690140845070422726e+00
1.666666666666666741e+00
1.666666666666666741e+00
1.750000000000000222e+00
1.666666666666666741e+00
1.666666666666666741e+00
1.726027397260273988e+00
1.726027397260273988e+00
1.726027397260273988e+00
1.643835616438356073e+00
1.726027397260273988e+00
1.702702702702702631e+00
1.702702702702702631e+00
1.702702702702702631e+00
1.702702702702702631e+00
1.702702702702702631e+00
1.680000000000000160e+00
1.760000000000000009e+00
1.680000000000000160e+00
1.680000000000000160e+00
1.760000000000000009e+00
1.736842105263157965e+00
1.657894736842105532e+00
1.657894736842105532e+00
1.736842105263157965e+00
1.736842105263157965e+00
1.714285714285714191e+00
1.714285714285714191e+00
1.714285714285714191e+00
1.714285714285714191e+00
1.636363636363636243e+00
1.692307692307692291e+00
1.692307692307692291e+00
1.692307692307692291e+00
1.769230769230769384e+00
1.692307692307692291e+00
1.670886075949367111e+00
1.670886075949367111e+00
1.746835443037974667e+00
1.670886075949367111e+00
1.670886075949367111e+00
1.724999999999999867e+00
1.724999999999999867e+00
1.724999999999999867e+00
1.650000000000000133e+00
1.724999999999999867e+00
1.703703703703703720e+00
1.703703703703703720e+00
1.703703703703703720e+00
1.703703703703703720e+00
1.703703703703703720e+00
1.682926829268292845e+00
1.756097560975609762e+00
1.682926829268292845e+00
1.682926829268292845e+00
1.756097560975609762e+00
1.734939759036144613e+00
1.662650602409638578e+00
1.662650602409638578e+00
1.734939759036144613e+00
1.734939759036144613e+00
1.714285714285714191e+00
1.714285714285714191e+00
1.714285714285714191e+00
1.714285714285714191e+00
1.642857142857143016e+00
1.694117647058823506e+00
1.694117647058823506e+00
1.694117647058823506e+00
1.764705882352941346e+00
1.694117647058823506e+00
1.674418604651162878e+00
1.674418604651162878e+00
1.744186046511628119e+00
1.674418604651162878e+00
1.674418604651162878e+00
1.724137931034482651e+00
1.724137931034482651e+00
1.724137931034482651e+00
1.655172413793103425e+00
1.724137931034482651e+00
1.704545454545454808e+00
1.704545454545454808e+00
1.772727272727272929e+00
1.704545454545454808e+00
1.704545454545454808e+00
1.685393258426966412e+00
1.752808988764045006e+00
1.685393258426966412e+00
1.685393258426966412e+00
1.752808988764045006e+00
1.733333333333333171e+00
1.733333333333333171e+00
1.666666666666666741e+00
1.733333333333333171e+00
1.733333333333333171e+00
1.714285714285714191e+00
1.714285714285714191e+00
1.714285714285714191e+00
1.714285714285714191e+00
1.714285714285714191e+00
1.760869565217391575e+00
1.695652173913043459e+00
1.695652173913043459e+00
1.760869565217391575e+00
1.695652173913043459e+00
1.677419354838709520e+00
1.677419354838709520e+00
1.741935483870967971e+00
1.741935483870967971e+00
1.677419354838709520e+00
1.723404255319149092e+00
1.723404255319149092e+00
1.723404255319149092e+00
1.659574468085106558e+00
1.723404255319149092e+00
1.705263157894736814e+00
1.705263157894736814e+00
1.768421052631578894e+00
1.705263157894736814e+00
1.705263157894736814e+00
1.687500000000000000e+00
1.750000000000000222e+00
1.687500000000000000e+00
1.687500000000000000e+00
1.750000000000000222e+00
1.731958762886597780e+00
1.731958762886597780e+00
1.670103092783505216e+00
1.731958762886597780e+00
1.731958762886597780e+00
1.714285714285714191e+00
1.714285714285714191e+00
1.714285714285714191e+00
1.714285714285714191e+00
1.714285714285714191e+00
1.757575757575757569e+00
1.696969696969697017e+00
1.696969696969697017e+00
1.757575757575757569e+00
1.696969696969697017e+00
1.680000000000000160e+00
1.680000000000000160e+00
1.739999999999999991e+00
1.739999999999999991e+00
1.680000000000000160e+00
1.722772277227722748e+00
1.722772277227722748e+00
1.722772277227722748e+00
1.663366336633663511e+00
1.722772277227722748e+00
1.705882352941176405e+00
1.705882352941176405e+00
1.764705882352941346e+00
1.705882352941176405e+00
1.705882352941176405e+00
1.689320388349514479e+00
1.747572815533980473e+00
1.689320388349514479e+00
1.689320388349514479e+00
1.747572815533980473e+00
1.730769230769230616e+00
1.730769230769230616e+00
1.673076923076923128e+00
1.730769230769230616e+00
1.730769230769230616e+00
1.714285714285714191e+00
1.714285714285714191e+00
1.714285714285714191e+00
1.714285714285714191e+00
1.714285714285714191e+00
1.754716981132075526e+00
1.698113207547169878e+00
1.698113207547169878e+00
1.754716981132075526e+00
1.698113207547169878e+00
1.682242990654205572e+00
1.682242990654205572e+00
1.738317757009345765e+00
1.738317757009345765e+00
1.682242990654205572e+00
1.722222222222222321e+00
1.722222222222222321e+00
1.722222222222222321e+00
1.666666666666666741e+00
1.722222222222222321e+00
1.706422018348624059e+00
1.706422018348624059e+00
1.761467889908256979e+00
1.706422018348624059e+00
1.706422018348624059e+00
1.690909090909090917e+00
1.745454545454545370e+00
1.690909090909090917e+00
1.690909090909090917e+00
1.745454545454545370e+00
1.729729729729729826e+00
1.729729729729729826e+00
1.675675675675675658e+00
1.729729729729729826e+00
1.729729729729729826e+00
1.714285714285714191e+00
1.714285714285714191e+00
1.714285714285714191e+00
1.714285714285714191e+00
1.714285714285714191e+00
1.752212389380531032e+00
1.699115044247787587e+00
1.699115044247787587e+00
1.752212389380531032e+00
1.699115044247787587e+00
1.684210526315789380e+00
1.684210526315789380e+00
1.736842105263157965e+00
1.736842105263157965e+00
1.684210526315789380e+00
1.721739130434782661e+00
1.721739130434782661e+00
1.721739130434782661e+00
1.669565217391304479e+00
1.721739130434782661e+00
1.706896551724138122e+00
1.706896551724138122e+00
1.758620689655172376e+00
1.706896551724138122e+00
1.706896551724138122e+00
1.692307692307692291e+00
1.743589743589743835e+00
1.692307692307692291e+00
1.692307692307692291e+00
1.743589743589743835e+00
1.728813559322033955e+00
1.728813559322033955e+00
1.677966101694915224e+00
1.728813559322033955e+00
1.728813559322033955e+00
1.714285714285714191e+00
1.714285714285714191e+00
1.714285714285714191e+00
1.714285714285714191e+00
1.714285714285714191e+00
1.750000000000000222e+00
1.699999999999999956e+00
1.699999999999999956e+00
1.750000000000000222e+00
1.699999999999999956e+00
1.685950413223140654e+00
1.685950413223140654e+00
1.735537190082644621e+00
1.735537190082644621e+00
1.685950413223140654e+00
1.721311475409835978e+00
1.721311475409835978e+00
1.721311475409835978e+00
1.672131147540983465e+00
1.721311475409835978e+00
1.707317073170731669e+00
1.707317073170731669e+00
1.756097560975609762e+00
1.707317073170731669e+00
1.707317073170731669e+00
1.693548387096774466e+00
1.741935483870967971e+00
1.693548387096774466e+00
1.693548387096774466e+00
1.741935483870967971e+00
1.727999999999999980e+00
1.727999999999999980e+00
1.680000000000000160e+00
1.727999999999999980e+00
1.727999999999999980e+00
1.714285714285714191e+00
1.714285714285714191e+00
1.714285714285714191e+00
1.714285714285714191e+00
1.714285714285714191e+00
1.748031496062992129e+00
1.700787401574803237e+00
1.700787401574803237e+00
1.748031496062992129e+00
1.700787401574803237e+00
1.687500000000000000e+00
1.687500000000000000e+00
1.734375000000000000e+00
1.734375000000000000e+00
1.687500000000000000e+00
1.720930232558139705e+00
1.720930232558139705e+00
1.720930232558139705e+00
1.674418604651162878e+00
1.720930232558139705e+00
1.707692307692307621e+00
1.707692307692307621e+00
1.753846153846154055e+00
1.707692307692307621e+00
1.707692307692307621e+00
1.694656488549618478e+00
1.740458015267175584e+00
1.694656488549618478e+00
1.694656488549618478e+00
1.740458015267175584e+00
1.727272727272727515e+00
1.727272727272727515e+00
1.681818181818181657e+00
1.727272727272727515e+00
1.727272727272727515e+00
1.714285714285714191e+00
1.714285714285714191e+00
1.714285714285714191e+00
1.714285714285714191e+00
1.714285714285714191e+00
1.746268656716418066e+00
1.701492537313432862e+00
1.701492537313432862e+00
1.746268656716418066e+00
1.701492537313432862e+00
1.688888888888889106e+00
1.733333333333333171e+00
1.733333333333333171e+00
1.733333333333333171e+00
1.688888888888889106e+00
1.720588235294117530e+00
1.720588235294117530e+00
1.720588235294117530e+00
1.720588235294117530e+00
1.720588235294117530e+00
1.708029197080291883e+00
1.708029197080291883e+00
1.751824817518248034e+00
1.708029197080291883e+00
1.708029197080291883e+00
1.739130434782608869e+00
1.739130434782608869e+00
1.695652173913043459e+00
1.695652173913043459e+00
1.739130434782608869e+00
1.726618705035971146e+00
1.726618705035971146e+00
1.726618705035971146e+00
1.726618705035971146e+00
1.726618705035971146e+00
1.714285714285714191e+00
1.714285714285714191e+00
1.714285714285714191e+00
1.714285714285714191e+00
1.757142857142857340e+00
1.744680851063829641e+00
1.702127659574468321e+00
1.702127659574468321e+00
1.744680851063829641e+00
1.702127659574468321e+00
1.690140845070422726e+00
1.732394366197183233e+00
1.732394366197183233e+00
1.732394366197183233e+00
1.690140845070422726e+00
1.720279720279720426e+00
1.720279720279720426e+00
1.720279720279720426e+00
1.720279720279720426e+00
1.720279720279720426e+00
1.708333333333333259e+00
1.708333333333333259e+00
1.750000000000000222e+00
1.708333333333333259e+00
1.750000000000000222e+00
1.737931034482758763e+00
1.737931034482758763e+00
1.737931034482758763e+00
1.779310344827586210e+00
