1.592654424040066852e+00
1.562604340567612882e+00
1.532554257095158468e+00
1.502504173622704498e+00
1.462437395659432537e+00
1.432387312186978345e+00
1.402337228714524375e+00
1.362270450751252193e+00
1.322203672787980011e+00
1.292153589315526041e+00
1.252086811352253859e+00
1.202003338898163687e+00
1.161936560934891505e+00
1.121869782971619545e+00
1.071786310517529373e+00
1.021702838063439200e+00
9.716193656093489173e-01
9.115191986644407551e-01
8.514190317195324820e-01
7.913188647746244309e-01
7.312186978297162687e-01
6.510851419031720155e-01
5.609348914858097723e-01
4.707846410684474736e-01
3.305509181969950028e-01
1.302170283806343976e-01
-1.101836393989983343e-01
-3.064516129032258007e+00
-3.063492063492063711e+00
-3.063157894736842302e+00
-3.070866141732283339e+00
-3.062827225130890341e+00
-3.062827225130890341e+00
-3.070496083550914079e+00
-3.070496083550914079e+00
-3.070496083550914079e+00
-3.070496083550914079e+00
-3.078534031413612482e+00
-3.062827225130890341e+00
-3.074999999999999734e+00
-3.074999999999999734e+00
-3.074999999999999734e+00
-3.074999999999999734e+00
-3.060000000000000053e+00
-3.067669172932330657e+00
-3.067669172932330657e+00
-3.067669172932330657e+00
-3.067669172932330657e+00
-3.067669172932330657e+00
-3.067669172932330657e+00
