1.592654424040066852e+00
1.562604340567612882e+00
1.522537562604340478e+00
1.492487479131886507e+00
1.472454090150250527e+00
1.432387312186978345e+00
1.392320534223706163e+00
1.362270450751252193e+00
1.322203672787980011e+00
1.282136894824708051e+00
1.242070116861435869e+00
1.202003338898163687e+00
1.161936560934891505e+00
1.111853088480801555e+00
1.071786310517529373e+00
1.021702838063439200e+00
9.716193656093489173e-01
9.115191986644407551e-01
8.614357262103506940e-01
8.013355592654424209e-01
7.212020033388982787e-01
6.510851419031720155e-01
5.709515859766277623e-01
4.607679465776293726e-01
3.305509181969950028e-01
1.202003338898163659e-01
-1.969289827255278347e+00
-1.970961887477314045e+00
-1.974955277280858734e+00
-1.971580817051509671e+00
-1.964601769911504592e+00
-1.961130742049469911e+00
-1.964601769911504592e+00
-1.963272120200334037e+00
-1.973288814691152027e+00
-1.963272120200334037e+00
-1.973288814691152027e+00
-1.963272120200334037e+00
-1.963272120200334037e+00
-1.973288814691152027e+00
-1.963272120200334037e+00
-1.963272120200334037e+00
-1.963272120200334037e+00
-1.973288814691152027e+00
-1.973288814691152027e+00
-1.963272120200334037e+00
-1.963272120200334037e+00
-1.963272120200334037e+00
-1.963272120200334037e+00
-1.963272120200334037e+00
