1.592654424040066852e+00
1.552587646076794892e+00
1.532554257095158468e+00
1.492487479131886507e+00
1.462437395659432537e+00
1.432387312186978345e+00
1.392320534223706163e+00
1.352253756260433981e+00
1.322203672787980011e+00
1.282136894824708051e+00
1.252086811352253859e+00
1.202003338898163687e+00
1.161936560934891505e+00
1.121869782971619545e+00
1.071786310517529373e+00
1.021702838063439200e+00
9.716193656093489173e-01
9.215358931552587451e-01
8.614357262103506940e-01
8.013355592654424209e-01
7.312186978297162687e-01
6.510851419031720155e-01
5.609348914858097723e-01
4.707846410684474736e-01
3.305509181969950028e-01
1.001669449081803026e-01
-1.071786310517529373e+00
-1.071786310517529373e+00
-1.061769616026711160e+00
-1.071786310517529373e+00
-1.071786310517529373e+00
-1.071786310517529373e+00
-1.061769616026711160e+00
-1.071786310517529373e+00
-1.061769616026711160e+00
-1.061769616026711160e+00
-1.071786310517529373e+00
-1.071786310517529373e+00
-1.061769616026711160e+00
-1.061769616026711160e+00
-1.061769616026711160e+00
-1.061769616026711160e+00
-1.071786310517529373e+00
-1.071786310517529373e+00
-1.071786310517529373e+00
-1.071786310517529373e+00
-1.071786310517529373e+00
-1.061769616026711160e+00
-1.061769616026711160e+00
-1.061769616026711160e+00
