1.752921535893155358e+00
1.722871452420701388e+00
1.692821368948246974e+00
1.652754590984975014e+00
1.622704507512520822e+00
1.592654424040066852e+00
1.562604340567612882e+00
1.522537562604340478e+00
1.492487479131886507e+00
1.452420701168614547e+00
1.412353923205342365e+00
1.372287145242070183e+00
1.332220367278798001e+00
1.282136894824708051e+00
1.242070116861435869e+00
1.202003338898163687e+00
1.151919866444073515e+00
1.091819699499165353e+00
1.041736227045075180e+00
9.916527545909850083e-01
9.315525876460767352e-01
8.714524207011686840e-01
8.013355592654424209e-01
7.111853088480801777e-01
6.310517529215359245e-01
5.308848080133555802e-01
4.207011686143572460e-01
3.005008347245409217e-01
2.103505843071786230e-01
1.302170283806343976e-01
7.011686143572622154e-02
0.000000000000000000e+00
-7.011686143572622154e-02
-1.202003338898163659e-01
-1.702838063439065242e-01
-2.303839732888146863e-01
-2.704507512520868406e-01
-3.205342237061770128e-01
-3.706176961602671294e-01
-4.207011686143572460e-01
-4.607679465776293726e-01
-5.008347245409014992e-01
-5.509181969949916713e-01
-5.909849749582637424e-01
-6.410684474123540255e-01
-6.811352253756260966e-01
-7.212020033388982787e-01
-7.712854757929884508e-01
-8.013355592654424209e-01
-8.514190317195324820e-01
