1.772954924874791338e+00
1.752921535893155358e+00
1.732888146911519378e+00
1.722871452420701388e+00
1.702838063439064964e+00
1.682804674457428984e+00
1.672787979966610994e+00
1.652754590984975014e+00
1.632721202003339034e+00
1.612687813021702832e+00
1.602671118530884842e+00
1.582637729549248862e+00
1.562604340567612882e+00
1.552587646076794892e+00
1.522537562604340478e+00
1.512520868113522488e+00
1.492487479131886507e+00
1.472454090150250527e+00
1.452420701168614547e+00
1.432387312186978345e+00
1.412353923205342365e+00
1.392320534223706163e+00
1.362270450751252193e+00
1.352253756260433981e+00
1.322203672787980011e+00
1.302170283806344031e+00
1.282136894824708051e+00
1.252086811352253859e+00
1.242070116861435869e+00
1.212020033388981677e+00
1.191986644407345697e+00
1.161936560934891505e+00
1.141903171953255525e+00
1.111853088480801555e+00
1.071786310517529373e+00
1.051752921535893170e+00
1.021702838063439200e+00
9.916527545909850083e-01
9.716193656093489173e-01
9.315525876460767352e-01
9.015025041736227651e-01
8.714524207011686840e-01
8.414023372287144920e-01
8.113522537562604109e-01
7.813021702838064408e-01
7.612687813021702388e-01
7.312186978297162687e-01
7.011686143572621877e-01
6.811352253756260966e-01
6.510851419031720155e-01
