1.762938230383973348e+00
1.742904841402337368e+00
1.722871452420701388e+00
1.712854757929883398e+00
1.702838063439064964e+00
1.682804674457428984e+00
1.652754590984975014e+00
1.642737896494157024e+00
1.622704507512520822e+00
1.602671118530884842e+00
1.582637729549248862e+00
1.562604340567612882e+00
1.542570951585976902e+00
1.522537562604340478e+00
1.502504173622704498e+00
1.482470784641068517e+00
1.452420701168614547e+00
1.442404006677796557e+00
1.422370617696160355e+00
1.392320534223706163e+00
1.372287145242070183e+00
1.342237061769615991e+00
1.332220367278798001e+00
1.302170283806344031e+00
1.272120200333890061e+00
1.252086811352253859e+00
1.222036727879799667e+00
1.202003338898163687e+00
1.161936560934891505e+00
1.141903171953255525e+00
1.111853088480801555e+00
1.081803005008347363e+00
1.051752921535893170e+00
1.021702838063439200e+00
9.816360601001670183e-01
9.515859766277129372e-01
9.215358931552587451e-01
8.914858096828046641e-01
8.514190317195324820e-01
8.213689482470785119e-01
7.813021702838064408e-01
7.512520868113522488e-01
7.212020033388982787e-01
6.811352253756260966e-01
6.611018363939900055e-01
6.310517529215359245e-01
6.110183639398998334e-01
5.809682804674457524e-01
5.609348914858097723e-01
5.308848080133555802e-01
