1.491242702251876606e+00
1.461217681401167701e+00
1.431192660550458795e+00
1.401167639699749889e+00
1.371142618849040984e+00
1.336113427856547187e+00
1.296080066722268720e+00
1.266055045871559814e+00
1.226021684737281126e+00
1.190992493744787328e+00
1.150959132610508862e+00
1.110925771476230173e+00
1.065888240200166814e+00
1.020850708924103456e+00
9.758131776480400976e-01
9.207673060884070670e-01
8.707256046705588171e-01
8.156797331109257865e-01
7.606338615512927559e-01
7.005838198498749447e-01
6.405337781484570225e-01
5.804837364470393224e-01
5.254378648874062918e-01
4.653878231859883696e-01
4.103419516263553390e-01
3.502919099249374724e-01
2.852376980817348251e-01
2.301918265221017668e-01
1.701417848206839278e-01
1.100917431192660612e-01
5.004170141784820836e-02
-1.501251042535446147e-02
-8.006672226855712782e-02
-1.501251042535446389e-01
-2.201834862385321223e-01
-2.902418682235196612e-01
-3.703085904920767613e-01
-4.453711426188490807e-01
-5.304420350291909614e-01
-6.255212677231026808e-01
-7.306088407005838503e-01
-8.356964136780651309e-01
-9.658048373644704254e-01
-1.100917431192660612e+00
-1.266055045871559814e+00
-1.461217681401167701e+00
-1.716430358632193620e+00
-2.074330164217804917e+00
-2.865248226950354749e+00
-4.518518518518519045e+00
