1.491242702251876606e+00
1.461217681401167701e+00
1.431192660550458795e+00
1.401167639699749889e+00
1.366138448707256092e+00
1.336113427856547187e+00
1.296080066722268720e+00
1.266055045871559814e+00
1.226021684737281126e+00
1.190992493744787328e+00
1.150959132610508862e+00
1.110925771476230173e+00
1.065888240200166814e+00
1.025854879065888348e+00
9.758131776480400976e-01
9.257714762301918476e-01
8.757297748123437087e-01
8.206839032527106781e-01
7.606338615512927559e-01
7.005838198498749447e-01
6.405337781484570225e-01
5.804837364470393224e-01
5.204336947456214002e-01
4.553794829024186974e-01
4.003336113427856668e-01
3.402835696413678557e-01
2.802335279399499890e-01
2.201834862385321223e-01
1.601334445371142556e-01
9.507923269391159449e-02
3.502919099249374862e-02
-3.002502085070892293e-02
-1.000834028356964167e-01
-1.701417848206839278e-01
-2.402001668056713835e-01
-3.152627189324437307e-01
-4.003336113427856668e-01
-4.854045037531276030e-01
-5.754795663052544308e-01
-6.755629691409508197e-01
-7.906588824020016615e-01
-9.207673060884070670e-01
-1.065888240200166814e+00
-1.246038365304420470e+00
-1.481234361968307045e+00
-1.816513761467890120e+00
-2.472392638036809753e+00
-4.063593004769475492e+00
-4.099009900990099986e+00
-4.106844741235392782e+00
