1.491242702251876606e+00
1.466221851542952592e+00
1.431192660550458795e+00
1.401167639699749889e+00
1.366138448707256092e+00
1.336113427856547187e+00
1.301084236864053389e+00
1.261050875729774923e+00
1.231025854879066017e+00
1.185988323603002659e+00
1.150959132610508862e+00
1.110925771476230173e+00
1.065888240200166814e+00
1.025854879065888348e+00
9.758131776480400976e-01
9.257714762301918476e-01
8.757297748123437087e-01
8.156797331109257865e-01
7.606338615512927559e-01
6.905754795663052725e-01
6.255212677231026808e-01
5.554628857381150864e-01
4.854045037531276030e-01
4.103419516263553390e-01
3.402835696413678557e-01
2.702251876563803168e-01
1.901584653878231890e-01
1.050875729774812251e-01
2.001668056713928195e-02
-7.506255212677231947e-02
-1.851542952460383806e-01
-3.252710592160133474e-01
-5.754795663052544308e-01
-2.360110803324099837e+00
-2.364839319470699586e+00
-2.361031518624642001e+00
-2.363112391930835887e+00
-2.366441658630665579e+00
-2.367504835589941958e+00
-2.368574199806013691e+00
-2.365048543689320493e+00
-2.363813229571984476e+00
-2.366114897760467795e+00
-2.362573099415204769e+00
-2.368421052631579204e+00
-2.364878048780488129e+00
-2.367187500000000000e+00
-2.367187500000000000e+00
-2.363636363636363757e+00
-2.363636363636363757e+00
