1.491242702251876606e+00
1.466221851542952592e+00
1.431192660550458795e+00
1.401167639699749889e+00
1.366138448707256092e+00
1.336113427856547187e+00
1.301084236864053389e+00
1.261050875729774923e+00
1.231025854879066017e+00
1.185988323603002659e+00
1.150959132610508862e+00
1.110925771476230173e+00
1.065888240200166814e+00
1.020850708924103456e+00
9.758131776480400976e-01
9.257714762301918476e-01
8.707256046705588171e-01
8.156797331109257865e-01
7.556296914095079753e-01
6.905754795663052725e-01
6.255212677231026808e-01
5.604670558798999780e-01
4.904086738949124391e-01
4.203502919099249002e-01
3.502919099249374724e-01
2.802335279399499890e-01
2.051709758131776695e-01
1.301084236864053501e-01
4.503753127606338613e-02
-3.502919099249374862e-02
-1.301084236864053501e-01
-2.402001668056713835e-01
-3.803169307756463779e-01
-6.205170975813177892e-01
-2.484679665738161791e+00
-2.515361744301288560e+00
-2.523761375126390316e+00
-2.522448979591836782e+00
-2.519507186858316317e+00
-2.521112255406797509e+00
-2.522727272727272929e+00
-2.521739130434782705e+00
-2.524352331606217525e+00
-2.523364485981308469e+00
-2.525987525987526183e+00
-2.525987525987526183e+00
-2.522372528616025011e+00
-2.525000000000000355e+00
-2.525000000000000355e+00
-2.521376433785193161e+00
