1.491242702251876606e+00
1.461217681401167701e+00
1.431192660550458795e+00
1.401167639699749889e+00
1.371142618849040984e+00
1.336113427856547187e+00
1.296080066722268720e+00
1.266055045871559814e+00
1.226021684737281126e+00
1.190992493744787328e+00
1.150959132610508862e+00
1.110925771476230173e+00
1.065888240200166814e+00
1.020850708924103456e+00
9.708090075062552060e-01
9.257714762301918476e-01
8.707256046705588171e-01
8.206839032527106781e-01
7.606338615512927559e-01
7.005838198498749447e-01
6.405337781484570225e-01
5.854879065888239920e-01
5.254378648874062918e-01
4.703919933277732057e-01
4.103419516263553390e-01
3.552960800667223085e-01
2.952460383653044418e-01
2.351959966638866029e-01
1.801501251042535445e-01
1.201000834028356917e-01
6.005004170141784586e-02
0.000000000000000000e+00
-6.505421184320267503e-02
-1.301084236864053501e-01
-1.951626355296080251e-01
-2.702251876563803168e-01
-3.402835696413678557e-01
-4.203502919099249002e-01
-4.954128440366972752e-01
-5.854879065888239920e-01
-6.805671392827357113e-01
-7.856547122602167699e-01
-8.957464553794828310e-01
-1.015846538782318564e+00
-1.155963302752293753e+00
-1.311092577147623173e+00
-1.491242702251876606e+00
-1.711426188490408729e+00
-1.981651376146789101e+00
-2.380952380952380931e+00
