1.491242702251876606e+00
1.466221851542952592e+00
1.436196830692243465e+00
1.401167639699749889e+00
1.366138448707256092e+00
1.331109257714762295e+00
1.301084236864053389e+00
1.266055045871559814e+00
1.226021684737281126e+00
1.190992493744787328e+00
1.150959132610508862e+00
1.110925771476230173e+00
1.065888240200166814e+00
1.020850708924103456e+00
9.758131776480400976e-01
9.257714762301918476e-01
8.707256046705588171e-01
8.156797331109257865e-01
7.556296914095079753e-01
6.905754795663052725e-01
6.155129274395330086e-01
5.354462051709758530e-01
4.403669724770642446e-01
3.302752293577981835e-01
2.051709758131776695e-01
6.005004170141784586e-02
-1.401167639699749945e-01
-1.180984153461217767e+00
-1.180984153461217767e+00
-1.180984153461217767e+00
-1.175979983319432876e+00
-1.180984153461217767e+00
-1.180984153461217767e+00
-1.180984153461217767e+00
-1.180984153461217767e+00
-1.180984153461217767e+00
-1.180984153461217767e+00
-1.180984153461217767e+00
-1.175979983319432876e+00
-1.180984153461217767e+00
-1.180984153461217767e+00
-1.180984153461217767e+00
-1.180984153461217767e+00
-1.180984153461217767e+00
-1.180984153461217767e+00
-1.180984153461217767e+00
-1.180984153461217767e+00
-1.180984153461217767e+00
-1.180984153461217767e+00
-1.180984153461217767e+00
