1.491242702251876606e+00
1.461217681401167701e+00
1.431192660550458795e+00
1.401167639699749889e+00
1.371142618849040984e+00
1.336113427856547187e+00
1.296080066722268720e+00
1.266055045871559814e+00
1.226021684737281126e+00
1.190992493744787328e+00
1.150959132610508862e+00
1.110925771476230173e+00
1.065888240200166814e+00
1.020850708924103456e+00
9.708090075062552060e-01
9.257714762301918476e-01
8.757297748123437087e-01
8.206839032527106781e-01
7.606338615512927559e-01
7.005838198498749447e-01
6.455379482902419142e-01
5.854879065888239920e-01
5.254378648874062918e-01
4.703919933277732057e-01
4.153461217681401751e-01
3.603002502085070891e-01
3.002502085070892779e-01
2.452043369474562196e-01
1.851542952460383806e-01
1.251042535446205139e-01
6.505421184320267503e-02
5.004170141784820489e-03
-6.005004170141784586e-02
-1.201000834028356917e-01
-1.901584653878231890e-01
-2.602168473728107001e-01
-3.302752293577981835e-01
-4.103419516263553390e-01
-4.854045037531276030e-01
-5.704753961634696502e-01
-6.655546288573811475e-01
-7.606338615512927559e-01
-8.757297748123437087e-01
-9.958298582151794420e-01
-1.125938281901584626e+00
-1.281067556296914045e+00
-1.451209341117598139e+00
-1.646371976647206026e+00
-1.886572143452877492e+00
-2.191780821917808098e+00
