1.491242702251876606e+00
1.461217681401167701e+00
1.431192660550458795e+00
1.401167639699749889e+00
1.371142618849040984e+00
1.336113427856547187e+00
1.296080066722268720e+00
1.266055045871559814e+00
1.226021684737281126e+00
1.190992493744787328e+00
1.150959132610508862e+00
1.110925771476230173e+00
1.065888240200166814e+00
1.020850708924103456e+00
9.708090075062552060e-01
9.257714762301918476e-01
8.707256046705588171e-01
8.156797331109257865e-01
7.606338615512927559e-01
7.005838198498749447e-01
6.405337781484570225e-01
5.804837364470393224e-01
5.254378648874062918e-01
4.703919933277732057e-01
4.053377814845705029e-01
3.502919099249374724e-01
2.902418682235196612e-01
2.351959966638866029e-01
1.751459549624687362e-01
1.150959132610508834e-01
5.504587155963303058e-02
-1.000834028356964098e-02
-7.506255212677231947e-02
-1.401167639699749945e-01
-2.051709758131776695e-01
-2.752293577981651529e-01
-3.552960800667223085e-01
-4.353628023352794085e-01
-5.154295246038366196e-01
-6.055045871559633364e-01
-7.055879899916597253e-01
-8.056713928273561143e-01
-9.257714762301918476e-01
-1.055879899916597253e+00
-1.201000834028357112e+00
-1.371142618849040984e+00
-1.581317764804003323e+00
-1.841534612176814134e+00
-2.226345083487940801e+00
-3.111681643132220731e+00
