1.752921535893155358e+00
1.722871452420701388e+00
1.692821368948246974e+00
1.662771285475793004e+00
1.632721202003339034e+00
1.602671118530884842e+00
1.562604340567612882e+00
1.532554257095158468e+00
1.492487479131886507e+00
1.462437395659432537e+00
1.422370617696160355e+00
1.382303839732888173e+00
1.342237061769615991e+00
1.302170283806344031e+00
1.252086811352253859e+00
1.212020033388981677e+00
1.171953255425709495e+00
1.121869782971619545e+00
1.071786310517529373e+00
1.011686143572620988e+00
9.616026711185309273e-01
9.015025041736227651e-01
8.414023372287144920e-01
7.612687813021702388e-01
6.811352253756260966e-01
6.010016694490818434e-01
4.808013355592654636e-01
3.505843071786310938e-01
6.010016694490818295e-02
-3.005008347245409148e-02
-3.005008347245409148e-02
-3.005008347245409148e-02
-3.005008347245409148e-02
-3.005008347245409148e-02
-2.003338898163606330e-02
-3.005008347245409148e-02
-3.005008347245409148e-02
-3.005008347245409148e-02
-3.005008347245409148e-02
-2.003338898163606330e-02
-2.003338898163606330e-02
-3.005008347245409148e-02
-3.005008347245409148e-02
-3.005008347245409148e-02
-3.005008347245409148e-02
-3.005008347245409148e-02
-3.005008347245409148e-02
-3.005008347245409148e-02
-3.005008347245409148e-02
-3.005008347245409148e-02
