1.752921535893155358e+00
1.712854757929883398e+00
1.682804674457428984e+00
1.652754590984975014e+00
1.622704507512520822e+00
1.592654424040066852e+00
1.552587646076794892e+00
1.522537562604340478e+00
1.482470784641068517e+00
1.432387312186978345e+00
1.392320534223706163e+00
1.362270450751252193e+00
1.312186978297162021e+00
1.272120200333890061e+00
1.232053422370617879e+00
1.181969949916527485e+00
1.121869782971619545e+00
1.081803005008347363e+00
1.021702838063439200e+00
9.616026711185309273e-01
9.015025041736227651e-01
8.313856427378965019e-01
7.512520868113522488e-01
6.711185308848079956e-01
5.709515859766277623e-01
4.607679465776293726e-01
2.904841402337228762e-01
-3.005008347245409148e-02
-3.005008347245409148e-02
-3.005008347245409148e-02
-3.005008347245409148e-02
-3.005008347245409148e-02
-2.003338898163606330e-02
-3.005008347245409148e-02
-3.005008347245409148e-02
-3.005008347245409148e-02
-3.005008347245409148e-02
-2.003338898163606330e-02
-3.005008347245409148e-02
-3.005008347245409148e-02
-3.005008347245409148e-02
-3.005008347245409148e-02
-3.005008347245409148e-02
-3.005008347245409148e-02
-3.005008347245409148e-02
-3.005008347245409148e-02
-3.005008347245409148e-02
-3.005008347245409148e-02
-3.005008347245409148e-02
-3.005008347245409148e-02
