1.742904841402337368e+00
1.722871452420701388e+00
1.682804674457428984e+00
1.652754590984975014e+00
1.622704507512520822e+00
1.592654424040066852e+00
1.562604340567612882e+00
1.522537562604340478e+00
1.482470784641068517e+00
1.452420701168614547e+00
1.412353923205342365e+00
1.372287145242070183e+00
1.332220367278798001e+00
1.292153589315526041e+00
1.242070116861435869e+00
1.202003338898163687e+00
1.151919866444073515e+00
1.101836393989983343e+00
1.041736227045075180e+00
9.916527545909850083e-01
9.315525876460767352e-01
8.614357262103506940e-01
8.013355592654424209e-01
7.212020033388982787e-01
6.310517529215359245e-01
5.308848080133555802e-01
4.006677796327212104e-01
2.003338898163606052e-01
-3.005008347245409148e-02
-2.003338898163606330e-02
-3.005008347245409148e-02
-3.005008347245409148e-02
-3.005008347245409148e-02
-2.003338898163606330e-02
-3.005008347245409148e-02
-3.005008347245409148e-02
-3.005008347245409148e-02
-3.005008347245409148e-02
-2.003338898163606330e-02
-3.005008347245409148e-02
-3.005008347245409148e-02
-3.005008347245409148e-02
-3.005008347245409148e-02
-3.005008347245409148e-02
-3.005008347245409148e-02
-3.005008347245409148e-02
-3.005008347245409148e-02
-3.005008347245409148e-02
-3.005008347245409148e-02
-3.005008347245409148e-02
