1.762938230383973348e+00
1.742904841402337368e+00
1.732888146911519378e+00
1.712854757929883398e+00
1.702838063439064964e+00
1.682804674457428984e+00
1.662771285475793004e+00
1.652754590984975014e+00
1.632721202003339034e+00
1.602671118530884842e+00
1.592654424040066852e+00
1.572621035058430872e+00
1.552587646076794892e+00
1.542570951585976902e+00
1.512520868113522488e+00
1.492487479131886507e+00
1.482470784641068517e+00
1.452420701168614547e+00
1.432387312186978345e+00
1.412353923205342365e+00
1.382303839732888173e+00
1.362270450751252193e+00
1.342237061769615991e+00
1.322203672787980011e+00
1.302170283806344031e+00
1.272120200333890061e+00
1.252086811352253859e+00
1.232053422370617879e+00
1.202003338898163687e+00
1.181969949916527485e+00
1.141903171953255525e+00
1.121869782971619545e+00
1.091819699499165353e+00
1.061769616026711160e+00
1.031719532554257190e+00
1.001669449081802998e+00
9.716193656093489173e-01
9.415692821368949472e-01
9.115191986644407551e-01
8.714524207011686840e-01
8.313856427378965019e-01
7.913188647746244309e-01
7.512520868113522488e-01
7.111853088480801777e-01
6.611018363939900055e-01
6.110183639398998334e-01
5.509181969949916713e-01
4.908180300500835092e-01
4.207011686143572460e-01
3.405676126878130483e-01
