1.742904841402337368e+00
1.712854757929883398e+00
1.672787979966610994e+00
1.642737896494157024e+00
1.592654424040066852e+00
1.552587646076794892e+00
1.522537562604340478e+00
1.472454090150250527e+00
1.432387312186978345e+00
1.382303839732888173e+00
1.332220367278798001e+00
1.282136894824708051e+00
1.232053422370617879e+00
1.181969949916527485e+00
1.121869782971619545e+00
1.061769616026711160e+00
1.001669449081802998e+00
9.315525876460767352e-01
8.514190317195324820e-01
7.712854757929884508e-01
6.811352253756260966e-01
5.609348914858097723e-01
4.207011686143572460e-01
2.003338898163606052e-01
-3.005008347245409148e-02
-3.005008347245409148e-02
-3.005008347245409148e-02
-2.003338898163606330e-02
-3.005008347245409148e-02
-3.005008347245409148e-02
-3.005008347245409148e-02
-2.003338898163606330e-02
-3.005008347245409148e-02
-3.005008347245409148e-02
-3.005008347245409148e-02
-3.005008347245409148e-02
-3.005008347245409148e-02
-3.005008347245409148e-02
-3.005008347245409148e-02
-3.005008347245409148e-02
-3.005008347245409148e-02
-3.005008347245409148e-02
-3.005008347245409148e-02
-2.003338898163606330e-02
-2.003338898163606330e-02
-2.003338898163606330e-02
-2.003338898163606330e-02
-2.003338898163606330e-02
-2.003338898163606330e-02
-3.005008347245409148e-02
