5.570145127850725686e+00
5.518848526387936992e+00
5.476546566961251195e+00
5.425876010781671255e+00
5.394789579158316251e+00
5.340397350993377756e+00
5.299212598425196319e+00
5.242365172189733968e+00
5.190231362467866205e+00
5.136681500317863858e+00
5.089993706733794809e+00
5.031133250311332183e+00
4.988293284041898090e+00
4.934146341463415020e+00
4.872814948764315979e+00
4.829558998808105130e+00
4.767962308598351129e+00
4.707799767171128913e+00
4.648275862068965480e+00
4.592508513053348729e+00
4.530795072788353473e+00
4.472667034787410678e+00
4.411540555253130158e+00
4.339055793991416721e+00
4.274696249339672072e+00
4.210088403536141222e+00
4.139130434782608781e+00
4.070387129210658372e+00
3.996049382716049259e+00
3.926356589147286691e+00
3.846007604562737825e+00
3.770949720670391248e+00
3.688382687927107551e+00
3.609973285841495905e+00
3.521739130434782705e+00
3.438745231030098104e+00
3.348184818481848346e+00
3.251002405773857351e+00
3.153965785381026343e+00
3.054928517682467870e+00
2.952795933188089528e+00
2.836770360013981307e+00
2.725201072386059131e+00
2.603520000000000056e+00
2.472948328267477347e+00
2.338020086083213656e+00
2.192958882020962008e+00
2.009502375593898549e+00
1.834458614653663444e+00
1.640410102525631464e+00
