5.585010409437890289e+00
5.572815533980582714e+00
5.567867036011080017e+00
5.566782006920415249e+00
5.561852107809260204e+00
5.563535911602209616e+00
5.545893719806763045e+00
5.543762922122674297e+00
5.537190082644627864e+00
5.536132140399174340e+00
5.531271477663229241e+00
5.524725274725274637e+00
5.522633744855967031e+00
5.516106922549691483e+00
5.509589041095890316e+00
5.504787961696305132e+00
5.498291182501708896e+00
5.490784982935153380e+00
5.487039563437925871e+00
5.480572597137014057e+00
5.484002722940775953e+00
5.474829931972789332e+00
5.467391304347826164e+00
5.460964019008825332e+00
5.467118644067796573e+00
5.455284552845528268e+00
5.445196211096075878e+00
5.449628127112913667e+00
5.436866981769075124e+00
5.427800269905532105e+00
5.428571428571428825e+00
5.419528619528619195e+00
5.420309347679892475e+00
5.408602150537634046e+00
5.406711409395972723e+00
5.395036887994633545e+00
5.393168117883456070e+00
5.392235609103079419e+00
5.377005347593582840e+00
5.376085504342016819e+00
5.376917945296864509e+00
5.362666666666666693e+00
5.358189081225033235e+00
5.351962741184298267e+00
5.350166112956810771e+00
5.345719973457200069e+00
5.342175066312996989e+00
5.337748344370861098e+00
5.331568497683652375e+00
5.327164573694645355e+00
