4.048236933342477389e-33
6.778276480546482982e-34
1.081520268674628869e-34
1.651863290975233841e-35
2.429442293263708783e-36
3.466913812631285594e-37
4.847478938139397650e-38
6.200447912908249792e-39
7.985657124043006004e-40
8.971392905901386564e-41
1.062203633232352684e-41
1.163762418236755957e-42
1.341987002962119737e-43
1.597718100291796283e-44
2.330229995562718840e-45
4.697288879188247882e-46
1.813424945034438474e-46
1.186469348667447973e-46
-1.000000000000000000e+00
-1.000000000000000000e+00
-1.000000000000000000e+00
-1.000000000000000000e+00
-1.000000000000000000e+00
-1.000000000000000000e+00
-1.000000000000000000e+00
-1.000000000000000000e+00
-1.000000000000000000e+00
-1.000000000000000000e+00
-1.000000000000000000e+00
-1.000000000000000000e+00
-1.000000000000000000e+00
-1.000000000000000000e+00
-1.000000000000000000e+00
-1.000000000000000000e+00
-1.000000000000000000e+00
-1.000000000000000000e+00
-1.000000000000000000e+00
-1.000000000000000000e+00
-1.000000000000000000e+00
-1.000000000000000000e+00
-1.000000000000000000e+00
-1.000000000000000000e+00
-1.000000000000000000e+00
-1.000000000000000000e+00
-1.000000000000000000e+00
-1.000000000000000000e+00
-1.000000000000000000e+00
-1.000000000000000000e+00
-1.000000000000000000e+00
-1.000000000000000000e+00
