3.661659516233330130e-65
3.498349895242445756e-66
3.335752963534175119e-67
2.567031896026781632e-68
1.823949791625654707e-69
1.224653430408789874e-70
1.854519299309309335e-70
8.262855405426127463e-70
5.018370596805226378e-69
4.753867483829455128e-68
7.209236854498532745e-67
2.008898297450939728e-65
1.061387987293956863e-63
1.103072218459204565e-61
2.891793640901587582e-59
1.629994311888742607e-56
2.828358519104951264e-53
1.604627636603884551e-49
3.541996494305411660e-45
6.017253637171898373e-43
1.235713182360763264e-43
4.105025533608357527e-44
3.335121581171056986e-44
4.093294901121105790e-43
8.364026604590794351e-15
8.298035761586318726e-01
-1.000000000000000000e+00
-1.000000000000000000e+00
-1.000000000000000000e+00
-1.000000000000000000e+00
-1.000000000000000000e+00
-1.000000000000000000e+00
-1.000000000000000000e+00
-1.000000000000000000e+00
-1.000000000000000000e+00
-1.000000000000000000e+00
-1.000000000000000000e+00
-1.000000000000000000e+00
-1.000000000000000000e+00
-1.000000000000000000e+00
-1.000000000000000000e+00
-1.000000000000000000e+00
-1.000000000000000000e+00
-1.000000000000000000e+00
-1.000000000000000000e+00
-1.000000000000000000e+00
-1.000000000000000000e+00
-1.000000000000000000e+00
-1.000000000000000000e+00
-1.000000000000000000e+00
