3.399077706710759711e-64
3.149922268224991246e-65
2.902620883728881776e-66
2.156146581680592595e-67
1.648229175960016330e-68
4.038907727321856509e-69
8.674749328227849594e-69
2.476414209554463449e-68
1.071263322337748993e-67
6.443512448167652567e-67
6.882095444807353325e-66
1.206219629640692342e-64
3.994324300666943911e-63
2.594576589204614791e-61
3.825195276267190992e-59
1.481703925285647068e-56
1.439504984570063347e-53
4.555013378917301021e-50
5.555640394868707311e-46
7.348468049965395178e-43
1.285654960518051801e-43
2.688432037434183396e-44
1.160818008185261575e-44
3.573702723575328177e-44
-1.000000000000000000e+00
8.645222663360486726e-01
-1.000000000000000000e+00
-1.000000000000000000e+00
-1.000000000000000000e+00
-1.000000000000000000e+00
-1.000000000000000000e+00
-1.000000000000000000e+00
-1.000000000000000000e+00
-1.000000000000000000e+00
-1.000000000000000000e+00
-1.000000000000000000e+00
-1.000000000000000000e+00
-1.000000000000000000e+00
-1.000000000000000000e+00
-1.000000000000000000e+00
-1.000000000000000000e+00
-1.000000000000000000e+00
-1.000000000000000000e+00
-1.000000000000000000e+00
-1.000000000000000000e+00
-1.000000000000000000e+00
-1.000000000000000000e+00
-1.000000000000000000e+00
-1.000000000000000000e+00
-1.000000000000000000e+00
