5.896286714418637148e-65
5.594130075119555733e-66
5.292418683041083404e-67
4.039529045950349866e-68
2.844253849499009336e-69
1.890388008809346534e-70
4.393896332643612365e-70
1.706249377247673513e-69
9.027769951300121954e-69
8.308347250898333577e-68
1.221029673888228835e-66
2.953183812776308874e-65
1.353650843306250563e-63
1.354085579599565925e-61
2.772637377814939297e-59
1.496356961358361908e-56
2.240262155781986060e-53
1.093098666809227334e-49
2.063185820027463633e-45
5.899354805502059141e-43
1.224675793365969148e-43
3.419969834463475476e-44
2.358121074678267293e-44
1.947074660928868741e-43
8.741353719209577158e-17
8.633901655175645340e-01
-1.000000000000000000e+00
-1.000000000000000000e+00
-1.000000000000000000e+00
-1.000000000000000000e+00
-1.000000000000000000e+00
-1.000000000000000000e+00
-1.000000000000000000e+00
-1.000000000000000000e+00
-1.000000000000000000e+00
-1.000000000000000000e+00
-1.000000000000000000e+00
-1.000000000000000000e+00
-1.000000000000000000e+00
-1.000000000000000000e+00
-1.000000000000000000e+00
-1.000000000000000000e+00
-1.000000000000000000e+00
-1.000000000000000000e+00
-1.000000000000000000e+00
-1.000000000000000000e+00
-1.000000000000000000e+00
-1.000000000000000000e+00
-1.000000000000000000e+00
-1.000000000000000000e+00
