2.445329755066822742e-54
7.100759621627441447e-55
2.220526990124028136e-55
7.554176975739629165e-56
2.556407178315603162e-56
1.068365681743403511e-56
4.577606315500533314e-57
2.268575760906653196e-57
1.471307560234054446e-57
1.282571285511947745e-57
1.404896101686342327e-57
2.223203634322735660e-57
5.878502246368475710e-57
3.022369626048746710e-56
3.213430427763979617e-55
7.595987039334239786e-54
5.229427514063777733e-52
1.254024529033027007e-49
9.750690248428837245e-47
5.503360278469116638e-44
-1.000000000000000000e+00
-1.000000000000000000e+00
-1.000000000000000000e+00
-1.000000000000000000e+00
-1.000000000000000000e+00
-1.000000000000000000e+00
-1.000000000000000000e+00
-1.000000000000000000e+00
-1.000000000000000000e+00
-1.000000000000000000e+00
-1.000000000000000000e+00
-1.000000000000000000e+00
-1.000000000000000000e+00
-1.000000000000000000e+00
-1.000000000000000000e+00
-1.000000000000000000e+00
-1.000000000000000000e+00
-1.000000000000000000e+00
-1.000000000000000000e+00
-1.000000000000000000e+00
-1.000000000000000000e+00
-1.000000000000000000e+00
-1.000000000000000000e+00
-1.000000000000000000e+00
-1.000000000000000000e+00
-1.000000000000000000e+00
-1.000000000000000000e+00
-1.000000000000000000e+00
-1.000000000000000000e+00
-1.000000000000000000e+00
