2.772283527169407408e-61
2.649856566058015598e-62
2.781019646480667588e-63
1.470694101028536447e-63
9.701020915487379223e-64
8.092620114811215608e-64
7.795838297020698260e-64
9.841160282000381592e-64
1.664270701650901289e-63
3.869988887391853349e-63
1.416493901590299545e-62
8.442313705378437648e-62
9.444332221086226098e-61
2.070263559572504672e-59
9.350005738357322279e-58
1.017443012433621919e-55
3.129580882324694273e-53
3.206901077583079904e-50
1.300684898177761286e-46
2.518444791221743970e-42
4.709522601062938357e-43
6.180402073431120263e-44
-1.000000000000000000e+00
-1.000000000000000000e+00
-1.000000000000000000e+00
7.480593703590916466e-01
-1.000000000000000000e+00
-1.000000000000000000e+00
-1.000000000000000000e+00
-1.000000000000000000e+00
-1.000000000000000000e+00
-1.000000000000000000e+00
-1.000000000000000000e+00
-1.000000000000000000e+00
-1.000000000000000000e+00
-1.000000000000000000e+00
-1.000000000000000000e+00
-1.000000000000000000e+00
-1.000000000000000000e+00
-1.000000000000000000e+00
-1.000000000000000000e+00
-1.000000000000000000e+00
-1.000000000000000000e+00
-1.000000000000000000e+00
-1.000000000000000000e+00
-1.000000000000000000e+00
-1.000000000000000000e+00
-1.000000000000000000e+00
-1.000000000000000000e+00
-1.000000000000000000e+00
