8.417990081918619153e-44
1.774256599245240095e-44
3.596174023895852141e-45
7.738546475774754086e-46
1.629929792897917512e-46
3.398406117083804722e-47
7.111570192545398514e-48
1.665437387005226901e-48
4.065608489787724263e-49
1.061559236714322008e-49
3.357022704297766109e-50
1.221458550370939209e-50
5.902018680626575630e-51
4.427276896948315611e-51
5.588575035784816384e-51
1.434628194407525855e-50
1.005242187351065901e-49
2.012022023367708832e-48
6.412662189756453837e-84
-1.000000000000000000e+00
-1.000000000000000000e+00
-1.000000000000000000e+00
-1.000000000000000000e+00
-1.000000000000000000e+00
-1.000000000000000000e+00
-1.000000000000000000e+00
-1.000000000000000000e+00
-1.000000000000000000e+00
-1.000000000000000000e+00
-1.000000000000000000e+00
-1.000000000000000000e+00
-1.000000000000000000e+00
-1.000000000000000000e+00
-1.000000000000000000e+00
-1.000000000000000000e+00
-1.000000000000000000e+00
-1.000000000000000000e+00
-1.000000000000000000e+00
-1.000000000000000000e+00
-1.000000000000000000e+00
-1.000000000000000000e+00
-1.000000000000000000e+00
-1.000000000000000000e+00
-1.000000000000000000e+00
-1.000000000000000000e+00
-1.000000000000000000e+00
-1.000000000000000000e+00
-1.000000000000000000e+00
-1.000000000000000000e+00
-1.000000000000000000e+00
