3.254844914426887388e-58
1.146709071118867580e-58
4.383425378208086875e-59
1.837351649956190807e-59
7.701531438990516079e-60
4.478247577540020949e-60
2.685962767003149991e-60
2.086412611816531135e-60
1.936167266040727106e-60
2.709611423477030507e-60
5.322003159269492912e-60
1.523676481273650493e-59
8.128616608346493727e-59
7.677487923138232472e-58
1.656600453636714856e-56
8.681087917757645198e-55
1.187023285921704196e-52
6.068966976258575670e-50
1.058053649778568030e-46
7.826698508515439290e-43
-1.000000000000000000e+00
-1.000000000000000000e+00
-1.000000000000000000e+00
-1.000000000000000000e+00
-1.000000000000000000e+00
-1.000000000000000000e+00
-1.000000000000000000e+00
-1.000000000000000000e+00
-1.000000000000000000e+00
-1.000000000000000000e+00
-1.000000000000000000e+00
-1.000000000000000000e+00
-1.000000000000000000e+00
-1.000000000000000000e+00
-1.000000000000000000e+00
-1.000000000000000000e+00
-1.000000000000000000e+00
-1.000000000000000000e+00
-1.000000000000000000e+00
-1.000000000000000000e+00
-1.000000000000000000e+00
-1.000000000000000000e+00
-1.000000000000000000e+00
-1.000000000000000000e+00
-1.000000000000000000e+00
-1.000000000000000000e+00
-1.000000000000000000e+00
-1.000000000000000000e+00
-1.000000000000000000e+00
-1.000000000000000000e+00
