8.277815982099122373e-47
1.855013697540957215e-47
4.406563164187532716e-48
1.019000322259748345e-48
2.317206078302667476e-49
5.765792010759491636e-50
1.593567264129615964e-50
4.121423424121031019e-51
1.354128273242150564e-51
4.803789818986740879e-52
1.902318542054551874e-52
1.058016259004052563e-52
8.689271616085680660e-53
1.121530796076477559e-52
2.457413927125595366e-52
1.319246335442963100e-51
1.920410960276531503e-50
7.822069172181366751e-49
3.766149694349238537e-47
-1.000000000000000000e+00
-1.000000000000000000e+00
-1.000000000000000000e+00
-1.000000000000000000e+00
-1.000000000000000000e+00
-1.000000000000000000e+00
-1.000000000000000000e+00
-1.000000000000000000e+00
-1.000000000000000000e+00
-1.000000000000000000e+00
-1.000000000000000000e+00
-1.000000000000000000e+00
-1.000000000000000000e+00
-1.000000000000000000e+00
-1.000000000000000000e+00
-1.000000000000000000e+00
-1.000000000000000000e+00
-1.000000000000000000e+00
-1.000000000000000000e+00
-1.000000000000000000e+00
-1.000000000000000000e+00
-1.000000000000000000e+00
-1.000000000000000000e+00
-1.000000000000000000e+00
-1.000000000000000000e+00
-1.000000000000000000e+00
-1.000000000000000000e+00
-1.000000000000000000e+00
-1.000000000000000000e+00
-1.000000000000000000e+00
-1.000000000000000000e+00
