4.912073262802797881e-63
4.407337640480322255e-64
3.917832132447091965e-65
3.134163087038546650e-66
4.452507611791902906e-67
5.298625165571750363e-67
8.180034672703354357e-67
1.669000884144976675e-66
4.599479274890440136e-66
1.955117207529701559e-65
1.317399266382568265e-64
1.452800685782809014e-63
3.020083662300420501e-62
1.231191769724164812e-60
1.140126609759970183e-58
2.518809354218438382e-56
1.551148065414232497e-53
3.124735004254578000e-50
2.227420656849666608e-46
1.360956691130317681e-42
1.963061076954412631e-43
3.168442442629369859e-44
9.113599332836848561e-45
1.134460930756823659e-44
-1.000000000000000000e+00
8.346950240506305629e-01
-1.000000000000000000e+00
-1.000000000000000000e+00
-1.000000000000000000e+00
-1.000000000000000000e+00
-1.000000000000000000e+00
-1.000000000000000000e+00
-1.000000000000000000e+00
-1.000000000000000000e+00
-1.000000000000000000e+00
-1.000000000000000000e+00
-1.000000000000000000e+00
-1.000000000000000000e+00
-1.000000000000000000e+00
-1.000000000000000000e+00
-1.000000000000000000e+00
-1.000000000000000000e+00
-1.000000000000000000e+00
-1.000000000000000000e+00
-1.000000000000000000e+00
-1.000000000000000000e+00
-1.000000000000000000e+00
-1.000000000000000000e+00
-1.000000000000000000e+00
-1.000000000000000000e+00
