2.794656889680650647e-65
2.681041183749658276e-66
2.568336799619039990e-67
1.986139578984776660e-68
1.418891235610362571e-69
9.585180337587248256e-71
1.312147886529301606e-70
5.304241817609860313e-70
3.659003075270408271e-69
3.525661686635612459e-68
6.073491463107779344e-67
1.725289670075904281e-65
9.310908473744339737e-64
1.099819151771591436e-61
2.955556230289631286e-59
1.894320933029244387e-56
3.390046943868504038e-53
2.194623598373514647e-49
5.064684609644927877e-45
5.946501931390196290e-43
1.264953328892949969e-43
4.389268084034877358e-44
4.183905607669506600e-44
6.451564804982837194e-43
1.808118179962635027e-13
-1.000000000000000000e+00
-1.000000000000000000e+00
-1.000000000000000000e+00
-1.000000000000000000e+00
-1.000000000000000000e+00
-1.000000000000000000e+00
-1.000000000000000000e+00
-1.000000000000000000e+00
-1.000000000000000000e+00
-1.000000000000000000e+00
-1.000000000000000000e+00
-1.000000000000000000e+00
-1.000000000000000000e+00
-1.000000000000000000e+00
-1.000000000000000000e+00
-1.000000000000000000e+00
-1.000000000000000000e+00
-1.000000000000000000e+00
-1.000000000000000000e+00
-1.000000000000000000e+00
-1.000000000000000000e+00
-1.000000000000000000e+00
-1.000000000000000000e+00
-1.000000000000000000e+00
-1.000000000000000000e+00
