3.055767148344120444e-65
2.927502676961544397e-66
2.800084555531165583e-67
2.161816744939797963e-68
1.541586331966644859e-69
1.039272625435241800e-70
1.417298573803318324e-70
6.377421436939206202e-70
3.914779890243034979e-69
3.751864401293917633e-68
6.425020886016738381e-67
1.813379641384741840e-65
9.716540655850279591e-64
1.138571666945727560e-61
2.736836611332722510e-59
1.739851435840284650e-56
3.083421836916902532e-53
1.972107519527659168e-49
4.480342968003442664e-45
6.113688159774874892e-43
1.245804472243262141e-43
4.345829566113740477e-44
3.872947772583340363e-44
5.546538468931944158e-43
6.134253461981546495e-14
-1.000000000000000000e+00
-1.000000000000000000e+00
-1.000000000000000000e+00
-1.000000000000000000e+00
-1.000000000000000000e+00
-1.000000000000000000e+00
-1.000000000000000000e+00
-1.000000000000000000e+00
-1.000000000000000000e+00
-1.000000000000000000e+00
-1.000000000000000000e+00
-1.000000000000000000e+00
-1.000000000000000000e+00
-1.000000000000000000e+00
-1.000000000000000000e+00
-1.000000000000000000e+00
-1.000000000000000000e+00
-1.000000000000000000e+00
-1.000000000000000000e+00
-1.000000000000000000e+00
-1.000000000000000000e+00
-1.000000000000000000e+00
-1.000000000000000000e+00
-1.000000000000000000e+00
-1.000000000000000000e+00
