4.802460074094199289e-65
4.569889919849614814e-66
4.337850996946925264e-67
3.322460360682201993e-68
2.348368355501337792e-69
1.567529521912546030e-70
2.937303055448851708e-70
1.289457744795018780e-69
6.900040179057438853e-69
6.429353699163573554e-68
9.576699416751929200e-67
2.616624936524411522e-65
1.216961258026270553e-63
1.236991901480014478e-61
2.855625873162121653e-59
1.568550584044911091e-56
2.396276162383397398e-53
1.315543623213434378e-49
2.546949421999344903e-45
5.812666340294811032e-43
1.182051766641256225e-43
3.644991076557958669e-44
2.775920475590955385e-44
2.561365551097884064e-43
5.786862675667015655e-16
8.545621832700770470e-01
-1.000000000000000000e+00
-1.000000000000000000e+00
-1.000000000000000000e+00
-1.000000000000000000e+00
-1.000000000000000000e+00
-1.000000000000000000e+00
-1.000000000000000000e+00
-1.000000000000000000e+00
-1.000000000000000000e+00
-1.000000000000000000e+00
-1.000000000000000000e+00
-1.000000000000000000e+00
-1.000000000000000000e+00
-1.000000000000000000e+00
-1.000000000000000000e+00
-1.000000000000000000e+00
-1.000000000000000000e+00
-1.000000000000000000e+00
-1.000000000000000000e+00
-1.000000000000000000e+00
-1.000000000000000000e+00
-1.000000000000000000e+00
-1.000000000000000000e+00
-1.000000000000000000e+00
