1.766871165644172015e+00
1.724999999999999867e+00
1.695238095238095211e+00
1.669902912621359370e+00
1.629139072847682224e+00
1.595959595959596022e+00
1.560810810810810967e+00
1.525423728813559254e+00
1.464406779661017177e+00
1.423728813559322237e+00
1.383050847457627297e+00
1.337837837837837940e+00
1.288590604026845776e+00
1.239999999999999991e+00
1.188118811881188286e+00
1.133550488599348594e+00
1.080385852090032239e+00
1.022082018927444880e+00
9.415384615384615463e-01
8.888888888888888395e-01
8.053691275167785824e-01
7.328244274809160297e-01
6.000000000000000888e-01
4.918032786885245811e-01
3.606010016694491394e-01
5.389221556886227699e-02
-5.709515859766277623e-01
-5.709515859766277623e-01
-5.709515859766277623e-01
-5.809682804674457524e-01
-5.709515859766277623e-01
-5.809682804674457524e-01
-5.709515859766277623e-01
-5.709515859766277623e-01
-5.709515859766277623e-01
-5.809682804674457524e-01
-5.709515859766277623e-01
-5.709515859766277623e-01
-5.709515859766277623e-01
-5.709515859766277623e-01
-5.709515859766277623e-01
-5.709515859766277623e-01
-5.709515859766277623e-01
-5.709515859766277623e-01
-5.709515859766277623e-01
-5.809682804674457524e-01
-5.809682804674457524e-01
-5.809682804674457524e-01
-5.709515859766277623e-01
-5.709515859766277623e-01
