1.764705882352941346e+00
1.730458221024258725e+00
1.695652173913043459e+00
1.664835164835164916e+00
1.628808864265928191e+00
1.579831932773109404e+00
1.546742209631728038e+00
1.512893982808023008e+00
1.465116279069767380e+00
1.433628318584071026e+00
1.383233532934131871e+00
1.349544072948328344e+00
1.300309597523219951e+00
1.249211356466877199e+00
1.196141479099678495e+00
1.121311475409836111e+00
1.083612040133779209e+00
1.003412969283276501e+00
9.515859766277129372e-01
8.814691151919866741e-01
8.013355592654424209e-01
7.212020033388982787e-01
6.210350584307179345e-01
5.008347245409014992e-01
3.505843071786310938e-01
1.101836393989983343e-01
-1.302170283806343976e-01
-2.297872340425532123e+00
-2.293436293436293738e+00
-2.289017341040462394e+00
-2.293436293436293738e+00
-2.291115311909262875e+00
-2.300578034682080997e+00
-2.295454545454545414e+00
-2.288425047438330306e+00
-2.299810246679316883e+00
-2.288425047438330306e+00
-2.292775665399239493e+00
-2.292775665399239493e+00
-2.292775665399239493e+00
-2.292775665399239493e+00
-2.292775665399239493e+00
-2.292775665399239493e+00
-2.292775665399239493e+00
-2.297142857142857153e+00
-2.297142857142857153e+00
-2.297142857142857153e+00
-2.297142857142857153e+00
-2.297142857142857153e+00
-2.297142857142857153e+00
