1.766871165644172015e+00
1.724999999999999867e+00
1.695238095238095211e+00
1.669902912621359370e+00
1.629139072847682224e+00
1.581081081081080919e+00
1.566101694915254194e+00
1.525423728813559254e+00
1.469387755102040893e+00
1.428571428571428603e+00
1.383050847457627297e+00
1.337837837837837940e+00
1.288590604026845776e+00
1.239999999999999991e+00
1.188118811881188286e+00
1.133550488599348594e+00
1.076923076923077094e+00
1.018867924528301883e+00
9.415384615384615463e-01
8.703703703703704608e-01
8.080808080808080662e-01
7.099236641221374766e-01
6.315789473684210176e-01
4.958677685950413361e-01
3.750000000000000000e-01
3.592814371257485595e-02
-5.008347245409014992e-01
-5.008347245409014992e-01
-4.908180300500835092e-01
-5.008347245409014992e-01
-5.008347245409014992e-01
-5.008347245409014992e-01
-4.908180300500835092e-01
-5.008347245409014992e-01
-5.008347245409014992e-01
-5.008347245409014992e-01
-5.008347245409014992e-01
-4.908180300500835092e-01
-4.908180300500835092e-01
-4.908180300500835092e-01
-5.008347245409014992e-01
-5.008347245409014992e-01
-5.008347245409014992e-01
-5.008347245409014992e-01
-5.008347245409014992e-01
-5.008347245409014992e-01
-5.008347245409014992e-01
-5.008347245409014992e-01
-5.008347245409014992e-01
-5.008347245409014992e-01
