1.766871165644172015e+00
1.724999999999999867e+00
1.695238095238095211e+00
1.669902912621359370e+00
1.629139072847682224e+00
1.600000000000000089e+00
1.545150501672240884e+00
1.510067114093959884e+00
1.474747474747474696e+00
1.434343434343434476e+00
1.373737373737373924e+00
1.353535353535353591e+00
1.288590604026845776e+00
1.239999999999999991e+00
1.192052980132450424e+00
1.137254901960784270e+00
1.064516129032258229e+00
1.028571428571428692e+00
9.503105590062111974e-01
8.861538461538462919e-01
8.026755852842809569e-01
7.072243346007605069e-01
6.226415094339623479e-01
4.800000000000000377e-01
3.505843071786310938e-01
5.389221556886227699e-02
-7.612687813021702388e-01
-7.512520868113522488e-01
-7.512520868113522488e-01
-7.512520868113522488e-01
-7.612687813021702388e-01
-7.512520868113522488e-01
-7.612687813021702388e-01
-7.512520868113522488e-01
-7.512520868113522488e-01
-7.512520868113522488e-01
-7.612687813021702388e-01
-7.612687813021702388e-01
-7.612687813021702388e-01
-7.512520868113522488e-01
-7.512520868113522488e-01
-7.512520868113522488e-01
-7.512520868113522488e-01
-7.512520868113522488e-01
-7.512520868113522488e-01
-7.512520868113522488e-01
-7.512520868113522488e-01
-7.612687813021702388e-01
-7.612687813021702388e-01
-7.612687813021702388e-01
