1.766871165644172015e+00
1.738317757009345765e+00
1.695238095238095211e+00
1.667731629392971371e+00
1.620578778135048470e+00
1.592233009708738045e+00
1.543973941368078195e+00
1.514754098360655998e+00
1.485148514851485135e+00
1.430463576158940375e+00
1.375415282392026706e+00
1.340000000000000080e+00
1.280000000000000249e+00
1.235880398671096447e+00
1.192052980132450424e+00
1.144736842105263275e+00
1.074918566775244333e+00
1.022508038585209000e+00
9.463722397476340698e-01
8.888888888888888395e-01
8.000000000000000444e-01
7.018867924528302549e-01
6.210350584307179345e-01
5.108514190317196002e-01
3.505843071786310938e-01
7.894736842105262720e-02
-1.131886477462437535e+00
-1.131886477462437535e+00
-1.131886477462437535e+00
-1.141903171953255525e+00
-1.141903171953255525e+00
-1.131886477462437535e+00
-1.141903171953255525e+00
-1.131886477462437535e+00
-1.131886477462437535e+00
-1.141903171953255525e+00
-1.131886477462437535e+00
-1.131886477462437535e+00
-1.131886477462437535e+00
-1.131886477462437535e+00
-1.141903171953255525e+00
-1.141903171953255525e+00
-1.141903171953255525e+00
-1.141903171953255525e+00
-1.131886477462437535e+00
-1.131886477462437535e+00
-1.131886477462437535e+00
-1.131886477462437535e+00
-1.131886477462437535e+00
-1.131886477462437535e+00
