1.766871165644172015e+00
1.724999999999999867e+00
1.695238095238095211e+00
1.669902912621359370e+00
1.629139072847682224e+00
1.585284280936454904e+00
1.550335570469798752e+00
1.494949494949495028e+00
1.479729729729729826e+00
1.439189189189189255e+00
1.378378378378378510e+00
1.353535353535353591e+00
1.288590604026845776e+00
1.239999999999999991e+00
1.192052980132450424e+00
1.137254901960784270e+00
1.064516129032258229e+00
1.025316455696202667e+00
9.473684210526315264e-01
8.888888888888888395e-01
8.053691275167785824e-01
7.072243346007605069e-01
6.255924170616113944e-01
5.322580645161291146e-01
3.505843071786310938e-01
7.185628742514971190e-02
-7.011686143572621877e-01
-7.011686143572621877e-01
-7.011686143572621877e-01
-7.011686143572621877e-01
-7.111853088480801777e-01
-7.011686143572621877e-01
-7.011686143572621877e-01
-7.111853088480801777e-01
-7.011686143572621877e-01
-7.011686143572621877e-01
-7.011686143572621877e-01
-7.011686143572621877e-01
-7.111853088480801777e-01
-7.111853088480801777e-01
-7.111853088480801777e-01
-7.011686143572621877e-01
-7.011686143572621877e-01
-7.011686143572621877e-01
-7.011686143572621877e-01
-7.011686143572621877e-01
-7.011686143572621877e-01
-7.011686143572621877e-01
-7.011686143572621877e-01
-7.011686143572621877e-01
