0.000000000000000000e+00
5.000625078134923740e-03
0.000000000000000000e+00
0.000000000000000000e+00
0.000000000000000000e+00
5.000625078134812718e-03
0.000000000000000000e+00
0.000000000000000000e+00
5.000625078134812718e-03
1.000125015626951441e-02
5.000625078134812718e-03
1.000125015626951441e-02
5.000625078134757207e-03
1.000125015626956992e-02
1.000125015626956992e-02
1.000125015626951441e-02
5.000625078134784962e-03
1.500187523440429938e-02
1.500187523440429938e-02
1.500187523440429938e-02
1.500187523440429244e-02
2.000250031253905658e-02
2.500312539067381379e-02
3.500437554694335596e-02
3.500437554694330045e-02
4.500562570321281486e-02
5.500687585948238478e-02
7.000875109388682294e-02
9.501187648456055346e-02
1.250156269533689857e-01
