1.129077201526061724e+00
1.125483404731832504e+00
1.125483404731832504e+00
1.121889607937603506e+00
1.121889607937603506e+00
1.118373937160640041e+00
1.114858266383676799e+00
1.114858266383676799e+00
1.111264469589447801e+00
1.111264469589447801e+00
1.107670672795218803e+00
1.103998749983723826e+00
1.103998749983723826e+00
1.100404953189494828e+00
1.100404953189494828e+00
1.096889282412531585e+00
1.093217359601036387e+00
1.093217359601036387e+00
1.089545436789541633e+00
1.089545436789541633e+00
1.085873513978046656e+00
1.082201591166551680e+00
1.082201591166551680e+00
1.078529668355056703e+00
1.078529668355056703e+00
1.074857745543561949e+00
1.071185822732066750e+00
1.071185822732066750e+00
1.067357647886040262e+00
1.067357647886040262e+00
1.063685725074545285e+00
1.059935676245784553e+00
1.059935676245784553e+00
1.056107501399757842e+00
1.052357452570997109e+00
1.052357452570997109e+00
1.048607403742236377e+00
1.048607403742236377e+00
1.044779228896209666e+00
1.040951054050182956e+00
1.040951054050182956e+00
1.037122879204156245e+00
1.037122879204156245e+00
1.033294704358129534e+00
1.029466529512103268e+00
1.029466529512103268e+00
1.025560228648810579e+00
1.025560228648810579e+00
1.021653927785518112e+00
1.017747626922225646e+00
1.017747626922225646e+00
1.013841326058933179e+00
1.013841326058933179e+00
1.009856899178374956e+00
1.005950598315082267e+00
1.005950598315082267e+00
1.001966171434523822e+00
1.001966171434523822e+00
9.980598705712313556e-01
9.939973176734072657e-01
9.939973176734072657e-01
9.899347647755830648e-01
9.899347647755830648e-01
9.859503378950246200e-01
9.818877849972006411e-01
9.818877849972006411e-01
9.778252320993764402e-01
9.778252320993764402e-01
9.737626792015522392e-01
9.696220002864620602e-01
9.696220002864620602e-01
9.655594473886378593e-01
9.655594473886378593e-01
9.614187684735479023e-01
9.571999635411921892e-01
9.571999635411921892e-01
9.530592846261020101e-01
9.530592846261020101e-01
9.488404796937460750e-01
9.446998007786558960e-01
9.446998007786558960e-01
9.404809958463001829e-01
9.404809958463001829e-01
9.361840648966783807e-01
9.319652599643224455e-01
9.319652599643224455e-01
9.276683290147007543e-01
9.276683290147007543e-01
9.233713980650789521e-01
9.189963410981913938e-01
9.189963410981913938e-01
9.146994101485697026e-01
9.146994101485697026e-01
9.102462271644162772e-01
9.058711701975287189e-01
9.058711701975287189e-01
9.014961132306411606e-01
9.014961132306411606e-01
8.970429302464876242e-01
8.925897472623341988e-01
