5.549896765313144797e+00
5.461694915254236449e+00
5.375166889185580388e+00
5.286933683519368543e+00
5.200000000000000178e+00
5.112801013941698614e+00
5.019266625233063550e+00
4.911639244363192880e+00
4.816229116945107691e+00
4.709865732632807500e+00
4.604332953249715032e+00
4.491657397107897687e+00
4.372697724810400643e+00
4.255005268703898835e+00
4.128768523249871869e+00
4.003958436417614841e+00
3.862464183381089100e+00
3.722426470588235947e+00
3.564565888056412390e+00
3.404291123264619134e+00
3.234824281150159742e+00
3.051204819277109070e+00
2.857142857142857206e+00
2.638934026649333742e+00
2.400472533963378563e+00
2.132006286013619523e+00
1.800450112528132030e+00
1.412353088272068069e+00
8.922230557639410087e-01
4.321080270067516604e-01
7.001750437609402522e-02
-2.330582645661415375e-01
-4.941235308827207628e-01
-7.271817954488621893e-01
-9.372343085771442928e-01
-1.127281820455113825e+00
-1.301325331332833235e+00
-1.459364841210302632e+00
-1.602400600150037491e+00
-1.732433108277069422e+00
-1.850462615653913456e+00
-1.956489122280570259e+00
-2.056468172484599677e+00
-2.143468950749464863e+00
-2.223209328151027009e+00
-2.297677086320619289e+00
-2.365515205196338844e+00
-2.426666666666666750e+00
-2.485111662531017451e+00
-2.537389100126742569e+00
