5.566782006920415249e+00
5.533379215416379004e+00
5.512995896032831133e+00
5.476546566961251195e+00
5.440540540540539816e+00
5.407656145063801212e+00
5.371581054036023595e+00
5.336870026525198263e+00
5.299077733860342754e+00
5.269633507853403565e+00
5.234567901234568055e+00
5.198192382182052818e+00
5.158974358974359298e+00
5.127943984723104975e+00
5.089071383449146779e+00
5.046424090338770263e+00
5.013698630136985024e+00
4.970969734403952955e+00
4.934396076026977163e+00
4.892944038929440076e+00
4.851628468033776009e+00
4.822966507177033790e+00
4.778173190984579044e+00
4.733686067019400312e+00
4.694638694638694432e+00
4.651646447140381113e+00
4.606754436176302647e+00
4.564625850340136459e+00
4.518809657495788557e+00
4.475819899944413649e+00
4.429279031370390918e+00
4.391943385955362267e+00
4.338362068965516904e+00
4.294086307938199454e+00
4.242360379346680865e+00
4.195833333333333748e+00
4.144107050952135829e+00
4.093543467208947462e+00
4.042168674698794817e+00
3.992071357779980456e+00
3.943304007820136903e+00
3.884281581485053092e+00
3.828897338403042028e+00
3.771535580524344677e+00
3.719686491470723944e+00
3.660617059891106972e+00
3.598214285714285587e+00
3.536638876700306966e+00
3.477586206896551513e+00
3.412859560067682541e+00
