5.554789800137836409e+00
5.474829931972789332e+00
5.405767940979207431e+00
5.333333333333333037e+00
5.251629726205996995e+00
5.178433889602054307e+00
5.091598231206569736e+00
5.008695652173913437e+00
4.923076923076923350e+00
4.836930455635491732e+00
4.745882352941176663e+00
4.648212226066897657e+00
4.555618294748729369e+00
4.457205963556046591e+00
4.354020507285483177e+00
4.246315789473683822e+00
4.143516145566375819e+00
4.023928215353937965e+00
3.905176584421867769e+00
3.786416861826698010e+00
3.654454997738579625e+00
3.519373095341749913e+00
3.376775271512113541e+00
3.227454110135674625e+00
3.070507960576194240e+00
2.897637795275590733e+00
2.715817694369973001e+00
2.517690875232774683e+00
2.296715741789354670e+00
2.051022985602424686e+00
1.751437859464866298e+00
1.411352838209552374e+00
1.070267566891722977e+00
7.771942985746436161e-01
5.221305326331583396e-01
2.940735183795948893e-01
9.102275568892222168e-02
-9.502375593898475248e-02
-2.640660165041260332e-01
-4.181045261315328720e-01
-5.611402850712677859e-01
-6.921730432608150796e-01
-8.142035508877218941e-01
-9.262315578894725343e-01
-1.031257814453613308e+00
-1.128282070517629299e+00
-1.218304576144036089e+00
-1.302325581395348930e+00
-1.381345336334083518e+00
-1.455363840960240074e+00
