5.571725571725571591e+00
5.558011049723757147e+00
5.537826685006877803e+00
5.513365318711445973e+00
5.497267759562840972e+00
5.474829931972789332e+00
5.450847457627118864e+00
5.431465226198513463e+00
5.413189771197846945e+00
5.396782841823056565e+00
5.375166889185580388e+00
5.351063829787234383e+00
5.329801324503311122e+00
5.308707124010553891e+00
5.290407358738502097e+00
5.269633507853403565e+00
5.241199478487613028e+00
5.219987021414665307e+00
5.202327084680026026e+00
5.178893178893178906e+00
5.153846153846154188e+00
5.130823229100191618e+00
5.113087674714103414e+00
5.090449082858950369e+00
5.073047858942065780e+00
5.047619047619047450e+00
5.025577043044291869e+00
4.996273291925465543e+00
4.974042027194066407e+00
4.954489544895449349e+00
4.925336597307221176e+00
4.901339829476248688e+00
4.882424242424242777e+00
4.854041013268998839e+00
4.828331332533013054e+00
4.804776119402984769e+00
4.781472684085510849e+00
4.753691671588895495e+00
4.733254994124559190e+00
4.706019871420221712e+00
4.681395348837209092e+00
4.654335260115606943e+00
4.627586206896551424e+00
4.603428571428571203e+00
4.579545454545454142e+00
4.544632768361582364e+00
4.518809657495788557e+00
4.500000000000000000e+00
4.468108707709372851e+00
4.438809261300992404e+00
