5.534435261707988829e+00
5.434370771312584836e+00
5.334219269102989713e+00
5.235179153094462912e+00
5.133375877472878379e+00
5.026858213616489657e+00
4.905982905982906317e+00
4.791418355184744016e+00
4.673635307781649040e+00
4.546892655367231306e+00
4.419089413055402815e+00
4.280552603613177354e+00
4.139702105803801047e+00
3.988130563798220063e+00
3.825261158594492006e+00
3.662431941923774747e+00
3.482312338222606218e+00
3.287983706720977395e+00
3.081266692102251348e+00
2.857950530035335834e+00
2.608247422680412431e+00
2.331323571633649117e+00
1.989497374343586200e+00
1.592398099524881205e+00
1.040260065016254121e+00
-2.010502625656414299e-01
-8.472118029507377246e-01
-1.273318329582395325e+00
-5.077852348993288523e+00
-4.918068366793272084e+00
-4.975280898876404123e+00
-5.014343086632242930e+00
-5.043680838672102595e+00
-5.071218363743377644e+00
-5.092636579572446642e+00
-5.107655502392344893e+00
-5.123947051744885961e+00
-5.139056831922610868e+00
-5.146326654523376121e+00
-5.157830591102985807e+00
-5.169418960244647643e+00
-5.173006134969325487e+00
-5.180811808118080286e+00
-5.188655980271270174e+00
-5.196538936959209209e+00
-5.201238390092878916e+00
-5.208436724565756570e+00
-5.215661901802361555e+00
-5.219663970130678621e+00
-5.219451371571071974e+00
