5.570637119113573732e+00
5.545454545454544970e+00
5.513365318711445973e+00
5.483299250170415640e+00
5.456271186440678100e+00
5.432231962238705414e+00
5.400402414486921820e+00
5.368912608405603137e+00
5.337757133377570185e+00
5.311345646437994894e+00
5.275590551181102761e+00
5.247227658186562671e+00
5.223590408295526899e+00
5.185567010309278579e+00
5.158231902626521759e+00
5.120305537873965918e+00
5.092979127134724671e+00
5.060967944688875342e+00
5.028714107365792607e+00
4.995037220843672188e+00
4.956253850893407531e+00
4.925336597307221176e+00
4.889428918590522422e+00
4.861798430899215262e+00
4.824445775913720702e+00
4.784780023781213032e+00
4.757969303423848828e+00
4.714704159343877876e+00
4.678675188843695487e+00
4.648212226066897657e+00
4.606407322654462178e+00
4.564946114577424829e+00
4.530933633295838092e+00
4.495259341885108562e+00
4.455500276395798487e+00
4.412054794520548384e+00
4.371335504885993650e+00
4.333512641204948501e+00
4.296217368140649917e+00
4.248945147679324741e+00
4.206788511749347315e+00
4.163307493540052029e+00
4.122762148337596244e+00
4.074860900354071447e+00
4.036018009004502360e+00
3.984174085064292825e+00
3.945259042033235630e+00
3.897584541062801833e+00
3.847328244274809350e+00
3.792746113989637902e+00
