5.530626290433585446e+00
5.431465226198513463e+00
5.312169312169312541e+00
5.204663212435233000e+00
5.086075949367088178e+00
4.966625463535228491e+00
4.843373493975903443e+00
4.712778429073856579e+00
4.578258394991462588e+00
4.436845008273579971e+00
4.285714285714285587e+00
4.135523613963038692e+00
3.970428782651552524e+00
3.794630240226095630e+00
3.607702642185400599e+00
3.412859560067682541e+00
3.194928684627575066e+00
2.964049889948642491e+00
2.702341137123745796e+00
2.410485552576705270e+00
2.072030651340996066e+00
1.640410102525631464e+00
1.056264066016504133e+00
-5.735172413793103274e+00
-5.732962447844228038e+00
-5.734636871508380196e+00
-5.736694677871148507e+00
-5.736325385694249768e+00
-5.735955056179775191e+00
-5.735583684950773531e+00
-5.733990147783250890e+00
-5.735211267605634156e+00
-5.736434108527131315e+00
-5.736434108527131315e+00
-5.734837799717912965e+00
-5.737658674188998553e+00
-5.736062103034580417e+00
-5.736062103034580417e+00
-5.738884968242766504e+00
-5.737288135593219707e+00
-5.740112994350281994e+00
-5.734463276836157419e+00
-5.735689045936395836e+00
-5.735689045936395836e+00
-5.738515901060070590e+00
-5.738515901060070590e+00
-5.735689045936395836e+00
-5.736916548797736937e+00
-5.734087694483734232e+00
-5.734087694483734232e+00
