7.612687813021702388e-01
7.111853088480801777e-01
6.811352253756260966e-01
6.310517529215359245e-01
5.809682804674457524e-01
5.308848080133555802e-01
4.707846410684474736e-01
4.006677796327212104e-01
3.205342237061770128e-01
2.203672787979966685e-01
4.006677796327212659e-02
-3.305509181969950028e-01
-3.305509181969950028e-01
-3.305509181969950028e-01
-3.305509181969950028e-01
-3.305509181969950028e-01
-3.305509181969950028e-01
-3.305509181969950028e-01
-3.305509181969950028e-01
-3.305509181969950028e-01
-3.305509181969950028e-01
-3.305509181969950028e-01
-3.305509181969950028e-01
-3.305509181969950028e-01
-3.305509181969950028e-01
-3.305509181969950028e-01
-3.305509181969950028e-01
-3.305509181969950028e-01
-3.305509181969950028e-01
-3.305509181969950028e-01
-3.305509181969950028e-01
-3.305509181969950028e-01
-3.305509181969950028e-01
-3.305509181969950028e-01
-3.305509181969950028e-01
-3.305509181969950028e-01
-3.405676126878130483e-01
-3.405676126878130483e-01
-3.305509181969950028e-01
-3.305509181969950028e-01
-3.305509181969950028e-01
-3.305509181969950028e-01
-3.305509181969950028e-01
-3.305509181969950028e-01
-3.305509181969950028e-01
-3.305509181969950028e-01
-3.305509181969950028e-01
-3.305509181969950028e-01
-3.305509181969950028e-01
-3.305509181969950028e-01
