7.612687813021702388e-01
7.212020033388982787e-01
6.711185308848079956e-01
6.310517529215359245e-01
5.809682804674457524e-01
5.308848080133555802e-01
4.707846410684474736e-01
4.006677796327212104e-01
3.305509181969950028e-01
2.203672787979966685e-01
8.013355592654425319e-02
-5.208681135225375902e-01
-5.208681135225375902e-01
-5.208681135225375902e-01
-5.208681135225375902e-01
-5.208681135225375902e-01
-5.208681135225375902e-01
-5.208681135225375902e-01
-5.208681135225375902e-01
-5.208681135225375902e-01
-5.308848080133555802e-01
-5.208681135225375902e-01
-5.308848080133555802e-01
-5.208681135225375902e-01
-5.208681135225375902e-01
-5.308848080133555802e-01
-5.208681135225375902e-01
-5.208681135225375902e-01
-5.208681135225375902e-01
-5.308848080133555802e-01
-5.208681135225375902e-01
-5.208681135225375902e-01
-5.208681135225375902e-01
-5.208681135225375902e-01
-5.208681135225375902e-01
-5.208681135225375902e-01
-5.308848080133555802e-01
-5.308848080133555802e-01
-5.208681135225375902e-01
-5.208681135225375902e-01
-5.208681135225375902e-01
-5.208681135225375902e-01
-5.208681135225375902e-01
-5.208681135225375902e-01
-5.208681135225375902e-01
-5.208681135225375902e-01
-5.208681135225375902e-01
-5.208681135225375902e-01
-5.308848080133555802e-01
-5.308848080133555802e-01
