1.762938230383973348e+00
1.732888146911519378e+00
1.702838063439064964e+00
1.662771285475793004e+00
1.632721202003339034e+00
1.592654424040066852e+00
1.552587646076794892e+00
1.512520868113522488e+00
1.462437395659432537e+00
1.422370617696160355e+00
1.382303839732888173e+00
1.332220367278798001e+00
1.292153589315526041e+00
1.242070116861435869e+00
1.181969949916527485e+00
1.131886477462437535e+00
1.081803005008347363e+00
1.021702838063439200e+00
9.515859766277129372e-01
8.814691151919866741e-01
8.113522537562604109e-01
7.312186978297162687e-01
6.410684474123540255e-01
5.409015025041736813e-01
4.407345575959933370e-01
3.305509181969950028e-01
2.203672787979966685e-01
8.013355592654425319e-02
-8.013355592654425319e-02
-3.405676126878130483e-01
-1.722871452420701388e+00
-1.722871452420701388e+00
-1.722871452420701388e+00
-1.712854757929883398e+00
-1.722871452420701388e+00
-1.722871452420701388e+00
-1.722871452420701388e+00
-1.722871452420701388e+00
-1.722871452420701388e+00
-1.722871452420701388e+00
-1.712854757929883398e+00
-1.722871452420701388e+00
-1.722871452420701388e+00
-1.722871452420701388e+00
-1.722871452420701388e+00
-1.722871452420701388e+00
-1.722871452420701388e+00
-1.722871452420701388e+00
-1.722871452420701388e+00
-1.722871452420701388e+00
