1.762938230383973348e+00
1.732888146911519378e+00
1.702838063439064964e+00
1.662771285475793004e+00
1.622704507512520822e+00
1.582637729549248862e+00
1.552587646076794892e+00
1.512520868113522488e+00
1.472454090150250527e+00
1.422370617696160355e+00
1.382303839732888173e+00
1.342237061769615991e+00
1.282136894824708051e+00
1.242070116861435869e+00
1.181969949916527485e+00
1.141903171953255525e+00
1.081803005008347363e+00
1.011686143572620988e+00
9.515859766277129372e-01
8.914858096828046641e-01
8.113522537562604109e-01
7.412353923205342587e-01
6.811352253756260966e-01
6.110183639398998334e-01
5.409015025041736813e-01
4.707846410684474736e-01
4.006677796327212104e-01
3.405676126878130483e-01
2.604340567612687951e-01
1.903171953255425597e-01
1.101836393989983343e-01
3.005008347245409148e-02
-6.010016694490818295e-02
-1.602671118530885064e-01
-2.704507512520868406e-01
-4.106844741235392560e-01
-6.010016694490818434e-01
-1.051752921535893170e+00
-3.032537960954447165e+00
-3.245657568238213386e+00
-3.261538461538461497e+00
-3.265625000000000444e+00
-3.259842519685039797e+00
-3.261213720316622933e+00
-3.262599469496020976e+00
-3.271276595744680993e+00
-3.264000000000000234e+00
-3.264000000000000234e+00
-3.256684491978609319e+00
-3.272727272727272485e+00
