1.762938230383973348e+00
1.732888146911519378e+00
1.702838063439064964e+00
1.662771285475793004e+00
1.622704507512520822e+00
1.582637729549248862e+00
1.552587646076794892e+00
1.512520868113522488e+00
1.462437395659432537e+00
1.422370617696160355e+00
1.382303839732888173e+00
1.342237061769615991e+00
1.282136894824708051e+00
1.242070116861435869e+00
1.191986644407345697e+00
1.131886477462437535e+00
1.071786310517529373e+00
1.011686143572620988e+00
9.515859766277129372e-01
8.814691151919866741e-01
8.213689482470785119e-01
7.412353923205342587e-01
6.611018363939900055e-01
5.909849749582637424e-01
5.108514190317196002e-01
4.407345575959933370e-01
3.606010016694491394e-01
2.904841402337228762e-01
2.003338898163606052e-01
1.101836393989983343e-01
2.003338898163606330e-02
-1.001669449081803026e-01
-2.303839732888146863e-01
-4.307178631051753470e-01
-2.612021857923497503e+00
-2.692622950819672401e+00
-2.707627118644067910e+00
-2.709677419354838968e+00
-2.713043478260869890e+00
-2.717724288840262847e+00
-2.716483516483516603e+00
-2.722466960352422749e+00
-2.715231788079470299e+00
-2.721238938053097467e+00
-2.713968957871397247e+00
-2.720000000000000195e+00
-2.720000000000000195e+00
-2.712694877505568147e+00
-2.712694877505568147e+00
-2.718750000000000000e+00
