1.762938230383973348e+00
1.732888146911519378e+00
1.702838063439064964e+00
1.662771285475793004e+00
1.632721202003339034e+00
1.592654424040066852e+00
1.552587646076794892e+00
1.512520868113522488e+00
1.462437395659432537e+00
1.422370617696160355e+00
1.382303839732888173e+00
1.342237061769615991e+00
1.292153589315526041e+00
1.232053422370617879e+00
1.191986644407345697e+00
1.131886477462437535e+00
1.071786310517529373e+00
1.021702838063439200e+00
9.515859766277129372e-01
8.814691151919866741e-01
8.113522537562604109e-01
7.312186978297162687e-01
6.510851419031720155e-01
5.709515859766277623e-01
4.707846410684474736e-01
3.906510851419032204e-01
2.904841402337228762e-01
1.903171953255425597e-01
7.011686143572622154e-02
-6.010016694490818295e-02
-2.604340567612687951e-01
-2.092184368737475264e+00
-2.103505843071786341e+00
-2.107563025210084096e+00
-2.101522842639594213e+00
-2.108658743633276877e+00
-2.105621805792163848e+00
-2.102564102564102644e+00
-2.106164383561643927e+00
-2.109777015437392933e+00
-2.103092783505154717e+00
-2.103092783505154717e+00
-2.106712564543889776e+00
-2.106712564543889776e+00
-2.110344827586207117e+00
-2.110344827586207117e+00
-2.113989637305699443e+00
-2.103626943005181715e+00
-2.103626943005181715e+00
-2.103626943005181715e+00
