1.762938230383973348e+00
1.732888146911519378e+00
1.702838063439064964e+00
1.662771285475793004e+00
1.622704507512520822e+00
1.582637729549248862e+00
1.552587646076794892e+00
1.512520868113522488e+00
1.472454090150250527e+00
1.422370617696160355e+00
1.382303839732888173e+00
1.342237061769615991e+00
1.282136894824708051e+00
1.242070116861435869e+00
1.181969949916527485e+00
1.141903171953255525e+00
1.071786310517529373e+00
1.021702838063439200e+00
9.515859766277129372e-01
8.814691151919866741e-01
8.113522537562604109e-01
7.412353923205342587e-01
6.811352253756260966e-01
6.010016694490818434e-01
5.409015025041736813e-01
4.607679465776293726e-01
3.906510851419032204e-01
3.205342237061770128e-01
2.504173622704507496e-01
1.702838063439065242e-01
8.013355592654425319e-02
-1.001669449081803165e-02
-1.001669449081803026e-01
-2.103505843071786230e-01
-3.505843071786310938e-01
-5.509181969949916713e-01
-1.212020033388981677e+00
-2.980392156862745168e+00
-3.056603773584905870e+00
-3.065375302663438273e+00
-3.073529411764705621e+00
-3.066666666666666430e+00
-3.066997518610422357e+00
-3.067331670822942780e+00
-3.074999999999999734e+00
-3.067669172932330657e+00
-3.075376884422110546e+00
-3.075376884422110546e+00
-3.068010075566750761e+00
-3.068010075566750761e+00
