1.772954924874791338e+00
1.742904841402337368e+00
1.732888146911519378e+00
1.702838063439064964e+00
1.672787979966610994e+00
1.652754590984975014e+00
1.622704507512520822e+00
1.602671118530884842e+00
1.582637729549248862e+00
1.552587646076794892e+00
1.532554257095158468e+00
1.502504173622704498e+00
1.472454090150250527e+00
1.442404006677796557e+00
1.412353923205342365e+00
1.382303839732888173e+00
1.352253756260433981e+00
1.322203672787980011e+00
1.282136894824708051e+00
1.262103505843071849e+00
1.212020033388981677e+00
1.181969949916527485e+00
1.151919866444073515e+00
1.111853088480801555e+00
1.061769616026711160e+00
1.031719532554257190e+00
9.816360601001670183e-01
9.415692821368949472e-01
8.914858096828046641e-01
8.414023372287144920e-01
7.913188647746244309e-01
7.312186978297162687e-01
6.811352253756260966e-01
6.310517529215359245e-01
5.909849749582637424e-01
5.409015025041736813e-01
5.008347245409014992e-01
4.507512520868113826e-01
4.207011686143572460e-01
3.806343906510851194e-01
3.606010016694491394e-01
3.105175292153589672e-01
2.904841402337228762e-01
2.604340567612687951e-01
2.303839732888146863e-01
2.003338898163606052e-01
1.702838063439065242e-01
1.502504173622704609e-01
1.202003338898163659e-01
9.015025041736228484e-02
