0.000e+00  2.417e-218  2.444e-88
1.000e+00  1.026e-217  2.444e-88
2.000e+00  5.139e-217  2.444e-88
3.000e+00  2.593e-216  2.444e-88
4.000e+00  1.309e-215  2.444e-88
5.000e+00  6.606e-215  2.444e-88
6.000e+00  3.335e-214  2.444e-88
7.000e+00  1.683e-213  2.444e-88
8.000e+00  8.499e-213  2.444e-88
9.000e+00  4.291e-212  2.444e-88
1.000e+01  2.167e-211  2.444e-88
1.100e+01  1.094e-210  2.444e-88
1.200e+01  5.525e-210  2.444e-88
1.300e+01  2.790e-209  2.444e-88
1.400e+01  1.409e-208  2.444e-88
1.500e+01  7.117e-208  2.444e-88
1.600e+01  3.595e-207  2.444e-88
1.700e+01  1.816e-206  2.444e-88
1.800e+01  9.174e-206  2.444e-88
1.900e+01  4.634e-205  2.444e-88
2.000e+01  2.341e-204  2.444e-88
2.100e+01  1.183e-203  2.444e-88
2.200e+01  5.978e-203  2.444e-88
2.300e+01  3.021e-202  2.444e-88
2.400e+01  1.527e-201  2.444e-88
2.500e+01  7.715e-201  2.444e-88
2.600e+01  3.899e-200  2.444e-88
2.700e+01  1.971e-199  2.444e-88
2.800e+01  9.962e-199  2.444e-88
2.900e+01  5.036e-198  2.444e-88
3.000e+01  2.546e-197  2.444e-88
3.100e+01  1.287e-196  2.444e-88
3.200e+01  6.507e-196  2.444e-88
3.300e+01  3.290e-195  2.444e-88
3.400e+01  1.664e-194  2.444e-88
3.500e+01  8.413e-194  2.444e-88
3.600e+01  4.254e-193  2.444e-88
3.700e+01  2.152e-192  2.444e-88
3.800e+01  1.088e-191  2.444e-88
3.900e+01  5.504e-191  2.444e-88
4.000e+01  2.784e-190  2.444e-88
4.100e+01  1.408e-189  2.444e-88
4.200e+01  7.125e-189  2.444e-88
4.300e+01  3.605e-188  2.444e-88
4.400e+01  1.824e-187  2.444e-88
4.500e+01  9.229e-187  2.444e-88
4.600e+01  4.670e-186  2.444e-88
4.700e+01  2.363e-185  2.444e-88
4.800e+01  1.196e-184  2.444e-88
4.900e+01  6.053e-184  2.444e-88
5.000e+01  3.063e-183  2.444e-88
5.100e+01  1.551e-182  2.444e-88
5.200e+01  7.849e-182  2.444e-88
5.300e+01  3.973e-181  2.444e-88
5.400e+01  2.012e-180  2.444e-88
5.500e+01  1.018e-179  2.444e-88
5.600e+01  5.156e-179  2.444e-88
5.700e+01  2.611e-178  2.444e-88
5.800e+01  1.322e-177  2.444e-88
5.900e+01  6.695e-177  2.444e-88
6.000e+01  3.391e-176  2.444e-88
6.100e+01  1.717e-175  2.444e-88
6.200e+01  8.698e-175  2.444e-88
6.300e+01  4.406e-174  2.444e-88
6.400e+01  2.232e-173  2.444e-88
6.500e+01  1.131e-172  2.444e-88
6.600e+01  5.727e-172  2.444e-88
6.700e+01  2.902e-171  2.444e-88
6.800e+01  1.470e-170  2.444e-88
6.900e+01  7.450e-170  2.444e-88
7.000e+01  3.775e-169  2.444e-88
7.100e+01  1.913e-168  2.444e-88
7.200e+01  9.695e-168  2.444e-88
7.300e+01  4.914e-167  2.444e-88
7.400e+01  2.490e-166  2.444e-88
7.500e+01  1.262e-165  2.444e-88
7.600e+01  6.399e-165  2.444e-88
7.700e+01  3.244e-164  2.444e-88
7.800e+01  1.645e-163  2.444e-88
7.900e+01  8.338e-163  2.444e-88
8.000e+01  4.228e-162  2.444e-88
8.100e+01  2.144e-161  2.444e-88
8.200e+01  1.087e-160  2.444e-88
8.300e+01  5.512e-160  2.444e-88
8.400e+01  2.796e-159  2.444e-88
8.500e+01  1.418e-158  2.444e-88
8.600e+01  7.191e-158  2.444e-88
8.700e+01  3.648e-157  2.444e-88
8.800e+01  1.850e-156  2.444e-88
8.900e+01  9.387e-156  2.444e-88
9.000e+01  4.762e-155  2.444e-88
9.100e+01  2.416e-154  2.444e-88
9.200e+01  1.226e-153  2.444e-88
9.300e+01  6.220e-153  2.444e-88
9.400e+01  3.156e-152  2.444e-88
9.500e+01  1.602e-151  2.444e-88
9.600e+01  8.129e-151  2.444e-88
9.700e+01  4.126e-150  2.444e-88
9.800e+01  2.094e-149  2.444e-88
9.900e+01  1.063e-148  2.444e-88
1.000e+02  5.396e-148  2.444e-88
1.010e+02  2.739e-147  2.444e-88
1.020e+02  1.391e-146  2.444e-88
1.030e+02  7.060e-146  2.444e-88
1.040e+02  3.585e-145  2.444e-88
1.050e+02  1.820e-144  2.444e-88
1.060e+02  9.243e-144  2.444e-88
1.070e+02  4.694e-143  2.444e-88
1.080e+02  2.384e-142  2.444e-88
1.090e+02  1.211e-141  2.444e-88
1.100e+02  6.149e-141  2.444e-88
1.110e+02  3.123e-140  2.444e-88
1.120e+02  1.587e-139  2.444e-88
1.130e+02  8.059e-139  2.444e-88
1.140e+02  4.094e-138  2.444e-88
1.150e+02  2.080e-137  2.444e-88
1.160e+02  1.057e-136  2.444e-88
1.170e+02  5.370e-136  2.444e-88
1.180e+02  2.729e-135  2.444e-88
1.190e+02  1.387e-134  2.444e-88
1.200e+02  7.048e-134  2.444e-88
1.210e+02  3.582e-133  2.444e-88
1.220e+02  1.821e-132  2.444e-88
1.230e+02  9.253e-132  2.444e-88
1.240e+02  4.704e-131  2.444e-88
1.250e+02  2.391e-130  2.444e-88
1.260e+02  1.216e-129  2.444e-88
1.270e+02  6.180e-129  2.444e-88
1.280e+02  3.142e-128  2.444e-88
1.290e+02  1.598e-127  2.444e-88
1.300e+02  8.124e-127  2.444e-88
1.310e+02  4.131e-126  2.444e-88
1.320e+02  2.101e-125  2.444e-88
1.330e+02  1.069e-124  2.444e-88
1.340e+02  5.435e-124  2.444e-88
1.350e+02  2.764e-123  2.444e-88
1.360e+02  1.406e-122  2.444e-88
1.370e+02  7.153e-122  2.444e-88
1.380e+02  3.639e-121  2.444e-88
1.390e+02  1.851e-120  2.444e-88
1.400e+02  9.419e-120  2.444e-88
1.410e+02  4.792e-119  2.444e-88
1.420e+02  2.439e-118  2.444e-88
1.430e+02  1.241e-117  2.444e-88
1.440e+02  6.315e-117  2.444e-88
1.450e+02  3.214e-116  2.444e-88
1.460e+02  1.636e-115  2.444e-88
1.470e+02  8.326e-115  2.444e-88
1.480e+02  4.238e-114  2.444e-88
1.490e+02  2.157e-113  2.444e-88
1.500e+02  1.098e-112  2.444e-88
1.510e+02  5.591e-112  2.444e-88
1.520e+02  2.846e-111  2.444e-88
1.530e+02  1.449e-110  2.444e-88
1.540e+02  7.380e-110  2.444e-88
1.550e+02  3.758e-109  2.444e-88
1.560e+02  1.914e-108  2.444e-88
1.570e+02  9.746e-108  2.444e-88
1.580e+02  4.963e-107  2.444e-88
1.590e+02  2.528e-106  2.444e-88
1.600e+02  1.288e-105  2.444e-88
1.610e+02  6.559e-105  2.444e-88
1.620e+02  3.341e-104  2.444e-88
1.630e+02  1.702e-103  2.444e-88
1.640e+02  8.672e-103  2.444e-88
1.650e+02  4.419e-102  2.444e-88
1.660e+02  2.251e-101  2.444e-88
1.670e+02  1.147e-100  2.444e-88
1.680e+02  5.846e-100  2.444e-88
1.690e+02  2.979e-99  2.444e-88
1.700e+02  1.518e-98  2.444e-88
1.710e+02  7.739e-98  2.444e-88
1.720e+02  3.944e-97  2.444e-88
1.730e+02  2.011e-96  2.444e-88
1.740e+02  1.025e-95  2.444e-88
1.750e+02  5.225e-95  2.444e-88
1.760e+02  2.664e-94  2.444e-88
1.770e+02  1.358e-93  2.444e-88
1.780e+02  6.924e-93  2.444e-88
1.790e+02  3.530e-92  2.445e-88
1.800e+02  1.799e-91  2.448e-88
1.810e+02  9.161e-91  2.459e-88
1.820e+02  4.645e-90  2.493e-88
1.830e+02  2.322e-89  2.593e-88
1.840e+02  1.114e-88  2.892e-88
1.850e+02  4.888e-88  3.780e-88
1.860e+02  1.909e-87  6.347e-88
1.870e+02  6.711e-87  1.356e-87
1.880e+02  2.176e-86  3.350e-87
1.890e+02  6.652e-86  8.792e-87
1.900e+02  1.945e-85  2.347e-86
1.910e+02  5.496e-85  6.254e-86
1.920e+02  1.512e-84  1.654e-85
1.930e+02  4.073e-84  4.328e-85
1.940e+02  1.078e-83  1.121e-84
1.950e+02  2.809e-83  2.875e-84
1.960e+02  7.228e-83  7.306e-84
1.970e+02  1.840e-82  1.841e-83
1.980e+02  4.637e-82  4.601e-83
1.990e+02  1.159e-81  1.142e-82
2.000e+02  2.874e-81  2.815e-82
2.010e+02  7.080e-81  6.899e-82
2.020e+02  1.733e-80  1.681e-81
2.030e+02  4.218e-80  4.076e-81
2.040e+02  1.021e-79  9.834e-81
2.050e+02  2.460e-79  2.362e-80
2.060e+02  5.901e-79  5.649e-80
2.070e+02  1.409e-78  1.346e-79
2.080e+02  3.353e-78  3.194e-79
2.090e+02  7.946e-78  7.554e-79
2.100e+02  1.877e-77  1.780e-78
2.110e+02  4.417e-77  4.183e-78
2.120e+02  1.036e-76  9.797e-78
2.130e+02  2.424e-76  2.288e-77
2.140e+02  5.655e-76  5.329e-77
2.150e+02  1.316e-75  1.238e-76
2.160e+02  3.052e-75  2.868e-76
2.170e+02  7.063e-75  6.627e-76
2.180e+02  1.630e-74  1.528e-75
2.190e+02  3.755e-74  3.514e-75
2.200e+02  8.628e-74  8.065e-75
2.210e+02  1.978e-73  1.847e-74
2.220e+02  4.525e-73  4.221e-74
2.230e+02  1.033e-72  9.625e-74
2.240e+02  2.354e-72  2.191e-73
2.250e+02  5.352e-72  4.976e-73
2.260e+02  1.215e-71  1.128e-72
2.270e+02  2.752e-71  2.553e-72
2.280e+02  6.222e-71  5.768e-72
2.290e+02  1.404e-70  1.301e-71
2.300e+02  3.164e-70  2.928e-71
2.310e+02  7.117e-70  6.580e-71
2.320e+02  1.598e-69  1.476e-70
2.330e+02  3.583e-69  3.307e-70
2.340e+02  8.020e-69  7.395e-70
2.350e+02  1.792e-68  1.651e-69
2.360e+02  3.999e-68  3.681e-69
2.370e+02  8.908e-68  8.193e-69
2.380e+02  1.982e-67  1.821e-68
2.390e+02  4.401e-67  4.042e-68
2.400e+02  9.762e-67  8.957e-68
2.410e+02  2.162e-66  1.982e-67
2.420e+02  4.781e-66  4.380e-67
2.430e+02  1.056e-65  9.665e-67
2.440e+02  2.329e-65  2.130e-66
2.450e+02  5.129e-65  4.687e-66
2.460e+02  1.128e-64  1.030e-65
2.470e+02  2.478e-64  2.261e-65
2.480e+02  5.434e-64  4.956e-65
2.490e+02  1.190e-63  1.085e-64
2.500e+02  2.605e-63  2.372e-64
2.510e+02  5.691e-63  5.178e-64
2.520e+02  1.242e-62  1.129e-63
2.530e+02  2.707e-62  2.459e-63
2.540e+02  5.892e-62  5.349e-63
2.550e+02  1.281e-61  1.162e-62
2.560e+02  2.781e-61  2.521e-62
2.570e+02  6.032e-61  5.464e-62
2.580e+02  1.307e-60  1.183e-61
2.590e+02  2.827e-60  2.557e-61
2.600e+02  6.108e-60  5.522e-61
2.610e+02  1.318e-59  1.191e-60
2.620e+02  2.842e-59  2.566e-60
2.630e+02  6.120e-59  5.521e-60
2.640e+02  1.316e-58  1.187e-59
2.650e+02  2.828e-58  2.548e-59
2.660e+02  6.068e-58  5.463e-59
2.670e+02  1.301e-57  1.170e-58
2.680e+02  2.784e-57  2.503e-58
2.690e+02  5.954e-57  5.350e-58
2.700e+02  1.272e-56  1.142e-57
2.710e+02  2.714e-56  2.435e-57
2.720e+02  5.784e-56  5.186e-57
2.730e+02  1.231e-55  1.103e-56
2.740e+02  2.619e-55  2.345e-56
2.750e+02  5.563e-55  4.977e-56
2.760e+02  1.180e-54  1.055e-55
2.770e+02  2.502e-54  2.236e-55
2.780e+02  5.297e-54  4.730e-55
2.790e+02  1.120e-53  9.997e-55
2.800e+02  2.367e-53  2.111e-54
2.810e+02  4.994e-53  4.451e-54
2.820e+02  1.053e-52  9.378e-54
2.830e+02  2.217e-52  1.973e-53
2.840e+02  4.664e-52  4.149e-53
2.850e+02  9.800e-52  8.712e-53
2.860e+02  2.057e-51  1.827e-52
2.870e+02  4.313e-51  3.829e-52
2.880e+02  9.034e-51  8.015e-52
2.890e+02  1.890e-50  1.676e-51
2.900e+02  3.951e-50  3.501e-51
2.910e+02  8.249e-50  7.305e-51
2.920e+02  1.721e-49  1.523e-50
2.930e+02  3.585e-49  3.170e-50
2.940e+02  7.461e-49  6.594e-50
2.950e+02  1.551e-48  1.370e-49
2.960e+02  3.222e-48  2.844e-49
2.970e+02  6.685e-48  5.897e-49
2.980e+02  1.386e-47  1.221e-48
2.990e+02  2.869e-47  2.527e-48
3.000e+02  5.934e-47  5.224e-48
3.010e+02  1.226e-46  1.079e-47
3.020e+02  2.530e-46  2.225e-47
3.030e+02  5.217e-46  4.585e-47
3.040e+02  1.075e-45  9.438e-47
3.050e+02  2.211e-45  1.941e-46
3.060e+02  4.545e-45  3.986e-46
3.070e+02  9.332e-45  8.180e-46
3.080e+02  1.914e-44  1.677e-45
3.090e+02  3.922e-44  3.434e-45
3.100e+02  8.029e-44  7.025e-45
3.110e+02  1.642e-43  1.436e-44
3.120e+02  3.354e-43  2.931e-44
3.130e+02  6.843e-43  5.976e-44
3.140e+02  1.395e-42  1.218e-43
3.150e+02  2.841e-42  2.478e-43
3.160e+02  5.779e-42  5.038e-43
3.170e+02  1.174e-41  1.023e-42
3.180e+02  2.384e-41  2.076e-42
3.190e+02  4.835e-41  4.207e-42
3.200e+02  9.795e-41  8.518e-42
3.210e+02  1.982e-40  1.723e-41
3.220e+02  4.008e-40  3.481e-41
3.230e+02  8.094e-40  7.026e-41
3.240e+02  1.633e-39  1.417e-40
3.250e+02  3.292e-39  2.854e-40
3.260e+02  6.627e-39  5.742e-40
3.270e+02  1.333e-38  1.154e-39
3.280e+02  2.678e-38  2.318e-39
3.290e+02  5.376e-38  4.650e-39
3.300e+02  1.078e-37  9.318e-39
3.310e+02  2.159e-37  1.865e-38
3.320e+02  4.320e-37  3.730e-38
3.330e+02  8.636e-37  7.452e-38
3.340e+02  1.724e-36  1.487e-37
3.350e+02  3.440e-36  2.965e-37
3.360e+02  6.855e-36  5.905e-37
3.370e+02  1.365e-35  1.175e-36
3.380e+02  2.714e-35  2.335e-36
3.390e+02  5.391e-35  4.636e-36
3.400e+02  1.070e-34  9.194e-36
3.410e+02  2.121e-34  1.822e-35
3.420e+02  4.200e-34  3.605e-35
3.430e+02  8.309e-34  7.129e-35
3.440e+02  1.642e-33  1.408e-34
3.450e+02  3.242e-33  2.778e-34
3.460e+02  6.394e-33  5.476e-34
3.470e+02  1.260e-32  1.078e-33
3.480e+02  2.479e-32  2.121e-33
3.490e+02  4.874e-32  4.167e-33
3.500e+02  9.572e-32  8.180e-33
3.510e+02  1.878e-31  1.604e-32
3.520e+02  3.681e-31  3.142e-32
3.530e+02  7.206e-31  6.148e-32
3.540e+02  1.409e-30  1.202e-31
3.550e+02  2.754e-30  2.347e-31
3.560e+02  5.374e-30  4.577e-31
3.570e+02  1.048e-29  8.920e-31
3.580e+02  2.041e-29  1.736e-30
3.590e+02  3.971e-29  3.376e-30
3.600e+02  7.717e-29  6.558e-30
3.610e+02  1.498e-28  1.273e-29
3.620e+02  2.906e-28  2.467e-29
3.630e+02  5.630e-28  4.777e-29
3.640e+02  1.090e-27  9.240e-29
3.650e+02  2.106e-27  1.785e-28
3.660e+02  4.068e-27  3.446e-28
3.670e+02  7.849e-27  6.645e-28
3.680e+02  1.513e-26  1.280e-27
3.690e+02  2.912e-26  2.463e-27
3.700e+02  5.600e-26  4.734e-27
3.710e+02  1.076e-25  9.090e-27
3.720e+02  2.065e-25  1.743e-26
3.730e+02  3.958e-25  3.341e-26
3.740e+02  7.579e-25  6.394e-26
3.750e+02  1.450e-24  1.222e-25
3.760e+02  2.771e-24  2.335e-25
3.770e+02  5.288e-24  4.454e-25
3.780e+02  1.008e-23  8.489e-25
3.790e+02  1.921e-23  1.616e-24
3.800e+02  3.655e-23  3.074e-24
3.810e+02  6.946e-23  5.839e-24
3.820e+02  1.319e-22  1.108e-23
3.830e+02  2.501e-22  2.100e-23
3.840e+02  4.739e-22  3.977e-23
3.850e+02  8.968e-22  7.523e-23
3.860e+02  1.695e-21  1.421e-22
3.870e+02  3.201e-21  2.683e-22
3.880e+02  6.039e-21  5.058e-22
3.890e+02  1.138e-20  9.527e-22
3.900e+02  2.142e-20  1.792e-21
3.910e+02  4.027e-20  3.368e-21
3.920e+02  7.562e-20  6.322e-21
3.930e+02  1.419e-19  1.186e-20
3.940e+02  2.659e-19  2.221e-20
3.950e+02  4.977e-19  4.155e-20
3.960e+02  9.306e-19  7.765e-20
3.970e+02  1.738e-18  1.450e-19
3.980e+02  3.243e-18  2.703e-19
3.990e+02  6.044e-18  5.036e-19
4.000e+02  1.125e-17  9.370e-19
4.010e+02  2.092e-17  1.742e-18
4.020e+02  3.886e-17  3.233e-18
4.030e+02  7.209e-17  5.996e-18
4.040e+02  1.336e-16  1.111e-17
4.050e+02  2.473e-16  2.055e-17
4.060e+02  4.573e-16  3.799e-17
4.070e+02  8.446e-16  7.013e-17
4.080e+02  1.558e-15  1.293e-16
4.090e+02  2.871e-15  2.382e-16
4.100e+02  5.285e-15  4.382e-16
4.110e+02  9.717e-15  8.053e-16
4.120e+02  1.784e-14  1.478e-15
4.130e+02  3.273e-14  2.710e-15
4.140e+02  5.997e-14  4.964e-15
4.150e+02  1.097e-13  9.079e-15
4.160e+02  2.006e-13  1.659e-14
4.170e+02  3.662e-13  3.027e-14
4.180e+02  6.677e-13  5.518e-14
4.190e+02  1.216e-12  1.005e-13
4.200e+02  2.212e-12  1.827e-13
4.210e+02  4.019e-12  3.317e-13
4.220e+02  7.294e-12  6.018e-13
4.230e+02  1.322e-11  1.090e-12
4.240e+02  2.393e-11  1.973e-12
4.250e+02  4.326e-11  3.565e-12
4.260e+02  7.812e-11  6.434e-12
4.270e+02  1.409e-10  1.160e-11
4.280e+02  2.537e-10  2.088e-11
4.290e+02  4.563e-10  3.754e-11
4.300e+02  8.195e-10  6.740e-11
4.310e+02  1.470e-09  1.209e-10
4.320e+02  2.633e-09  2.164e-10
4.330e+02  4.710e-09  3.869e-10
4.340e+02  8.412e-09  6.908e-10
4.350e+02  1.500e-08  1.232e-09
4.360e+02  2.672e-08  2.192e-09
4.370e+02  4.750e-08  3.897e-09
4.380e+02  8.432e-08  6.915e-09
4.390e+02  1.494e-07  1.225e-08
4.400e+02  2.643e-07  2.166e-08
4.410e+02  4.667e-07  3.824e-08
4.420e+02  8.226e-07  6.737e-08
4.430e+02  1.447e-06  1.184e-07
4.440e+02  2.539e-06  2.078e-07
4.450e+02  4.445e-06  3.637e-07
4.460e+02  7.763e-06  6.350e-07
4.470e+02  1.352e-05  1.106e-06
4.480e+02  2.348e-05  1.920e-06
4.490e+02  4.064e-05  3.321e-06
4.500e+02  7.008e-05  5.726e-06
4.510e+02  1.203e-04  9.829e-06
4.520e+02  2.056e-04  1.679e-05
4.530e+02  3.495e-04  2.854e-05
4.540e+02  5.904e-04  4.819e-05
4.550e+02  9.897e-04  8.077e-05
4.560e+02  1.645e-03  1.342e-04
4.570e+02  2.706e-03  2.207e-04
4.580e+02  4.397e-03  3.586e-04
4.590e+02  7.041e-03  5.743e-04
4.600e+02  1.108e-02  9.039e-04
4.610e+02  1.710e-02  1.394e-03
4.620e+02  2.577e-02  2.101e-03
4.630e+02  3.781e-02  3.083e-03
4.640e+02  5.382e-02  4.388e-03
4.650e+02  7.413e-02  6.045e-03
4.660e+02  9.860e-02  8.041e-03
4.670e+02  1.265e-01  1.032e-02
4.680e+02  1.567e-01  1.278e-02
4.690e+02  1.875e-01  1.531e-02
4.700e+02  2.176e-01  1.777e-02
4.710e+02  2.456e-01  2.006e-02
4.720e+02  2.705e-01  2.210e-02
4.730e+02  2.921e-01  2.388e-02
4.740e+02  3.102e-01  2.537e-02
4.750e+02  3.250e-01  2.659e-02
4.760e+02  3.370e-01  2.758e-02
4.770e+02  3.464e-01  2.837e-02
4.780e+02  3.538e-01  2.899e-02
4.790e+02  3.596e-01  2.948e-02
4.800e+02  3.640e-01  2.986e-02
4.810e+02  3.674e-01  3.015e-02
4.820e+02  3.699e-01  3.038e-02
4.830e+02  3.718e-01  3.055e-02
4.840e+02  3.733e-01  3.069e-02
4.850e+02  3.744e-01  3.079e-02
4.860e+02  3.752e-01  3.088e-02
4.870e+02  3.758e-01  3.094e-02
4.880e+02  3.762e-01  3.099e-02
4.890e+02  3.765e-01  3.103e-02
4.900e+02  3.767e-01  3.107e-02
4.910e+02  3.768e-01  3.109e-02
4.920e+02  3.769e-01  3.112e-02
4.930e+02  3.769e-01  3.114e-02
4.940e+02  3.769e-01  3.115e-02
4.950e+02  3.769e-01  3.117e-02
4.960e+02  3.769e-01  3.118e-02
4.970e+02  3.768e-01  3.120e-02
4.980e+02  3.767e-01  3.121e-02
4.990e+02  3.767e-01  3.122e-02
5.000e+02  3.766e-01  3.123e-02
5.010e+02  3.765e-01  3.124e-02
5.020e+02  3.764e-01  3.125e-02
5.030e+02  3.763e-01  3.126e-02
5.040e+02  3.763e-01  3.127e-02
5.050e+02  3.762e-01  3.128e-02
5.060e+02  3.761e-01  3.129e-02
5.070e+02  3.760e-01  3.130e-02
5.080e+02  3.759e-01  3.131e-02
5.090e+02  3.758e-01  3.132e-02
5.100e+02  3.757e-01  3.133e-02
5.110e+02  3.756e-01  3.133e-02
5.120e+02  3.755e-01  3.134e-02
5.130e+02  3.754e-01  3.135e-02
5.140e+02  3.753e-01  3.136e-02
5.150e+02  3.752e-01  3.137e-02
5.160e+02  3.751e-01  3.138e-02
5.170e+02  3.750e-01  3.139e-02
5.180e+02  3.750e-01  3.140e-02
5.190e+02  3.749e-01  3.141e-02
5.200e+02  3.748e-01  3.142e-02
5.210e+02  3.747e-01  3.143e-02
5.220e+02  3.746e-01  3.144e-02
5.230e+02  3.745e-01  3.144e-02
5.240e+02  3.744e-01  3.145e-02
5.250e+02  3.743e-01  3.146e-02
5.260e+02  3.742e-01  3.147e-02
5.270e+02  3.741e-01  3.148e-02
5.280e+02  3.740e-01  3.149e-02
5.290e+02  3.739e-01  3.150e-02
5.300e+02  3.738e-01  3.151e-02
5.310e+02  3.737e-01  3.152e-02
5.320e+02  3.736e-01  3.153e-02
5.330e+02  3.736e-01  3.154e-02
5.340e+02  3.735e-01  3.154e-02
5.350e+02  3.734e-01  3.155e-02
5.360e+02  3.733e-01  3.156e-02
5.370e+02  3.732e-01  3.157e-02
5.380e+02  3.731e-01  3.158e-02
5.390e+02  3.730e-01  3.159e-02
5.400e+02  3.729e-01  3.160e-02
5.410e+02  3.728e-01  3.161e-02
5.420e+02  3.727e-01  3.162e-02
5.430e+02  3.726e-01  3.163e-02
5.440e+02  3.725e-01  3.163e-02
5.450e+02  3.724e-01  3.164e-02
5.460e+02  3.723e-01  3.165e-02
5.470e+02  3.723e-01  3.166e-02
5.480e+02  3.722e-01  3.167e-02
5.490e+02  3.721e-01  3.168e-02
5.500e+02  3.720e-01  3.169e-02
5.510e+02  3.719e-01  3.170e-02
5.520e+02  3.718e-01  3.171e-02
5.530e+02  3.717e-01  3.172e-02
5.540e+02  3.716e-01  3.172e-02
5.550e+02  3.715e-01  3.173e-02
5.560e+02  3.714e-01  3.174e-02
5.570e+02  3.713e-01  3.175e-02
5.580e+02  3.712e-01  3.176e-02
5.590e+02  3.711e-01  3.177e-02
5.600e+02  3.711e-01  3.178e-02
5.610e+02  3.710e-01  3.179e-02
5.620e+02  3.709e-01  3.180e-02
5.630e+02  3.708e-01  3.181e-02
5.640e+02  3.707e-01  3.181e-02
5.650e+02  3.706e-01  3.182e-02
5.660e+02  3.705e-01  3.183e-02
5.670e+02  3.704e-01  3.184e-02
5.680e+02  3.703e-01  3.185e-02
5.690e+02  3.702e-01  3.186e-02
5.700e+02  3.701e-01  3.187e-02
5.710e+02  3.700e-01  3.188e-02
5.720e+02  3.700e-01  3.189e-02
5.730e+02  3.699e-01  3.190e-02
5.740e+02  3.698e-01  3.190e-02
5.750e+02  3.697e-01  3.191e-02
5.760e+02  3.696e-01  3.192e-02
5.770e+02  3.695e-01  3.193e-02
5.780e+02  3.694e-01  3.194e-02
5.790e+02  3.693e-01  3.195e-02
5.800e+02  3.692e-01  3.196e-02
5.810e+02  3.691e-01  3.197e-02
5.820e+02  3.690e-01  3.198e-02
5.830e+02  3.689e-01  3.198e-02
5.840e+02  3.689e-01  3.199e-02
5.850e+02  3.688e-01  3.200e-02
5.860e+02  3.687e-01  3.201e-02
5.870e+02  3.686e-01  3.202e-02
5.880e+02  3.685e-01  3.203e-02
5.890e+02  3.684e-01  3.204e-02
5.900e+02  3.683e-01  3.205e-02
5.910e+02  3.682e-01  3.205e-02
5.920e+02  3.681e-01  3.206e-02
5.930e+02  3.680e-01  3.207e-02
5.940e+02  3.680e-01  3.208e-02
5.950e+02  3.679e-01  3.209e-02
5.960e+02  3.678e-01  3.210e-02
5.970e+02  3.677e-01  3.211e-02
5.980e+02  3.676e-01  3.212e-02
5.990e+02  3.675e-01  3.213e-02
6.000e+02  3.674e-01  3.213e-02
6.010e+02  3.673e-01  3.214e-02
6.020e+02  3.672e-01  3.215e-02
6.030e+02  3.671e-01  3.216e-02
6.040e+02  3.671e-01  3.217e-02
6.050e+02  3.670e-01  3.218e-02
6.060e+02  3.669e-01  3.219e-02
6.070e+02  3.668e-01  3.220e-02
6.080e+02  3.667e-01  3.220e-02
6.090e+02  3.666e-01  3.221e-02
6.100e+02  3.665e-01  3.222e-02
6.110e+02  3.664e-01  3.223e-02
6.120e+02  3.663e-01  3.224e-02
6.130e+02  3.662e-01  3.225e-02
6.140e+02  3.662e-01  3.226e-02
6.150e+02  3.661e-01  3.227e-02
6.160e+02  3.660e-01  3.227e-02
6.170e+02  3.659e-01  3.228e-02
6.180e+02  3.658e-01  3.229e-02
6.190e+02  3.657e-01  3.230e-02
6.200e+02  3.656e-01  3.231e-02
6.210e+02  3.655e-01  3.232e-02
6.220e+02  3.654e-01  3.233e-02
6.230e+02  3.654e-01  3.234e-02
6.240e+02  3.653e-01  3.234e-02
6.250e+02  3.652e-01  3.235e-02
6.260e+02  3.651e-01  3.236e-02
6.270e+02  3.650e-01  3.237e-02
6.280e+02  3.649e-01  3.238e-02
6.290e+02  3.648e-01  3.239e-02
6.300e+02  3.647e-01  3.240e-02
6.310e+02  3.646e-01  3.240e-02
6.320e+02  3.646e-01  3.241e-02
6.330e+02  3.645e-01  3.242e-02
6.340e+02  3.644e-01  3.243e-02
6.350e+02  3.643e-01  3.244e-02
6.360e+02  3.642e-01  3.245e-02
6.370e+02  3.641e-01  3.246e-02
6.380e+02  3.640e-01  3.246e-02
6.390e+02  3.639e-01  3.247e-02
6.400e+02  3.639e-01  3.248e-02
6.410e+02  3.638e-01  3.249e-02
6.420e+02  3.637e-01  3.250e-02
6.430e+02  3.636e-01  3.251e-02
6.440e+02  3.635e-01  3.252e-02
6.450e+02  3.634e-01  3.252e-02
6.460e+02  3.633e-01  3.253e-02
6.470e+02  3.632e-01  3.254e-02
6.480e+02  3.632e-01  3.255e-02
6.490e+02  3.631e-01  3.256e-02
6.500e+02  3.630e-01  3.257e-02
6.510e+02  3.629e-01  3.258e-02
6.520e+02  3.628e-01  3.258e-02
6.530e+02  3.627e-01  3.259e-02
6.540e+02  3.626e-01  3.260e-02
6.550e+02  3.626e-01  3.261e-02
6.560e+02  3.625e-01  3.262e-02
6.570e+02  3.624e-01  3.263e-02
6.580e+02  3.623e-01  3.264e-02
6.590e+02  3.622e-01  3.264e-02
6.600e+02  3.621e-01  3.265e-02
6.610e+02  3.620e-01  3.266e-02
6.620e+02  3.619e-01  3.267e-02
6.630e+02  3.619e-01  3.268e-02
6.640e+02  3.618e-01  3.269e-02
6.650e+02  3.617e-01  3.269e-02
6.660e+02  3.616e-01  3.270e-02
6.670e+02  3.615e-01  3.271e-02
6.680e+02  3.614e-01  3.272e-02
6.690e+02  3.613e-01  3.273e-02
6.700e+02  3.613e-01  3.274e-02
6.710e+02  3.612e-01  3.274e-02
6.720e+02  3.611e-01  3.275e-02
6.730e+02  3.610e-01  3.276e-02
6.740e+02  3.609e-01  3.277e-02
6.750e+02  3.608e-01  3.278e-02
6.760e+02  3.608e-01  3.279e-02
6.770e+02  3.607e-01  3.280e-02
6.780e+02  3.606e-01  3.280e-02
6.790e+02  3.605e-01  3.281e-02
6.800e+02  3.604e-01  3.282e-02
6.810e+02  3.603e-01  3.283e-02
6.820e+02  3.602e-01  3.284e-02
6.830e+02  3.602e-01  3.285e-02
6.840e+02  3.601e-01  3.285e-02
6.850e+02  3.600e-01  3.286e-02
6.860e+02  3.599e-01  3.287e-02
6.870e+02  3.598e-01  3.288e-02
6.880e+02  3.597e-01  3.289e-02
6.890e+02  3.597e-01  3.289e-02
6.900e+02  3.596e-01  3.290e-02
6.910e+02  3.595e-01  3.291e-02
6.920e+02  3.594e-01  3.292e-02
6.930e+02  3.593e-01  3.293e-02
6.940e+02  3.592e-01  3.294e-02
6.950e+02  3.591e-01  3.294e-02
6.960e+02  3.591e-01  3.295e-02
6.970e+02  3.590e-01  3.296e-02
6.980e+02  3.589e-01  3.297e-02
6.990e+02  3.588e-01  3.298e-02
7.000e+02  3.587e-01  3.298e-02
7.010e+02  3.587e-01  3.299e-02
7.020e+02  3.586e-01  3.300e-02
7.030e+02  3.585e-01  3.301e-02
7.040e+02  3.584e-01  3.302e-02
7.050e+02  3.583e-01  3.303e-02
7.060e+02  3.582e-01  3.303e-02
7.070e+02  3.582e-01  3.304e-02
7.080e+02  3.581e-01  3.305e-02
7.090e+02  3.580e-01  3.306e-02
7.100e+02  3.579e-01  3.307e-02
7.110e+02  3.578e-01  3.307e-02
7.120e+02  3.577e-01  3.308e-02
7.130e+02  3.577e-01  3.309e-02
7.140e+02  3.576e-01  3.310e-02
7.150e+02  3.575e-01  3.311e-02
7.160e+02  3.574e-01  3.311e-02
7.170e+02  3.573e-01  3.312e-02
7.180e+02  3.573e-01  3.313e-02
7.190e+02  3.572e-01  3.314e-02
7.200e+02  3.571e-01  3.315e-02
7.210e+02  3.570e-01  3.315e-02
7.220e+02  3.569e-01  3.316e-02
7.230e+02  3.569e-01  3.317e-02
7.240e+02  3.568e-01  3.318e-02
7.250e+02  3.567e-01  3.319e-02
7.260e+02  3.566e-01  3.319e-02
7.270e+02  3.565e-01  3.320e-02
7.280e+02  3.564e-01  3.321e-02
7.290e+02  3.564e-01  3.322e-02
7.300e+02  3.563e-01  3.323e-02
7.310e+02  3.562e-01  3.323e-02
7.320e+02  3.561e-01  3.324e-02
7.330e+02  3.561e-01  3.325e-02
7.340e+02  3.560e-01  3.326e-02
7.350e+02  3.559e-01  3.326e-02
7.360e+02  3.558e-01  3.327e-02
7.370e+02  3.557e-01  3.328e-02
7.380e+02  3.557e-01  3.329e-02
7.390e+02  3.556e-01  3.330e-02
7.400e+02  3.555e-01  3.330e-02
7.410e+02  3.554e-01  3.331e-02
7.420e+02  3.553e-01  3.332e-02
7.430e+02  3.553e-01  3.333e-02
7.440e+02  3.552e-01  3.333e-02
7.450e+02  3.551e-01  3.334e-02
7.460e+02  3.550e-01  3.335e-02
7.470e+02  3.549e-01  3.336e-02
7.480e+02  3.549e-01  3.336e-02
7.490e+02  3.548e-01  3.337e-02
7.500e+02  3.547e-01  3.338e-02
7.510e+02  3.546e-01  3.339e-02
7.520e+02  3.546e-01  3.340e-02
7.530e+02  3.545e-01  3.340e-02
7.540e+02  3.544e-01  3.341e-02
7.550e+02  3.543e-01  3.342e-02
7.560e+02  3.543e-01  3.343e-02
7.570e+02  3.542e-01  3.343e-02
7.580e+02  3.541e-01  3.344e-02
7.590e+02  3.540e-01  3.345e-02
7.600e+02  3.540e-01  3.346e-02
7.610e+02  3.539e-01  3.346e-02
7.620e+02  3.538e-01  3.347e-02
7.630e+02  3.537e-01  3.348e-02
7.640e+02  3.537e-01  3.348e-02
7.650e+02  3.536e-01  3.349e-02
7.660e+02  3.535e-01  3.350e-02
7.670e+02  3.534e-01  3.351e-02
7.680e+02  3.534e-01  3.351e-02
7.690e+02  3.533e-01  3.352e-02
7.700e+02  3.532e-01  3.353e-02
7.710e+02  3.531e-01  3.354e-02
7.720e+02  3.531e-01  3.354e-02
7.730e+02  3.530e-01  3.355e-02
7.740e+02  3.529e-01  3.356e-02
7.750e+02  3.528e-01  3.357e-02
7.760e+02  3.528e-01  3.357e-02
7.770e+02  3.527e-01  3.358e-02
7.780e+02  3.526e-01  3.359e-02
7.790e+02  3.525e-01  3.359e-02
7.800e+02  3.525e-01  3.360e-02
7.810e+02  3.524e-01  3.361e-02
7.820e+02  3.523e-01  3.362e-02
7.830e+02  3.523e-01  3.362e-02
7.840e+02  3.522e-01  3.363e-02
7.850e+02  3.521e-01  3.364e-02
7.860e+02  3.520e-01  3.364e-02
7.870e+02  3.520e-01  3.365e-02
7.880e+02  3.519e-01  3.366e-02
7.890e+02  3.518e-01  3.366e-02
7.900e+02  3.518e-01  3.367e-02
7.910e+02  3.517e-01  3.368e-02
7.920e+02  3.516e-01  3.369e-02
7.930e+02  3.516e-01  3.369e-02
7.940e+02  3.515e-01  3.370e-02
7.950e+02  3.514e-01  3.371e-02
7.960e+02  3.513e-01  3.371e-02
7.970e+02  3.513e-01  3.372e-02
7.980e+02  3.512e-01  3.373e-02
7.990e+02  3.511e-01  3.373e-02
8.000e+02  3.511e-01  3.374e-02
8.010e+02  3.510e-01  3.375e-02
8.020e+02  3.509e-01  3.375e-02
8.030e+02  3.509e-01  3.376e-02
8.040e+02  3.508e-01  3.377e-02
8.050e+02  3.507e-01  3.377e-02
8.060e+02  3.507e-01  3.378e-02
8.070e+02  3.506e-01  3.378e-02
8.080e+02  3.505e-01  3.379e-02
8.090e+02  3.505e-01  3.380e-02
8.100e+02  3.504e-01  3.380e-02
8.110e+02  3.503e-01  3.381e-02
8.120e+02  3.503e-01  3.382e-02
8.130e+02  3.502e-01  3.382e-02
8.140e+02  3.502e-01  3.383e-02
8.150e+02  3.501e-01  3.384e-02
8.160e+02  3.500e-01  3.384e-02
8.170e+02  3.500e-01  3.385e-02
8.180e+02  3.499e-01  3.385e-02
8.190e+02  3.498e-01  3.386e-02
8.200e+02  3.498e-01  3.387e-02
8.210e+02  3.497e-01  3.387e-02
8.220e+02  3.497e-01  3.388e-02
8.230e+02  3.496e-01  3.388e-02
8.240e+02  3.495e-01  3.389e-02
8.250e+02  3.495e-01  3.390e-02
8.260e+02  3.494e-01  3.390e-02
8.270e+02  3.494e-01  3.391e-02
8.280e+02  3.493e-01  3.391e-02
8.290e+02  3.493e-01  3.392e-02
8.300e+02  3.492e-01  3.392e-02
8.310e+02  3.491e-01  3.393e-02
8.320e+02  3.491e-01  3.393e-02
8.330e+02  3.490e-01  3.394e-02
8.340e+02  3.490e-01  3.395e-02
8.350e+02  3.489e-01  3.395e-02
8.360e+02  3.489e-01  3.396e-02
8.370e+02  3.488e-01  3.396e-02
8.380e+02  3.488e-01  3.397e-02
8.390e+02  3.487e-01  3.397e-02
8.400e+02  3.487e-01  3.398e-02
8.410e+02  3.486e-01  3.398e-02
8.420e+02  3.486e-01  3.399e-02
8.430e+02  3.485e-01  3.399e-02
8.440e+02  3.485e-01  3.400e-02
8.450e+02  3.484e-01  3.400e-02
8.460e+02  3.484e-01  3.401e-02
8.470e+02  3.483e-01  3.401e-02
8.480e+02  3.483e-01  3.401e-02
8.490e+02  3.482e-01  3.402e-02
8.500e+02  3.482e-01  3.402e-02
8.510e+02  3.482e-01  3.403e-02
8.520e+02  3.481e-01  3.403e-02
8.530e+02  3.481e-01  3.403e-02
8.540e+02  3.480e-01  3.404e-02
8.550e+02  3.480e-01  3.404e-02
8.560e+02  3.480e-01  3.405e-02
8.570e+02  3.479e-01  3.405e-02
8.580e+02  3.479e-01  3.405e-02
8.590e+02  3.479e-01  3.406e-02
8.600e+02  3.478e-01  3.406e-02
8.610e+02  3.478e-01  3.406e-02
8.620e+02  3.478e-01  3.406e-02
8.630e+02  3.477e-01  3.407e-02
8.640e+02  3.477e-01  3.407e-02
8.650e+02  3.477e-01  3.407e-02
8.660e+02  3.477e-01  3.407e-02
8.670e+02  3.477e-01  3.408e-02
8.680e+02  3.476e-01  3.408e-02
8.690e+02  3.476e-01  3.408e-02
8.700e+02  3.476e-01  3.408e-02
8.710e+02  3.476e-01  3.408e-02
8.720e+02  3.476e-01  3.408e-02
8.730e+02  3.476e-01  3.408e-02
8.740e+02  3.476e-01  3.408e-02
8.750e+02  3.476e-01  3.408e-02
8.760e+02  3.476e-01  3.408e-02
8.770e+02  3.476e-01  3.408e-02
8.780e+02  3.476e-01  3.408e-02
8.790e+02  3.476e-01  3.408e-02
8.800e+02  3.476e-01  3.408e-02
8.810e+02  3.477e-01  3.408e-02
8.820e+02  3.477e-01  3.407e-02
8.830e+02  3.477e-01  3.407e-02
8.840e+02  3.478e-01  3.407e-02
8.850e+02  3.478e-01  3.406e-02
8.860e+02  3.479e-01  3.406e-02
8.870e+02  3.479e-01  3.405e-02
8.880e+02  3.480e-01  3.404e-02
8.890e+02  3.481e-01  3.404e-02
8.900e+02  3.482e-01  3.403e-02
8.910e+02  3.482e-01  3.402e-02
8.920e+02  3.483e-01  3.401e-02
8.930e+02  3.485e-01  3.400e-02
8.940e+02  3.486e-01  3.398e-02
8.950e+02  3.487e-01  3.397e-02
8.960e+02  3.489e-01  3.396e-02
8.970e+02  3.490e-01  3.394e-02
8.980e+02  3.492e-01  3.392e-02
8.990e+02  3.494e-01  3.390e-02
9.000e+02  3.496e-01  3.388e-02
9.010e+02  3.499e-01  3.386e-02
9.020e+02  3.501e-01  3.383e-02
9.030e+02  3.504e-01  3.381e-02
9.040e+02  3.507e-01  3.378e-02
9.050e+02  3.510e-01  3.375e-02
9.060e+02  3.514e-01  3.371e-02
9.070e+02  3.517e-01  3.367e-02
9.080e+02  3.521e-01  3.363e-02
9.090e+02  3.526e-01  3.359e-02
9.100e+02  3.530e-01  3.355e-02
9.110e+02  3.535e-01  3.350e-02
9.120e+02  3.541e-01  3.344e-02
9.130e+02  3.547e-01  3.339e-02
9.140e+02  3.553e-01  3.332e-02
9.150e+02  3.559e-01  3.326e-02
9.160e+02  3.567e-01  3.319e-02
9.170e+02  3.574e-01  3.311e-02
9.180e+02  3.582e-01  3.303e-02
9.190e+02  3.591e-01  3.295e-02
9.200e+02  3.600e-01  3.286e-02
9.210e+02  3.610e-01  3.276e-02
9.220e+02  3.621e-01  3.265e-02
9.230e+02  3.632e-01  3.254e-02
9.240e+02  3.644e-01  3.243e-02
9.250e+02  3.657e-01  3.230e-02
9.260e+02  3.670e-01  3.217e-02
9.270e+02  3.684e-01  3.203e-02
9.280e+02  3.700e-01  3.189e-02
9.290e+02  3.715e-01  3.173e-02
9.300e+02  3.732e-01  3.157e-02
9.310e+02  3.750e-01  3.139e-02
9.320e+02  3.769e-01  3.121e-02
9.330e+02  3.789e-01  3.102e-02
9.340e+02  3.809e-01  3.082e-02
9.350e+02  3.831e-01  3.060e-02
9.360e+02  3.854e-01  3.038e-02
9.370e+02  3.878e-01  3.015e-02
9.380e+02  3.904e-01  2.991e-02
9.390e+02  3.930e-01  2.965e-02
9.400e+02  3.958e-01  2.939e-02
9.410e+02  3.987e-01  2.911e-02
9.420e+02  4.017e-01  2.883e-02
9.430e+02  4.048e-01  2.853e-02
9.440e+02  4.081e-01  2.822e-02
9.450e+02  4.115e-01  2.790e-02
9.460e+02  4.150e-01  2.757e-02
9.470e+02  4.187e-01  2.722e-02
9.480e+02  4.225e-01  2.687e-02
9.490e+02  4.265e-01  2.650e-02
9.500e+02  4.306e-01  2.613e-02
9.510e+02  4.348e-01  2.574e-02
9.520e+02  4.392e-01  2.534e-02
9.530e+02  4.437e-01  2.494e-02
9.540e+02  4.483e-01  2.452e-02
9.550e+02  4.531e-01  2.409e-02
9.560e+02  4.580e-01  2.366e-02
9.570e+02  4.631e-01  2.321e-02
9.580e+02  4.683e-01  2.276e-02
9.590e+02  4.736e-01  2.230e-02
9.600e+02  4.791e-01  2.183e-02
9.610e+02  4.847e-01  2.136e-02
9.620e+02  4.904e-01  2.088e-02
9.630e+02  4.962e-01  2.040e-02
9.640e+02  5.022e-01  1.991e-02
9.650e+02  5.083e-01  1.941e-02
9.660e+02  5.145e-01  1.892e-02
9.670e+02  5.208e-01  1.842e-02
9.680e+02  5.272e-01  1.792e-02
9.690e+02  5.338e-01  1.741e-02
9.700e+02  5.404e-01  1.691e-02
9.710e+02  5.471e-01  1.641e-02
9.720e+02  5.539e-01  1.590e-02
9.730e+02  5.608e-01  1.540e-02
9.740e+02  5.678e-01  1.490e-02
9.750e+02  5.749e-01  1.441e-02
9.760e+02  5.820e-01  1.392e-02
9.770e+02  5.892e-01  1.343e-02
9.780e+02  5.965e-01  1.294e-02
9.790e+02  6.038e-01  1.247e-02
9.800e+02  6.111e-01  1.199e-02
9.810e+02  6.186e-01  1.153e-02
9.820e+02  6.260e-01  1.107e-02
9.830e+02  6.335e-01  1.062e-02
9.840e+02  6.410e-01  1.018e-02
9.850e+02  6.485e-01  9.745e-03
9.860e+02  6.560e-01  9.320e-03
9.870e+02  6.636e-01  8.905e-03
9.880e+02  6.711e-01  8.499e-03
9.890e+02  6.787e-01  8.103e-03
9.900e+02  6.862e-01  7.718e-03
9.910e+02  6.937e-01  7.343e-03
9.920e+02  7.012e-01  6.979e-03
9.930e+02  7.087e-01  6.626e-03
9.940e+02  7.161e-01  6.284e-03
9.950e+02  7.235e-01  5.953e-03
9.960e+02  7.308e-01  5.633e-03
9.970e+02  7.381e-01  5.324e-03
9.980e+02  7.454e-01  5.027e-03
9.990e+02  7.526e-01  4.741e-03
1.000e+03  7.597e-01  4.466e-03
1.001e+03  7.667e-01  4.202e-03
1.002e+03  7.737e-01  3.950e-03
1.003e+03  7.806e-01  3.708e-03
1.004e+03  7.874e-01  3.477e-03
1.005e+03  7.941e-01  3.256e-03
1.006e+03  8.008e-01  3.046e-03
1.007e+03  8.073e-01  2.846e-03
1.008e+03  8.137e-01  2.656e-03
1.009e+03  8.201e-01  2.476e-03
1.010e+03  8.263e-01  2.305e-03
1.011e+03  8.324e-01  2.143e-03
1.012e+03  8.384e-01  1.990e-03
1.013e+03  8.443e-01  1.846e-03
1.014e+03  8.500e-01  1.710e-03
1.015e+03  8.557e-01  1.582e-03
1.016e+03  8.612e-01  1.461e-03
1.017e+03  8.666e-01  1.348e-03
1.018e+03  8.719e-01  1.243e-03
1.019e+03  8.770e-01  1.144e-03
1.020e+03  8.820e-01  1.051e-03
1.021e+03  8.869e-01  9.650e-04
1.022e+03  8.917e-01  8.846e-04
1.023e+03  8.963e-01  8.098e-04
1.024e+03  9.008e-01  7.404e-04
1.025e+03  9.052e-01  6.760e-04
1.026e+03  9.094e-01  6.163e-04
1.027e+03  9.136e-01  5.611e-04
1.028e+03  9.175e-01  5.102e-04
1.029e+03  9.214e-01  4.632e-04
1.030e+03  9.251e-01  4.200e-04
1.031e+03  9.287e-01  3.802e-04
1.032e+03  9.322e-01  3.438e-04
1.033e+03  9.356e-01  3.104e-04
1.034e+03  9.388e-01  2.798e-04
1.035e+03  9.419e-01  2.519e-04
1.036e+03  9.449e-01  2.264e-04
1.037e+03  9.478e-01  2.032e-04
1.038e+03  9.506e-01  1.821e-04
1.039e+03  9.533e-01  1.629e-04
1.040e+03  9.558e-01  1.456e-04
1.041e+03  9.583e-01  1.299e-04
1.042e+03  9.606e-01  1.157e-04
1.043e+03  9.628e-01  1.029e-04
1.044e+03  9.650e-01  9.141e-05
1.045e+03  9.670e-01  8.106e-05
1.046e+03  9.689e-01  7.176e-05
1.047e+03  9.708e-01  6.344e-05
1.048e+03  9.726e-01  5.599e-05
1.049e+03  9.742e-01  4.934e-05
1.050e+03  9.758e-01  4.341e-05
1.051e+03  9.774e-01  3.813e-05
1.052e+03  9.788e-01  3.344e-05
1.053e+03  9.802e-01  2.928e-05
1.054e+03  9.814e-01  2.560e-05
1.055e+03  9.827e-01  2.234e-05
1.056e+03  9.838e-01  1.946e-05
1.057e+03  9.849e-01  1.693e-05
1.058e+03  9.859e-01  1.471e-05
1.059e+03  9.869e-01  1.275e-05
1.060e+03  9.878e-01  1.104e-05
1.061e+03  9.887e-01  9.538e-06
1.062e+03  9.895e-01  8.229e-06
1.063e+03  9.902e-01  7.087e-06
1.064e+03  9.909e-01  6.094e-06
1.065e+03  9.916e-01  5.231e-06
1.066e+03  9.922e-01  4.483e-06
1.067e+03  9.928e-01  3.835e-06
1.068e+03  9.934e-01  3.275e-06
1.069e+03  9.939e-01  2.792e-06
1.070e+03  9.943e-01  2.376e-06
1.071e+03  9.948e-01  2.019e-06
1.072e+03  9.952e-01  1.712e-06
1.073e+03  9.956e-01  1.450e-06
1.074e+03  9.959e-01  1.225e-06
1.075e+03  9.963e-01  1.034e-06
1.076e+03  9.966e-01  8.709e-07
1.077e+03  9.969e-01  7.323e-07
1.078e+03  9.971e-01  6.146e-07
1.079e+03  9.974e-01  5.149e-07
1.080e+03  9.976e-01  4.307e-07
1.081e+03  9.978e-01  3.596e-07
1.082e+03  9.980e-01  2.997e-07
1.083e+03  9.982e-01  2.493e-07
1.084e+03  9.983e-01  2.070e-07
1.085e+03  9.985e-01  1.716e-07
1.086e+03  9.986e-01  1.420e-07
1.087e+03  9.987e-01  1.173e-07
1.088e+03  9.989e-01  9.672e-08
1.089e+03  9.990e-01  7.960e-08
1.090e+03  9.991e-01  6.540e-08
1.091e+03  9.992e-01  5.363e-08
1.092e+03  9.992e-01  4.390e-08
1.093e+03  9.993e-01  3.587e-08
1.094e+03  9.994e-01  2.926e-08
1.095e+03  9.994e-01  2.382e-08
1.096e+03  9.995e-01  1.936e-08
1.097e+03  9.995e-01  1.570e-08
1.098e+03  9.996e-01  1.271e-08
1.099e+03  9.996e-01  1.028e-08
1.100e+03  9.997e-01  8.290e-09
1.101e+03  9.997e-01  6.676e-09
1.102e+03  9.997e-01  5.366e-09
1.103e+03  9.998e-01  4.305e-09
1.104e+03  9.998e-01  3.448e-09
1.105e+03  9.998e-01  2.756e-09
1.106e+03  9.998e-01  2.199e-09
1.107e+03  9.998e-01  1.751e-09
1.108e+03  9.999e-01  1.392e-09
1.109e+03  9.999e-01  1.105e-09
1.110e+03  9.999e-01  8.749e-10
1.111e+03  9.999e-01  6.917e-10
1.112e+03  9.999e-01  5.458e-10
1.113e+03  9.999e-01  4.299e-10
1.114e+03  9.999e-01  3.379e-10
1.115e+03  9.999e-01  2.652e-10
1.116e+03  9.999e-01  2.077e-10
1.117e+03  1.000e+00  1.624e-10
1.118e+03  1.000e+00  1.267e-10
1.119e+03  1.000e+00  9.869e-11
1.120e+03  1.000e+00  7.672e-11
1.121e+03  1.000e+00  5.953e-11
1.122e+03  1.000e+00  4.611e-11
1.123e+03  1.000e+00  3.565e-11
1.124e+03  1.000e+00  2.750e-11
1.125e+03  1.000e+00  2.118e-11
1.126e+03  1.000e+00  1.628e-11
1.127e+03  1.000e+00  1.249e-11
1.128e+03  1.000e+00  9.569e-12
1.129e+03  1.000e+00  7.315e-12
1.130e+03  1.000e+00  5.581e-12
1.131e+03  1.000e+00  4.250e-12
1.132e+03  1.000e+00  3.230e-12
1.133e+03  1.000e+00  2.451e-12
1.134e+03  1.000e+00  1.856e-12
1.135e+03  1.000e+00  1.403e-12
1.136e+03  1.000e+00  1.058e-12
1.137e+03  1.000e+00  7.968e-13
1.138e+03  1.000e+00  5.989e-13
1.139e+03  1.000e+00  4.492e-13
1.140e+03  1.000e+00  3.363e-13
1.141e+03  1.000e+00  2.514e-13
1.142e+03  1.000e+00  1.875e-13
1.143e+03  1.000e+00  1.396e-13
1.144e+03  1.000e+00  1.037e-13
1.145e+03  1.000e+00  7.692e-14
1.146e+03  1.000e+00  5.694e-14
1.147e+03  1.000e+00  4.207e-14
1.148e+03  1.000e+00  3.103e-14
1.149e+03  1.000e+00  2.284e-14
1.150e+03  1.000e+00  1.678e-14
1.151e+03  1.000e+00  1.230e-14
1.152e+03  1.000e+00  9.005e-15
1.153e+03  1.000e+00  6.578e-15
1.154e+03  1.000e+00  4.796e-15
1.155e+03  1.000e+00  3.490e-15
1.156e+03  1.000e+00  2.535e-15
1.157e+03  1.000e+00  1.838e-15
1.158e+03  1.000e+00  1.330e-15
1.159e+03  1.000e+00  9.604e-16
1.160e+03  1.000e+00  6.923e-16
1.161e+03  1.000e+00  4.981e-16
1.162e+03  1.000e+00  3.577e-16
1.163e+03  1.000e+00  2.564e-16
1.164e+03  1.000e+00  1.834e-16
1.165e+03  1.000e+00  1.309e-16
1.166e+03  1.000e+00  9.332e-17
1.167e+03  1.000e+00  6.638e-17
1.168e+03  1.000e+00  4.712e-17
1.169e+03  1.000e+00  3.339e-17
1.170e+03  1.000e+00  2.361e-17
1.171e+03  1.000e+00  1.667e-17
1.172e+03  1.000e+00  1.174e-17
1.173e+03  1.000e+00  8.258e-18
1.174e+03  1.000e+00  5.796e-18
1.175e+03  1.000e+00  4.060e-18
1.176e+03  1.000e+00  2.839e-18
1.177e+03  1.000e+00  1.981e-18
1.178e+03  1.000e+00  1.380e-18
1.179e+03  1.000e+00  9.593e-19
1.180e+03  1.000e+00  6.656e-19
1.181e+03  1.000e+00  4.609e-19
1.182e+03  1.000e+00  3.186e-19
1.183e+03  1.000e+00  2.198e-19
1.184e+03  1.000e+00  1.514e-19
1.185e+03  1.000e+00  1.040e-19
1.186e+03  1.000e+00  7.135e-20
1.187e+03  1.000e+00  4.885e-20
1.188e+03  1.000e+00  3.338e-20
1.189e+03  1.000e+00  2.277e-20
1.190e+03  1.000e+00  1.550e-20
1.191e+03  1.000e+00  1.053e-20
1.192e+03  1.000e+00  7.140e-21
1.193e+03  1.000e+00  4.833e-21
1.194e+03  1.000e+00  3.265e-21
1.195e+03  1.000e+00  2.201e-21
1.196e+03  1.000e+00  1.481e-21
1.197e+03  1.000e+00  9.950e-22
1.198e+03  1.000e+00  6.670e-22
1.199e+03  1.000e+00  4.463e-22
1.200e+03  1.000e+00  2.981e-22
1.201e+03  1.000e+00  1.987e-22
1.202e+03  1.000e+00  1.322e-22
1.203e+03  1.000e+00  8.776e-23
1.204e+03  1.000e+00  5.816e-23
1.205e+03  1.000e+00  3.847e-23
1.206e+03  1.000e+00  2.540e-23
1.207e+03  1.000e+00  1.674e-23
1.208e+03  1.000e+00  1.101e-23
1.209e+03  1.000e+00  7.226e-24
1.210e+03  1.000e+00  4.734e-24
1.211e+03  1.000e+00  3.096e-24
1.212e+03  1.000e+00  2.020e-24
1.213e+03  1.000e+00  1.316e-24
1.214e+03  1.000e+00  8.557e-25
1.215e+03  1.000e+00  5.553e-25
1.216e+03  1.000e+00  3.597e-25
1.217e+03  1.000e+00  2.325e-25
1.218e+03  1.000e+00  1.500e-25
1.219e+03  1.000e+00  9.661e-26
1.220e+03  1.000e+00  6.210e-26
1.221e+03  1.000e+00  3.984e-26
1.222e+03  1.000e+00  2.551e-26
1.223e+03  1.000e+00  1.630e-26
1.224e+03  1.000e+00  1.040e-26
1.225e+03  1.000e+00  6.620e-27
1.226e+03  1.000e+00  4.207e-27
1.227e+03  1.000e+00  2.668e-27
1.228e+03  1.000e+00  1.689e-27
1.229e+03  1.000e+00  1.067e-27
1.230e+03  1.000e+00  6.728e-28
1.231e+03  1.000e+00  4.235e-28
1.232e+03  1.000e+00  2.660e-28
1.233e+03  1.000e+00  1.668e-28
1.234e+03  1.000e+00  1.044e-28
1.235e+03  1.000e+00  6.519e-29
1.236e+03  1.000e+00  4.064e-29
1.237e+03  1.000e+00  2.529e-29
1.238e+03  1.000e+00  1.570e-29
1.239e+03  1.000e+00  9.733e-30
1.240e+03  1.000e+00  6.021e-30
1.241e+03  1.000e+00  3.718e-30
1.242e+03  1.000e+00  2.291e-30
1.243e+03  1.000e+00  1.410e-30
1.244e+03  1.000e+00  8.654e-31
1.245e+03  1.000e+00  5.303e-31
1.246e+03  1.000e+00  3.243e-31
1.247e+03  1.000e+00  1.980e-31
1.248e+03  1.000e+00  1.206e-31
1.249e+03  1.000e+00  7.336e-32
1.250e+03  1.000e+00  4.452e-32
1.251e+03  1.000e+00  2.697e-32
1.252e+03  1.000e+00  1.631e-32
1.253e+03  1.000e+00  9.843e-33
1.254e+03  1.000e+00  5.929e-33
1.255e+03  1.000e+00  3.564e-33
1.256e+03  1.000e+00  2.139e-33
1.257e+03  1.000e+00  1.281e-33
1.258e+03  1.000e+00  7.657e-34
1.259e+03  1.000e+00  4.569e-34
1.260e+03  1.000e+00  2.721e-34
1.261e+03  1.000e+00  1.617e-34
1.262e+03  1.000e+00  9.593e-35
1.263e+03  1.000e+00  5.680e-35
1.264e+03  1.000e+00  3.357e-35
1.265e+03  1.000e+00  1.980e-35
1.266e+03  1.000e+00  1.166e-35
1.267e+03  1.000e+00  6.850e-36
1.268e+03  1.000e+00  4.018e-36
1.269e+03  1.000e+00  2.352e-36
1.270e+03  1.000e+00  1.374e-36
1.271e+03  1.000e+00  8.014e-37
1.272e+03  1.000e+00  4.665e-37
1.273e+03  1.000e+00  2.710e-37
1.274e+03  1.000e+00  1.571e-37
1.275e+03  1.000e+00  9.094e-38
1.276e+03  1.000e+00  5.253e-38
1.277e+03  1.000e+00  3.029e-38
1.278e+03  1.000e+00  1.743e-38
1.279e+03  1.000e+00  1.001e-38
1.280e+03  1.000e+00  5.739e-39
1.281e+03  1.000e+00  3.284e-39
1.282e+03  1.000e+00  1.876e-39
1.283e+03  1.000e+00  1.069e-39
1.284e+03  1.000e+00  6.083e-40
1.285e+03  1.000e+00  3.454e-40
1.286e+03  1.000e+00  1.958e-40
1.287e+03  1.000e+00  1.108e-40
1.288e+03  1.000e+00  6.255e-41
1.289e+03  1.000e+00  3.525e-41
1.290e+03  1.000e+00  1.983e-41
1.291e+03  1.000e+00  1.113e-41
1.292e+03  1.000e+00  6.239e-42
1.293e+03  1.000e+00  3.490e-42
1.294e+03  1.000e+00  1.948e-42
1.295e+03  1.000e+00  1.086e-42
1.296e+03  1.000e+00  6.038e-43
1.297e+03  1.000e+00  3.352e-43
1.298e+03  1.000e+00  1.857e-43
1.299e+03  1.000e+00  1.027e-43
1.300e+03  1.000e+00  5.669e-44
1.301e+03  1.000e+00  3.123e-44
1.302e+03  1.000e+00  1.717e-44
1.303e+03  1.000e+00  9.426e-45
1.304e+03  1.000e+00  5.164e-45
1.305e+03  1.000e+00  2.824e-45
1.306e+03  1.000e+00  1.541e-45
1.307e+03  1.000e+00  8.394e-46
1.308e+03  1.000e+00  4.564e-46
1.309e+03  1.000e+00  2.477e-46
1.310e+03  1.000e+00  1.342e-46
1.311e+03  1.000e+00  7.253e-47
1.312e+03  1.000e+00  3.914e-47
1.313e+03  1.000e+00  2.108e-47
1.314e+03  1.000e+00  1.133e-47
1.315e+03  1.000e+00  6.081e-48
1.316e+03  1.000e+00  3.257e-48
1.317e+03  1.000e+00  1.741e-48
1.318e+03  1.000e+00  9.290e-49
1.319e+03  1.000e+00  4.947e-49
1.320e+03  1.000e+00  2.630e-49
1.321e+03  1.000e+00  1.395e-49
1.322e+03  1.000e+00  7.389e-50
1.323e+03  1.000e+00  3.906e-50
1.324e+03  1.000e+00  2.061e-50
1.325e+03  1.000e+00  1.085e-50
1.326e+03  1.000e+00  5.703e-51
1.327e+03  1.000e+00  2.992e-51
1.328e+03  1.000e+00  1.567e-51
1.329e+03  1.000e+00  8.188e-52
1.330e+03  1.000e+00  4.272e-52
1.331e+03  1.000e+00  2.224e-52
1.332e+03  1.000e+00  1.156e-52
1.333e+03  1.000e+00  5.997e-53
1.334e+03  1.000e+00  3.105e-53
1.335e+03  1.000e+00  1.605e-53
1.336e+03  1.000e+00  8.278e-54
1.337e+03  1.000e+00  4.262e-54
1.338e+03  1.000e+00  2.190e-54
1.339e+03  1.000e+00  1.124e-54
1.340e+03  1.000e+00  5.752e-55
1.341e+03  1.000e+00  2.940e-55
1.342e+03  1.000e+00  1.500e-55
1.343e+03  1.000e+00  7.635e-56
1.344e+03  1.000e+00  3.880e-56
1.345e+03  1.000e+00  1.968e-56
1.346e+03  1.000e+00  9.964e-57
1.347e+03  1.000e+00  5.035e-57
1.348e+03  1.000e+00  2.540e-57
1.349e+03  1.000e+00  1.279e-57
1.350e+03  1.000e+00  6.426e-58
1.351e+03  1.000e+00  3.223e-58
1.352e+03  1.000e+00  1.614e-58
1.353e+03  1.000e+00  8.064e-59
1.354e+03  1.000e+00  4.022e-59
1.355e+03  1.000e+00  2.003e-59
1.356e+03  1.000e+00  9.952e-60
1.357e+03  1.000e+00  4.937e-60
1.358e+03  1.000e+00  2.444e-60
1.359e+03  1.000e+00  1.208e-60
1.360e+03  1.000e+00  5.958e-61
1.361e+03  1.000e+00  2.933e-61
1.362e+03  1.000e+00  1.442e-61
1.363e+03  1.000e+00  7.071e-62
1.364e+03  1.000e+00  3.462e-62
1.365e+03  1.000e+00  1.692e-62
1.366e+03  1.000e+00  8.253e-63
1.367e+03  1.000e+00  4.019e-63
1.368e+03  1.000e+00  1.953e-63
1.369e+03  1.000e+00  9.474e-64
1.370e+03  1.000e+00  4.587e-64
1.371e+03  1.000e+00  2.217e-64
1.372e+03  1.000e+00  1.070e-64
1.373e+03  1.000e+00  5.150e-65
1.374e+03  1.000e+00  2.475e-65
1.375e+03  1.000e+00  1.188e-65
1.376e+03  1.000e+00  5.686e-66
1.377e+03  1.000e+00  2.718e-66
1.378e+03  1.000e+00  1.297e-66
1.379e+03  1.000e+00  6.175e-67
1.380e+03  1.000e+00  2.935e-67
1.381e+03  1.000e+00  1.393e-67
1.382e+03  1.000e+00  6.595e-68
1.383e+03  1.000e+00  3.118e-68
1.384e+03  1.000e+00  1.471e-68
1.385e+03  1.000e+00  6.928e-69
1.386e+03  1.000e+00  3.257e-69
1.387e+03  1.000e+00  1.528e-69
1.388e+03  1.000e+00  7.158e-70
1.389e+03  1.000e+00  3.347e-70
1.390e+03  1.000e+00  1.562e-70
1.391e+03  1.000e+00  7.275e-71
1.392e+03  1.000e+00  3.382e-71
1.393e+03  1.000e+00  1.570e-71
1.394e+03  1.000e+00  7.272e-72
1.395e+03  1.000e+00  3.362e-72
1.396e+03  1.000e+00  1.552e-72
1.397e+03  1.000e+00  7.149e-73
1.398e+03  1.000e+00  3.288e-73
1.399e+03  1.000e+00  1.509e-73
1.400e+03  1.000e+00  6.914e-74
1.401e+03  1.000e+00  3.162e-74
1.402e+03  1.000e+00  1.444e-74
1.403e+03  1.000e+00  6.578e-75
1.404e+03  1.000e+00  2.992e-75
1.405e+03  1.000e+00  1.358e-75
1.406e+03  1.000e+00  6.155e-76
1.407e+03  1.000e+00  2.784e-76
1.408e+03  1.000e+00  1.257e-76
1.409e+03  1.000e+00  5.666e-77
1.410e+03  1.000e+00  2.549e-77
1.411e+03  1.000e+00  1.145e-77
1.412e+03  1.000e+00  5.131e-78
1.413e+03  1.000e+00  2.295e-78
1.414e+03  1.000e+00  1.025e-78
1.415e+03  1.000e+00  4.570e-79
1.416e+03  1.000e+00  2.034e-79
1.417e+03  1.000e+00  9.033e-80
1.418e+03  1.000e+00  4.005e-80
1.419e+03  1.000e+00  1.772e-80
1.420e+03  1.000e+00  7.830e-81
1.421e+03  1.000e+00  3.453e-81
1.422e+03  1.000e+00  1.520e-81
1.423e+03  1.000e+00  6.677e-82
1.424e+03  1.000e+00  2.928e-82
1.425e+03  1.000e+00  1.282e-82
1.426e+03  1.000e+00  5.602e-83
1.427e+03  1.000e+00  2.443e-83
1.428e+03  1.000e+00  1.064e-83
1.429e+03  1.000e+00  4.623e-84
1.430e+03  1.000e+00  2.006e-84
1.431e+03  1.000e+00  8.686e-85
1.432e+03  1.000e+00  3.754e-85
1.433e+03  1.000e+00  1.620e-85
1.434e+03  1.000e+00  6.977e-86
1.435e+03  1.000e+00  3.000e-86
1.436e+03  1.000e+00  1.287e-86
1.437e+03  1.000e+00  5.514e-87
1.438e+03  1.000e+00  2.358e-87
1.439e+03  1.000e+00  1.006e-87
1.440e+03  1.000e+00  4.288e-88
1.441e+03  1.000e+00  1.824e-88
1.442e+03  1.000e+00  7.742e-89
1.443e+03  1.000e+00  3.281e-89
1.444e+03  1.000e+00  1.388e-89
1.445e+03  1.000e+00  5.860e-90
1.446e+03  1.000e+00  2.470e-90
1.447e+03  1.000e+00  1.039e-90
1.448e+03  1.000e+00  4.364e-91
1.449e+03  1.000e+00  1.830e-91
1.450e+03  1.000e+00  7.657e-92
1.451e+03  1.000e+00  3.198e-92
1.452e+03  1.000e+00  1.334e-92
1.453e+03  1.000e+00  5.551e-93
1.454e+03  1.000e+00  2.307e-93
1.455e+03  1.000e+00  9.566e-94
1.456e+03  1.000e+00  3.960e-94
1.457e+03  1.000e+00  1.637e-94
1.458e+03  1.000e+00  6.752e-95
1.459e+03  1.000e+00  2.780e-95
1.460e+03  1.000e+00  1.143e-95
1.461e+03  1.000e+00  4.690e-96
1.462e+03  1.000e+00  1.921e-96
1.463e+03  1.000e+00  7.854e-97
1.464e+03  1.000e+00  3.206e-97
1.465e+03  1.000e+00  1.306e-97
1.466e+03  1.000e+00  5.311e-98
1.467e+03  1.000e+00  2.156e-98
1.468e+03  1.000e+00  8.738e-99
1.469e+03  1.000e+00  3.535e-99
1.470e+03  1.000e+00  1.427e-99
1.471e+03  1.000e+00  5.754e-100
1.472e+03  1.000e+00  2.315e-100
1.473e+03  1.000e+00  9.300e-101
1.474e+03  1.000e+00  3.729e-101
1.475e+03  1.000e+00  1.493e-101
1.476e+03  1.000e+00  5.963e-102
1.477e+03  1.000e+00  2.378e-102
1.478e+03  1.000e+00  9.469e-103
1.479e+03  1.000e+00  3.763e-103
1.480e+03  1.000e+00  1.493e-103
1.481e+03  1.000e+00  5.913e-104
1.482e+03  1.000e+00  2.338e-104
1.483e+03  1.000e+00  9.225e-105
1.484e+03  1.000e+00  3.634e-105
1.485e+03  1.000e+00  1.429e-105
1.486e+03  1.000e+00  5.610e-106
1.487e+03  1.000e+00  2.199e-106
1.488e+03  1.000e+00  8.601e-107
1.489e+03  1.000e+00  3.358e-107
1.490e+03  1.000e+00  1.309e-107
1.491e+03  1.000e+00  5.094e-108
1.492e+03  1.000e+00  1.979e-108
1.493e+03  1.000e+00  7.674e-109
1.494e+03  1.000e+00  2.970e-109
1.495e+03  1.000e+00  1.148e-109
1.496e+03  1.000e+00  4.428e-110
1.497e+03  1.000e+00  1.705e-110
1.498e+03  1.000e+00  6.554e-111
1.499e+03  1.000e+00  2.515e-111
1.500e+03  1.000e+00  9.633e-112
1.501e+03  1.000e+00  3.684e-112
1.502e+03  1.000e+00  1.406e-112
1.503e+03  1.000e+00  5.358e-113
1.504e+03  1.000e+00  2.038e-113
1.505e+03  1.000e+00  7.740e-114
1.506e+03  1.000e+00  2.934e-114
1.507e+03  1.000e+00  1.110e-114
1.508e+03  1.000e+00  4.195e-115
1.509e+03  1.000e+00  1.582e-115
1.510e+03  1.000e+00  5.955e-116
1.511e+03  1.000e+00  2.238e-116
1.512e+03  1.000e+00  8.396e-117
1.513e+03  1.000e+00  3.144e-117
1.514e+03  1.000e+00  1.176e-117
1.515e+03  1.000e+00  4.388e-118
1.516e+03  1.000e+00  1.635e-118
1.517e+03  1.000e+00  6.080e-119
1.518e+03  1.000e+00  2.258e-119
1.519e+03  1.000e+00  8.368e-120
1.520e+03  1.000e+00  3.096e-120
1.521e+03  1.000e+00  1.144e-120
1.522e+03  1.000e+00  4.218e-121
1.523e+03  1.000e+00  1.553e-121
1.524e+03  1.000e+00  5.706e-122
1.525e+03  1.000e+00  2.093e-122
1.526e+03  1.000e+00  7.666e-123
1.527e+03  1.000e+00  2.803e-123
1.528e+03  1.000e+00  1.023e-123
1.529e+03  1.000e+00  3.727e-124
1.530e+03  1.000e+00  1.356e-124
1.531e+03  1.000e+00  4.923e-125
1.532e+03  1.000e+00  1.785e-125
1.533e+03  1.000e+00  6.459e-126
1.534e+03  1.000e+00  2.333e-126
1.535e+03  1.000e+00  8.416e-127
1.536e+03  1.000e+00  3.030e-127
1.537e+03  1.000e+00  1.089e-127
1.538e+03  1.000e+00  3.908e-128
1.539e+03  1.000e+00  1.400e-128
1.540e+03  1.000e+00  5.007e-129
1.541e+03  1.000e+00  1.788e-129
1.542e+03  1.000e+00  6.372e-130
1.543e+03  1.000e+00  2.267e-130
1.544e+03  1.000e+00  8.053e-131
1.545e+03  1.000e+00  2.856e-131
1.546e+03  1.000e+00  1.011e-131
1.547e+03  1.000e+00  3.574e-132
1.548e+03  1.000e+00  1.261e-132
1.549e+03  1.000e+00  4.442e-133
1.550e+03  1.000e+00  1.562e-133
1.551e+03  1.000e+00  5.484e-134
1.552e+03  1.000e+00  1.922e-134
1.553e+03  1.000e+00  6.725e-135
1.554e+03  1.000e+00  2.349e-135
1.555e+03  1.000e+00  8.193e-136
1.556e+03  1.000e+00  2.853e-136
1.557e+03  1.000e+00  9.916e-137
1.558e+03  1.000e+00  3.441e-137
1.559e+03  1.000e+00  1.192e-137
1.560e+03  1.000e+00  4.123e-138
1.561e+03  1.000e+00  1.424e-138
1.562e+03  1.000e+00  4.908e-139
1.563e+03  1.000e+00  1.689e-139
1.564e+03  1.000e+00  5.804e-140
1.565e+03  1.000e+00  1.991e-140
1.566e+03  1.000e+00  6.818e-141
1.567e+03  1.000e+00  2.331e-141
1.568e+03  1.000e+00  7.958e-142
1.569e+03  1.000e+00  2.712e-142
1.570e+03  1.000e+00  9.227e-143
1.571e+03  1.000e+00  3.134e-143
1.572e+03  1.000e+00  1.063e-143
1.573e+03  1.000e+00  3.599e-144
1.574e+03  1.000e+00  1.217e-144
1.575e+03  1.000e+00  4.106e-145
1.576e+03  1.000e+00  1.384e-145
1.577e+03  1.000e+00  4.654e-146
1.578e+03  1.000e+00  1.563e-146
1.579e+03  1.000e+00  5.242e-147
1.580e+03  1.000e+00  1.755e-147
1.581e+03  1.000e+00  5.866e-148
1.582e+03  1.000e+00  1.958e-148
1.583e+03  1.000e+00  6.522e-149
1.584e+03  1.000e+00  2.170e-149
1.585e+03  1.000e+00  7.206e-150
1.586e+03  1.000e+00  2.390e-150
1.587e+03  1.000e+00  7.912e-151
1.588e+03  1.000e+00  2.615e-151
1.589e+03  1.000e+00  8.631e-152
1.590e+03  1.000e+00  2.844e-152
1.591e+03  1.000e+00  9.357e-153
1.592e+03  1.000e+00  3.074e-153
1.593e+03  1.000e+00  1.008e-153
1.594e+03  1.000e+00  3.301e-154
1.595e+03  1.000e+00  1.079e-154
1.596e+03  1.000e+00  3.524e-155
1.597e+03  1.000e+00  1.149e-155
1.598e+03  1.000e+00  3.738e-156
1.599e+03  1.000e+00  1.215e-156
1.600e+03  1.000e+00  3.941e-157
1.601e+03  1.000e+00  1.277e-157
1.602e+03  1.000e+00  4.129e-158
1.603e+03  1.000e+00  1.334e-158
1.604e+03  1.000e+00  4.301e-159
1.605e+03  1.000e+00  1.385e-159
1.606e+03  1.000e+00  4.452e-160
1.607e+03  1.000e+00  1.429e-160
1.608e+03  1.000e+00  4.582e-161
1.609e+03  1.000e+00  1.466e-161
1.610e+03  1.000e+00  4.687e-162
1.611e+03  1.000e+00  1.496e-162
1.612e+03  1.000e+00  4.766e-163
1.613e+03  1.000e+00  1.517e-163
1.614e+03  1.000e+00  4.818e-164
1.615e+03  1.000e+00  1.529e-164
1.616e+03  1.000e+00  4.843e-165
1.617e+03  1.000e+00  1.532e-165
1.618e+03  1.000e+00  4.840e-166
1.619e+03  1.000e+00  1.527e-166
1.620e+03  1.000e+00  4.809e-167
1.621e+03  1.000e+00  1.513e-167
1.622e+03  1.000e+00  4.751e-168
1.623e+03  1.000e+00  1.490e-168
1.624e+03  1.000e+00  4.668e-169
1.625e+03  1.000e+00  1.460e-169
1.626e+03  1.000e+00  4.561e-170
1.627e+03  1.000e+00  1.423e-170
1.628e+03  1.000e+00  4.432e-171
1.629e+03  1.000e+00  1.379e-171
1.630e+03  1.000e+00  4.284e-172
1.631e+03  1.000e+00  1.329e-172
1.632e+03  1.000e+00  4.118e-173
1.633e+03  1.000e+00  1.274e-173
1.634e+03  1.000e+00  3.938e-174
1.635e+03  1.000e+00  1.216e-174
1.636e+03  1.000e+00  3.747e-175
1.637e+03  1.000e+00  1.153e-175
1.638e+03  1.000e+00  3.546e-176
1.639e+03  1.000e+00  1.089e-176
1.640e+03  1.000e+00  3.340e-177
1.641e+03  1.000e+00  1.023e-177
1.642e+03  1.000e+00  3.130e-178
1.643e+03  1.000e+00  9.565e-179
1.644e+03  1.000e+00  2.919e-179
1.645e+03  1.000e+00  8.900e-180
1.646e+03  1.000e+00  2.710e-180
1.647e+03  1.000e+00  8.242e-181
1.648e+03  1.000e+00  2.504e-181
1.649e+03  1.000e+00  7.599e-182
1.650e+03  1.000e+00  2.303e-182
1.651e+03  1.000e+00  6.974e-183
1.652e+03  1.000e+00  2.109e-183
1.653e+03  1.000e+00  6.373e-184
1.654e+03  1.000e+00  1.923e-184
1.655e+03  1.000e+00  5.799e-185
1.656e+03  1.000e+00  1.747e-185
1.657e+03  1.000e+00  5.256e-186
1.658e+03  1.000e+00  1.580e-186
1.659e+03  1.000e+00  4.744e-187
1.660e+03  1.000e+00  1.423e-187
1.661e+03  1.000e+00  4.266e-188
1.662e+03  1.000e+00  1.278e-188
1.663e+03  1.000e+00  3.822e-189
1.664e+03  1.000e+00  1.143e-189
1.665e+03  1.000e+00  3.412e-190
1.666e+03  1.000e+00  1.018e-190
1.667e+03  1.000e+00  3.036e-191
1.668e+03  1.000e+00  9.045e-192
1.669e+03  1.000e+00  2.693e-192
1.670e+03  1.000e+00  8.009e-193
1.671e+03  1.000e+00  2.381e-193
1.672e+03  1.000e+00  7.071e-194
1.673e+03  1.000e+00  2.099e-194
1.674e+03  1.000e+00  6.225e-195
1.675e+03  1.000e+00  1.845e-195
1.676e+03  1.000e+00  5.465e-196
1.677e+03  1.000e+00  1.618e-196
1.678e+03  1.000e+00  4.786e-197
1.679e+03  1.000e+00  1.415e-197
1.680e+03  1.000e+00  4.182e-198
1.681e+03  1.000e+00  1.235e-198
1.682e+03  1.000e+00  3.645e-199
1.683e+03  1.000e+00  1.075e-199
1.684e+03  1.000e+00  3.171e-200
1.685e+03  1.000e+00  9.347e-201
1.686e+03  1.000e+00  2.754e-201
1.687e+03  1.000e+00  8.109e-202
1.688e+03  1.000e+00  2.387e-202
1.689e+03  1.000e+00  7.024e-203
1.690e+03  1.000e+00  2.066e-203
1.691e+03  1.000e+00  6.074e-204
1.692e+03  1.000e+00  1.785e-204
1.693e+03  1.000e+00  5.246e-205
1.694e+03  1.000e+00  1.541e-205
1.695e+03  1.000e+00  4.525e-206
1.696e+03  1.000e+00  1.328e-206
1.697e+03  1.000e+00  3.899e-207
1.698e+03  1.000e+00  1.144e-207
1.699e+03  1.000e+00  3.356e-208
1.700e+03  1.000e+00  9.843e-209
1.701e+03  1.000e+00  2.886e-209
1.702e+03  1.000e+00  8.461e-210
1.703e+03  1.000e+00  2.480e-210
1.704e+03  1.000e+00  7.269e-211
1.705e+03  1.000e+00  2.130e-211
1.706e+03  1.000e+00  6.240e-212
1.707e+03  1.000e+00  1.828e-212
1.708e+03  1.000e+00  5.354e-213
1.709e+03  1.000e+00  1.568e-213
1.710e+03  1.000e+00  4.592e-214
1.711e+03  1.000e+00  1.345e-214
1.712e+03  1.000e+00  3.937e-215
1.713e+03  1.000e+00  1.152e-215
1.714e+03  1.000e+00  3.374e-216
1.715e+03  1.000e+00  9.875e-217
1.716e+03  1.000e+00  2.890e-217
1.717e+03  1.000e+00  8.459e-218
1.718e+03  1.000e+00  2.476e-218
1.719e+03  1.000e+00  7.245e-219
1.720e+03  1.000e+00  2.120e-219
1.721e+03  1.000e+00  6.204e-220
1.722e+03  1.000e+00  1.815e-220
1.723e+03  1.000e+00  5.311e-221
1.724e+03  1.000e+00  1.554e-221
1.725e+03  1.000e+00  4.547e-222
1.726e+03  1.000e+00  1.330e-222
1.727e+03  1.000e+00  3.892e-223
1.728e+03  1.000e+00  1.139e-223
1.729e+03  1.000e+00  3.331e-224
1.730e+03  1.000e+00  9.746e-225
1.731e+03  1.000e+00  2.851e-225
1.732e+03  1.000e+00  8.341e-226
1.733e+03  1.000e+00  2.440e-226
1.734e+03  1.000e+00  7.138e-227
1.735e+03  1.000e+00  2.088e-227
1.736e+03  1.000e+00  6.109e-228
1.737e+03  1.000e+00  1.787e-228
1.738e+03  1.000e+00  5.227e-229
1.739e+03  1.000e+00  1.529e-229
1.740e+03  1.000e+00  4.473e-230
1.741e+03  1.000e+00  1.309e-230
1.742e+03  1.000e+00  3.828e-231
1.743e+03  1.000e+00  1.120e-231
1.744e+03  1.000e+00  3.276e-232
1.745e+03  1.000e+00  9.582e-233
1.746e+03  1.000e+00  2.803e-233
1.747e+03  1.000e+00  8.199e-234
1.748e+03  1.000e+00  2.398e-234
1.749e+03  1.000e+00  7.016e-235
1.750e+03  1.000e+00  2.052e-235
1.751e+03  1.000e+00  6.004e-236
1.752e+03  1.000e+00  1.756e-236
1.753e+03  1.000e+00  5.137e-237
1.754e+03  1.000e+00  1.503e-237
1.755e+03  1.000e+00  4.396e-238
1.756e+03  1.000e+00  1.286e-238
1.757e+03  1.000e+00  3.762e-239
1.758e+03  1.000e+00  1.100e-239
1.759e+03  1.000e+00  3.219e-240
1.760e+03  1.000e+00  9.415e-241
1.761e+03  1.000e+00  2.754e-241
1.762e+03  1.000e+00  8.057e-242
1.763e+03  1.000e+00  2.357e-242
1.764e+03  1.000e+00  6.894e-243
1.765e+03  1.000e+00  2.017e-243
1.766e+03  1.000e+00  5.899e-244
1.767e+03  1.000e+00  1.726e-244
1.768e+03  1.000e+00  5.048e-245
1.769e+03  1.000e+00  1.477e-245
1.770e+03  1.000e+00  4.320e-246
1.771e+03  1.000e+00  1.264e-246
1.772e+03  1.000e+00  3.696e-247
1.773e+03  1.000e+00  1.081e-247
1.774e+03  1.000e+00  3.163e-248
1.775e+03  1.000e+00  9.253e-249
1.776e+03  1.000e+00  2.707e-249
1.777e+03  1.000e+00  7.917e-250
1.778e+03  1.000e+00  2.316e-250
1.779e+03  1.000e+00  6.775e-251
1.780e+03  1.000e+00  1.982e-251
1.781e+03  1.000e+00  5.798e-252
1.782e+03  1.000e+00  1.696e-252
1.783e+03  1.000e+00  4.961e-253
1.784e+03  1.000e+00  1.451e-253
1.785e+03  1.000e+00  4.245e-254
1.786e+03  1.000e+00  1.242e-254
1.787e+03  1.000e+00  3.633e-255
1.788e+03  1.000e+00  1.063e-255
1.789e+03  1.000e+00  3.109e-256
1.790e+03  1.000e+00  9.094e-257
1.791e+03  1.000e+00  2.660e-257
1.792e+03  1.000e+00  7.782e-258
1.793e+03  1.000e+00  2.276e-258
1.794e+03  1.000e+00  6.659e-259
1.795e+03  1.000e+00  1.948e-259
1.796e+03  1.000e+00  5.698e-260
1.797e+03  1.000e+00  1.667e-260
1.798e+03  1.000e+00  4.876e-261
1.799e+03  1.000e+00  1.426e-261
1.800e+03  1.000e+00  4.173e-262
1.801e+03  1.000e+00  1.221e-262
1.802e+03  1.000e+00  3.571e-263
1.803e+03  1.000e+00  1.045e-263
1.804e+03  1.000e+00  3.056e-264
1.805e+03  1.000e+00  8.938e-265
1.806e+03  1.000e+00  2.615e-265
1.807e+03  1.000e+00  7.649e-266
1.808e+03  1.000e+00  2.238e-266
1.809e+03  1.000e+00  6.546e-267
1.810e+03  1.000e+00  1.915e-267
1.811e+03  1.000e+00  5.601e-268
1.812e+03  1.000e+00  1.639e-268
1.813e+03  1.000e+00  4.793e-269
1.814e+03  1.000e+00  1.402e-269
1.815e+03  1.000e+00  4.102e-270
1.816e+03  1.000e+00  1.200e-270
1.817e+03  1.000e+00  3.510e-271
1.818e+03  1.000e+00  1.027e-271
1.819e+03  1.000e+00  3.004e-272
1.820e+03  1.000e+00  8.787e-273
1.821e+03  1.000e+00  2.571e-273
1.822e+03  1.000e+00  7.520e-274
1.823e+03  1.000e+00  2.200e-274
1.824e+03  1.000e+00  6.435e-275
1.825e+03  1.000e+00  1.882e-275
1.826e+03  1.000e+00  5.507e-276
1.827e+03  1.000e+00  1.611e-276
1.828e+03  1.000e+00  4.713e-277
1.829e+03  1.000e+00  1.379e-277
1.830e+03  1.000e+00  4.033e-278
1.831e+03  1.000e+00  1.180e-278
1.832e+03  1.000e+00  3.451e-279
1.833e+03  1.000e+00  1.010e-279
1.834e+03  1.000e+00  2.953e-280
1.835e+03  1.000e+00  8.640e-281
1.836e+03  1.000e+00  2.527e-281
1.837e+03  1.000e+00  7.394e-282
1.838e+03  1.000e+00  2.163e-282
1.839e+03  1.000e+00  6.327e-283
1.840e+03  1.000e+00  1.851e-283
1.841e+03  1.000e+00  5.415e-284
1.842e+03  1.000e+00  1.584e-284
1.843e+03  1.000e+00  4.634e-285
1.844e+03  1.000e+00  1.356e-285
1.845e+03  1.000e+00  3.966e-286
1.846e+03  1.000e+00  1.160e-286
1.847e+03  1.000e+00  3.394e-287
1.848e+03  1.000e+00  9.928e-288
1.849e+03  1.000e+00  2.904e-288
1.850e+03  1.000e+00  8.496e-289
1.851e+03  1.000e+00  2.485e-289
1.852e+03  1.000e+00  7.271e-290
1.853e+03  1.000e+00  2.127e-290
1.854e+03  1.000e+00  6.222e-291
1.855e+03  1.000e+00  1.820e-291
1.856e+03  1.000e+00  5.325e-292
1.857e+03  1.000e+00  1.558e-292
1.858e+03  1.000e+00  4.557e-293
1.859e+03  1.000e+00  1.333e-293
1.860e+03  1.000e+00  3.900e-294
1.861e+03  1.000e+00  1.141e-294
1.862e+03  1.000e+00  3.338e-295
1.863e+03  1.000e+00  9.764e-296
1.864e+03  1.000e+00  2.856e-296
1.865e+03  1.000e+00  8.356e-297
1.866e+03  1.000e+00  2.445e-297
1.867e+03  1.000e+00  7.151e-298
1.868e+03  1.000e+00  2.092e-298
1.869e+03  1.000e+00  6.120e-299
1.870e+03  1.000e+00  1.790e-299
1.871e+03  1.000e+00  5.238e-300
1.872e+03  1.000e+00  1.532e-300
1.873e+03  1.000e+00  4.482e-301
1.874e+03  1.000e+00  1.311e-301
1.875e+03  1.000e+00  3.836e-302
1.876e+03  1.000e+00  1.122e-302
1.877e+03  1.000e+00  3.283e-303
1.878e+03  1.000e+00  9.604e-304
1.879e+03  1.000e+00  2.810e-304
1.880e+03  1.000e+00  8.220e-305
1.881e+03  1.000e+00  2.405e-305
1.882e+03  1.000e+00  7.035e-306
1.883e+03  1.000e+00  2.058e-306
1.884e+03  1.000e+00  6.020e-307
1.885e+03  1.000e+00  1.761e-307
1.886e+03  1.000e+00  5.152e-308
1.887e+03  1.000e+00  1.507e-308
1.888e+03  1.000e+00  4.410e-309
1.889e+03  1.000e+00  1.290e-309
1.890e+03  1.000e+00  3.774e-310
1.891e+03  1.000e+00  1.104e-310
1.892e+03  1.000e+00  3.230e-311
1.893e+03  1.000e+00  9.449e-312
1.894e+03  1.000e+00  2.764e-312
1.895e+03  1.000e+00  8.087e-313
1.896e+03  1.000e+00  2.366e-313
1.897e+03  1.000e+00  6.921e-314
1.898e+03  1.000e+00  2.025e-314
1.899e+03  1.000e+00  5.923e-315
1.900e+03  1.000e+00  1.733e-315
1.901e+03  1.000e+00  5.070e-316
1.902e+03  1.000e+00  1.483e-316
1.903e+03  1.000e+00  4.339e-317
1.904e+03  1.000e+00  1.269e-317
1.905e+03  1.000e+00  3.713e-318
1.906e+03  1.000e+00  1.086e-318
1.907e+03  1.000e+00  3.178e-319
1.908e+03  1.000e+00  9.298e-320
1.909e+03  1.000e+00  2.720e-320
1.910e+03  1.000e+00  7.959e-321
1.911e+03  1.000e+00  2.332e-321
1.912e+03  1.000e+00  6.769e-322
1.913e+03  1.000e+00  1.927e-322
1.914e+03  1.000e+00  4.941e-323
1.915e+03  1.000e+00  1.482e-323
1.916e+03  1.000e+00  0.000e+00
1.917e+03  1.000e+00  0.000e+00
1.918e+03  1.000e+00  0.000e+00
1.919e+03  1.000e+00  0.000e+00
1.920e+03  1.000e+00  0.000e+00
1.921e+03  1.000e+00  0.000e+00
1.922e+03  1.000e+00  0.000e+00
1.923e+03  1.000e+00  0.000e+00
1.924e+03  1.000e+00  0.000e+00
1.925e+03  1.000e+00  0.000e+00
1.926e+03  1.000e+00  0.000e+00
1.927e+03  1.000e+00  0.000e+00
1.928e+03  1.000e+00  0.000e+00
1.929e+03  1.000e+00  0.000e+00
1.930e+03  1.000e+00  0.000e+00
1.931e+03  1.000e+00  0.000e+00
1.932e+03  1.000e+00  0.000e+00
1.933e+03  1.000e+00  0.000e+00
1.934e+03  1.000e+00  0.000e+00
1.935e+03  1.000e+00  0.000e+00
1.936e+03  1.000e+00  0.000e+00
1.937e+03  1.000e+00  0.000e+00
1.938e+03  1.000e+00  0.000e+00
1.939e+03  1.000e+00  0.000e+00
1.940e+03  1.000e+00  0.000e+00
1.941e+03  1.000e+00  0.000e+00
1.942e+03  1.000e+00  0.000e+00
1.943e+03  1.000e+00  0.000e+00
1.944e+03  1.000e+00  0.000e+00
1.945e+03  1.000e+00  0.000e+00
1.946e+03  1.000e+00  0.000e+00
1.947e+03  1.000e+00  0.000e+00
1.948e+03  1.000e+00  0.000e+00
1.949e+03  1.000e+00  0.000e+00
1.950e+03  1.000e+00  0.000e+00
1.951e+03  1.000e+00  0.000e+00
1.952e+03  1.000e+00  0.000e+00
1.953e+03  1.000e+00  0.000e+00
1.954e+03  1.000e+00  0.000e+00
1.955e+03  1.000e+00  0.000e+00
1.956e+03  1.000e+00  0.000e+00
1.957e+03  1.000e+00  0.000e+00
1.958e+03  1.000e+00  0.000e+00
1.959e+03  1.000e+00  0.000e+00
1.960e+03  1.000e+00  0.000e+00
1.961e+03  1.000e+00  0.000e+00
1.962e+03  1.000e+00  0.000e+00
1.963e+03  1.000e+00  0.000e+00
1.964e+03  1.000e+00  0.000e+00
1.965e+03  1.000e+00  0.000e+00
1.966e+03  1.000e+00  0.000e+00
1.967e+03  1.000e+00  0.000e+00
1.968e+03  1.000e+00  0.000e+00
1.969e+03  1.000e+00  0.000e+00
1.970e+03  1.000e+00  0.000e+00
1.971e+03  1.000e+00  0.000e+00
1.972e+03  1.000e+00  0.000e+00
1.973e+03  1.000e+00  0.000e+00
1.974e+03  1.000e+00  0.000e+00
1.975e+03  1.000e+00  0.000e+00
1.976e+03  1.000e+00  0.000e+00
1.977e+03  1.000e+00  0.000e+00
1.978e+03  1.000e+00  0.000e+00
1.979e+03  1.000e+00  0.000e+00
1.980e+03  1.000e+00  0.000e+00
1.981e+03  1.000e+00  0.000e+00
1.982e+03  1.000e+00  0.000e+00
1.983e+03  1.000e+00  0.000e+00
1.984e+03  1.000e+00  0.000e+00
1.985e+03  1.000e+00  0.000e+00
1.986e+03  1.000e+00  0.000e+00
1.987e+03  1.000e+00  0.000e+00
1.988e+03  1.000e+00  0.000e+00
1.989e+03  1.000e+00  0.000e+00
1.990e+03  1.000e+00  0.000e+00
1.991e+03  1.000e+00  0.000e+00
1.992e+03  1.000e+00  0.000e+00
1.993e+03  1.000e+00  0.000e+00
1.994e+03  1.000e+00  0.000e+00
1.995e+03  1.000e+00  0.000e+00
1.996e+03  1.000e+00  0.000e+00
1.997e+03  1.000e+00  0.000e+00
1.998e+03  1.000e+00  0.000e+00
1.999e+03  1.000e+00  0.000e+00
2.000e+03  1.000e+00  0.000e+00
