4.285714285714349869e-01
4.720812182741206398e-01
5.183246073298469758e-01
5.675675675675729837e-01
6.201117318435813708e-01
6.763005780346923457e-01
7.365269461078027824e-01
8.012422360248454556e-01
8.709677419354917571e-01
9.463087248322176182e-01
1.027972027972026137e+00
1.116788321167893061e+00
1.213740458015268642e+00
1.320000000000019380e+00
1.436974789915977713e+00
1.566371681415931416e+00
1.710280373831782219e+00
1.871287128712868952e+00
2.052631578947389901e+00
2.258426966292157001e+00
2.493975903614462197e+00
2.766233766233783253e+00
3.084507042253544107e+00
3.461538461538467892e+00
3.915254237288170014e+00
4.471698113207558833e+00
5.170212765957455048e+00
6.073170731707370429e+00
7.285714285714311345e+00
9.000000000000076383e+00
