2.458715596330275588e+00
2.453713123092573944e+00
2.448730964467005222e+00
2.441295546558704732e+00
2.436363636363636509e+00
2.431451612903225978e+00
2.426559356136821055e+00
2.421686746987952166e+00
2.414414414414414622e+00
2.409590409590409710e+00
2.404785643070788126e+00
2.400000000000000355e+00
2.392857142857143238e+00
2.388118811881188464e+00
2.383399209486166015e+00
2.376354679802955783e+00
2.371681415929203673e+00
2.364705882352941213e+00
2.360078277886497045e+00
2.353170731707317387e+00
2.348588120740019658e+00
2.341747572815534362e+00
2.337209302325581550e+00
2.330434782608695965e+00
2.325940212150433783e+00
2.319230769230769429e+00
2.314779270633397612e+00
2.308133971291866260e+00
2.301526717557252244e+00
2.297142857142857153e+00
2.290598290598290898e+00
2.284090909090909172e+00
2.279773156899811415e+00
2.273327049952874823e+00
2.266917293233082997e+00
2.260543580131209040e+00
2.254205607476635898e+00
2.250000000000000000e+00
2.243720930232558253e+00
2.237476808905380476e+00
2.231267345050879314e+00
2.225092250922509063e+00
2.218951241950322117e+00
2.212844036697247940e+00
2.206770356816102563e+00
2.200729927007299747e+00
2.194722474977252258e+00
2.188747731397459262e+00
2.180831826401446794e+00
2.174932371505861273e+00
