2.451219512195121908e+00
2.431451612903225978e+00
2.409590409590409710e+00
2.390485629335976192e+00
2.369351669941061278e+00
2.348588120740019658e+00
2.325940212150433783e+00
2.305927342256214096e+00
2.284090909090909172e+00
2.260543580131209040e+00
2.239554317548746898e+00
2.216911764705882693e+00
2.198181818181818681e+00
2.169064748201438686e+00
2.145907473309608626e+00
2.121372031662269286e+00
2.097391304347826502e+00
2.072164948453608435e+00
2.047538200339558578e+00
2.021793797150042149e+00
1.991659716430358884e+00
1.971643035863219540e+00
1.941618015012510412e+00
1.916597164303586398e+00
1.886572143452877492e+00
1.856547122602168365e+00
1.826522101751459681e+00
1.801501251042535445e+00
1.771476230191826762e+00
1.736447039199332742e+00
1.706422018348624059e+00
1.676396997497914931e+00
1.646371976647206026e+00
1.611342785654712229e+00
1.571309424520433540e+00
1.541284403669724856e+00
1.506255212677231281e+00
1.466221851542952592e+00
1.426188490408674125e+00
1.386155129274395437e+00
1.346121768140116748e+00
1.306088407005838281e+00
1.256046705587990031e+00
1.211009174311926673e+00
1.165971643035863314e+00
1.115929941618015064e+00
1.060884070058381923e+00
1.000834028356964112e+00
9.457881567973311920e-01
8.807339449541284893e-01
