2.441295546558704732e+00
2.404785643070788126e+00
2.367026496565260096e+00
2.328185328185328196e+00
2.288425047438330306e+00
2.247903075489282809e+00
2.206770356816102563e+00
2.168609865470851883e+00
2.124780316344464293e+00
2.080895008605851970e+00
2.033641715727502408e+00
1.981651376146789101e+00
1.931609674728940851e+00
1.881567973311092823e+00
1.831526271893244351e+00
1.771476230191826762e+00
1.716430358632193620e+00
1.656380316930775587e+00
1.601334445371142667e+00
1.531276063386155295e+00
1.466221851542952592e+00
1.391159299416180106e+00
1.321100917431192734e+00
1.236030025020850687e+00
1.145954962468723970e+00
1.050875729774812584e+00
9.457881567973311920e-01
8.256880733944954587e-01
6.755629691409508197e-01
4.954128440366972752e-01
2.702251876563803168e-01
5.504587155963303058e-02
-1.601334445371142556e-01
-4.103419516263553390e-01
-1.926605504587156181e+00
-1.926605504587156181e+00
-1.926605504587156181e+00
-1.926605504587156181e+00
-1.926605504587156181e+00
-1.926605504587156181e+00
-1.921601334445371068e+00
-1.926605504587156181e+00
-1.926605504587156181e+00
-1.926605504587156181e+00
-1.921601334445371068e+00
-1.926605504587156181e+00
-1.926605504587156181e+00
-1.921601334445371068e+00
-1.926605504587156181e+00
-1.926605504587156181e+00
