2.448730964467005222e+00
2.426559356136821055e+00
2.402390438247012039e+00
2.378698224852071164e+00
2.355468750000000000e+00
2.330434782608695965e+00
2.305927342256214096e+00
2.281929990539262487e+00
2.256314312441534575e+00
2.229205175600739608e+00
2.202739726027397538e+00
2.176895306859206070e+00
2.149732620320855769e+00
2.123239436619718479e+00
2.098958333333333481e+00
2.070205479452055020e+00
2.037162162162162282e+00
2.001668056713928223e+00
1.971643035863219540e+00
1.946622185154295082e+00
1.911592994161801506e+00
1.881567973311092823e+00
1.851542952460383695e+00
1.816513761467890120e+00
1.781484570475396323e+00
1.746455379482902304e+00
1.711426188490408729e+00
1.676396997497914931e+00
1.636363636363636243e+00
1.596330275229357998e+00
1.561301084236864201e+00
1.521267723102585512e+00
1.476230191826522153e+00
1.431192660550458795e+00
1.386155129274395437e+00
1.341117597998332078e+00
1.286071726438698937e+00
1.236030025020850687e+00
1.180984153461217767e+00
1.125938281901584626e+00
1.065888240200166814e+00
1.000834028356964112e+00
9.307756463719767392e-01
8.557130942452043643e-01
7.756463719766473197e-01
6.955796497080900531e-01
6.105087572977481170e-01
5.354462051709758530e-01
4.603836530442035335e-01
3.853211009174312141e-01
