2.441295546558704732e+00
2.407185628742515071e+00
2.369351669941061278e+00
2.332688588007737263e+00
2.292775665399239493e+00
2.254205607476635898e+00
2.218348623853211077e+00
2.172972972972973427e+00
2.130742049469965149e+00
2.091695501730104212e+00
2.047417442845046676e+00
1.996663886572143554e+00
1.951626355296080195e+00
1.901584653878231723e+00
1.846538782318598804e+00
1.796497080900750776e+00
1.746455379482902304e+00
1.686405337781484715e+00
1.631359466221851573e+00
1.566305254378648870e+00
1.506255212677231281e+00
1.436196830692243465e+00
1.361134278565471423e+00
1.286071726438698937e+00
1.206005004170142003e+00
1.120934111759799956e+00
1.020850708924103456e+00
9.157631359466221754e-01
7.906588824020016615e-01
6.455379482902419142e-01
4.553794829024186974e-01
2.502085070892410279e-01
5.504587155963303058e-02
-1.451209341117598306e-01
-3.703085904920767613e-01
-1.926605504587156181e+00
-1.926605504587156181e+00
-1.926605504587156181e+00
-1.926605504587156181e+00
-1.921601334445371068e+00
-1.921601334445371068e+00
-1.926605504587156181e+00
-1.926605504587156181e+00
-1.921601334445371068e+00
-1.926605504587156181e+00
-1.926605504587156181e+00
-1.926605504587156181e+00
-1.926605504587156181e+00
-1.926605504587156181e+00
-1.921601334445371068e+00
