2.451219512195121908e+00
2.429003021148036456e+00
2.407185628742515071e+00
2.385756676557863720e+00
2.364705882352941213e+00
2.341747572815534362e+00
2.319230769230769429e+00
2.297142857142857153e+00
2.273327049952874823e+00
2.250000000000000000e+00
2.227146814404432185e+00
2.202739726027397538e+00
2.178861788617886042e+00
2.153571428571428914e+00
2.128861429832303642e+00
2.102877070619006084e+00
2.077519379844961378e+00
2.051020408163265252e+00
2.025188916876574652e+00
1.991659716430358884e+00
1.971643035863219540e+00
1.936613844870725742e+00
1.911592994161801506e+00
1.886572143452877492e+00
1.851542952460383695e+00
1.821517931609674790e+00
1.791492910758965662e+00
1.756463719766472087e+00
1.726438698915763403e+00
1.696413678065054276e+00
1.661384487072560701e+00
1.626355296080066681e+00
1.591326105087572884e+00
1.551292743953294639e+00
1.511259382819015951e+00
1.476230191826522153e+00
1.436196830692243465e+00
1.391159299416180106e+00
1.351125938281901639e+00
1.306088407005838281e+00
1.261050875729774923e+00
1.211009174311926673e+00
1.160967472894078645e+00
1.105921601334445503e+00
1.050875729774812584e+00
9.908256880733945504e-01
9.307756463719767392e-01
8.557130942452043643e-01
7.856547122602167699e-01
7.155963302752293975e-01
