-1.000000000000000000e+00
-1.000000000000000000e+00
-1.000000000000000000e+00
-1.000000000000000000e+00
-1.000000000000000000e+00
-1.000000000000000000e+00
-1.000000000000000000e+00
-1.000000000000000000e+00
-1.000000000000000000e+00
-1.000000000000000000e+00
-1.000000000000000000e+00
-1.000000000000000000e+00
-1.000000000000000000e+00
-1.000000000000000000e+00
-1.000000000000000000e+00
-1.000000000000000000e+00
-1.000000000000000000e+00
-1.000000000000000000e+00
-1.000000000000000000e+00
-1.000000000000000000e+00
-1.000000000000000000e+00
-1.000000000000000000e+00
-1.000000000000000000e+00
-1.000000000000000000e+00
-1.000000000000000000e+00
-1.000000000000000000e+00
-1.000000000000000000e+00
-1.000000000000000000e+00
-1.000000000000000000e+00
-1.000000000000000000e+00
-1.000000000000000000e+00
4.264110985513949908e-167
1.905506049162570454e-167
8.939624192091146975e-168
4.373704774378692611e-168
2.220646750220480927e-168
1.165711927031992425e-168
5.507784376662066540e-169
3.066447360390661668e-169
1.753042945724647154e-169
8.974152143805085031e-170
4.705436690047601783e-170
2.889908193147040569e-170
1.585210017068333215e-170
8.883990982500073383e-171
5.818048251358275539e-171
3.398513386338848103e-171
2.026262491753471074e-171
1.232922207872153036e-171
7.655956335950597866e-172
